"Wavelength" "M001a_m2-w3"
350 0.118633041402136
351 0.116399122309398
352 0.111612590223634
353 0.108546787908164
354 0.10961672218985
355 0.108698215365363
356 0.110062133382238
357 0.113187553928936
358 0.113283658880484
359 0.110221209026356
360 0.107774224935186
361 0.108453577413753
362 0.112188072817465
363 0.111780763197995
364 0.109948428091743
365 0.109799213297793
366 0.104159836471891
367 0.0999086579253904
368 0.100371279490194
369 0.105294647270516
370 0.107649194469031
371 0.106988151861331
372 0.10408968047733
373 0.100358353879542
374 0.102026118742039
375 0.105144011042849
376 0.105535693679186
377 0.104457126499959
378 0.102977253171947
379 0.102719256493461
380 0.104104950554215
381 0.0996276041836709
382 0.100301313397894
383 0.10543220203246
384 0.103145224921386
385 0.0995581250610532
386 0.0989113722431482
387 0.1012026714921
388 0.0980571128802911
389 0.0978985857834915
390 0.0994938803816633
391 0.0991684178144398
392 0.0980085424002616
393 0.0975992458597285
394 0.0976814267130452
395 0.0967251641474105
396 0.0968289716812862
397 0.0972595392273875
398 0.0974356287227244
399 0.0978990339520173
400 0.0978015592255023
401 0.0979054395736384
402 0.0987044412174787
403 0.0973108022040865
404 0.0961140640273223
405 0.0961758014257985
406 0.097195728616039
407 0.0974141822170233
408 0.097192549659708
409 0.0970877446699955
410 0.0974059671638623
411 0.0975980134389089
412 0.0972706352653291
413 0.096493170885752
414 0.0970651869121925
415 0.0974098903397849
416 0.0975061236749233
417 0.0985428597538617
418 0.0981464723451016
419 0.0972542170589463
420 0.0969207887335728
421 0.0973435928620763
422 0.0981057026004893
423 0.0986793382147776
424 0.098714291047902
425 0.0989914098538589
426 0.0989075427688743
427 0.0985068037625187
428 0.0985054125239171
429 0.0986273721997637
430 0.0989282085781391
431 0.0994396158489406
432 0.100096052902832
433 0.100071721087703
434 0.0998123949734927
435 0.100168173754458
436 0.100332067276729
437 0.100357715401129
438 0.100470792364323
439 0.101008779792056
440 0.101448724198361
441 0.101610914285282
442 0.101449336779689
443 0.100867850438147
444 0.101256353980619
445 0.10226140073124
446 0.102536920251512
447 0.1024952330473
448 0.102491714564279
449 0.102622117333205
450 0.102534523236156
451 0.102787473548476
452 0.102777956010594
453 0.102093897935105
454 0.102837575514542
455 0.103323190899453
456 0.103193571536369
457 0.103317243164149
458 0.103232908703517
459 0.103375399899186
460 0.103860428720717
461 0.103679689101352
462 0.103878987219942
463 0.104264267585342
464 0.104250832291779
465 0.104383494953803
466 0.104776059427384
467 0.105128912399075
468 0.104696353335649
469 0.104799399691088
470 0.105165407647876
471 0.10529568685294
472 0.105371755142286
473 0.105419524228964
474 0.105537648058962
475 0.10582081143749
476 0.10575977672344
477 0.105763856139496
478 0.106028310281429
479 0.106084623891691
480 0.106258423786449
481 0.106560675494752
482 0.106860032218517
483 0.106867776045854
484 0.107025264530203
485 0.107395193775392
486 0.107592993407858
487 0.107712406545428
488 0.107803605314137
489 0.107922841940679
490 0.108164187007154
491 0.108350060772175
492 0.108520086653259
493 0.10882200959142
494 0.109064859138029
495 0.109138000524456
496 0.109136867371028
497 0.109511271304975
498 0.109985791837838
499 0.110298576141168
500 0.110300187620825
501 0.110404196828491
502 0.110658331503328
503 0.11099654292049
504 0.111263108752685
505 0.111446998016673
506 0.111669383079929
507 0.112017729410219
508 0.112398527068724
509 0.112634766412772
510 0.112790247594926
511 0.113066984533714
512 0.11333328621928
513 0.113557812646557
514 0.113759027222737
515 0.114034965488104
516 0.114252508340661
517 0.114429555406989
518 0.114641839517242
519 0.114930922446916
520 0.115292114239615
521 0.115631373468649
522 0.115753652700666
523 0.116011437908881
524 0.1163707662387
525 0.116712261489189
526 0.117006153060671
527 0.117257012917164
528 0.117510078796516
529 0.11783283690469
530 0.118160317791228
531 0.118487939505527
532 0.118804247394884
533 0.11905332721251
534 0.119275520882863
535 0.119539527849709
536 0.119899124509032
537 0.120183397164136
538 0.120494765328764
539 0.120855069234176
540 0.121120656383147
541 0.121414935077435
542 0.121750063012868
543 0.122089804896833
544 0.122335094501022
545 0.122611518917543
546 0.122967344319288
547 0.123362341299781
548 0.123712867364107
549 0.124072942724238
550 0.124502796882216
551 0.124984104808007
552 0.12547287927703
553 0.125934542975393
554 0.126344696422708
555 0.126704235444227
556 0.127059332097125
557 0.127430293340348
558 0.127764764841446
559 0.128117008618427
560 0.128516885513082
561 0.128953160134073
562 0.129215611764381
563 0.129532417236169
564 0.129912745119413
565 0.130017484773102
566 0.13026680117909
567 0.130542400957451
568 0.130684237248003
569 0.131030968796501
570 0.131444546541884
571 0.131876423287297
572 0.132369365927458
573 0.132834019516122
574 0.133310869572106
575 0.133810879352182
576 0.134188118255559
577 0.134429105385154
578 0.134606425013876
579 0.134834903876402
580 0.13503425476723
581 0.135215834807156
582 0.135404398984961
583 0.135629203941766
584 0.135876505207158
585 0.136126453167355
586 0.136368374988998
587 0.136657950977741
588 0.136950735243076
589 0.137254172912918
590 0.137646789250841
591 0.137982927585603
592 0.138316718954185
593 0.138712459730079
594 0.139063871957749
595 0.139351003235988
596 0.139596000722409
597 0.139854950901403
598 0.140146552820411
599 0.140460741523708
600 0.140770231494458
601 0.141018621727155
602 0.141267830158276
603 0.141495410321725
604 0.141654676627855
605 0.14187569439337
606 0.142110982852161
607 0.142332369764446
608 0.142576706481088
609 0.142875816662455
610 0.143185103436211
611 0.143446145194855
612 0.143678422399096
613 0.143942124218198
614 0.144253044727369
615 0.144575355520173
616 0.144898514777173
617 0.145190939940737
618 0.145435752740577
619 0.145669498996412
620 0.145933451879322
621 0.146239525353929
622 0.146568378903575
623 0.146787059654443
624 0.147044669141661
625 0.147417673434231
626 0.147704790822415
627 0.147984515450559
628 0.148243779535338
629 0.14846073315759
630 0.148854173027113
631 0.149208997847053
632 0.149437854449891
633 0.149710453555838
634 0.150017600671015
635 0.150328695734038
636 0.150612076221858
637 0.150884175482861
638 0.151199054592183
639 0.151543346728083
640 0.151840119575692
641 0.152216634259908
642 0.152558738124195
643 0.152799325109745
644 0.153176172305483
645 0.153504639708736
646 0.153795629085797
647 0.154166515912352
648 0.154498629905852
649 0.154823505216193
650 0.155154802443136
651 0.155423305295544
652 0.155749484522654
653 0.156103325152588
654 0.156410393749829
655 0.156703617117956
656 0.157030789769111
657 0.157407052212534
658 0.157807329381326
659 0.158137346431749
660 0.158469211653976
661 0.158867224512737
662 0.159200025794295
663 0.15952704554281
664 0.159886834109534
665 0.160290030026358
666 0.160618515636187
667 0.160964379416512
668 0.161387061561045
669 0.161799988847697
670 0.162156459199515
671 0.162490698035832
672 0.162865579476796
673 0.163227696560238
674 0.163614855865965
675 0.164023742300197
676 0.164383931222389
677 0.164747903545263
678 0.165113146262952
679 0.16547083611202
680 0.165843972241422
681 0.166278192051034
682 0.166751958687614
683 0.16718821466564
684 0.167541038029009
685 0.16791736623204
686 0.16836658147768
687 0.16872675968868
688 0.169086042399045
689 0.169496184374201
690 0.169971021637877
691 0.170369100039921
692 0.170747981322986
693 0.171157078987637
694 0.171607152710998
695 0.172039402979739
696 0.172469719380644
697 0.172923375625154
698 0.173371547610502
699 0.173782779730556
700 0.174177136995957
701 0.174615069422166
702 0.175100208368238
703 0.175542935398397
704 0.175915668917184
705 0.176372805547216
706 0.176846837085449
707 0.177322259154857
708 0.177797689181055
709 0.17823596872429
710 0.178689239516034
711 0.179158983070312
712 0.179571897445719
713 0.180038837664838
714 0.180534761650988
715 0.181008552082828
716 0.181448080621735
717 0.181917479077426
718 0.182406460740643
719 0.182855760742076
720 0.183319723579628
721 0.183775025629327
722 0.184227068986155
723 0.184770560978873
724 0.185251058798116
725 0.185718285460329
726 0.18625309440835
727 0.18666630703719
728 0.187097904765762
729 0.187614025786255
730 0.188178723115492
731 0.188628499389523
732 0.189048217239476
733 0.189526784042826
734 0.190009619241256
735 0.190491008974131
736 0.190973305957648
737 0.191462098288865
738 0.191941727706329
739 0.192418140928126
740 0.192895441899683
741 0.193372460471406
742 0.193892010595849
743 0.194406324521375
744 0.1948809349191
745 0.195433253009132
746 0.195894987750209
747 0.196342501362442
748 0.196979289332397
749 0.197455567407575
750 0.19791299797155
751 0.198448096235877
752 0.19896563932027
753 0.199443488487389
754 0.199927479708918
755 0.200457187389023
756 0.200920567977069
757 0.20143712177025
758 0.201977937425251
759 0.202406104181678
760 0.202953442700177
761 0.20352191423662
762 0.204033482482657
763 0.204568400846514
764 0.20506076706252
765 0.205565188801428
766 0.206144118777431
767 0.206682146747088
768 0.20714810058223
769 0.207565150107084
770 0.208004561721564
771 0.208519070563843
772 0.209117630516215
773 0.209744519689152
774 0.210219864285411
775 0.210726112255041
776 0.211257987948749
777 0.211755854502226
778 0.212252190198199
779 0.212759162494063
780 0.213279671729316
781 0.213808051874245
782 0.214335990387652
783 0.214818872675898
784 0.215273968501711
785 0.215870656683007
786 0.216455054675777
787 0.216959340298869
788 0.217386577539084
789 0.217914275120121
790 0.218464806063705
791 0.218994566174496
792 0.219507467477987
793 0.220071102764642
794 0.220612621600201
795 0.221103534798704
796 0.221649535616707
797 0.22220918473699
798 0.22276421558039
799 0.223300500956744
800 0.223791315318897
801 0.224305786252751
802 0.224846780620058
803 0.225366373284774
804 0.225867512878123
805 0.226394901913131
806 0.226950772084521
807 0.227460538224404
808 0.227977424239516
809 0.228528432919426
810 0.229117456250333
811 0.229715135011171
812 0.230213267088237
813 0.23066724369108
814 0.231205051790561
815 0.231714633788357
816 0.232219612075335
817 0.232765126140846
818 0.233397147544926
819 0.233944017229714
820 0.234455375326786
821 0.234987581907943
822 0.235481231879998
823 0.235962261283412
824 0.236453765474059
825 0.236974649406986
826 0.237524278821711
827 0.23806328711724
828 0.238594164864284
829 0.239150933629932
830 0.239706236985727
831 0.240199735116293
832 0.24064901610411
833 0.241195346404791
834 0.241749798551316
835 0.242267070969173
836 0.242739031233189
837 0.243224679942937
838 0.243775112506676
839 0.244354153537607
840 0.244887220905251
841 0.245355341792004
842 0.245918402881866
843 0.246534822041426
844 0.24699846067457
845 0.247568939515495
846 0.248121573556992
847 0.248597118444906
848 0.249139671730049
849 0.24971520297974
850 0.250241715021333
851 0.250694923862901
852 0.251274880012908
853 0.251784077806291
854 0.252254699257733
855 0.25280243664185
856 0.253373755315443
857 0.253933553468938
858 0.254443450717154
859 0.254884747495329
860 0.255434493565154
861 0.256051324253927
862 0.256650378828918
863 0.257141848999354
864 0.257691208708218
865 0.258186153053692
866 0.258574843564743
867 0.259107802104655
868 0.259654474850999
869 0.260213517117819
870 0.260813847966217
871 0.261457393718263
872 0.261915507244383
873 0.262303399781225
874 0.262881137773687
875 0.26338743537144
876 0.263913976200719
877 0.26449924856121
878 0.265097239933949
879 0.265627846077346
880 0.266132456876635
881 0.266646322231111
882 0.267163454497002
883 0.267652313737577
884 0.268118761059045
885 0.26858869924638
886 0.269106739999542
887 0.269686827039266
888 0.27024284046762
889 0.270718292894563
890 0.271295998938747
891 0.271814899883771
892 0.2723108615587
893 0.272881178685944
894 0.273385315339851
895 0.273854746546526
896 0.274364539046882
897 0.274978957437733
898 0.275487732276048
899 0.275957436005412
900 0.276459806931492
901 0.277022918674898
902 0.277519903476636
903 0.277977813251158
904 0.278464400936235
905 0.279058051694168
906 0.279649292681559
907 0.280154782324278
908 0.280597859352905
909 0.28119929610074
910 0.2818036123666
911 0.282345113021663
912 0.282833437800037
913 0.283411963201056
914 0.284014111985565
915 0.284567062014005
916 0.285041272856836
917 0.285577984237562
918 0.28608567495329
919 0.286601162069646
920 0.287206499404095
921 0.287887605328717
922 0.28838451237615
923 0.288753964067342
924 0.289245282832333
925 0.289841793350994
926 0.290451285303687
927 0.291002685183788
928 0.291476190619198
929 0.292002780129439
930 0.292523710558868
931 0.293045859622911
932 0.293635564077193
933 0.294042862035819
934 0.294530032785649
935 0.295183661132415
936 0.295793327829388
937 0.296287701837529
938 0.296782218678628
939 0.297344747775042
940 0.297916553218135
941 0.298362746155024
942 0.298832333718486
943 0.299399980562135
944 0.299929358457874
945 0.300443082867263
946 0.300958076791025
947 0.301491117478529
948 0.302052432097162
949 0.302562741716955
950 0.30313882822277
951 0.303806569386886
952 0.304324551844097
953 0.30482579282036
954 0.305274073630805
955 0.305682891106909
956 0.306250868370869
957 0.306787563037418
958 0.307241387347993
959 0.307676173487755
960 0.3083150400064
961 0.308848017577833
962 0.309295430156136
963 0.309752742936925
964 0.310243976088063
965 0.310823082411044
966 0.311401522258371
967 0.311915353924804
968 0.312462053936697
969 0.313010943213409
970 0.313556963604963
971 0.314093387871242
972 0.314595243793493
973 0.315125684782502
974 0.315608034921548
975 0.316050471493318
976 0.316724702992672
977 0.317170381526409
978 0.317499230984271
979 0.317931974925461
980 0.318557328653422
981 0.318980470471061
982 0.319446762399422
983 0.320073736660656
984 0.320451376272951
985 0.321113211950745
986 0.321723884521721
987 0.322123670785934
988 0.322747103161283
989 0.323177000240295
990 0.323549700058136
991 0.324053791618097
992 0.324756291788029
993 0.325490978906001
994 0.325920224092151
995 0.326104366277897
996 0.326566401232605
997 0.327132185705723
998 0.327653551197294
999 0.328140465962773
1000 0.328745556072235
1001 0.321352183356294
1002 0.321844781796291
1003 0.322222299063615
1004 0.322677315648287
1005 0.323143439765882
1006 0.323590574334217
1007 0.324040505395634
1008 0.324520250161608
1009 0.324997964730043
1010 0.325432001820019
1011 0.325888496809461
1012 0.32638068487635
1013 0.326765987656563
1014 0.327191589185161
1015 0.327722817989132
1016 0.32821041048625
1017 0.328674108803828
1018 0.329165158272128
1019 0.329630192189668
1020 0.330035810684538
1021 0.330474305913686
1022 0.3308842496326
1023 0.331350846614581
1024 0.331904739384815
1025 0.332332833352926
1026 0.332767902331056
1027 0.333291991958514
1028 0.333673946799948
1029 0.334042888443099
1030 0.334586318280816
1031 0.335130974293398
1032 0.335651837941101
1033 0.336187616920448
1034 0.336759162287368
1035 0.337352556449295
1036 0.337896912520253
1037 0.338410216576582
1038 0.338861678295732
1039 0.339243214597481
1040 0.33965986117156
1041 0.340117559316776
1042 0.340581473240711
1043 0.341154024783368
1044 0.341749991399662
1045 0.342279983957027
1046 0.342842099455561
1047 0.343356372883911
1048 0.343829411415411
1049 0.344199496095588
1050 0.344620741297226
1051 0.345072273666828
1052 0.345493582064153
1053 0.34597858408961
1054 0.346457382305305
1055 0.346855171900938
1056 0.347299167964328
1057 0.347717211537648
1058 0.348092614367004
1059 0.348547743417046
1060 0.348967207794007
1061 0.349316241373468
1062 0.349707367353368
1063 0.35012173699658
1064 0.350495084464397
1065 0.350832438709742
1066 0.351227362782434
1067 0.351565597861921
1068 0.351813844712499
1069 0.352103045218642
1070 0.352402717077934
1071 0.352685759513122
1072 0.353047021507783
1073 0.353431586111213
1074 0.353811801750648
1075 0.35417416268052
1076 0.354481284047506
1077 0.354751565770705
1078 0.35500262332191
1079 0.355244861127577
1080 0.355519811658191
1081 0.35582629408614
1082 0.356124287475045
1083 0.356445926138517
1084 0.356704801755943
1085 0.356900534433834
1086 0.357159107949046
1087 0.357418536405928
1088 0.357677072650005
1089 0.357981425835339
1090 0.358290950035051
1091 0.358585615092718
1092 0.358877846856921
1093 0.35914928979063
1094 0.359403318575232
1095 0.359650778756008
1096 0.359935782063589
1097 0.360174220303542
1098 0.36044973776602
1099 0.360770932482188
1100 0.361028035490719
1101 0.361331463507097
1102 0.361701083343052
1103 0.362008900686631
1104 0.362319531847646
1105 0.362662989768877
1106 0.362962229096967
1107 0.363182711287091
1108 0.363491011979248
1109 0.363838502492833
1110 0.364152669443798
1111 0.364491093819528
1112 0.364862156513098
1113 0.365224518760084
1114 0.365555478508122
1115 0.365917143636827
1116 0.36631107414142
1117 0.366664086613325
1118 0.367032336819951
1119 0.367388245625882
1120 0.367728838468276
1121 0.368097343935747
1122 0.368495568811548
1123 0.36884868483883
1124 0.369166690574803
1125 0.369547014150017
1126 0.369921234024339
1127 0.370340269926471
1128 0.370771671282002
1129 0.371211066276117
1130 0.371655750344525
1131 0.372023674083088
1132 0.372399795093159
1133 0.372800171205334
1134 0.373136482360504
1135 0.373480519769652
1136 0.373859142459767
1137 0.374264000872342
1138 0.374669149111276
1139 0.375114115161238
1140 0.375516553716359
1141 0.375904319037553
1142 0.376300799291587
1143 0.376691959422042
1144 0.377060943403631
1145 0.377426528954055
1146 0.377795376577447
1147 0.378160898789594
1148 0.378500157539856
1149 0.378873550052639
1150 0.379261676216929
1151 0.379631566810795
1152 0.380041509589866
1153 0.380421442116333
1154 0.380799620435129
1155 0.381171590887911
1156 0.38151598062169
1157 0.381879973621444
1158 0.382257630088479
1159 0.382629155768681
1160 0.382999918866874
1161 0.383381887671423
1162 0.383758789952415
1163 0.384146437456863
1164 0.384494730125682
1165 0.384812102011385
1166 0.385130700760978
1167 0.385412233955386
1168 0.38570728638412
1169 0.386030797957522
1170 0.386324947439446
1171 0.386581121997336
1172 0.386894173831081
1173 0.38722933057773
1174 0.38755008799092
1175 0.387904357739071
1176 0.388231932073666
1177 0.388540950376944
1178 0.388839009328255
1179 0.38912297019712
1180 0.389422433980864
1181 0.389691702221663
1182 0.389958002538548
1183 0.390233980565367
1184 0.390506195677372
1185 0.390796993208303
1186 0.391076298304348
1187 0.391362886510259
1188 0.3916454651522
1189 0.391964877585386
1190 0.392315859379911
1191 0.392632661070655
1192 0.392990912137893
1193 0.393276354280714
1194 0.393515525146721
1195 0.393731920889227
1196 0.393884391371708
1197 0.394070606342605
1198 0.394242934763449
1199 0.394409023898853
1200 0.394628011759546
1201 0.394860071615953
1202 0.395099724660188
1203 0.395377753775248
1204 0.395661715948158
1205 0.395987154744631
1206 0.396267440576257
1207 0.396566355467985
1208 0.396803679541779
1209 0.396975283732526
1210 0.397178876194088
1211 0.39734204270306
1212 0.397559530151741
1213 0.397811419152132
1214 0.398068765329128
1215 0.3983515277818
1216 0.3986341554042
1217 0.398924485650183
1218 0.399237068409974
1219 0.39952888075197
1220 0.399795541007731
1221 0.400022932594025
1222 0.400186834596722
1223 0.400402949000806
1224 0.400610865684656
1225 0.40083545070077
1226 0.401082476976545
1227 0.401336992346338
1228 0.401584883784957
1229 0.401849905926323
1230 0.402176472079071
1231 0.402438594559968
1232 0.402665168883644
1233 0.402904529930941
1234 0.403100445724146
1235 0.403325420560817
1236 0.403561179261205
1237 0.403835493186476
1238 0.404073306471171
1239 0.404327263786558
1240 0.404594838495286
1241 0.404872824505084
1242 0.405137079360467
1243 0.405431436996556
1244 0.405675461673452
1245 0.405880389105057
1246 0.406098594493128
1247 0.406274707116374
1248 0.406507839568654
1249 0.406771945451475
1250 0.407033464190716
1251 0.407323330083642
1252 0.407614357923233
1253 0.407901000454004
1254 0.408199350771014
1255 0.408515944157546
1256 0.408833637433573
1257 0.409165838142963
1258 0.409500372125615
1259 0.409785167297959
1260 0.410041500690758
1261 0.410329967388138
1262 0.410580656530896
1263 0.410884606094735
1264 0.411252635161933
1265 0.411574549054725
1266 0.411881244971648
1267 0.412198457270611
1268 0.412518437699268
1269 0.412829395768334
1270 0.413150269356115
1271 0.413448169251749
1272 0.41374183021094
1273 0.414002568070101
1274 0.414228163799783
1275 0.414460299801069
1276 0.414693894672234
1277 0.414883202817854
1278 0.415026075881998
1279 0.415194451704545
1280 0.415366907085436
1281 0.415517320346971
1282 0.415661997028399
1283 0.415833702683245
1284 0.41597913656771
1285 0.416079818092434
1286 0.416204189289148
1287 0.416372543235455
1288 0.416472828191082
1289 0.416550968264283
1290 0.416589888074722
1291 0.416555262391584
1292 0.416563831810532
1293 0.416528874912524
1294 0.416557597002874
1295 0.416673901712023
1296 0.416728888211394
1297 0.416789120895129
1298 0.41683288517501
1299 0.416844310648855
1300 0.41683403719832
1301 0.416827384644029
1302 0.416817944953639
1303 0.416816724791563
1304 0.416793373998733
1305 0.416809460874073
1306 0.416871588895167
1307 0.416882373668298
1308 0.416877278316339
1309 0.416887942196448
1310 0.416879717408922
1311 0.416883600520536
1312 0.416883753348622
1313 0.4169284967535
1314 0.41698905698142
1315 0.417057795507823
1316 0.417187025785094
1317 0.417281577189736
1318 0.417340270683123
1319 0.417426951152678
1320 0.417523734782225
1321 0.417622463907709
1322 0.417724058541985
1323 0.417835268346899
1324 0.417989204911281
1325 0.418151532360694
1326 0.418352035970233
1327 0.418629711318537
1328 0.418822307946924
1329 0.418993804750034
1330 0.419174459457967
1331 0.419309250000734
1332 0.41949416330643
1333 0.419710982272861
1334 0.419926520722846
1335 0.420145779048643
1336 0.420383279171314
1337 0.420659713401828
1338 0.420896376784714
1339 0.421118104796793
1340 0.421354263407066
1341 0.421594371585265
1342 0.421805712503569
1343 0.422006221709856
1344 0.422217885010604
1345 0.422400485260994
1346 0.422595105353961
1347 0.422816361047839
1348 0.423046369113532
1349 0.423237126969746
1350 0.423413088286284
1351 0.423568072371375
1352 0.423694348102066
1353 0.423831042215773
1354 0.423960371564933
1355 0.42407710332576
1356 0.424173658372821
1357 0.424301530361813
1358 0.424408169848778
1359 0.42456950296762
1360 0.424783523105852
1361 0.424985779271689
1362 0.425204659215668
1363 0.425428260727766
1364 0.425643124791977
1365 0.42589014681531
1366 0.426181780485296
1367 0.426443702615866
1368 0.42673464116135
1369 0.426979209029065
1370 0.427191082579066
1371 0.427381549143887
1372 0.427547586874482
1373 0.427697067079694
1374 0.427796309039396
1375 0.427890503486094
1376 0.427911076832847
1377 0.427886264042117
1378 0.427810150441993
1379 0.427650675749518
1380 0.427532280155344
1381 0.427380333160733
1382 0.427250757499843
1383 0.427131537542333
1384 0.427025435278361
1385 0.426941094996016
1386 0.426816305909988
1387 0.426732753997811
1388 0.426551281528758
1389 0.42632741221586
1390 0.426032858523886
1391 0.425647979659724
1392 0.425263855701097
1393 0.424835373691188
1394 0.424375669865747
1395 0.423880422950818
1396 0.423386189941743
1397 0.422857877313869
1398 0.422318946906278
1399 0.421785063462518
1400 0.421233353272821
1401 0.420642640895441
1402 0.420071406284072
1403 0.419483599464593
1404 0.418873552643848
1405 0.418264550255626
1406 0.417620674302596
1407 0.417036247694291
1408 0.41645803283505
1409 0.415927638306788
1410 0.415402590847563
1411 0.414993901009625
1412 0.414617064860378
1413 0.414363942717148
1414 0.414196127206816
1415 0.41415109507363
1416 0.414192274000556
1417 0.414359918535285
1418 0.414699705919697
1419 0.415044871926743
1420 0.415531812620357
1421 0.415949285063773
1422 0.416374225036766
1423 0.416801208468739
1424 0.41722539037792
1425 0.417634867009985
1426 0.418040970978331
1427 0.418455162325662
1428 0.418867261186178
1429 0.419262548880552
1430 0.419663531580692
1431 0.420059878809542
1432 0.420444392168226
1433 0.42080638007811
1434 0.421184253424308
1435 0.421554221052524
1436 0.42189881525373
1437 0.422224012844991
1438 0.42253686910765
1439 0.422822035556692
1440 0.423126287753933
1441 0.423419428921509
1442 0.423731873739826
1443 0.424066121108901
1444 0.424387300545061
1445 0.424716167777572
1446 0.425024429366308
1447 0.425330722187679
1448 0.425608839034297
1449 0.425873747168302
1450 0.426113020623988
1451 0.426326412081325
1452 0.426531825400495
1453 0.426675902937077
1454 0.426890869850053
1455 0.42713986952528
1456 0.4273736938986
1457 0.427662073924413
1458 0.427903579738034
1459 0.428114356990032
1460 0.428310240219885
1461 0.428453974062859
1462 0.428650648190786
1463 0.428848483911603
1464 0.429066004340219
1465 0.429345437785805
1466 0.42959684036339
1467 0.429822696481741
1468 0.430072118501958
1469 0.430326444338883
1470 0.430591144848653
1471 0.430875771608463
1472 0.431151356425427
1473 0.431419985115591
1474 0.431695205637248
1475 0.431989441361006
1476 0.432293770619187
1477 0.432610816590873
1478 0.432955517886201
1479 0.433273987481515
1480 0.433591490251483
1481 0.433900639658829
1482 0.434203462013388
1483 0.434486883162715
1484 0.434755043772096
1485 0.435034505442195
1486 0.435299470674822
1487 0.435577846761213
1488 0.435862308779791
1489 0.436158981797396
1490 0.436475029669847
1491 0.436760288686929
1492 0.437071838029044
1493 0.437325758806606
1494 0.43751184378104
1495 0.437730085381669
1496 0.437926924443276
1497 0.438141022209711
1498 0.438375572317624
1499 0.438604311656697
1500 0.438827768533378
1501 0.439064626652151
1502 0.4393125210354
1503 0.439553454659591
1504 0.439795257447893
1505 0.440043593938932
1506 0.440298623315925
1507 0.440546252627422
1508 0.440796264477843
1509 0.441043664991539
1510 0.441295741575037
1511 0.441526496407722
1512 0.441751720712616
1513 0.441965301655632
1514 0.442121422488697
1515 0.442324025229766
1516 0.442547920249418
1517 0.44277775092131
1518 0.443049395883268
1519 0.443334417591108
1520 0.443573032798041
1521 0.443818748878466
1522 0.444059645689013
1523 0.444294127369057
1524 0.444493958925098
1525 0.44469357481031
1526 0.444855761614853
1527 0.444951163093199
1528 0.445113980990156
1529 0.445297099649979
1530 0.445466328328767
1531 0.445650321273478
1532 0.44583254916197
1533 0.44599895707744
1534 0.446179374778371
1535 0.446381354503158
1536 0.446570471810099
1537 0.446750411398433
1538 0.44693629486618
1539 0.447127273116892
1540 0.447314829310587
1541 0.447490730646343
1542 0.447694510388109
1543 0.447903278445346
1544 0.448132385786745
1545 0.448420834140784
1546 0.448629814942157
1547 0.448809403601796
1548 0.448994446399739
1549 0.449124831802178
1550 0.449292308713521
1551 0.449494036155529
1552 0.449673211962961
1553 0.449856654246687
1554 0.45001301084201
1555 0.450163947807517
1556 0.450288720846772
1557 0.450352906351572
1558 0.450469877459834
1559 0.450583325237015
1560 0.450726756311663
1561 0.450916178005311
1562 0.451099669036006
1563 0.451292697320583
1564 0.451490725270502
1565 0.451705080252044
1566 0.451909437215471
1567 0.452116863782666
1568 0.452318405896703
1569 0.452527970813167
1570 0.452708656711472
1571 0.452858061272795
1572 0.453026660399025
1573 0.453191024479653
1574 0.453346695052156
1575 0.453514097380558
1576 0.453671577620759
1577 0.453809536382995
1578 0.453946809360033
1579 0.454090467822422
1580 0.454223357313937
1581 0.454326182962765
1582 0.454454413324978
1583 0.454583601387984
1584 0.454730564360253
1585 0.45492627060024
1586 0.455084848530226
1587 0.455216358535992
1588 0.455371411106741
1589 0.455522652714217
1590 0.45567013593086
1591 0.455872747007724
1592 0.456014038175231
1593 0.456039693622515
1594 0.45616461284619
1595 0.456323598417011
1596 0.456481323073685
1597 0.456722484569774
1598 0.45694212263303
1599 0.457167494061532
1600 0.457336011123472
1601 0.457506307570859
1602 0.457629430013147
1603 0.457646086794347
1604 0.457673235909712
1605 0.457776785331969
1606 0.457889084020729
1607 0.458048584873739
1608 0.458291145161023
1609 0.458482846653577
1610 0.458667929212884
1611 0.45886525799005
1612 0.459088601157477
1613 0.459238302891843
1614 0.459362190714579
1615 0.459482339272754
1616 0.459551354508984
1617 0.459658723611949
1618 0.459777107908478
1619 0.459914049511663
1620 0.460057418243162
1621 0.460200191005406
1622 0.460373554168817
1623 0.460513791827113
1624 0.46062206314353
1625 0.460773245259226
1626 0.460943877818569
1627 0.461087234282825
1628 0.461252664541783
1629 0.461362089545293
1630 0.461404175738197
1631 0.461537403667114
1632 0.461696970153806
1633 0.461826491771811
1634 0.461980073748141
1635 0.462147668181476
1636 0.462284800920886
1637 0.462453530037624
1638 0.462698492918962
1639 0.462848884546503
1640 0.462942683817961
1641 0.463065255903883
1642 0.463160673780317
1643 0.463299772802142
1644 0.463470005791702
1645 0.463611793747191
1646 0.463753606486631
1647 0.463913062549314
1648 0.464057388448855
1649 0.464230683567767
1650 0.464456925092217
1651 0.464605197022049
1652 0.464730652038301
1653 0.464844492937807
1654 0.46491345354609
1655 0.46503896091458
1656 0.46512937369651
1657 0.46527660953237
1658 0.465428145422119
1659 0.465611263331676
1660 0.465868062326318
1661 0.466086019531291
1662 0.466236932956715
1663 0.466332070803006
1664 0.466408489672937
1665 0.466514249785117
1666 0.4666349891372
1667 0.466733495029117
1668 0.466863796195996
1669 0.466993882229643
1670 0.467065407501982
1671 0.467213912689395
1672 0.467380047979837
1673 0.467504830524845
1674 0.467726544921719
1675 0.467943658698706
1676 0.468103126654733
1677 0.468278681618853
1678 0.468426307621021
1679 0.468553712285191
1680 0.468710046107374
1681 0.468842033389029
1682 0.468967354159804
1683 0.469142959174414
1684 0.46929712986486
1685 0.469504488820753
1686 0.469746261088069
1687 0.469926466451482
1688 0.470111343475236
1689 0.470226972336035
1690 0.470308624023236
1691 0.470429179784151
1692 0.470487076568617
1693 0.470584972140202
1694 0.470739504367052
1695 0.470859871693459
1696 0.470994185545521
1697 0.471095153762909
1698 0.471193019394567
1699 0.471320377904986
1700 0.471421005647927
1701 0.471500024776609
1702 0.471614753197355
1703 0.471706506780288
1704 0.471846912429005
1705 0.47208567035843
1706 0.472267526704036
1707 0.472443638498132
1708 0.472588050334464
1709 0.472702827462616
1710 0.472796239441333
1711 0.472874555559603
1712 0.472925280012179
1713 0.472931128011419
1714 0.472955329172376
1715 0.472955412346969
1716 0.472968831142008
1717 0.472981624347152
1718 0.47301462552405
1719 0.473086630777179
1720 0.47311651535778
1721 0.473118376683745
1722 0.473153219886224
1723 0.473163679895763
1724 0.473211287808287
1725 0.473337058258085
1726 0.473412435318617
1727 0.473426582467199
1728 0.473523719772774
1729 0.473661715925714
1730 0.473801087481242
1731 0.474023378741735
1732 0.474138335861893
1733 0.474178555981007
1734 0.474243000929841
1735 0.474295592952345
1736 0.474344718541376
1737 0.474400772191069
1738 0.474433966044197
1739 0.474399714634434
1740 0.474434766537492
1741 0.474513793349367
1742 0.474591816089479
1743 0.474705042729907
1744 0.474778653771121
1745 0.474840831165952
1746 0.474922993534825
1747 0.474961976701474
1748 0.475029743745056
1749 0.475100686084934
1750 0.47512760350246
1751 0.475211394666317
1752 0.475322153828083
1753 0.475529244942575
1754 0.47575325254674
1755 0.475845836326537
1756 0.475906029425516
1757 0.475833364198346
1758 0.475694161785227
1759 0.475696179131724
1760 0.475692484412243
1761 0.475664056518879
1762 0.475783790613857
1763 0.475880154358581
1764 0.475945699164272
1765 0.476083615589582
1766 0.476118702013146
1767 0.476148284353371
1768 0.476181915451704
1769 0.476203900847573
1770 0.476332994919564
1771 0.476424266304758
1772 0.476510578772739
1773 0.476579397244128
1774 0.47659523627525
1775 0.476630406242283
1776 0.476689093325492
1777 0.476700887815321
1778 0.476650370228837
1779 0.476630410657515
1780 0.476597295669096
1781 0.476679916514681
1782 0.476711296752204
1783 0.476726131021442
1784 0.476822900007865
1785 0.476887193854375
1786 0.476989427049172
1787 0.477203618579328
1788 0.477401231553532
1789 0.477620759137409
1790 0.477833102474243
1791 0.477964372817419
1792 0.478081940980295
1793 0.478186668817582
1794 0.478264849195134
1795 0.47845724242887
1796 0.478671860837466
1797 0.478811874231866
1798 0.479016104252403
1799 0.47905338434512
1800 0.478999099351181
1801 0.480794469958351
1802 0.480780975860938
1803 0.480861854244671
1804 0.480905828148467
1805 0.481001352367444
1806 0.481239323415512
1807 0.481317858374484
1808 0.481335843285161
1809 0.48135370517934
1810 0.481328300447147
1811 0.481238589359157
1812 0.481182321231559
1813 0.481242492849061
1814 0.481309064368363
1815 0.481313876432866
1816 0.481350006306563
1817 0.481396961441077
1818 0.481457485693585
1819 0.481536990548876
1820 0.481590904510249
1821 0.481687771575443
1822 0.481726724911895
1823 0.481591907522768
1824 0.481555115142495
1825 0.4815115456029
1826 0.481386411707833
1827 0.481357835363164
1828 0.481456048773869
1829 0.48145088861026
1830 0.481425051687866
1831 0.481430995329928
1832 0.48130683713673
1833 0.481232033417732
1834 0.481262841106487
1835 0.481199834157165
1836 0.481262052936975
1837 0.481493890167467
1838 0.481581807600487
1839 0.481619103363439
1840 0.481776075013336
1841 0.481855485991595
1842 0.48178878516365
1843 0.481727531518262
1844 0.481713690612923
1845 0.481636868401449
1846 0.481600891914757
1847 0.481573298095449
1848 0.481590553464652
1849 0.481561450913939
1850 0.481535399175328
1851 0.48146290460348
1852 0.481392251766583
1853 0.481255131681609
1854 0.48101603470678
1855 0.480851104475401
1856 0.480764107724742
1857 0.480670998567827
1858 0.480561371427168
1859 0.480507504136841
1860 0.480427098010099
1861 0.480273595403247
1862 0.480004171086898
1863 0.479565325345021
1864 0.479064990440352
1865 0.478544057520963
1866 0.477956916345287
1867 0.477333219662636
1868 0.476723786969202
1869 0.476079092644428
1870 0.475307937395575
1871 0.474589626813951
1872 0.47396788123123
1873 0.473287375848222
1874 0.472690580234604
1875 0.4720303484763
1876 0.47131917071589
1877 0.470631189301391
1878 0.469732009325081
1879 0.468696068649876
1880 0.467535459889792
1881 0.466214617408786
1882 0.464698583770526
1883 0.463144865907476
1884 0.461543880527572
1885 0.459778148506152
1886 0.457853359719908
1887 0.45582538790428
1888 0.453633494782564
1889 0.451236958573821
1890 0.448724480413645
1891 0.446227815410881
1892 0.443562363208894
1893 0.440779151526344
1894 0.437945821347125
1895 0.43493064257647
1896 0.431833025849986
1897 0.428709712634098
1898 0.425512662048536
1899 0.422499353600691
1900 0.419529886538377
1901 0.416726564259698
1902 0.414020481612028
1903 0.411539895931506
1904 0.409194011453353
1905 0.407033884490593
1906 0.405125923642644
1907 0.403440463041492
1908 0.402011098072589
1909 0.400856891466137
1910 0.399811802337878
1911 0.398976602301001
1912 0.398256260351224
1913 0.397704508718171
1914 0.397223147860971
1915 0.396832286142972
1916 0.396594551820898
1917 0.396493776078886
1918 0.396541027027419
1919 0.396767463736287
1920 0.397190381644513
1921 0.397628286191347
1922 0.398199577147848
1923 0.398709799290906
1924 0.399240905597921
1925 0.399833968332996
1926 0.400405043098084
1927 0.401004164113069
1928 0.401579985834358
1929 0.402062272906397
1930 0.402571244884058
1931 0.403138181525212
1932 0.403717531004598
1933 0.404369838375952
1934 0.405008356578025
1935 0.405666664621153
1936 0.406268279041018
1937 0.406908949258023
1938 0.407545432436235
1939 0.408149245056589
1940 0.408863610741985
1941 0.409609663398701
1942 0.410291012382855
1943 0.41099276559298
1944 0.411732041535876
1945 0.412405512278857
1946 0.413036944570644
1947 0.41368797335475
1948 0.414356997748839
1949 0.4149213053461
1950 0.415499802209755
1951 0.416127303929406
1952 0.416637026049143
1953 0.417110900079455
1954 0.41767571373985
1955 0.418218450780316
1956 0.418857271515825
1957 0.419654022742881
1958 0.420365474383079
1959 0.421090813038853
1960 0.421788932873481
1961 0.422477123821238
1962 0.423081901806576
1963 0.423719439683852
1964 0.424412296064231
1965 0.425097674058731
1966 0.425786040208778
1967 0.42644740619363
1968 0.427099527864025
1969 0.427737145910169
1970 0.428335714391141
1971 0.428968028803417
1972 0.429630495514179
1973 0.43025440121369
1974 0.430842814262261
1975 0.431422290972846
1976 0.4320903343083
1977 0.432870330174578
1978 0.433636626723428
1979 0.434545218460567
1980 0.435302417109241
1981 0.436068446461912
1982 0.436702673266092
1983 0.437125359041421
1984 0.437709667651042
1985 0.43832707651214
1986 0.438849409172924
1987 0.439383268517078
1988 0.440140839589647
1989 0.440919424938113
1990 0.44153749898774
1991 0.442215280396902
1992 0.442997275518618
1993 0.443699844008981
1994 0.444367672387847
1995 0.444976053988971
1996 0.445514168854886
1997 0.446078862458277
1998 0.446562631998251
1999 0.44710213246397
2000 0.447666772272471
2001 0.448301421829307
2002 0.448937055479653
2003 0.449601096072335
2004 0.450201070992466
2005 0.450836757698096
2006 0.451413544558971
2007 0.451890496759883
2008 0.452429534357135
2009 0.453033752117971
2010 0.453533289040163
2011 0.453975373145552
2012 0.454423229997171
2013 0.454852015689787
2014 0.455267569114176
2015 0.45572536757731
2016 0.456227158696539
2017 0.45674243600711
2018 0.457250812982837
2019 0.457795326480266
2020 0.4584735288689
2021 0.459017813933415
2022 0.459502311183483
2023 0.459992534346291
2024 0.460464432008056
2025 0.460818908307943
2026 0.461315732002132
2027 0.461716443839867
2028 0.462127388315362
2029 0.462644277854602
2030 0.463143295661923
2031 0.463720761238281
2032 0.464182348154432
2033 0.464630289769191
2034 0.465013278659215
2035 0.465239916596549
2036 0.465565771590303
2037 0.465948837995278
2038 0.466276322451618
2039 0.466617573028402
2040 0.46691490659397
2041 0.467189035232206
2042 0.46743026398088
2043 0.467704274140678
2044 0.468019771765928
2045 0.468270535083701
2046 0.468497525260616
2047 0.468733062864718
2048 0.468875374121295
2049 0.469132374119597
2050 0.469447806708917
2051 0.469772951862808
2052 0.470193683951047
2053 0.470576095373409
2054 0.471007393812266
2055 0.47133118162777
2056 0.47164030654822
2057 0.471901580583378
2058 0.47219603438734
2059 0.472459852677476
2060 0.472736022828706
2061 0.473040365579741
2062 0.473311453234486
2063 0.473523953043401
2064 0.473799025082978
2065 0.474145525566062
2066 0.474425106897948
2067 0.474695707951352
2068 0.474967644156912
2069 0.47519149492639
2070 0.47525973975741
2071 0.47545259603516
2072 0.475679323789017
2073 0.475836658831293
2074 0.475998052065541
2075 0.476161543002724
2076 0.476187952136597
2077 0.476417745136652
2078 0.476780720244839
2079 0.477119641129515
2080 0.477614318525817
2081 0.477987656120699
2082 0.478319030710898
2083 0.478607997017822
2084 0.478844315725054
2085 0.479053675058387
2086 0.479211034206006
2087 0.479306222123108
2088 0.479423702558489
2089 0.479417457208903
2090 0.479621551115385
2091 0.479978766876711
2092 0.480212365073509
2093 0.480541051209711
2094 0.480782934829991
2095 0.480905842281596
2096 0.481036075157815
2097 0.48112676618757
2098 0.4812643717273
2099 0.481318615356139
2100 0.481515897673074
2101 0.481760717456424
2102 0.481982242789236
2103 0.482214867070366
2104 0.482426970627052
2105 0.482696126749481
2106 0.483053992904872
2107 0.483308962815097
2108 0.483508895322395
2109 0.483780617975324
2110 0.484021641012018
2111 0.484271129164519
2112 0.484677645457504
2113 0.484929840882324
2114 0.48493721880729
2115 0.485167082723389
2116 0.485541217063995
2117 0.485807906072456
2118 0.486014207071759
2119 0.4862275828449
2120 0.486466543179377
2121 0.486516241089124
2122 0.486771895606112
2123 0.487272419067836
2124 0.487596492988959
2125 0.487889190740662
2126 0.488124044283496
2127 0.488274711220889
2128 0.488484736676731
2129 0.488682108650435
2130 0.488858879007386
2131 0.48910102866988
2132 0.489254388782755
2133 0.489368824468251
2134 0.489396850862732
2135 0.489278682235402
2136 0.48932790254584
2137 0.489279065896041
2138 0.489175702436531
2139 0.489055658997354
2140 0.488861183991006
2141 0.488814382918018
2142 0.488872159750736
2143 0.488786375781066
2144 0.488826280565178
2145 0.488648151495521
2146 0.488240824454729
2147 0.487829808849152
2148 0.487271604187438
2149 0.486816178728842
2150 0.486238755230375
2151 0.485843939712855
2152 0.485615878187589
2153 0.485450563853437
2154 0.485253158829863
2155 0.484984185267384
2156 0.484549755438832
2157 0.483910763152952
2158 0.48339770723829
2159 0.482719812575085
2160 0.482319840029678
2161 0.482169125735306
2162 0.481813371510377
2163 0.481550628925626
2164 0.481145880829157
2165 0.480519210955399
2166 0.479997481274807
2167 0.479512320959001
2168 0.478972482881928
2169 0.47837996606265
2170 0.477836621056382
2171 0.477274370944855
2172 0.476760066563773
2173 0.47629650960505
2174 0.475884718555929
2175 0.475398076184194
2176 0.474892131163498
2177 0.474351694358833
2178 0.473745092126272
2179 0.473205133560502
2180 0.472652753385821
2181 0.472168286573271
2182 0.471761366532411
2183 0.471305230893578
2184 0.470956131197627
2185 0.470394169219603
2186 0.469738815402522
2187 0.469017771997772
2188 0.468039760599048
2189 0.467241379111957
2190 0.466552933755991
2191 0.465743073694886
2192 0.465017939400807
2193 0.464144404460829
2194 0.462952769109191
2195 0.461925580309606
2196 0.461137873743973
2197 0.460376652183273
2198 0.459761651699685
2199 0.45946632770409
2200 0.45896619591048
2201 0.458470763830368
2202 0.457881907180948
2203 0.457203916593729
2204 0.456634391014458
2205 0.455906554913602
2206 0.455481573264278
2207 0.455251949044361
2208 0.455097192973286
2209 0.455056701516276
2210 0.455185203409703
2211 0.455410695154974
2212 0.455840670013567
2213 0.456632764731412
2214 0.457298694683772
2215 0.458136946942808
2216 0.458843718842202
2217 0.459520889126142
2218 0.460016342360506
2219 0.460504579874922
2220 0.461092376722249
2221 0.461624732347259
2222 0.462161388333971
2223 0.462629830556455
2224 0.463128999418459
2225 0.463418730913745
2226 0.463470496278508
2227 0.463779535660921
2228 0.464124560523624
2229 0.46437745944447
2230 0.464767982835333
2231 0.464996692149362
2232 0.465072991061833
2233 0.465086897533379
2234 0.464976611959785
2235 0.465000897070337
2236 0.464974983241842
2237 0.464959652258921
2238 0.465149707694868
2239 0.46515830198743
2240 0.464992198592906
2241 0.464845567531287
2242 0.46448742377258
2243 0.464388313033792
2244 0.464509432866998
2245 0.464506608971138
2246 0.464493481709086
2247 0.464766757481202
2248 0.464770080409756
2249 0.464628328529122
2250 0.464607500843818
2251 0.464633550233802
2252 0.464652373434902
2253 0.464653700708564
2254 0.464727648195408
2255 0.464798806424624
2256 0.464985965798713
2257 0.465307720360903
2258 0.465550198899926
2259 0.46592297861945
2260 0.4660986397499
2261 0.466113741093236
2262 0.466195254657897
2263 0.466338894481393
2264 0.466247285921471
2265 0.465942957677752
2266 0.465786623723637
2267 0.465439063961687
2268 0.465270339379259
2269 0.46530851689189
2270 0.46537402528335
2271 0.46557268780359
2272 0.4656545449582
2273 0.465798259087636
2274 0.46584420059246
2275 0.46574978300673
2276 0.465637271499831
2277 0.465466412622521
2278 0.465325716877821
2279 0.465067995098699
2280 0.464861026120356
2281 0.464800307537618
2282 0.464748357178095
2283 0.464463377686644
2284 0.464090425734964
2285 0.463847533896885
2286 0.463404441660414
2287 0.463226106635781
2288 0.463302262229669
2289 0.463327651554454
2290 0.463483581398514
2291 0.463388542365805
2292 0.463273293927208
2293 0.463145192973496
2294 0.462707485377697
2295 0.462540138492543
2296 0.46258999664279
2297 0.46251275448637
2298 0.462396127087939
2299 0.462432349168742
2300 0.462619579881917
2301 0.462615832274919
2302 0.462588676402342
2303 0.462560972880256
2304 0.462432307834594
2305 0.462276504715141
2306 0.462289626840032
2307 0.461996946506009
2308 0.461315512653094
2309 0.460865690071901
2310 0.460264731580072
2311 0.459911453243599
2312 0.459923419429359
2313 0.459737312626936
2314 0.459507390532029
2315 0.459343580900922
2316 0.458984243993206
2317 0.45887011915481
2318 0.459217412566986
2319 0.459236698344218
2320 0.45909636037513
2321 0.459119629814817
2322 0.459016719167274
2323 0.458747679444122
2324 0.459079173258628
2325 0.459373036789266
2326 0.459078927328352
2327 0.459099097686458
2328 0.459155192986863
2329 0.458791891884839
2330 0.458297288681173
2331 0.457687324377644
2332 0.457101496014605
2333 0.456667603998282
2334 0.456285809699488
2335 0.455706074591829
2336 0.455384985703951
2337 0.454863990052116
2338 0.454435798910678
2339 0.454408672643478
2340 0.454278077761467
2341 0.453848814856819
2342 0.45352035277732
2343 0.453444725112493
2344 0.453219529732185
2345 0.452843551667302
2346 0.452673907718225
2347 0.45268225099792
2348 0.452492678842514
2349 0.452090803370111
2350 0.451951622293178
2351 0.452039572136375
2352 0.45183000587132
2353 0.451720627609381
2354 0.451178063575601
2355 0.450024488139938
2356 0.449569988962723
2357 0.44925961374263
2358 0.449027056119929
2359 0.449113031621102
2360 0.449041803042973
2361 0.449012823864426
2362 0.448725505916359
2363 0.448272292764341
2364 0.448201035609449
2365 0.447940517195763
2366 0.448093130970759
2367 0.449164259579939
2368 0.449306324051629
2369 0.449060209260708
2370 0.448764350640095
2371 0.44799627175706
2372 0.447318264167018
2373 0.446838549848509
2374 0.44597062500186
2375 0.444419341557565
2376 0.443580760391682
2377 0.442852421618554
2378 0.442192464977141
2379 0.442032371136582
2380 0.442049665281266
2381 0.442400586899696
2382 0.441988901138948
2383 0.441475439773156
2384 0.440792541475966
2385 0.438808421744727
2386 0.438417568867934
2387 0.439025820707231
2388 0.439456805514311
2389 0.440896703350513
2390 0.441416095974795
2391 0.441492206424309
2392 0.441756580962912
2393 0.441878348597897
2394 0.441747634219338
2395 0.441813124724783
2396 0.440975299262391
2397 0.439092583578334
2398 0.437890348184832
2399 0.436716205162248
2400 0.43529126082482
2401 0.433340447655217
2402 0.4325632892487
2403 0.431733782370867
2404 0.431938488083985
2405 0.434363845641369
2406 0.435253950508338
2407 0.435910029100918
2408 0.436028358197581
2409 0.435429403002106
2410 0.43498570578208
2411 0.434365888834388
2412 0.433560060532955
2413 0.431857143828807
2414 0.431206949038191
2415 0.431069171044309
2416 0.4311174440759
2417 0.432730238056392
2418 0.432466804865182
2419 0.431097662921537
2420 0.429763822986789
2421 0.427039661926761
2422 0.425863386659328
2423 0.425093143412234
2424 0.424928723943191
2425 0.426586197341336
2426 0.425968218869007
2427 0.42420733890348
2428 0.423756273649883
2429 0.42281635653669
2430 0.421669808985259
2431 0.421865266831095
2432 0.421048079666203
2433 0.418232446652561
2434 0.417170702777063
2435 0.417133706992817
2436 0.416969398828645
2437 0.417242456898403
2438 0.417064711127501
2439 0.417675107465204
2440 0.416355489222304
2441 0.413292552529084
2442 0.41299880453689
2443 0.410879426267082
2444 0.409652226853286
2445 0.409920426799234
2446 0.409365524137175
2447 0.409267407831004
2448 0.410004267595931
2449 0.409992917521708
2450 0.410040977783185
2451 0.411897359501106
2452 0.411717229982326
2453 0.410949750848602
2454 0.411795474076915
2455 0.409587507434521
2456 0.407930250693075
2457 0.408218050428197
2458 0.405410633232281
2459 0.403382045822246
2460 0.403949759842981
2461 0.402495750226943
2462 0.400264271710992
2463 0.398909217870601
2464 0.398607649959782
2465 0.398506592166865
2466 0.399907865224977
2467 0.401579183130967
2468 0.403501319036421
2469 0.404129940488757
2470 0.40680754835733
2471 0.405947673380909
2472 0.399660493709042
2473 0.397487461782965
2474 0.396150885560912
2475 0.394683398333994
2476 0.395926403942576
2477 0.395232989093421
2478 0.392133526910548
2479 0.39067378313163
2480 0.3891010652364
2481 0.388331878941786
2482 0.388891186375791
2483 0.389112155379175
2484 0.390383132090912
2485 0.390307329115604
2486 0.389565156369469
2487 0.388942368431487
2488 0.386662280646545
2489 0.386986063318394
2490 0.389220403068006
2491 0.388360806446859
2492 0.390021184070589
2493 0.389886590431202
2494 0.388716349802885
2495 0.389594473453867
2496 0.387006834329287
2497 0.383042376325293
2498 0.382092296139715
2499 0.379617010089246
2500 0.3796370710154
