"Wavelength" "M003a_m3-w2"
350 0.114024299566933
351 0.121321885574973
352 0.119475743951181
353 0.113199607334905
354 0.114617624645209
355 0.114020931805457
356 0.113399276116931
357 0.114198873797126
358 0.116359990006275
359 0.113401654223737
360 0.108918810202502
361 0.107180156979913
362 0.111614874848495
363 0.114458647722302
364 0.114251952507945
365 0.112179454432833
366 0.110956606404569
367 0.110727968474096
368 0.112019973409447
369 0.114537134691372
370 0.110347567660469
371 0.107125929609927
372 0.108091903124548
373 0.109159547153224
374 0.108962068038672
375 0.106931290459548
376 0.104327156711423
377 0.106581704727136
378 0.106637695566367
379 0.105069997671242
380 0.1051947762649
381 0.106011315369241
382 0.103996710565691
383 0.101184767243007
384 0.10412347078124
385 0.103740251409212
386 0.102623438860671
387 0.103282592039867
388 0.103804031057035
389 0.104166398103902
390 0.104021269816405
391 0.103415829191486
392 0.104549962511365
393 0.104175445176044
394 0.102782257470014
395 0.103624167440562
396 0.103558437869659
397 0.102911556142294
398 0.102450613619435
399 0.102828846767717
400 0.102831353575539
401 0.102960924667827
402 0.103698216886115
403 0.103008822529078
404 0.102632682928232
405 0.102641278518908
406 0.101924114082058
407 0.102927908585007
408 0.103551942978323
409 0.103058129406036
410 0.104537892106178
411 0.104641189592059
412 0.10437015156645
413 0.105339157644849
414 0.105465619885781
415 0.105336061484401
416 0.105708798929376
417 0.107170738312395
418 0.106739911538659
419 0.106267211761243
420 0.107027282767139
421 0.107545306830542
422 0.107806582894305
423 0.108066634895749
424 0.108627775541977
425 0.10929273064955
426 0.109652818694919
427 0.109665610445745
428 0.109657115608887
429 0.109717758912609
430 0.110368327478146
431 0.111568120071252
432 0.111716616806186
433 0.111878781562357
434 0.11219518378961
435 0.112480084822962
436 0.113331442614103
437 0.113944237866082
438 0.114089808407597
439 0.114381877579972
440 0.114612684837626
441 0.114891304871061
442 0.115276349592265
443 0.115427864264872
444 0.115798193932337
445 0.116341497016608
446 0.116752001350081
447 0.117448776351228
448 0.118000106730458
449 0.118176109256913
450 0.118210380149835
451 0.118513656443499
452 0.118968571663093
453 0.119349434507766
454 0.119896300618067
455 0.119951938244476
456 0.119789429954779
457 0.120424853190062
458 0.12119583589149
459 0.121505988580971
460 0.121306285126815
461 0.121771622725386
462 0.122212841111536
463 0.12252298477042
464 0.122815797994622
465 0.123024896054031
466 0.12331969122762
467 0.123630922180267
468 0.123582520221058
469 0.123834448139141
470 0.124312148560967
471 0.124775373252828
472 0.125136570681422
473 0.125246891890841
474 0.125369460020766
475 0.125949172348786
476 0.126215425038777
477 0.126426151392857
478 0.126787143037166
479 0.127139692176686
480 0.127356932018001
481 0.127713038071671
482 0.128427450326872
483 0.128552427501971
484 0.128805192439792
485 0.129354646382358
486 0.129680067451575
487 0.130015438076223
488 0.130342042832934
489 0.130623077731704
490 0.130896673080132
491 0.131330963004827
492 0.131889268667973
493 0.132392669792629
494 0.132601214788738
495 0.132882400994842
496 0.133417329575637
497 0.133903094086329
498 0.134552453619192
499 0.135198785344408
500 0.135608650748266
501 0.135887751856128
502 0.136322321202581
503 0.136901264091268
504 0.137296373454399
505 0.137789501571254
506 0.138312528301522
507 0.138752176749135
508 0.139085069663168
509 0.139456193133122
510 0.139955443701296
511 0.140601850383723
512 0.141087740207749
513 0.141526464041632
514 0.142036014273897
515 0.142655103489389
516 0.143015599961825
517 0.143350429150619
518 0.144006221347247
519 0.144506445886737
520 0.1449658765423
521 0.145444659311333
522 0.145882643647658
523 0.146487825827121
524 0.147114653778401
525 0.147614375667532
526 0.148173241659853
527 0.148712181554245
528 0.149259741789399
529 0.149906545958783
530 0.150326776391283
531 0.150799866687269
532 0.151480364020441
533 0.151998121954076
534 0.152461154291693
535 0.153008797061346
536 0.153742670516609
537 0.154304821124586
538 0.154828255723219
539 0.155402680471254
540 0.155975926996494
541 0.156537738570185
542 0.157135657409601
543 0.157802597989199
544 0.158422407633905
545 0.158980211818258
546 0.159529496390282
547 0.160180279920284
548 0.160788563996069
549 0.161459782953928
550 0.162274136105092
551 0.163071180833585
552 0.163906543614719
553 0.164715868896896
554 0.165378409269596
555 0.166078192139021
556 0.166727173262694
557 0.167287739882349
558 0.167902092144259
559 0.168560787648634
560 0.169245886724777
561 0.169916128410386
562 0.170450943354689
563 0.171023724953075
564 0.171632652345596
565 0.172005719942821
566 0.172397332919763
567 0.172751008655305
568 0.173016055806681
569 0.173505560868016
570 0.174262981680055
571 0.175254657341703
572 0.176374536968527
573 0.177439023398138
574 0.17839174100508
575 0.179232217324735
576 0.180006422981284
577 0.180676329479233
578 0.18123783719802
579 0.181703989741319
580 0.182019370150884
581 0.182265951927023
582 0.18249379137059
583 0.182644677485626
584 0.182919794694414
585 0.18329046744266
586 0.183669209605938
587 0.184186317002097
588 0.184731017601079
589 0.185300742073236
590 0.186042761425379
591 0.186726334721957
592 0.187399641795659
593 0.188145284139208
594 0.188881574503072
595 0.189550704033444
596 0.190137116744127
597 0.190668434109343
598 0.191277150668744
599 0.19183115839724
600 0.192233910984587
601 0.192592300869109
602 0.192945948661587
603 0.193276316865776
604 0.193544490966623
605 0.193833643920868
606 0.194160926264188
607 0.194547847909066
608 0.195044828910458
609 0.195567370318733
610 0.196044880223332
611 0.196448951695488
612 0.196917950049171
613 0.197416921612182
614 0.197941547411125
615 0.198533081144948
616 0.199087506439254
617 0.199577221115839
618 0.200010916891064
619 0.200432610108361
620 0.200914204234436
621 0.201439212049848
622 0.201930701601636
623 0.202450507057888
624 0.202987147619964
625 0.203534012325929
626 0.204145848161109
627 0.204591800670169
628 0.204979034004531
629 0.205539840850331
630 0.206112936619101
631 0.206668354001449
632 0.207188643551808
633 0.207651577435873
634 0.208172763357513
635 0.208732382535871
636 0.209273717176423
637 0.209791056506862
638 0.210331298912834
639 0.210897767097852
640 0.211448087571319
641 0.21196445115399
642 0.21247790126958
643 0.213021307369959
644 0.213611600959273
645 0.214151206476345
646 0.214671930871708
647 0.215274752467757
648 0.215857306358674
649 0.216482035553263
650 0.217141507436384
651 0.217639739825125
652 0.218168482299997
653 0.218741067916134
654 0.219307599118128
655 0.219870574464572
656 0.220406714246413
657 0.220955300869354
658 0.22163037683065
659 0.222250879576204
660 0.222827786872884
661 0.223420726736357
662 0.224072301824036
663 0.224737224590406
664 0.225368705892569
665 0.225926670016227
666 0.2264712807318
667 0.227071643758916
668 0.227744422628805
669 0.228391830138699
670 0.229036309456502
671 0.229651689387581
672 0.23022062010519
673 0.230906397552965
674 0.231631347593247
675 0.232303559174047
676 0.232837845350621
677 0.233498657955906
678 0.234226779307875
679 0.23489842628568
680 0.235540458790127
681 0.23623664529042
682 0.236973739112021
683 0.237662016727609
684 0.238354827514207
685 0.239020052830652
686 0.239651582401297
687 0.240336872149807
688 0.241041559638756
689 0.241783643254802
690 0.242577323337848
691 0.243243616339924
692 0.24390772070312
693 0.244628541849727
694 0.245331329868994
695 0.245997703446502
696 0.246663441177869
697 0.247375917683939
698 0.24815858074988
699 0.248895018911387
700 0.249598450806935
701 0.250384366356935
702 0.251170755779884
703 0.251911760442731
704 0.252607776845952
705 0.253349412855804
706 0.254123636713298
707 0.254899661451688
708 0.255644398156844
709 0.25640572400154
710 0.257141509316397
711 0.257850518148167
712 0.258591585346144
713 0.259445551288406
714 0.260308274252971
715 0.261072507336155
716 0.261798141625679
717 0.262580014506685
718 0.263399934073972
719 0.264165313172992
720 0.264969376013746
721 0.265715037257302
722 0.266428127078187
723 0.267454971789149
724 0.268342146616913
725 0.269109098459701
726 0.269916949307533
727 0.270658255220907
728 0.271494717574972
729 0.272406850682203
730 0.273182697545016
731 0.273950191580422
732 0.274734716160746
733 0.275530030237871
734 0.276298828124259
735 0.277061311080285
736 0.277836205967998
737 0.278641495624523
738 0.279489507901094
739 0.280345338714692
740 0.281186323176089
741 0.282015007267098
742 0.282852994352688
743 0.283682522772101
744 0.284489684674023
745 0.285319120387374
746 0.286136990944447
747 0.286938031813215
748 0.287747446222821
749 0.288659346230526
750 0.289564775287855
751 0.290401607379742
752 0.291240238022464
753 0.292035616782882
754 0.292836406073666
755 0.293681620557002
756 0.294416571353342
757 0.295270723786454
758 0.296205886264768
759 0.296981409628556
760 0.297924212634218
761 0.298850139625014
762 0.299650393479919
763 0.300551163392974
764 0.301344373735681
765 0.302134755104454
766 0.303067775655622
767 0.303907523151526
768 0.304681666341002
769 0.305418111904407
770 0.306146713333139
771 0.307082388564668
772 0.308177023659362
773 0.30928258646279
774 0.310157651746654
775 0.310850048864197
776 0.311561473085765
777 0.312467334001225
778 0.313209822671348
779 0.314029564375555
780 0.314947645903545
781 0.315762923554396
782 0.316591102810948
783 0.317439044836116
784 0.318302766770015
785 0.319195978271315
786 0.320089256162451
787 0.320945409882629
788 0.32175125589759
789 0.322615544482658
790 0.323533692018435
791 0.324429205833595
792 0.325194437772396
793 0.32611890399357
794 0.327029947606068
795 0.327822306217675
796 0.328681801714151
797 0.329483386552954
798 0.330331525585623
799 0.331330213047898
800 0.332259592281632
801 0.333107295088118
802 0.333907010247152
803 0.334725614459461
804 0.335612037103236
805 0.336494164230559
806 0.33734081546423
807 0.338214647721837
808 0.33910871806576
809 0.340008274079633
810 0.340893831947308
811 0.34175192015518
812 0.342610528280734
813 0.343453130105819
814 0.344246109134971
815 0.345020296469502
816 0.345859774552041
817 0.346813308325957
818 0.347867417352119
819 0.3487351768894
820 0.349501533335782
821 0.350289565110965
822 0.351085608213248
823 0.351888561058661
824 0.352694344329954
825 0.353519882080265
826 0.354498704821069
827 0.355396540661837
828 0.356204321545519
829 0.357100078834718
830 0.358035559382513
831 0.358883619020551
832 0.359629383533554
833 0.360446359370822
834 0.361407204108028
835 0.362332182747896
836 0.363083238721621
837 0.363859627128262
838 0.364692296091923
839 0.365563379636944
840 0.36642438368945
841 0.367248108320062
842 0.368096187069607
843 0.368963263337544
844 0.36978543286054
845 0.370611722078825
846 0.371459925704025
847 0.372339218244215
848 0.373253261299012
849 0.374087567469029
850 0.374859067970008
851 0.375637990620505
852 0.376537234282688
853 0.377351522912846
854 0.378128345972678
855 0.379008509392603
856 0.379942824878283
857 0.380841734681537
858 0.381681197845812
859 0.382497010148225
860 0.383286216077071
861 0.384162317720434
862 0.385113144989743
863 0.385943506643884
864 0.386865134855219
865 0.387728201143075
866 0.388437350331919
867 0.389225355080181
868 0.390041455373632
869 0.39086191123294
870 0.391685196997107
871 0.392591024603296
872 0.393477970162086
873 0.394322325170673
874 0.395148834686014
875 0.395924489314141
876 0.396862860341845
877 0.397891190941524
878 0.398679745200872
879 0.399446257037203
880 0.400236139935531
881 0.401070438633401
882 0.401967469969942
883 0.40272317752891
884 0.403417776043562
885 0.404186391932818
886 0.40512150503882
887 0.406045678940588
888 0.407012402393069
889 0.408061646458889
890 0.408902598342531
891 0.409717667612411
892 0.410544135138579
893 0.411351513925245
894 0.412193317354635
895 0.412993503339473
896 0.413772462248176
897 0.414608543161132
898 0.415384314321379
899 0.416218712944545
900 0.417121698859657
901 0.417964867171086
902 0.418760610350421
903 0.419563870569503
904 0.42043748187359
905 0.421433701126169
906 0.422405002378952
907 0.423224350990385
908 0.423927321715459
909 0.424854991503388
910 0.42578204544098
911 0.426656840053587
912 0.427484356331075
913 0.428273817392942
914 0.429151671660182
915 0.429995775102267
916 0.430691381205937
917 0.431520885062765
918 0.432456650441154
919 0.433403130667153
920 0.434275389312901
921 0.435232392379743
922 0.436060749824028
923 0.436813092245151
924 0.437693468674563
925 0.438612795747094
926 0.43949595989192
927 0.440356633269151
928 0.44125753895817
929 0.442004326271729
930 0.442804769154467
931 0.443727069105867
932 0.444638043038956
933 0.445319904952875
934 0.44612374080969
935 0.447173213755806
936 0.448208072347807
937 0.448964079519647
938 0.449756584761194
939 0.450733311903307
940 0.451662022184109
941 0.452689098491583
942 0.453674514038793
943 0.454501666148423
944 0.45518770474185
945 0.455688744850839
946 0.456391203387362
947 0.45743220461537
948 0.458347382494322
949 0.459276593175614
950 0.460276275760477
951 0.461335740201624
952 0.462345120459199
953 0.463210588520223
954 0.463917808343649
955 0.464588646794327
956 0.465551228068356
957 0.466407060596429
958 0.467184642435518
959 0.467980542413738
960 0.468761646505324
961 0.469468137419648
962 0.470121802022227
963 0.470797701388756
964 0.471617836285708
965 0.47256364712436
966 0.473540467557178
967 0.474493936748611
968 0.475533690506425
969 0.476350659848085
970 0.47717965504378
971 0.478221886806643
972 0.479227840059538
973 0.480067040871538
974 0.480894384901519
975 0.481789463348137
976 0.482472857712401
977 0.483278236912634
978 0.484056399590235
979 0.48470451372403
980 0.485479724188279
981 0.486137570530286
982 0.486779596040073
983 0.487599697943341
984 0.488766487429582
985 0.489868919169855
986 0.490816121507963
987 0.491627492112339
988 0.492358178955613
989 0.492974392507137
990 0.493793110654862
991 0.494906646686619
992 0.495993679661459
993 0.496946890141162
994 0.497703390083645
995 0.498224668868687
996 0.498547985024422
997 0.499446132116867
998 0.500444449777182
999 0.501324811793134
1000 0.50229268919911
1001 0.496095184573949
1002 0.496915840984088
1003 0.49767128243283
1004 0.498403589773271
1005 0.499076764356026
1006 0.499807258659201
1007 0.500497727232728
1008 0.501337629843562
1009 0.502235908818925
1010 0.503006466507311
1011 0.503798997091744
1012 0.504610870407774
1013 0.505277034388717
1014 0.505878422415012
1015 0.506566212548817
1016 0.507308569364653
1017 0.508069113300883
1018 0.508970052815331
1019 0.50975785518088
1020 0.510534382346549
1021 0.511186263321942
1022 0.511858802204265
1023 0.512655003065222
1024 0.513489873342971
1025 0.514326028905158
1026 0.515129839095587
1027 0.515898945499487
1028 0.51656464090204
1029 0.517232131227781
1030 0.518127596266827
1031 0.518994272646683
1032 0.519861385713357
1033 0.520848710596766
1034 0.521766431765676
1035 0.522617841195532
1036 0.523463880939833
1037 0.524368013573201
1038 0.525261057707832
1039 0.526159704235407
1040 0.527033184078363
1041 0.52787389457271
1042 0.528714014142532
1043 0.529554066936458
1044 0.53040613773915
1045 0.531311587937448
1046 0.532220156525135
1047 0.53308230657679
1048 0.533927080368263
1049 0.534763596374475
1050 0.535536937878314
1051 0.536314896225837
1052 0.537136405399558
1053 0.537912163890865
1054 0.538656811425557
1055 0.539355930235567
1056 0.540012916684674
1057 0.540705772197998
1058 0.541410962681223
1059 0.542131970503643
1060 0.542880649237018
1061 0.543575508336829
1062 0.544221136651718
1063 0.544851565775611
1064 0.545397968344291
1065 0.545893979146646
1066 0.546443173970813
1067 0.546983905127999
1068 0.547531728882276
1069 0.548082196513263
1070 0.548570320769592
1071 0.548991264028468
1072 0.54942191845318
1073 0.549872448864743
1074 0.550298790307039
1075 0.550723388365576
1076 0.551101391185332
1077 0.55147050429084
1078 0.55173843892052
1079 0.552004267328681
1080 0.552372834858557
1081 0.55272193455071
1082 0.553050353344776
1083 0.553422855217414
1084 0.553685111378675
1085 0.553883432170018
1086 0.554160348674542
1087 0.554463237717985
1088 0.554726942247542
1089 0.554964895582772
1090 0.555255323915856
1091 0.555538053818717
1092 0.55575385136195
1093 0.556062479423891
1094 0.5564367615374
1095 0.556799650226461
1096 0.557196729841063
1097 0.557546186269363
1098 0.55786216048067
1099 0.558223509153733
1100 0.558597712586164
1101 0.559021282863341
1102 0.559462020282776
1103 0.55985723344874
1104 0.560227831556255
1105 0.560608771795734
1106 0.561027358766799
1107 0.561461228648837
1108 0.561933851417767
1109 0.562436484049385
1110 0.562966563549692
1111 0.563525374549926
1112 0.564152630047795
1113 0.564799717398351
1114 0.565426639225345
1115 0.566061555921336
1116 0.566651452254349
1117 0.567233850747941
1118 0.56788979573632
1119 0.568523760221299
1120 0.569211129515898
1121 0.569934718570307
1122 0.570713123190188
1123 0.571422578112671
1124 0.572131467689392
1125 0.572870890012049
1126 0.573575888740986
1127 0.5743509669724
1128 0.575115669802188
1129 0.575879841585242
1130 0.576681672330444
1131 0.577404990079374
1132 0.578167662393161
1133 0.578936461406001
1134 0.579628712017006
1135 0.580318692418263
1136 0.581031766732868
1137 0.581740272220837
1138 0.582504304105311
1139 0.583316346193586
1140 0.584095557637383
1141 0.584904600396521
1142 0.585696316915669
1143 0.586485320489578
1144 0.587234844086052
1145 0.587929932901802
1146 0.588633387023975
1147 0.589314135087314
1148 0.589970593064502
1149 0.590716960342843
1150 0.591450610467908
1151 0.592154325616065
1152 0.592938906433247
1153 0.593690153589708
1154 0.594469346580962
1155 0.595203549575612
1156 0.595908493186448
1157 0.596605188795204
1158 0.597298054649863
1159 0.597953401910664
1160 0.598569233707092
1161 0.5992123988571
1162 0.599853316520139
1163 0.600493378041179
1164 0.601166696000613
1165 0.601795255687709
1166 0.602398396304201
1167 0.60298226453431
1168 0.603496396044161
1169 0.604052907179586
1170 0.604599903127576
1171 0.605113710247256
1172 0.605639832876562
1173 0.606196181599814
1174 0.606729476921801
1175 0.607257115209495
1176 0.607763438060106
1177 0.608274292166762
1178 0.608747015378864
1179 0.609161261379244
1180 0.609594697733387
1181 0.610058333997726
1182 0.610515366405469
1183 0.610973550798816
1184 0.611439520410965
1185 0.611917475009716
1186 0.612379878771526
1187 0.612833770818438
1188 0.613314577662899
1189 0.613751038132405
1190 0.614158891333685
1191 0.614537596055587
1192 0.614901458377118
1193 0.615233629658039
1194 0.615523793030908
1195 0.615808369670425
1196 0.616039252102262
1197 0.616317687584946
1198 0.616601933149495
1199 0.616889284878851
1200 0.617223497730168
1201 0.617543998166106
1202 0.617877589791222
1203 0.618257586355401
1204 0.618639267154336
1205 0.61907490023229
1206 0.619454308957684
1207 0.619813489197194
1208 0.620172372316183
1209 0.620487093453829
1210 0.620850479632056
1211 0.6212559969085
1212 0.621642666324473
1213 0.622020595496799
1214 0.622429936668949
1215 0.622871212116565
1216 0.623266922463585
1217 0.623657193456283
1218 0.624073054310557
1219 0.624422587656819
1220 0.624735609813731
1221 0.625085964203963
1222 0.625439830030044
1223 0.625808158713614
1224 0.626193612697046
1225 0.626580315195963
1226 0.626953740606473
1227 0.6273779222452
1228 0.627833408416504
1229 0.628282305248523
1230 0.628799654034599
1231 0.629251689182664
1232 0.629659755159893
1233 0.630079334835598
1234 0.630475126437666
1235 0.630872401726129
1236 0.631268908609645
1237 0.631678737552632
1238 0.63204487007123
1239 0.63240909614168
1240 0.632804625479599
1241 0.633192247610823
1242 0.633619644381187
1243 0.634109627786047
1244 0.634541930691764
1245 0.634974861138822
1246 0.635384134503621
1247 0.635726885617605
1248 0.63614377103472
1249 0.636562407705296
1250 0.637035635842844
1251 0.637578216195772
1252 0.638115251812702
1253 0.638692798278475
1254 0.639256500479358
1255 0.639836277005568
1256 0.640397687990683
1257 0.640948583647958
1258 0.641502947203157
1259 0.642042073940178
1260 0.642545918766523
1261 0.643114014840464
1262 0.643704301708228
1263 0.644298453144629
1264 0.644938093021916
1265 0.645547104169844
1266 0.646155474427125
1267 0.646735108486168
1268 0.647307802153691
1269 0.647861772546239
1270 0.64839662000685
1271 0.648900084717676
1272 0.649406065656895
1273 0.649853189707704
1274 0.650237111994661
1275 0.650611153859442
1276 0.650938466105582
1277 0.651260488065608
1278 0.651566934964366
1279 0.651867327870309
1280 0.652131575909276
1281 0.652392018179167
1282 0.652572644425956
1283 0.652676529389387
1284 0.652828043827678
1285 0.652946015105
1286 0.653071791581817
1287 0.653259943179866
1288 0.653347934751591
1289 0.653381601033302
1290 0.653387166150914
1291 0.653358424509466
1292 0.653281683372143
1293 0.653137764563675
1294 0.653006166526258
1295 0.652855345693631
1296 0.652669986988177
1297 0.652504074001282
1298 0.652269282356251
1299 0.651952327029415
1300 0.651619645958653
1301 0.651319042261673
1302 0.650979600931363
1303 0.650713005562396
1304 0.650510094866359
1305 0.650258567821149
1306 0.650021392884765
1307 0.649758381217874
1308 0.649440329302769
1309 0.649197827174292
1310 0.648976792876938
1311 0.648771762857917
1312 0.648586602415574
1313 0.648449002129091
1314 0.648333855343262
1315 0.648245651508868
1316 0.648217420175916
1317 0.648189732855563
1318 0.648150890706573
1319 0.64816096719403
1320 0.648214478961982
1321 0.648277826085575
1322 0.648357030581105
1323 0.648462825189653
1324 0.648631003821784
1325 0.64881520894843
1326 0.649077144814909
1327 0.649434452827138
1328 0.649752398123642
1329 0.650102905540891
1330 0.65044053159969
1331 0.65073836777303
1332 0.651127699608987
1333 0.651560283119834
1334 0.652007266158186
1335 0.652515136261552
1336 0.653013981443407
1337 0.65351068133755
1338 0.654028972841553
1339 0.65455421596007
1340 0.655119967376107
1341 0.65573211171033
1342 0.656327512358398
1343 0.656934708323262
1344 0.657562117468018
1345 0.658221851668602
1346 0.658837445825663
1347 0.6594521645258
1348 0.660067564259524
1349 0.660663074485914
1350 0.661207703464861
1351 0.661792793718412
1352 0.662420108846537
1353 0.662981875586652
1354 0.66351109008352
1355 0.664053639425324
1356 0.664553674449543
1357 0.665107792766879
1358 0.665670811681061
1359 0.666286140447553
1360 0.66692979100536
1361 0.667609181587542
1362 0.668377406380457
1363 0.669079549964514
1364 0.669808613480353
1365 0.670470406382937
1366 0.671086384577455
1367 0.671665937069988
1368 0.672189453471838
1369 0.672704604403506
1370 0.673178961818142
1371 0.673646686964364
1372 0.67411541559505
1373 0.674566702869834
1374 0.674949543273917
1375 0.675303906253265
1376 0.675544001383777
1377 0.675689037971713
1378 0.675805655729716
1379 0.675793635316308
1380 0.675901431739162
1381 0.676022499086658
1382 0.676136956626202
1383 0.676342487523511
1384 0.676417733410503
1385 0.676465574904033
1386 0.676400815771909
1387 0.676280023582768
1388 0.676042394124857
1389 0.675705219199261
1390 0.675273684634273
1391 0.674693923160374
1392 0.674125173795964
1393 0.673480375431177
1394 0.672819854424361
1395 0.67213163845255
1396 0.67143315249961
1397 0.670718826991453
1398 0.669953701957623
1399 0.669164005910542
1400 0.668352844961605
1401 0.667499904963106
1402 0.666623915378349
1403 0.665684006001546
1404 0.664741867466559
1405 0.663809592700315
1406 0.66282585389839
1407 0.661898352236379
1408 0.661010518704828
1409 0.660127122364284
1410 0.659178607666747
1411 0.658429272188424
1412 0.657703741587247
1413 0.657200937157691
1414 0.656819651973245
1415 0.656661450716806
1416 0.65667401305243
1417 0.656867589720934
1418 0.657316954989498
1419 0.657810329751314
1420 0.658531731719943
1421 0.659168030534442
1422 0.659888111825442
1423 0.660542926092748
1424 0.661157634988187
1425 0.661771107636627
1426 0.662380678231008
1427 0.662966416352247
1428 0.663548236957925
1429 0.664091448824709
1430 0.664611308769729
1431 0.665099072480733
1432 0.665541932911645
1433 0.665969696599707
1434 0.666392898499909
1435 0.666810415411129
1436 0.667258843318745
1437 0.667717176293295
1438 0.668207671333573
1439 0.668740522473855
1440 0.669219279377497
1441 0.669709363839894
1442 0.670165036176853
1443 0.670570096999159
1444 0.671014427262372
1445 0.671456976337665
1446 0.671921033395802
1447 0.672389691907685
1448 0.672885016491133
1449 0.673462998028143
1450 0.673916475744218
1451 0.674358887954454
1452 0.67473206341245
1453 0.674946570275418
1454 0.675270379373788
1455 0.675619249051329
1456 0.675957996016534
1457 0.67634837254774
1458 0.676696188391059
1459 0.676990653610717
1460 0.677321421165155
1461 0.677632768245185
1462 0.677996931351228
1463 0.678408915287715
1464 0.678820929468225
1465 0.679302696351606
1466 0.679723073677216
1467 0.680107448181092
1468 0.680496681293123
1469 0.680855657918386
1470 0.681202738109228
1471 0.681592785438034
1472 0.682015847384581
1473 0.682442808371094
1474 0.682894872751394
1475 0.683360353781769
1476 0.683836054848058
1477 0.684335950050799
1478 0.684880127556801
1479 0.685372331896449
1480 0.685861904082826
1481 0.68634336446256
1482 0.686803779804256
1483 0.687247561329713
1484 0.687687645617547
1485 0.68811961489591
1486 0.68851301682285
1487 0.688946422290707
1488 0.68938231562076
1489 0.689850050289326
1490 0.690365094407637
1491 0.690828892377898
1492 0.691320433763296
1493 0.691757938564326
1494 0.692121629892304
1495 0.692521903697396
1496 0.692901447075858
1497 0.69330787853589
1498 0.693744280894805
1499 0.694161724758794
1500 0.69459492537039
1501 0.695007889896415
1502 0.695390985558573
1503 0.695792098633877
1504 0.696192745137528
1505 0.696593707813953
1506 0.697005027606306
1507 0.697412602828038
1508 0.69781622713201
1509 0.698219487946721
1510 0.698645806275823
1511 0.699033984489188
1512 0.699390493119847
1513 0.699755255593847
1514 0.700091767949424
1515 0.700438539632783
1516 0.700788170456854
1517 0.701147873355205
1518 0.701549983197696
1519 0.70195444346065
1520 0.702303314709665
1521 0.702645616901621
1522 0.703022672354786
1523 0.703370370820571
1524 0.703732485879905
1525 0.704159693057278
1526 0.704517739695782
1527 0.704808749740258
1528 0.70514693988032
1529 0.705509636819783
1530 0.705841397709488
1531 0.706156488825728
1532 0.706492654431078
1533 0.706830721328054
1534 0.707149264952999
1535 0.707476734527005
1536 0.707785752162728
1537 0.708072403893498
1538 0.708355096476884
1539 0.708618476583313
1540 0.708912595937694
1541 0.709192048099433
1542 0.709514263994688
1543 0.709887774223078
1544 0.710242544303131
1545 0.710644555649375
1546 0.710951637321548
1547 0.711216908217044
1548 0.711473701221585
1549 0.711642854020286
1550 0.711875579769433
1551 0.712141678130123
1552 0.712390734025163
1553 0.71268471555179
1554 0.712895178112555
1555 0.713053281181749
1556 0.713218521717887
1557 0.713271901772979
1558 0.713462408475102
1559 0.713703872493197
1560 0.713996286553516
1561 0.71440175192281
1562 0.714776015240646
1563 0.715216363660448
1564 0.715577929018088
1565 0.715925052344374
1566 0.716223527201636
1567 0.716451593632896
1568 0.716673332986544
1569 0.71684140925239
1570 0.717036423522788
1571 0.717191012152998
1572 0.717411140078156
1573 0.717687620623877
1574 0.717958102477744
1575 0.718242568625901
1576 0.718563351082865
1577 0.718920634707387
1578 0.719257669970043
1579 0.719682869909211
1580 0.71999827776169
1581 0.720227650675597
1582 0.720451088461399
1583 0.720551217038255
1584 0.720745074821085
1585 0.72097730156602
1586 0.721226478118681
1587 0.721532486682794
1588 0.721846518727298
1589 0.722203308012427
1590 0.722518735962147
1591 0.722892212866248
1592 0.723159134784889
1593 0.723280418866804
1594 0.723464252392151
1595 0.72357537127853
1596 0.723759250660163
1597 0.72403870014378
1598 0.724309161420211
1599 0.724622476371482
1600 0.724920286002398
1601 0.72518625110585
1602 0.725449707106886
1603 0.725592480512981
1604 0.725685314228124
1605 0.725851030596077
1606 0.725961570756501
1607 0.726213234729088
1608 0.726572683347119
1609 0.726892293107296
1610 0.727251546410352
1611 0.727596511718067
1612 0.727954918189651
1613 0.728271230794007
1614 0.728564669631759
1615 0.728909645054136
1616 0.729250238782892
1617 0.729588105331179
1618 0.729985963077454
1619 0.730291691605185
1620 0.730537651719912
1621 0.730784636581428
1622 0.731016222232791
1623 0.73121691511121
1624 0.731357222009794
1625 0.731598628395823
1626 0.731854262278708
1627 0.732124515744834
1628 0.732473744864704
1629 0.732745447613435
1630 0.732971766616001
1631 0.73323445113693
1632 0.73351225797205
1633 0.733747186293198
1634 0.733955840525827
1635 0.734221426270479
1636 0.734493048249557
1637 0.734726448455973
1638 0.734984874935056
1639 0.73524328084138
1640 0.735440872973994
1641 0.735706081091297
1642 0.736036041708805
1643 0.736342764893638
1644 0.736640113693688
1645 0.736956083895185
1646 0.737306934337972
1647 0.737621669323245
1648 0.737934102898486
1649 0.738189429023109
1650 0.738421758239176
1651 0.738633327020023
1652 0.738793773455532
1653 0.738978521809171
1654 0.739149874854508
1655 0.73936508146429
1656 0.739563634980194
1657 0.739777888889002
1658 0.740035008973953
1659 0.740344619012683
1660 0.74069308115735
1661 0.74106600077217
1662 0.741435084332331
1663 0.741728900841592
1664 0.742011874330719
1665 0.742353716682653
1666 0.742681597603935
1667 0.742993990037498
1668 0.743336284967919
1669 0.743614763371045
1670 0.743824812682632
1671 0.744079768302219
1672 0.744297263132092
1673 0.744459120622322
1674 0.744734787542636
1675 0.7450363293766
1676 0.74535717754189
1677 0.745770461283501
1678 0.746145256977297
1679 0.746444778335295
1680 0.746686199029859
1681 0.746902381486986
1682 0.747104740092335
1683 0.747291204410408
1684 0.747550574192024
1685 0.747868353111523
1686 0.748175027992102
1687 0.748601265661809
1688 0.749071642173507
1689 0.749409484271368
1690 0.749783527358872
1691 0.750139751417542
1692 0.750386396106628
1693 0.750731578422266
1694 0.751078709909042
1695 0.751346271993159
1696 0.751631000945209
1697 0.751863644920196
1698 0.752153376816425
1699 0.752559340714594
1700 0.752866167712087
1701 0.753158347235249
1702 0.753423845543294
1703 0.75356737477861
1704 0.753808336735537
1705 0.754133827838554
1706 0.754414771264745
1707 0.754704449569693
1708 0.754975911181131
1709 0.755189512050589
1710 0.75544379090645
1711 0.755763972497346
1712 0.756023160491413
1713 0.756309469871364
1714 0.756518698086816
1715 0.756630270241141
1716 0.756741617456315
1717 0.756751720888704
1718 0.756867331215978
1719 0.757061804922595
1720 0.757198688797395
1721 0.757371620461614
1722 0.757497181482288
1723 0.757541126882654
1724 0.757619534375989
1725 0.757719213334268
1726 0.757829668541055
1727 0.757898467160546
1728 0.758061140087155
1729 0.758297897675389
1730 0.758514231806473
1731 0.758814765056918
1732 0.758998660921685
1733 0.759126042937447
1734 0.759218884321724
1735 0.759228767495842
1736 0.75929694800494
1737 0.759308798234515
1738 0.75948365498643
1739 0.75972988251013
1740 0.760057339782959
1741 0.76046393034864
1742 0.760926831523752
1743 0.761346102232174
1744 0.761695306600482
1745 0.76204046894698
1746 0.762295161995709
1747 0.762489878902963
1748 0.762651416341709
1749 0.762703439309961
1750 0.762701472351275
1751 0.762804673439694
1752 0.763021486615827
1753 0.76336149061805
1754 0.763704029238237
1755 0.763891080342731
1756 0.76401202056874
1757 0.764126900326633
1758 0.764242061148163
1759 0.764372040547469
1760 0.764534504370034
1761 0.764701560943733
1762 0.764894793647971
1763 0.765108990512961
1764 0.765309099716628
1765 0.765411694828667
1766 0.765434518032715
1767 0.765545349371401
1768 0.76564235138268
1769 0.765782127013309
1770 0.766053985515137
1771 0.766259525939156
1772 0.766414709238745
1773 0.766561339883824
1774 0.766633058274385
1775 0.766793571067962
1776 0.766988559901421
1777 0.767182353063369
1778 0.767408955902013
1779 0.767586541452815
1780 0.767731198902705
1781 0.768029754653588
1782 0.768277907628857
1783 0.768540558188856
1784 0.768845333142804
1785 0.769069782715412
1786 0.769331869473667
1787 0.769719134220166
1788 0.770127639337489
1789 0.770596120080345
1790 0.771127028621027
1791 0.771560172918885
1792 0.771984564092706
1793 0.772398116210702
1794 0.772724876512674
1795 0.773193195975282
1796 0.773628998390678
1797 0.773910184740026
1798 0.774293941114977
1799 0.774578708355809
1800 0.774840454881942
1801 0.775212922408799
1802 0.775233178689329
1803 0.775484796926201
1804 0.775834318325335
1805 0.776144531819791
1806 0.776589664021105
1807 0.776891319408193
1808 0.777205599576089
1809 0.77736154545417
1810 0.777402427304529
1811 0.777330818006183
1812 0.777321070768639
1813 0.777330629917445
1814 0.777590154930864
1815 0.777933001366426
1816 0.778155369399269
1817 0.778393598264281
1818 0.778611679731563
1819 0.778810766296364
1820 0.778850396952111
1821 0.779032874815825
1822 0.779227560246745
1823 0.779144430157048
1824 0.779186435614117
1825 0.779214972160665
1826 0.779130274465513
1827 0.779151311248249
1828 0.779345161428511
1829 0.779375154065923
1830 0.779323465388761
1831 0.779341167937786
1832 0.779301899295429
1833 0.77922821454041
1834 0.779290656922444
1835 0.779319166563382
1836 0.779461345283851
1837 0.779736618245479
1838 0.779940436748787
1839 0.780191780029159
1840 0.780449135413721
1841 0.780607686770133
1842 0.780590816689519
1843 0.780646087166951
1844 0.780884169201117
1845 0.780891274216994
1846 0.780873131467782
1847 0.780868822827989
1848 0.780837264454959
1849 0.780596926616247
1850 0.780624831678829
1851 0.780718636631797
1852 0.780661353805705
1853 0.780578634986495
1854 0.780371244609286
1855 0.780190358866818
1856 0.780128557108956
1857 0.780138519254223
1858 0.780033772540053
1859 0.779954539565694
1860 0.779733614846595
1861 0.779423101924216
1862 0.778960405583551
1863 0.778414631366034
1864 0.777837205091953
1865 0.777116421292191
1866 0.776359812133129
1867 0.775584683375859
1868 0.774737038150649
1869 0.773948061400709
1870 0.773258601429217
1871 0.772511125848741
1872 0.771872587130465
1873 0.771066198739728
1874 0.770125151795367
1875 0.769207888207256
1876 0.768142575706891
1877 0.766914352735478
1878 0.765473778064425
1879 0.763880632437336
1880 0.762039445426162
1881 0.759914739977906
1882 0.757699286152944
1883 0.755420952325486
1884 0.753023684941644
1885 0.750459500902829
1886 0.747595079497314
1887 0.744565479490902
1888 0.741354370881254
1889 0.737862515246099
1890 0.734237465282587
1891 0.730625438489742
1892 0.726719516785342
1893 0.722553212556034
1894 0.718149607165425
1895 0.713547438103497
1896 0.708865988665838
1897 0.704168095306245
1898 0.699466972039227
1899 0.694918248940679
1900 0.690379431588886
1901 0.686089435673488
1902 0.681901903390483
1903 0.677963994739148
1904 0.674316038739526
1905 0.670911272487154
1906 0.667985918972928
1907 0.665435034780055
1908 0.663092284360308
1909 0.661105481971438
1910 0.659411096971017
1911 0.657955972920856
1912 0.656807167648618
1913 0.656041029392318
1914 0.655505766725497
1915 0.655054775499219
1916 0.654854983751854
1917 0.654878595410847
1918 0.655011238595169
1919 0.655317357606671
1920 0.65573874926431
1921 0.656261099221952
1922 0.656928738695893
1923 0.65760997012796
1924 0.658393958081144
1925 0.659237431861042
1926 0.660119327791995
1927 0.660901173031411
1928 0.661469740941771
1929 0.662093376650872
1930 0.662825357408775
1931 0.663528720907852
1932 0.664333094355732
1933 0.665420784372148
1934 0.666346771068144
1935 0.667170834218779
1936 0.668062602733392
1937 0.669030643338802
1938 0.669935146079441
1939 0.670909807333829
1940 0.671903109647939
1941 0.672922460197158
1942 0.673890032964629
1943 0.674871038470213
1944 0.675871838258581
1945 0.676859210261231
1946 0.67780478565738
1947 0.678778605799312
1948 0.679826483506526
1949 0.680697290004149
1950 0.681508173066601
1951 0.682498901914428
1952 0.683405040118872
1953 0.684212420422943
1954 0.685148355542612
1955 0.686137208465193
1956 0.687182694011173
1957 0.688367034184082
1958 0.689448651145117
1959 0.690523732761925
1960 0.691618693808499
1961 0.69270140359705
1962 0.693630288956211
1963 0.69473111686133
1964 0.69582916877458
1965 0.696691090146694
1966 0.697703236947323
1967 0.698725932501881
1968 0.699706777296114
1969 0.700705754998374
1970 0.701860707025913
1971 0.70288893477041
1972 0.703828800246151
1973 0.704740391927362
1974 0.70571485311181
1975 0.706697413303595
1976 0.7077639597112
1977 0.708949395258857
1978 0.710097517812933
1979 0.711364647712299
1980 0.712412760158347
1981 0.713420853765429
1982 0.714343192454791
1983 0.714971969073879
1984 0.715831811786152
1985 0.716796224131308
1986 0.717682064353532
1987 0.71850250707411
1988 0.719588425362755
1989 0.72068406245789
1990 0.721736271029411
1991 0.722858921396829
1992 0.724211195276336
1993 0.725317207239304
1994 0.726372306128928
1995 0.727336253790801
1996 0.728034402391988
1997 0.728951463479739
1998 0.729952492434971
1999 0.73083973613451
2000 0.731796136835639
2001 0.732974696911464
2002 0.734039951215565
2003 0.735021465178687
2004 0.736098825175625
2005 0.73729031807287
2006 0.738388023705346
2007 0.739532618291116
2008 0.740529898536966
2009 0.741472361180409
2010 0.742293983611544
2011 0.742901931868588
2012 0.743628900316274
2013 0.744305050368416
2014 0.744924903974926
2015 0.745625366675299
2016 0.746405269884572
2017 0.747093512369465
2018 0.747734397187991
2019 0.748452269830848
2020 0.749174958906131
2021 0.749904394236138
2022 0.750773330804028
2023 0.751480944666568
2024 0.752094149372443
2025 0.752691931464548
2026 0.753282620195165
2027 0.753702391053035
2028 0.754190914704429
2029 0.754835864635255
2030 0.755578107740516
2031 0.756494116047513
2032 0.757288256827034
2033 0.75824679307875
2034 0.758973272361824
2035 0.759454942769648
2036 0.760059565784361
2037 0.760638543218962
2038 0.761230136277194
2039 0.761862382933208
2040 0.762507090634767
2041 0.763053934081964
2042 0.7635382276716
2043 0.764072691422927
2044 0.764571044127821
2045 0.765098719758415
2046 0.765710923576105
2047 0.766219836650866
2048 0.76660577098521
2049 0.767124127237188
2050 0.76769994900427
2051 0.768216509880423
2052 0.768862633961015
2053 0.76936077070976
2054 0.769742885325825
2055 0.770056358511302
2056 0.770384766441163
2057 0.770604447740788
2058 0.770997072605697
2059 0.771414823095216
2060 0.771907446309241
2061 0.772594814690742
2062 0.773099287065081
2063 0.773544652450943
2064 0.774028671809314
2065 0.774560565573053
2066 0.774930433527801
2067 0.775213032523297
2068 0.775524792064878
2069 0.775769152778057
2070 0.775755473688965
2071 0.776045085864898
2072 0.776531589186566
2073 0.776851771066692
2074 0.777190469325084
2075 0.777515571025158
2076 0.777658122801734
2077 0.778043198448176
2078 0.778617285222219
2079 0.779127243057652
2080 0.779841020804332
2081 0.780328471018444
2082 0.780602280806482
2083 0.780974108386014
2084 0.781227048307935
2085 0.781573052904547
2086 0.782042058322398
2087 0.782678058379898
2088 0.783189098242135
2089 0.783707438506463
2090 0.784271102711627
2091 0.784935617951906
2092 0.785369829829915
2093 0.785775851705307
2094 0.786111684942194
2095 0.786213000130978
2096 0.786355532893096
2097 0.786558636967685
2098 0.786669394029423
2099 0.786564355172524
2100 0.786603428892753
2101 0.786791891668589
2102 0.786974739533304
2103 0.787242082761103
2104 0.787614323113124
2105 0.788087123680793
2106 0.788731140185442
2107 0.789166731692846
2108 0.789587950501842
2109 0.790094537692842
2110 0.79047550811217
2111 0.790917132582744
2112 0.791654587438365
2113 0.792131198794896
2114 0.792281505591877
2115 0.792669576465018
2116 0.793123682538259
2117 0.793556707207084
2118 0.794097560209851
2119 0.794527219595595
2120 0.79502631534869
2121 0.795454647939731
2122 0.795961179518195
2123 0.796607861870456
2124 0.797110267000207
2125 0.797603929862636
2126 0.797977706469729
2127 0.798238445327107
2128 0.79850968702826
2129 0.79862492322455
2130 0.798861162193466
2131 0.799321073451695
2132 0.799488210664761
2133 0.799571141619423
2134 0.799524905000227
2135 0.79935639086353
2136 0.799333694889333
2137 0.799290590466426
2138 0.799433319286477
2139 0.799323984404482
2140 0.798960569449818
2141 0.79889978506978
2142 0.798939199299091
2143 0.798892025123261
2144 0.799161165988934
2145 0.798972977783429
2146 0.798445717309053
2147 0.797950878776511
2148 0.797234112078628
2149 0.796552531708616
2150 0.795739805296755
2151 0.795090319789445
2152 0.794554183508935
2153 0.793957741226686
2154 0.793253047872508
2155 0.792764254637343
2156 0.792039121755517
2157 0.791026681417516
2158 0.790348219639246
2159 0.789751847031438
2160 0.789198259940474
2161 0.788919175060356
2162 0.788339620892858
2163 0.787624397177203
2164 0.786942921155842
2165 0.786103490931002
2166 0.785369549334007
2167 0.784697241489161
2168 0.784049000772588
2169 0.783421404707332
2170 0.782791739176829
2171 0.782355595557704
2172 0.781692922170194
2173 0.780875008033454
2174 0.780010711695366
2175 0.779215227327951
2176 0.778271138126583
2177 0.777437315897814
2178 0.776727789154484
2179 0.776017158685747
2180 0.77526538659938
2181 0.774591379317595
2182 0.774109245780584
2183 0.773409941668868
2184 0.772697762055814
2185 0.771795970697261
2186 0.770660408752069
2187 0.769614004520281
2188 0.768463126792514
2189 0.767356043114784
2190 0.766360937328345
2191 0.765232509101344
2192 0.764012765464937
2193 0.762778411490902
2194 0.761361764065253
2195 0.760094897670363
2196 0.758980012683318
2197 0.757910448860357
2198 0.756975718063323
2199 0.756313587580005
2200 0.755439507651034
2201 0.754556228224886
2202 0.753627005747404
2203 0.752605271762064
2204 0.751683214996591
2205 0.750529420173777
2206 0.749950225724506
2207 0.749648726410492
2208 0.749461876022565
2209 0.749575527994542
2210 0.749960692804945
2211 0.750577809311328
2212 0.751273614643859
2213 0.75245138336641
2214 0.753444911873953
2215 0.754377126524959
2216 0.755334773348208
2217 0.756404517453441
2218 0.75732055295431
2219 0.758207664035613
2220 0.759006269141697
2221 0.759841376345368
2222 0.760733992306677
2223 0.761295866556581
2224 0.761682748962178
2225 0.762172610442237
2226 0.762434483006049
2227 0.76283655413928
2228 0.763504793259901
2229 0.763833070967795
2230 0.763878021720143
2231 0.764091005393822
2232 0.764249925331417
2233 0.764476487096101
2234 0.76484042868113
2235 0.76507968920302
2236 0.765363618467862
2237 0.765425033893898
2238 0.765250345373012
2239 0.765174084234017
2240 0.764947564232509
2241 0.764842937116255
2242 0.764899990620298
2243 0.764885584376002
2244 0.765018156978983
2245 0.764827697565363
2246 0.764408838858081
2247 0.764207076060382
2248 0.764258662918459
2249 0.764208424312775
2250 0.76433965681127
2251 0.764856557685661
2252 0.765092772568047
2253 0.765172416885513
2254 0.765375484608562
2255 0.765595504672136
2256 0.765893902179611
2257 0.766282357135184
2258 0.766578652947393
2259 0.766934359727122
2260 0.767169980429265
2261 0.767198156536059
2262 0.767427823614464
2263 0.767918745116773
2264 0.768050981011825
2265 0.768020775937209
2266 0.768093947966095
2267 0.767889997692637
2268 0.767816281746432
2269 0.767947467938842
2270 0.768040259039074
2271 0.768114331675379
2272 0.768156730303326
2273 0.768318199720073
2274 0.768307841848429
2275 0.768193131492169
2276 0.768003741558017
2277 0.76770278136806
2278 0.767318018694059
2279 0.76685162505976
2280 0.766461046083209
2281 0.766221298582842
2282 0.76603383215196
2283 0.766024376631709
2284 0.765936001439672
2285 0.765882691023813
2286 0.765904195900388
2287 0.765696564868324
2288 0.765258314910844
2289 0.765296817757279
2290 0.765475256127584
2291 0.765584682556504
2292 0.76611843562869
2293 0.766132898788828
2294 0.76564036257415
2295 0.765498584524553
2296 0.765403902926481
2297 0.765254330107745
2298 0.765149396947268
2299 0.765142549128167
2300 0.765222575493967
2301 0.765128026051678
2302 0.764964751457835
2303 0.764888132646754
2304 0.76468608982021
2305 0.764567071451242
2306 0.764838547017774
2307 0.764681999133836
2308 0.764281421804253
2309 0.763770838292468
2310 0.762774410321039
2311 0.762203131658825
2312 0.761740590070624
2313 0.76134308698255
2314 0.760951298093296
2315 0.760944662022685
2316 0.761382060982782
2317 0.761562365936352
2318 0.762207258639572
2319 0.762493245522701
2320 0.76251553949
2321 0.762124407141599
2322 0.761525373847385
2323 0.761147725058165
2324 0.761023718921319
2325 0.760332211684884
2326 0.760150321700419
2327 0.760212308363415
2328 0.759900309807522
2329 0.760149380373325
2330 0.759723588351299
2331 0.758652042958675
2332 0.75814679787017
2333 0.757221915643697
2334 0.755383950337805
2335 0.754134666541936
2336 0.753075391164039
2337 0.751396680394015
2338 0.750466239589372
2339 0.750453916472201
2340 0.750387792885906
2341 0.750356663326823
2342 0.750489517538318
2343 0.751459476209008
2344 0.751369934377565
2345 0.750551437298664
2346 0.750298357524475
2347 0.749719666067553
2348 0.749841182149625
2349 0.750749643525174
2350 0.750939059695402
2351 0.751289050148807
2352 0.751115047681442
2353 0.750214429420082
2354 0.749688065631096
2355 0.748975125009469
2356 0.748576948476313
2357 0.748700960446671
2358 0.748191009028444
2359 0.747466093530784
2360 0.746729929161872
2361 0.74523233534037
2362 0.744662142122281
2363 0.744454392082048
2364 0.744735974684685
2365 0.745988799451493
2366 0.746517160824152
2367 0.747443661380885
2368 0.747547754229973
2369 0.747092549301136
2370 0.746123776106048
2371 0.744126750566983
2372 0.743000862067961
2373 0.741698728008017
2374 0.740743237948061
2375 0.740392486519403
2376 0.739784522445732
2377 0.739316000110357
2378 0.738282880753363
2379 0.737080717064557
2380 0.73615724927358
2381 0.734549455801819
2382 0.73358969284958
2383 0.733078514169849
2384 0.732958179369679
2385 0.733442897414277
2386 0.733552312682671
2387 0.734096209067843
2388 0.734082872950397
2389 0.733467291602792
2390 0.733188652850093
2391 0.732862673235073
2392 0.732736764619595
2393 0.732954191627672
2394 0.732612703196564
2395 0.732236631314313
2396 0.731735586471188
2397 0.730655673544288
2398 0.729926408066281
2399 0.729243097699299
2400 0.728480879323437
2401 0.727432050459873
2402 0.72696527099522
2403 0.727022380016179
2404 0.726942134262612
2405 0.727358224374607
2406 0.727353987721309
2407 0.727074829193491
2408 0.726641582052441
2409 0.726005950171782
2410 0.725497883831264
2411 0.724952446792098
2412 0.724169831941528
2413 0.723104926510358
2414 0.722139921380957
2415 0.720893722343026
2416 0.720262500009499
2417 0.721385259328726
2418 0.719698724336106
2419 0.715950630280901
2420 0.713515557296581
2421 0.70926710718418
2422 0.707314482058137
2423 0.707477130427358
2424 0.707729464384665
2425 0.709115345871815
2426 0.709348057880595
2427 0.710248321768113
2428 0.710101322017325
2429 0.708846516090172
2430 0.707101176676355
2431 0.704109792152241
2432 0.70319401699617
2433 0.702618005810272
2434 0.701203801401598
2435 0.701386817223565
2436 0.700145232591558
2437 0.696456354766544
2438 0.695025128262636
2439 0.695616802370299
2440 0.693865704334168
2441 0.690887116551196
2442 0.690832224762111
2443 0.688146069588553
2444 0.68710390038111
2445 0.687211482792999
2446 0.684349731120465
2447 0.682963186035247
2448 0.684814348260827
2449 0.685111143600661
2450 0.685562824566194
2451 0.687974584601293
2452 0.685920948808424
2453 0.684327217640814
2454 0.685127447265196
2455 0.683119299761456
2456 0.683837087956954
2457 0.683706190511071
2458 0.678800371910825
2459 0.676155143577785
2460 0.674018351146325
2461 0.671203962552166
2462 0.668956391748918
2463 0.666627177122588
2464 0.664393130360269
2465 0.663149349644492
2466 0.665375970424493
2467 0.666851666498994
2468 0.667497749168355
2469 0.66840887401061
2470 0.672222379433446
2471 0.671188701817544
2472 0.664944569482411
2473 0.662726278282339
2474 0.660569967256866
2475 0.658981394561697
2476 0.660034452553077
2477 0.659788080444602
2478 0.657801742551811
2479 0.656030131859595
2480 0.655417107750161
2481 0.65447653040146
2482 0.651699352050998
2483 0.651254003980961
2484 0.653320354273105
2485 0.653259034334372
2486 0.653176280105138
2487 0.652197951525732
2488 0.648806860547079
2489 0.647873193198852
2490 0.648448551849281
2491 0.648268243477881
2492 0.64879162276712
2493 0.645399530162127
2494 0.641941889611312
2495 0.642610566491981
2496 0.642301512254117
2497 0.64504250357921
2498 0.647776212629944
2499 0.643020365759995
2500 0.639824532223222
