"Wavelength" "M003a_m1-w1"
350 0.0898334792391967
351 0.0981816287922783
352 0.0963463580058006
353 0.0885694002249693
354 0.0873979329809504
355 0.086930453636779
356 0.08855930510828
357 0.0915501356695504
358 0.0929460475304112
359 0.0872350834804392
360 0.084622748683255
361 0.0886534720218011
362 0.0878861610109713
363 0.0875995715175062
364 0.0857987506345563
365 0.0810121220306276
366 0.0799514606026916
367 0.0814501573267731
368 0.084469562628161
369 0.087587489729539
370 0.0870373065973854
371 0.0828266856027628
372 0.0774594512309705
373 0.0759896707962398
374 0.0793116117425372
375 0.0825075337084013
376 0.0821809106823026
377 0.0818682271678494
378 0.083530281421496
379 0.0837829603952796
380 0.0793205202500435
381 0.080691948699563
382 0.0823761606880041
383 0.0819333426138662
384 0.0808753982611717
385 0.0777721760400062
386 0.0774065883048053
387 0.0809411048120941
388 0.0801468705942069
389 0.0796713181522019
390 0.0795098696331643
391 0.0784050778925153
392 0.0762106361457138
393 0.0759444918477269
394 0.0765932804715981
395 0.0744975011262833
396 0.0766418091031026
397 0.078200710116157
398 0.0766449635274392
399 0.0766115989480839
400 0.0784254922698045
401 0.0791395869489879
402 0.0765104350701576
403 0.0757138933503163
404 0.0762882684160945
405 0.0767896252739313
406 0.075580049396605
407 0.0758943668887909
408 0.0764395137652084
409 0.0764194732188235
410 0.0772852634756291
411 0.0771595247381528
412 0.0772996885502118
413 0.0788731964593932
414 0.0779710191805936
415 0.077692311844337
416 0.0786387009055124
417 0.0791314976670843
418 0.0784954638597847
419 0.0780971258663959
420 0.0786276565430256
421 0.0786516121460404
422 0.0792144170444213
423 0.0801288217802517
424 0.0807574743134927
425 0.0804870895245798
426 0.0804590502668434
427 0.0807575831317805
428 0.0804039625854072
429 0.0805391289470112
430 0.0811439664702136
431 0.0818825029135095
432 0.0822697025937166
433 0.0822111307937867
434 0.0821379755347008
435 0.0826163571695832
436 0.0833166850610836
437 0.0836993797409367
438 0.083700144371379
439 0.0838447848451743
440 0.0843128984209452
441 0.0848627606573444
442 0.0851288880895656
443 0.0846055453419712
444 0.0849691928850181
445 0.0859355564072194
446 0.0861143623545716
447 0.0861258239464975
448 0.0864289244270535
449 0.0869360564225514
450 0.0866456787799735
451 0.0869909144225935
452 0.0873764256920713
453 0.0870737741959194
454 0.0877488047432203
455 0.0882887775663608
456 0.0883659459126991
457 0.0884222851835679
458 0.0887205518298295
459 0.0888128137418276
460 0.0885668001391095
461 0.0889091430116997
462 0.089209758988293
463 0.0892790556675209
464 0.0892170317250375
465 0.0897742229906492
466 0.0901267714871798
467 0.0899871545571936
468 0.0898736614964696
469 0.09009171602295
470 0.0903584163509572
471 0.0904676925031884
472 0.0911175329104695
473 0.0913208384100056
474 0.0911881826880811
475 0.0915072475063648
476 0.0917701965787628
477 0.0919202234540112
478 0.0920432358104656
479 0.0924092928101334
480 0.0925509534907958
481 0.0927534690448086
482 0.0933545904016091
483 0.0934132505188965
484 0.0934605234147993
485 0.0937096386876002
486 0.0939356584160586
487 0.094364985358828
488 0.0947729037673167
489 0.0949623100546793
490 0.0951022515772721
491 0.0952887220072962
492 0.0955727704868738
493 0.0959359740106982
494 0.0959784897878123
495 0.0961553074821448
496 0.0966470260698598
497 0.0969316311815111
498 0.0973661697265206
499 0.0978180618832043
500 0.0980470004507198
501 0.0981363228527197
502 0.098344607585305
503 0.0986970076230389
504 0.0989646990744389
505 0.0992230019306843
506 0.0995545056357152
507 0.0999808000661735
508 0.100338885935452
509 0.100590024738042
510 0.100857147028334
511 0.101317535609521
512 0.101486866463237
513 0.101709441933516
514 0.102176366572044
515 0.102574226428805
516 0.102865090456347
517 0.103113198347539
518 0.103427430478975
519 0.103850835114582
520 0.104233792267097
521 0.104519413757098
522 0.10477758325029
523 0.105030813536262
524 0.105371946180707
525 0.105833877250493
526 0.106192300142526
527 0.106565019455051
528 0.106966241133972
529 0.107329259580651
530 0.107694480102795
531 0.108041866754303
532 0.108371143991439
533 0.108766253949149
534 0.109017067288271
535 0.109263321774265
536 0.109743860995892
537 0.110094523771312
538 0.110463717251812
539 0.110917735951314
540 0.111327425281093
541 0.111644640046303
542 0.11199457307992
543 0.112482375834289
544 0.112846897871289
545 0.113143848146231
546 0.11347296959833
547 0.113953772845238
548 0.114330403258645
549 0.114736521238556
550 0.115298331253922
551 0.115857685383796
552 0.116384603970136
553 0.116898128122687
554 0.117435972747107
555 0.117819953861505
556 0.118153099901119
557 0.118523999799527
558 0.118900555774167
559 0.1192948784247
560 0.119728142825931
561 0.120206261728233
562 0.120613505237194
563 0.121031717300855
564 0.121452513504894
565 0.121721447637246
566 0.122032586024446
567 0.122328953503267
568 0.122558982356031
569 0.123000111658523
570 0.123508071597418
571 0.124051247822956
572 0.124705684178607
573 0.125315349314206
574 0.125866295658523
575 0.126363249470435
576 0.126769048507333
577 0.127065707911914
578 0.127320556309109
579 0.12763155811258
580 0.127831323626657
581 0.12800369890035
582 0.128221217271363
583 0.128474028976158
584 0.128765499495062
585 0.129075573049935
586 0.129385554834322
587 0.129734342383862
588 0.130087986657418
589 0.130461199528427
590 0.130933486150629
591 0.131353154128039
592 0.131719396244831
593 0.132080628449133
594 0.132504802733618
595 0.132873780111936
596 0.133184550316829
597 0.133532015362942
598 0.133931269674063
599 0.134314115139716
600 0.134612215102814
601 0.134777533832888
602 0.135004491686936
603 0.135270191881466
604 0.135462542673578
605 0.135763691550818
606 0.136069018496127
607 0.136325997205768
608 0.136621572409549
609 0.136951388566112
610 0.137271664183895
611 0.137545891455082
612 0.137854082302899
613 0.138206592053978
614 0.138577013234183
615 0.138905166136075
616 0.139246884145677
617 0.139596767862305
618 0.139928240886162
619 0.140183650561889
620 0.140512222263757
621 0.140902023438417
622 0.141224025211678
623 0.141500931002962
624 0.141805519846652
625 0.142175649047237
626 0.142559532230754
627 0.142865999550089
628 0.143149260453012
629 0.143513639438922
630 0.143844986258357
631 0.144169234101828
632 0.144517815278614
633 0.144913287775989
634 0.145262090953985
635 0.145572303702388
636 0.145890347474939
637 0.146267649657991
638 0.146627296821874
639 0.146968609751464
640 0.147367730029684
641 0.147733040399556
642 0.148061555598882
643 0.1483883140556
644 0.148812251710357
645 0.149191511549875
646 0.149507578136681
647 0.149826730155285
648 0.150220378330646
649 0.150653354406669
650 0.151077398217587
651 0.1514459289617
652 0.151830998525262
653 0.152215622171507
654 0.152564716659455
655 0.152953560712539
656 0.153315173120801
657 0.153670303492333
658 0.154155401380097
659 0.154576869611185
660 0.154953538858122
661 0.155342854354843
662 0.155725328708904
663 0.156134712741977
664 0.156567236024186
665 0.156986598804787
666 0.15733538150238
667 0.157716185869166
668 0.158175564622138
669 0.158569050742239
670 0.158989788160405
671 0.159435213921887
672 0.15986390582481
673 0.160252524491367
674 0.160695850083478
675 0.161190206924748
676 0.16158196574159
677 0.16199534545103
678 0.162432734057826
679 0.162865869458276
680 0.163284461096409
681 0.163739858264971
682 0.164223020666942
683 0.164676319911422
684 0.165110602388104
685 0.165561102991261
686 0.166043737983568
687 0.166524112977988
688 0.166928195891382
689 0.167361506307661
690 0.16796042476961
691 0.168400726077784
692 0.168827423121602
693 0.169325607634003
694 0.169833987018702
695 0.170271880170046
696 0.170718540887999
697 0.171255998760272
698 0.171779642681363
699 0.172234175747076
700 0.172659451879274
701 0.173166755465763
702 0.173721227047461
703 0.174214906831828
704 0.174622081445912
705 0.175136601000002
706 0.175684585900559
707 0.176206791979677
708 0.176668560390832
709 0.177194644019355
710 0.1777329778522
711 0.17825284761572
712 0.178771030441335
713 0.179323607095372
714 0.179866747786188
715 0.18036413534327
716 0.180886447525108
717 0.181387298238948
718 0.181867610362425
719 0.182365496681497
720 0.182951496961449
721 0.183502876482301
722 0.183995582349171
723 0.184673165888304
724 0.185221057875226
725 0.185716287921132
726 0.186316400079791
727 0.186779031194755
728 0.18727519863717
729 0.187863681765865
730 0.188462436062969
731 0.1890414950082
732 0.189553297188666
733 0.190002013860447
734 0.190524064851579
735 0.191080849733915
736 0.191633480390865
737 0.192152848379426
738 0.192707069292568
739 0.193268168306111
740 0.193815502404601
741 0.194352480314099
742 0.194923770862433
743 0.195512182515271
744 0.196089462208664
745 0.196664193718173
746 0.197186420202404
747 0.197705864992762
748 0.198323515350869
749 0.198900902810887
750 0.199489316616162
751 0.200110356770567
752 0.200692793813045
753 0.201238659631403
754 0.201772981341092
755 0.202316019266325
756 0.202812164835371
757 0.203346319202892
758 0.203915661276275
759 0.204450381067374
760 0.205076694570743
761 0.205697221376836
762 0.20626077951875
763 0.206895880751477
764 0.207437328157943
765 0.207965660401381
766 0.208602585843459
767 0.209214533544172
768 0.209683634538035
769 0.210088721579507
770 0.210670739887913
771 0.211260171736132
772 0.211916712291093
773 0.2126445326654
774 0.213244454069124
775 0.213778480997679
776 0.214319396028243
777 0.214919555646164
778 0.215456738927941
779 0.215983695969326
780 0.216559122887343
781 0.217224689778953
782 0.217794160993852
783 0.218333854655386
784 0.218923204753077
785 0.21957160743305
786 0.220173329791557
787 0.220729790761862
788 0.221287116028611
789 0.221879715680649
790 0.222488317716125
791 0.223079677121767
792 0.223622718061393
793 0.224249518942221
794 0.22483229084478
795 0.225325110745673
796 0.225929966086756
797 0.226527136802388
798 0.227127151708708
799 0.227757790080832
800 0.228331905750971
801 0.228939394339601
802 0.229570614417596
803 0.230144783290743
804 0.230712059591453
805 0.231264434588261
806 0.231820128815428
807 0.23244979029754
808 0.23307883875051
809 0.233721984809579
810 0.234385104120104
811 0.23497048947175
812 0.235471124661598
813 0.235939996903371
814 0.236457038796144
815 0.237005009493514
816 0.237595231059218
817 0.238262886656271
818 0.239055732537104
819 0.239678652365756
820 0.240172683098398
821 0.240654417487285
822 0.241216432590481
823 0.241812877769331
824 0.24240572803547
825 0.242973067785287
826 0.243570976625666
827 0.244157495695028
828 0.244722239570685
829 0.245287804738359
830 0.245896613010183
831 0.246496796633788
832 0.247062702644866
833 0.24763138632119
834 0.248245496045404
835 0.248848495316976
836 0.24939647397469
837 0.249966697495404
838 0.250555232465939
839 0.251130279634741
840 0.251661631640111
841 0.252208956371499
842 0.25286706345981
843 0.253565981243185
844 0.254106649270979
845 0.254622535609387
846 0.255137701310787
847 0.255674641286039
848 0.256277419333704
849 0.256866788784131
850 0.257425969009695
851 0.257989958606141
852 0.258705369599256
853 0.259299096092397
854 0.259814513847337
855 0.26041566364394
856 0.261039922988282
857 0.261624633004998
858 0.262181884719941
859 0.26277469757837
860 0.263306234709809
861 0.263830406896734
862 0.264381038531413
863 0.264936107733957
864 0.265553661562907
865 0.266183759032721
866 0.266755380750423
867 0.267197994851531
868 0.26774741222108
869 0.268419600790098
870 0.269108670865562
871 0.269592741544304
872 0.270113112814995
873 0.270700174881809
874 0.271262683829644
875 0.271854463731806
876 0.272469811566338
877 0.273087226703963
878 0.273672961137996
879 0.274187238815206
880 0.274693729234343
881 0.275257727412215
882 0.275915689710445
883 0.276427031212857
884 0.276888644282804
885 0.277422207557513
886 0.278000163654309
887 0.278649349379166
888 0.279303263658356
889 0.27989567597037
890 0.28047115436949
891 0.281130946751026
892 0.281780295032439
893 0.282283501918793
894 0.282858496866042
895 0.283440437384957
896 0.284029082866444
897 0.284663930705467
898 0.285221797092052
899 0.285730998226066
900 0.286264628124945
901 0.286901885057275
902 0.287450872709846
903 0.28799353297977
904 0.288586789452713
905 0.289180340078473
906 0.289825763078876
907 0.290442423063477
908 0.290989120519224
909 0.291566305259879
910 0.292136576385486
911 0.292740854591267
912 0.293394244885986
913 0.29397200610567
914 0.294627578101171
915 0.29524666615094
916 0.295720043508195
917 0.296355511513364
918 0.296974070201835
919 0.297559381051239
920 0.298172221347861
921 0.29880409098233
922 0.299384476340842
923 0.299944266522844
924 0.300552654943766
925 0.301047664011742
926 0.301603306258611
927 0.30225485326614
928 0.302894396288317
929 0.303411045638499
930 0.30397590913645
931 0.304646789145359
932 0.305315154956477
933 0.305749185009442
934 0.306218964775478
935 0.306893661508006
936 0.307697041544492
937 0.308229794964951
938 0.30869904256594
939 0.309278094677585
940 0.30992429700205
941 0.310650532929749
942 0.311279767285895
943 0.311783140630012
944 0.312410451206339
945 0.312855756390596
946 0.313310525608473
947 0.313938900043353
948 0.314646098492954
949 0.315291733963911
950 0.315931558056257
951 0.316619447770817
952 0.317297318510462
953 0.317883016397105
954 0.318372943981103
955 0.318843102968422
956 0.319471806493766
957 0.319994046976276
958 0.320486557649537
959 0.321069931254662
960 0.321738939220004
961 0.322283317556404
962 0.322763408797811
963 0.32329595426101
964 0.323923286896061
965 0.324477224445592
966 0.324959145757095
967 0.325440857846459
968 0.326018160910656
969 0.326666136616037
970 0.327431225813998
971 0.328301222452277
972 0.329111461488419
973 0.329602620540946
974 0.330079374363175
975 0.330756883111532
976 0.331282853456465
977 0.33181381465327
978 0.332219201944442
979 0.33250288358623
980 0.333060787979657
981 0.333690465780841
982 0.334314803582389
983 0.334903371482353
984 0.335463960395736
985 0.336094702069938
986 0.336772546857131
987 0.337397537958521
988 0.337820806546198
989 0.33831389140111
990 0.339013499901623
991 0.339821902733725
992 0.340403501578386
993 0.341117205150866
994 0.341638475098104
995 0.341944070135595
996 0.342467645573151
997 0.34284001544321
998 0.343303513613036
999 0.344019948644823
1000 0.344915152533202
1001 0.336925743920461
1002 0.337453603711348
1003 0.337970559793662
1004 0.338472239165978
1005 0.339069302080415
1006 0.339605053520977
1007 0.340063330736458
1008 0.340526921972523
1009 0.341104501654253
1010 0.341551344662105
1011 0.342079372323236
1012 0.342637089828431
1013 0.343092067017876
1014 0.343683227245076
1015 0.344248244321645
1016 0.344737974600374
1017 0.345268477487206
1018 0.345858515511984
1019 0.346361008196284
1020 0.346822162143826
1021 0.347303979152614
1022 0.347701109352829
1023 0.348101501631925
1024 0.348614595655533
1025 0.349158526010912
1026 0.349708923133671
1027 0.350248148434767
1028 0.350680879181631
1029 0.351074840612868
1030 0.351620275012238
1031 0.352235001292191
1032 0.352837543714008
1033 0.353541730360204
1034 0.354190061539955
1035 0.354793431253397
1036 0.355413208219128
1037 0.356049260924225
1038 0.356631541742142
1039 0.357243188386517
1040 0.357835415528134
1041 0.358403838310804
1042 0.359038326473941
1043 0.359652993088473
1044 0.360249682912916
1045 0.360852827231261
1046 0.361388523462948
1047 0.36196061777264
1048 0.362537789968523
1049 0.363106111692653
1050 0.363621475611815
1051 0.36417973574286
1052 0.364704802178035
1053 0.365218506971647
1054 0.365798763376892
1055 0.366364713217499
1056 0.366891136921545
1057 0.36739907242898
1058 0.367895411102585
1059 0.368383843773757
1060 0.368839830179792
1061 0.369296083825262
1062 0.369741805919349
1063 0.37017754886269
1064 0.370556652705671
1065 0.370919652435463
1066 0.371238723100377
1067 0.371547008571215
1068 0.371893773019726
1069 0.372219413454433
1070 0.372600513145702
1071 0.372944954909886
1072 0.373217796313333
1073 0.373513926566731
1074 0.373814377891363
1075 0.374146139450139
1076 0.374416162050056
1077 0.374671948400362
1078 0.374907911290767
1079 0.375119452331969
1080 0.375304642309231
1081 0.375591744316003
1082 0.375907612927311
1083 0.376173321773326
1084 0.376380646418687
1085 0.376519906543417
1086 0.376680388716374
1087 0.376904254593844
1088 0.377125197971607
1089 0.377310762254057
1090 0.377465109418229
1091 0.377652111249393
1092 0.377829319082703
1093 0.378044071660213
1094 0.378304546719189
1095 0.378520854067578
1096 0.378764574956377
1097 0.378955732891272
1098 0.379130411984619
1099 0.37943628963255
1100 0.379781811822401
1101 0.380088775368212
1102 0.38041414932101
1103 0.380727448372509
1104 0.380999140443262
1105 0.381290130699038
1106 0.381582789046314
1107 0.381858229221185
1108 0.382180259721924
1109 0.382513631406693
1110 0.38288442944869
1111 0.383291377566309
1112 0.383714325480051
1113 0.384145877938086
1114 0.384531496163522
1115 0.384902557634662
1116 0.385319935334252
1117 0.385710382605461
1118 0.386134574761254
1119 0.386606218775408
1120 0.387046583858278
1121 0.38751343705174
1122 0.388030533363551
1123 0.388498410705698
1124 0.388920323571681
1125 0.389396540359524
1126 0.389874728236281
1127 0.390385654285934
1128 0.390912296426976
1129 0.391463107111162
1130 0.391973760163613
1131 0.392414201123431
1132 0.392893228280731
1133 0.393382660344982
1134 0.393867486378315
1135 0.394384307449293
1136 0.394884821932307
1137 0.395348562720395
1138 0.395877036795149
1139 0.396459403981358
1140 0.396988499467365
1141 0.397533235567031
1142 0.398061477930363
1143 0.398559406441907
1144 0.399052081678932
1145 0.399548185083403
1146 0.400048471036991
1147 0.400558379405413
1148 0.401052240638127
1149 0.401563729656341
1150 0.402072329629248
1151 0.402540143118017
1152 0.403045108276416
1153 0.403552764149289
1154 0.404083283000343
1155 0.404591323011673
1156 0.405123084075322
1157 0.405582409602142
1158 0.405985447709289
1159 0.406414848695142
1160 0.406797459721438
1161 0.407233963380261
1162 0.407709810771387
1163 0.408159902607681
1164 0.408632356233072
1165 0.409074713399902
1166 0.409477027229942
1167 0.409868495165208
1168 0.410217058170269
1169 0.410567706613979
1170 0.410933653826578
1171 0.411299871271691
1172 0.41168099746967
1173 0.412093325596654
1174 0.41247446372732
1175 0.412863898549957
1176 0.4132199384305
1177 0.413562379017045
1178 0.413869539573881
1179 0.414129649986387
1180 0.414396367821479
1181 0.414680816674188
1182 0.414952308426077
1183 0.41522516069224
1184 0.415563332692541
1185 0.415920186053787
1186 0.416216974287844
1187 0.416512697266217
1188 0.416817573690339
1189 0.41710029376546
1190 0.417342197899666
1191 0.417608463920986
1192 0.417902736174189
1193 0.418151290343778
1194 0.418381045747065
1195 0.418591675815487
1196 0.418747766947108
1197 0.418948597937962
1198 0.419142402975523
1199 0.419359103315225
1200 0.41963975666224
1201 0.419907329527407
1202 0.420185943708039
1203 0.420511546201479
1204 0.420800783236752
1205 0.421103252421143
1206 0.421353079959326
1207 0.421555889900445
1208 0.421780085868933
1209 0.421958044034595
1210 0.422198330741428
1211 0.422480388146809
1212 0.422765644247087
1213 0.4230764949393
1214 0.423386725676214
1215 0.423720662479873
1216 0.424031691930279
1217 0.424339234797704
1218 0.42464758019149
1219 0.424944168845452
1220 0.425202188663521
1221 0.425444687675303
1222 0.425648737468725
1223 0.425900968173299
1224 0.426138948348044
1225 0.42640902334688
1226 0.426716238969729
1227 0.427031159124329
1228 0.427370105118085
1229 0.427684726267579
1230 0.42801385629094
1231 0.428330207838351
1232 0.428604743924506
1233 0.4289140194144
1234 0.429265076673484
1235 0.429584818367295
1236 0.429890278735143
1237 0.430213318328479
1238 0.430493550489669
1239 0.430767997821213
1240 0.431082780529439
1241 0.431424679725379
1242 0.431728894040172
1243 0.432051625702004
1244 0.432347930084759
1245 0.432602055219901
1246 0.43287871232802
1247 0.433143825524912
1248 0.433443439823041
1249 0.433744847427576
1250 0.434076573630866
1251 0.434451367916406
1252 0.434828757311997
1253 0.435232128506206
1254 0.43562342107211
1255 0.436037733655607
1256 0.436427951163422
1257 0.436805312618943
1258 0.4371673384843
1259 0.437529415530691
1260 0.437861321756133
1261 0.438244605396345
1262 0.438643837421174
1263 0.439061976273027
1264 0.43952969108276
1265 0.439955026461776
1266 0.440361775429284
1267 0.440786741835496
1268 0.441223463854621
1269 0.441632764127206
1270 0.442067887582256
1271 0.442445208561823
1272 0.442758222855994
1273 0.443083878001274
1274 0.443400735785803
1275 0.443690597393838
1276 0.44396608973337
1277 0.444226977402734
1278 0.444446818429109
1279 0.444665948576306
1280 0.44490574637091
1281 0.445176600265038
1282 0.445365851640535
1283 0.445546809779957
1284 0.445682217246428
1285 0.44574989321671
1286 0.445816575151593
1287 0.445873882508249
1288 0.445898393784409
1289 0.445875564547715
1290 0.445857852208716
1291 0.445839981504489
1292 0.445788825111763
1293 0.445704657838208
1294 0.445626961081567
1295 0.445524996904992
1296 0.445425366993222
1297 0.445341128810284
1298 0.445235579158534
1299 0.445098738344368
1300 0.444983171489653
1301 0.44485103772874
1302 0.44471006873364
1303 0.444564695334132
1304 0.444413073935449
1305 0.444264221119932
1306 0.444113702462453
1307 0.443954083694279
1308 0.443776232511143
1309 0.443635453700643
1310 0.443490318895073
1311 0.443375872093926
1312 0.443297386626497
1313 0.443224723539602
1314 0.443160322894739
1315 0.443114272791836
1316 0.443072927257606
1317 0.443071333392911
1318 0.443105468758946
1319 0.443141348735115
1320 0.443216964859977
1321 0.44328222668817
1322 0.443330743259404
1323 0.443396492506603
1324 0.443490560515224
1325 0.443574550848443
1326 0.443754812469946
1327 0.443996402230543
1328 0.444236442572686
1329 0.444555288993358
1330 0.444808066395885
1331 0.445024913677629
1332 0.445282487597954
1333 0.445526380628298
1334 0.445814877930297
1335 0.446132992889097
1336 0.446473384595037
1337 0.446849869850133
1338 0.447222247530984
1339 0.44762406178102
1340 0.448014078417349
1341 0.448397441487003
1342 0.448789172497308
1343 0.449194944915094
1344 0.449586006423837
1345 0.449983135703459
1346 0.450363263793127
1347 0.450717792977023
1348 0.451085626031456
1349 0.451442726142526
1350 0.45181368023357
1351 0.452117204943694
1352 0.452390571591929
1353 0.452664371440749
1354 0.452873176306095
1355 0.453145744657259
1356 0.453454536816746
1357 0.453746958428548
1358 0.4540272509343
1359 0.454354582569409
1360 0.454670603486743
1361 0.455060435966886
1362 0.455539064169077
1363 0.45597994903168
1364 0.456455985404038
1365 0.45690825136486
1366 0.45733401755446
1367 0.457765879689135
1368 0.458228148755991
1369 0.458638844128704
1370 0.459017847745615
1371 0.459388385362577
1372 0.459738178732834
1373 0.460066293317332
1374 0.460352742795261
1375 0.460634076136565
1376 0.460822186147477
1377 0.460942241860406
1378 0.461020917999255
1379 0.461005829700872
1380 0.461054882951805
1381 0.461075951179431
1382 0.461123836041858
1383 0.461223557952665
1384 0.461273229575519
1385 0.461331553898302
1386 0.461314027465745
1387 0.461294810028152
1388 0.461163187732717
1389 0.460966873836091
1390 0.460679053647933
1391 0.460253550970568
1392 0.459856247682177
1393 0.459390275414414
1394 0.458931640486869
1395 0.45846280471348
1396 0.458005812061317
1397 0.457552913601575
1398 0.45706910352595
1399 0.456602588777123
1400 0.456099098613593
1401 0.455542035375191
1402 0.455001501630007
1403 0.454399012799776
1404 0.453765135419691
1405 0.453139481356209
1406 0.452460682506415
1407 0.451844545971446
1408 0.451243159448293
1409 0.450687855648431
1410 0.450136871171123
1411 0.449677480558345
1412 0.449229026063916
1413 0.44894468185654
1414 0.448731893694144
1415 0.448667784054703
1416 0.448742322535841
1417 0.448918102866232
1418 0.449237318347809
1419 0.449603757688834
1420 0.450140582830225
1421 0.450601916247849
1422 0.451105811238139
1423 0.451575605221129
1424 0.452027393771722
1425 0.452456903153908
1426 0.452868714107402
1427 0.453276167571818
1428 0.453649991227887
1429 0.454035909147122
1430 0.45444486078295
1431 0.454827200294295
1432 0.455208404100325
1433 0.4555574141515
1434 0.455881487345748
1435 0.45621061248738
1436 0.456545967297067
1437 0.456876384207399
1438 0.457219845007449
1439 0.457579180809016
1440 0.45791188498544
1441 0.458234178470034
1442 0.458568717275488
1443 0.458903059215304
1444 0.459231033508843
1445 0.459549362803412
1446 0.459898253501727
1447 0.460260908161672
1448 0.46060216282645
1449 0.460982276014794
1450 0.461311550587102
1451 0.461604570695754
1452 0.461876198437793
1453 0.462112809195628
1454 0.462358739345434
1455 0.462572826169171
1456 0.462808713149523
1457 0.463074812695012
1458 0.463313608270844
1459 0.463537893823925
1460 0.463763107684974
1461 0.463961234607884
1462 0.46418550929968
1463 0.464418038739844
1464 0.464665687283935
1465 0.464938096762106
1466 0.465209094737341
1467 0.465470279565006
1468 0.465763248408708
1469 0.466068051323564
1470 0.466396250432468
1471 0.466756769981849
1472 0.467117412689908
1473 0.46746299411349
1474 0.467829687508763
1475 0.4681886682684
1476 0.468550863761059
1477 0.468904938213724
1478 0.469263119625117
1479 0.469601290551193
1480 0.469920485208761
1481 0.470255128657973
1482 0.470583954924777
1483 0.470917386038408
1484 0.471265859824093
1485 0.471597754461847
1486 0.471924452270506
1487 0.472244107597977
1488 0.47255021259824
1489 0.472865293692632
1490 0.473188946812348
1491 0.473485201648502
1492 0.473762271855558
1493 0.474062233085515
1494 0.474347642194117
1495 0.474650266073813
1496 0.474964540860617
1497 0.475305177663549
1498 0.475679119963337
1499 0.476016334651712
1500 0.476387864433138
1501 0.476708899310995
1502 0.47697085921325
1503 0.47724010029921
1504 0.477475153469954
1505 0.477740665499697
1506 0.478017073704039
1507 0.47828826267135
1508 0.478589869705172
1509 0.478864399182508
1510 0.47911319171365
1511 0.479363242163323
1512 0.479619230358731
1513 0.479847873752045
1514 0.480025900276585
1515 0.480248995037535
1516 0.480458865900213
1517 0.480703672618401
1518 0.48101186836402
1519 0.481345644265398
1520 0.481676454580232
1521 0.48198063560199
1522 0.482298049401542
1523 0.482613889040144
1524 0.482908668640847
1525 0.483209934397846
1526 0.483479576331584
1527 0.483715466858526
1528 0.48395513863334
1529 0.484193532878387
1530 0.484403637169783
1531 0.484587319957169
1532 0.484782518003428
1533 0.484947028769071
1534 0.485160354962868
1535 0.485400892618058
1536 0.485633017910059
1537 0.485891132588879
1538 0.48612835152779
1539 0.486326137319863
1540 0.486594865120114
1541 0.486912996929839
1542 0.487189529544665
1543 0.487521565128506
1544 0.487762065491795
1545 0.487917039426244
1546 0.488107379857938
1547 0.488251994640258
1548 0.488456328174737
1549 0.488704949686194
1550 0.488927405286465
1551 0.489175080138433
1552 0.489394454126118
1553 0.48958480960703
1554 0.489784141234293
1555 0.490000801809443
1556 0.490174218418732
1557 0.490287001103559
1558 0.490468397939581
1559 0.490640540706649
1560 0.490852887500025
1561 0.491160873342458
1562 0.491407416107596
1563 0.491645953789145
1564 0.491862346397723
1565 0.492026747735269
1566 0.492232302964974
1567 0.492441258012874
1568 0.492657917367634
1569 0.492926365530623
1570 0.493143941868316
1571 0.493314124230788
1572 0.493517093737021
1573 0.493702130647136
1574 0.493911974172672
1575 0.494158611960756
1576 0.494401185427318
1577 0.494662525243528
1578 0.494901874547333
1579 0.495163483986018
1580 0.495374350991052
1581 0.495540954751987
1582 0.49569952300428
1583 0.495777630032844
1584 0.495925863847701
1585 0.49610376357105
1586 0.496291053507704
1587 0.496535235893176
1588 0.496764891904989
1589 0.497006222953029
1590 0.497220272639747
1591 0.497432800099232
1592 0.49762166636806
1593 0.497743233423428
1594 0.497909745342485
1595 0.498098286702983
1596 0.498278101705912
1597 0.498473621981359
1598 0.49867724434817
1599 0.498901250893505
1600 0.499074511867398
1601 0.4992769155363
1602 0.499502964590449
1603 0.499698917329056
1604 0.499893365520803
1605 0.500101587380539
1606 0.500313035227429
1607 0.500539907448255
1608 0.500778111882761
1609 0.50102240786218
1610 0.501281661366393
1611 0.501533135379226
1612 0.501802906935057
1613 0.502014674892958
1614 0.502205334025381
1615 0.502387093627811
1616 0.50252882970464
1617 0.502684723641903
1618 0.502830972657741
1619 0.503016267530842
1620 0.503201594821712
1621 0.503411319530288
1622 0.503670211701195
1623 0.503890477548938
1624 0.504087505737971
1625 0.504334225570317
1626 0.504603030088785
1627 0.50485005078214
1628 0.505129442893409
1629 0.50534627371523
1630 0.505512125121294
1631 0.505714653345496
1632 0.505928745578236
1633 0.506088881457671
1634 0.506225334154671
1635 0.506391820118562
1636 0.506526781115677
1637 0.506676214500916
1638 0.506856296502061
1639 0.50705025251414
1640 0.507212328911994
1641 0.507450621080633
1642 0.507764507053577
1643 0.508031687878934
1644 0.50830785716799
1645 0.508571501912378
1646 0.508825226955992
1647 0.509091788216835
1648 0.50936077587637
1649 0.509625552616037
1650 0.509915169467857
1651 0.510124815309381
1652 0.510299343894191
1653 0.510469571802879
1654 0.510575463393893
1655 0.510776817085168
1656 0.510964165207132
1657 0.511206680116736
1658 0.511434415808956
1659 0.511661547990945
1660 0.511909666751537
1661 0.512084702246504
1662 0.512263030839889
1663 0.51244560398818
1664 0.512608921008177
1665 0.512827473578828
1666 0.5130731925762
1667 0.513261761855544
1668 0.513467917010315
1669 0.513678311294475
1670 0.513808361703254
1671 0.513980171763263
1672 0.514149031878258
1673 0.51428052925852
1674 0.514505156153662
1675 0.51476260121198
1676 0.515014033577264
1677 0.51527256400782
1678 0.515492118592045
1679 0.515681250688352
1680 0.515862390769925
1681 0.516073382282364
1682 0.51631433739941
1683 0.516544697239253
1684 0.516808151217219
1685 0.517110522370321
1686 0.517358629418907
1687 0.517614038679262
1688 0.517890983811419
1689 0.518084353108089
1690 0.518291695729202
1691 0.518535987696636
1692 0.518717905754545
1693 0.518905097126517
1694 0.519129888962697
1695 0.519289531656145
1696 0.519415182124399
1697 0.519569369521315
1698 0.519735406898883
1699 0.51999560235931
1700 0.520206389525336
1701 0.520411087854988
1702 0.520612551601545
1703 0.520754392031264
1704 0.520949814565864
1705 0.521205131209782
1706 0.521429832861909
1707 0.521695059074869
1708 0.521886989742598
1709 0.522007506143973
1710 0.522143423958518
1711 0.522251847692471
1712 0.522338893218449
1713 0.522429046604476
1714 0.522533692421635
1715 0.522584866176114
1716 0.522684753607894
1717 0.522828733020023
1718 0.522954537835743
1719 0.523126869671339
1720 0.523235935618875
1721 0.523298370227133
1722 0.523360646960866
1723 0.523379780309832
1724 0.5234139658787
1725 0.523456801046414
1726 0.523521461592118
1727 0.523537391631626
1728 0.523667055935561
1729 0.52388980424637
1730 0.524100604554714
1731 0.524395222481729
1732 0.52459480752922
1733 0.524745326852066
1734 0.524910890653593
1735 0.525064494544326
1736 0.525210152629901
1737 0.525349783671492
1738 0.525495435443726
1739 0.5255838356255
1740 0.525782559232767
1741 0.526008356970154
1742 0.526283500563729
1743 0.526598650920326
1744 0.526808182318784
1745 0.527008870116896
1746 0.527137397994647
1747 0.527190529889496
1748 0.527346646374771
1749 0.527448099798414
1750 0.527542699063439
1751 0.527725660669167
1752 0.527841748623233
1753 0.528013704011134
1754 0.528237327786744
1755 0.528387420062735
1756 0.528505124671337
1757 0.528658016327
1758 0.528829312458869
1759 0.528987255506678
1760 0.529189417218834
1761 0.529345204999391
1762 0.529447300271467
1763 0.529520064513114
1764 0.52958109747478
1765 0.529650737340085
1766 0.529685835897618
1767 0.529800069555626
1768 0.529912079503551
1769 0.530044738191493
1770 0.53030618707719
1771 0.530545755268679
1772 0.530736269440316
1773 0.530905926152657
1774 0.530996710548942
1775 0.531121836630674
1776 0.531272588686404
1777 0.531404202061852
1778 0.531515640497938
1779 0.531602690952386
1780 0.531679670813418
1781 0.531839864632207
1782 0.531968134124078
1783 0.532125842121289
1784 0.532261982077211
1785 0.532375581425651
1786 0.532517848651712
1787 0.532718570644352
1788 0.532983286181226
1789 0.533286858664829
1790 0.533594309562466
1791 0.53383341053812
1792 0.534084692127052
1793 0.534356550786532
1794 0.534590281953075
1795 0.534960822779876
1796 0.535281543181161
1797 0.535503800201629
1798 0.53581609691738
1799 0.536023750471287
1800 0.536232507950077
1801 0.543405952734694
1802 0.543459822926893
1803 0.543530847130355
1804 0.543792821781862
1805 0.544061172322151
1806 0.544480886727126
1807 0.544740605210219
1808 0.545071049016165
1809 0.545192297641185
1810 0.54516749679957
1811 0.545024687616263
1812 0.544890348111978
1813 0.544870869880762
1814 0.544983493942336
1815 0.545149176863359
1816 0.545228422448946
1817 0.545326540215479
1818 0.54540295851525
1819 0.545418453083177
1820 0.545404386361305
1821 0.54553995564347
1822 0.545613292521356
1823 0.54553486250492
1824 0.545507383387254
1825 0.545530256497369
1826 0.545500087592588
1827 0.545540776366743
1828 0.545780010783306
1829 0.545829860519279
1830 0.545770258064157
1831 0.545795157836017
1832 0.545697754743736
1833 0.545548452914584
1834 0.545571823005116
1835 0.545512010229143
1836 0.545535293404594
1837 0.545670923609078
1838 0.545787309782636
1839 0.545904736504307
1840 0.546037187383544
1841 0.546254491927165
1842 0.546397644154719
1843 0.546595270766392
1844 0.546864750801334
1845 0.546975590103594
1846 0.547023552640009
1847 0.547047187225813
1848 0.546993897950447
1849 0.546879027290111
1850 0.546853637883683
1851 0.546840453854547
1852 0.546709983086033
1853 0.546548097250367
1854 0.546398956717709
1855 0.546216707588728
1856 0.546114243003811
1857 0.546084173821092
1858 0.545990417160773
1859 0.545901616742679
1860 0.545752782843531
1861 0.545532141540887
1862 0.545214605844199
1863 0.544802769102285
1864 0.544375872587142
1865 0.543890080212966
1866 0.543297733699404
1867 0.542666515838906
1868 0.541948421964113
1869 0.541243807590072
1870 0.540601682311397
1871 0.540011484035098
1872 0.539547910180872
1873 0.538967609774277
1874 0.538294984595679
1875 0.537714915929659
1876 0.537071376981334
1877 0.536318152675598
1878 0.535398467800095
1879 0.534404079534576
1880 0.533164946426995
1881 0.531723398418581
1882 0.5301879939163
1883 0.528586505572297
1884 0.526852947235687
1885 0.52487661694595
1886 0.522707709927928
1887 0.520376701494201
1888 0.517978067659837
1889 0.515392364499646
1890 0.512834837576113
1891 0.51017565820342
1892 0.507265054589713
1893 0.504220087390542
1894 0.500970052954061
1895 0.497618314332683
1896 0.494305433336412
1897 0.490889040973352
1898 0.487462046585564
1899 0.484206340942059
1900 0.480936736371003
1901 0.477883039352252
1902 0.474993106445466
1903 0.472292360466029
1904 0.46964779347716
1905 0.467388607279923
1906 0.465397231716286
1907 0.463539769142388
1908 0.461969380119277
1909 0.460636623501633
1910 0.459479314981418
1911 0.458475633452976
1912 0.457766511890603
1913 0.457348457405793
1914 0.45706097112269
1915 0.456898509410806
1916 0.456817631909233
1917 0.456822160512064
1918 0.456818749092543
1919 0.456943450039567
1920 0.457307176597535
1921 0.457683186621695
1922 0.45815020195872
1923 0.458664221857037
1924 0.459284893262218
1925 0.459895432123159
1926 0.460546836943063
1927 0.461145860638831
1928 0.461587041739275
1929 0.462039335736532
1930 0.46251676716484
1931 0.462990077753329
1932 0.463592982960164
1933 0.464406520158481
1934 0.465098717935479
1935 0.465776839784814
1936 0.466506429561059
1937 0.467184364636076
1938 0.467821722006044
1939 0.468502128431489
1940 0.469258972995008
1941 0.470061116930552
1942 0.470845202315612
1943 0.471678442362217
1944 0.472601404112824
1945 0.473438825427847
1946 0.474301256873025
1947 0.475081878542979
1948 0.475828830780115
1949 0.47644700536057
1950 0.477000370398612
1951 0.47765491718846
1952 0.478279935199915
1953 0.478819176780059
1954 0.479500085525312
1955 0.480230995637831
1956 0.481036344652103
1957 0.482009402954155
1958 0.482901874635257
1959 0.483867869416574
1960 0.484694528680583
1961 0.485489034738923
1962 0.486196267459875
1963 0.486937998178028
1964 0.487681210032222
1965 0.488363063285
1966 0.489089593491901
1967 0.489782535201497
1968 0.490395460238672
1969 0.491098440714798
1970 0.491868986696099
1971 0.492593605480504
1972 0.49335917749881
1973 0.494029837929718
1974 0.494678579561634
1975 0.495374864401648
1976 0.496104690712512
1977 0.496890000262619
1978 0.497707885782316
1979 0.498658972943597
1980 0.499441519055043
1981 0.500198223006628
1982 0.500929279847177
1983 0.501520585654614
1984 0.502203754652787
1985 0.502948374562575
1986 0.503639983930476
1987 0.504236376507486
1988 0.50490757272696
1989 0.505686284189465
1990 0.506394003021956
1991 0.50717017470242
1992 0.508155269191729
1993 0.508939278104754
1994 0.509644838679302
1995 0.510310581322494
1996 0.510798738392081
1997 0.51140936900238
1998 0.511989286842201
1999 0.512664769783859
2000 0.513409190768617
2001 0.514318418579035
2002 0.515163552923643
2003 0.516086896120665
2004 0.51687490868553
2005 0.517617552179986
2006 0.518370833133025
2007 0.519040615667245
2008 0.519745790963461
2009 0.52055499608231
2010 0.521206240955872
2011 0.521761747678021
2012 0.522334552591607
2013 0.522802625457028
2014 0.523145115837927
2015 0.523559701364646
2016 0.523923681274295
2017 0.524366720109415
2018 0.524870885111414
2019 0.525361482979088
2020 0.525857506494469
2021 0.526409161777647
2022 0.526992153053705
2023 0.527544648782241
2024 0.528182022074723
2025 0.528769668990522
2026 0.529138157073411
2027 0.529437746571609
2028 0.529756903992232
2029 0.530097926912599
2030 0.530529589213175
2031 0.531131845684488
2032 0.531629221514798
2033 0.532115594638111
2034 0.53259000273537
2035 0.533072964447075
2036 0.533495477535762
2037 0.533892276882259
2038 0.534271744163389
2039 0.534596464651247
2040 0.534887882951635
2041 0.535242770230944
2042 0.535616347485043
2043 0.536013821031554
2044 0.536467253165325
2045 0.536866938025726
2046 0.537308824155294
2047 0.537653296659122
2048 0.537887114709227
2049 0.538208032692491
2050 0.53850532635873
2051 0.53881572258306
2052 0.539238044346031
2053 0.53956880180283
2054 0.539853620850723
2055 0.540081807026693
2056 0.540329944093937
2057 0.540534540994563
2058 0.540767027120701
2059 0.540996248583081
2060 0.541257628177643
2061 0.541578971070766
2062 0.541793040312953
2063 0.541931944033391
2064 0.542166130243117
2065 0.54234657190437
2066 0.542602092403878
2067 0.542943277383555
2068 0.5433609612671
2069 0.543701850659604
2070 0.543979249670917
2071 0.544252464427382
2072 0.544520094478182
2073 0.544695682386501
2074 0.544779585940726
2075 0.544933505168105
2076 0.545028452909876
2077 0.545192020608136
2078 0.54543355603587
2079 0.545658220462397
2080 0.545902562052385
2081 0.546124107026681
2082 0.546299451244648
2083 0.546543236094961
2084 0.546759726639725
2085 0.547067483139929
2086 0.547435571175535
2087 0.547942969735298
2088 0.548318418450418
2089 0.548697458736549
2090 0.549057575415283
2091 0.549390242682438
2092 0.549667616317903
2093 0.549900874441438
2094 0.550173449751892
2095 0.550399935677214
2096 0.550630817085383
2097 0.550936229329215
2098 0.551177234054684
2099 0.551326638170196
2100 0.551533925985017
2101 0.551731308922166
2102 0.551808492806772
2103 0.551910133290804
2104 0.55186680619524
2105 0.552100334303739
2106 0.552529111507398
2107 0.552783948029155
2108 0.553057432752892
2109 0.553424654692474
2110 0.553671879773295
2111 0.554037811341979
2112 0.55481238277953
2113 0.555197059176603
2114 0.55527022127807
2115 0.55551014059906
2116 0.555632650254508
2117 0.555809179514345
2118 0.556155393123663
2119 0.556533549992932
2120 0.556834589806263
2121 0.557032904065385
2122 0.557392332053765
2123 0.557807548460525
2124 0.558218304481352
2125 0.558833101658649
2126 0.559205238965749
2127 0.559460234390421
2128 0.559676231756463
2129 0.559638381470413
2130 0.559810248315738
2131 0.560137915685426
2132 0.560340225562336
2133 0.560638829690757
2134 0.560828188964333
2135 0.560785882088529
2136 0.560675763963343
2137 0.560618787880308
2138 0.560524171482681
2139 0.560418683950973
2140 0.560339629620249
2141 0.560195974032602
2142 0.559984659342371
2143 0.559786195522762
2144 0.559614764348568
2145 0.559351750630198
2146 0.559059016165144
2147 0.558675378103037
2148 0.558158078603248
2149 0.557671727111356
2150 0.557009002414717
2151 0.556578107610174
2152 0.556256209172708
2153 0.556059370227985
2154 0.555843953579381
2155 0.555448150499846
2156 0.555003329659565
2157 0.554325370908268
2158 0.553839358847317
2159 0.55337569330712
2160 0.552956987106978
2161 0.552649751566303
2162 0.552215667019646
2163 0.551808619540962
2164 0.55128495575271
2165 0.550562290209243
2166 0.54998640995815
2167 0.549433527249467
2168 0.54887139175
2169 0.548393364087736
2170 0.547865804991643
2171 0.547258642850402
2172 0.54669245394938
2173 0.546105556302558
2174 0.545626858174253
2175 0.545077018103368
2176 0.544528395878362
2177 0.543947947779833
2178 0.543292872124533
2179 0.542784648966838
2180 0.542365955016728
2181 0.541842481234681
2182 0.541407370630893
2183 0.540823840609887
2184 0.540088932680706
2185 0.539372762987935
2186 0.538591812635612
2187 0.537863801666303
2188 0.537083268198284
2189 0.536374398219503
2190 0.535869726207266
2191 0.535128517464038
2192 0.534339166029183
2193 0.533454209076883
2194 0.532253228402774
2195 0.531155157480244
2196 0.530438087126117
2197 0.529535892760701
2198 0.528841391319723
2199 0.528464769469972
2200 0.52781329002464
2201 0.527081508969831
2202 0.52635266354171
2203 0.525486845293517
2204 0.524830440707457
2205 0.524034940904415
2206 0.523722800703454
2207 0.52386439975346
2208 0.523826104624069
2209 0.523986164669496
2210 0.524168616165411
2211 0.524155392348155
2212 0.524450603441742
2213 0.525047567843061
2214 0.525664805845167
2215 0.526378043602651
2216 0.527222257405948
2217 0.528324167020197
2218 0.529305256930443
2219 0.530286981701351
2220 0.53124276786079
2221 0.531892173615182
2222 0.532298160078584
2223 0.532631780028901
2224 0.532744164102335
2225 0.532918256892039
2226 0.532929179985965
2227 0.533134581894099
2228 0.533392112639397
2229 0.533644495011533
2230 0.534010764048301
2231 0.534296906216104
2232 0.534560820086044
2233 0.534799601129661
2234 0.534998356814919
2235 0.535202939524766
2236 0.535459162276059
2237 0.535568699874832
2238 0.535594606263373
2239 0.535637492302391
2240 0.535587012154254
2241 0.535517237848344
2242 0.535452065508472
2243 0.535354706130015
2244 0.535235473192684
2245 0.534996034600009
2246 0.534635528402361
2247 0.534616430956654
2248 0.534673301897049
2249 0.534515392752621
2250 0.534516073136435
2251 0.534660732635619
2252 0.534743074991586
2253 0.534785529802175
2254 0.5349029496296
2255 0.535092596614345
2256 0.535262246201275
2257 0.535366422974145
2258 0.535669441202202
2259 0.536239132883253
2260 0.536434863757728
2261 0.536554659273378
2262 0.536686924383553
2263 0.536563902157415
2264 0.53654931924856
2265 0.536702410872661
2266 0.536738544920417
2267 0.536563283588066
2268 0.536550071174674
2269 0.536697306551843
2270 0.536708159652691
2271 0.536677447732934
2272 0.536693043054337
2273 0.536705690495949
2274 0.536628446628707
2275 0.536504142885075
2276 0.536452766338324
2277 0.536393682321121
2278 0.536287532543316
2279 0.536054643784633
2280 0.535926633123289
2281 0.535769634125774
2282 0.535500040753014
2283 0.535575386357146
2284 0.53552032214616
2285 0.535358293303664
2286 0.53500566878475
2287 0.534946895234599
2288 0.534940127113548
2289 0.534906722437838
2290 0.535127460928293
2291 0.535048881303403
2292 0.534703370463403
2293 0.534518680412179
2294 0.534251972706789
2295 0.534186373370818
2296 0.534336129487593
2297 0.534254042400097
2298 0.534263431305933
2299 0.534067644694759
2300 0.533577430989017
2301 0.533240008735662
2302 0.532836588619593
2303 0.53249943801649
2304 0.532102887988803
2305 0.531956359502939
2306 0.53224558223437
2307 0.532057935543049
2308 0.531754444542027
2309 0.531460741288603
2310 0.530661992620127
2311 0.530280923251589
2312 0.530327928962505
2313 0.530143066945501
2314 0.529796881547029
2315 0.529738576425317
2316 0.529793313680056
2317 0.529839339495593
2318 0.530520779091921
2319 0.530529122260402
2320 0.529982500588894
2321 0.529507064633517
2322 0.529029998125361
2323 0.528198102634653
2324 0.528067039473537
2325 0.528169646880029
2326 0.527950380271953
2327 0.528031987193297
2328 0.528137683091163
2329 0.528339942434815
2330 0.528170131061975
2331 0.527709271337627
2332 0.527629860932209
2333 0.526989977108287
2334 0.526108536656405
2335 0.525419849277098
2336 0.524835559906869
2337 0.523938350728411
2338 0.52316707287218
2339 0.522645316269257
2340 0.522527472934856
2341 0.522370281432839
2342 0.522197071490908
2343 0.522789862422002
2344 0.522637351484167
2345 0.521772720357292
2346 0.521463859111906
2347 0.521259981963973
2348 0.52113013303453
2349 0.521011159030293
2350 0.521133602360158
2351 0.521732751884254
2352 0.521725844083936
2353 0.521705319563894
2354 0.521324315360342
2355 0.519999592191522
2356 0.519841589246266
2357 0.520388191794899
2358 0.520216112820477
2359 0.520319810019026
2360 0.519970199942922
2361 0.518778394413853
2362 0.518210663806238
2363 0.517796375432464
2364 0.517725754592633
2365 0.518213264293201
2366 0.517886787112716
2367 0.51743749211338
2368 0.517041751077888
2369 0.515941361290791
2370 0.515354897433143
2371 0.515481706037984
2372 0.515104192934012
2373 0.514343234677091
2374 0.513883423017597
2375 0.513096875349967
2376 0.512857935912355
2377 0.513280302746505
2378 0.513339002590496
2379 0.513828740515753
2380 0.51398521775762
2381 0.513777309196035
2382 0.51333137289551
2383 0.512242043395461
2384 0.512004932944366
2385 0.51203995038206
2386 0.512008553701888
2387 0.512720177318553
2388 0.512791623976925
2389 0.512502677244547
2390 0.512079854106178
2391 0.511239808972316
2392 0.510976607084211
2393 0.510666462555667
2394 0.510195683065256
2395 0.510301573628647
2396 0.509891666473303
2397 0.508855684683927
2398 0.508234545092324
2399 0.508070650184184
2400 0.507061583871544
2401 0.504848062444422
2402 0.504451851903177
2403 0.504749709265588
2404 0.504528789216469
2405 0.505530862244089
2406 0.505733291328056
2407 0.504779763916814
2408 0.504581656326211
2409 0.505140877468031
2410 0.504971657871861
2411 0.504499618666703
2412 0.503585693503546
2413 0.501641606964797
2414 0.50080818812582
2415 0.500281763780974
2416 0.499907087053322
2417 0.501237610418664
2418 0.500462757844012
2419 0.497727692175759
2420 0.496450067622994
2421 0.494610259786774
2422 0.493751200690351
2423 0.49413495303104
2424 0.494563875918954
2425 0.495796793679613
2426 0.495654744473961
2427 0.495430480483211
2428 0.495319724024038
2429 0.494051114898567
2430 0.493276725051997
2431 0.493490872930358
2432 0.49258624752509
2433 0.490310216222701
2434 0.489154301907666
2435 0.488739902323452
2436 0.48733112572567
2437 0.485580778862216
2438 0.484522786890217
2439 0.483232457143069
2440 0.482128411145628
2441 0.482001926478706
2442 0.480856517692194
2443 0.478100745962309
2444 0.477308036340955
2445 0.477110548640135
2446 0.476994230488511
2447 0.478726121421619
2448 0.478384023356213
2449 0.47666841107416
2450 0.476360501863341
2451 0.475854732061189
2452 0.474613938633028
2453 0.474722603371543
2454 0.474946554896204
2455 0.473794153688319
2456 0.473448949561039
2457 0.472050932923851
2458 0.469663869350379
2459 0.467531461956997
2460 0.46738171273046
2461 0.468111776517805
2462 0.465680160940554
2463 0.46457820347581
2464 0.46363443875037
2465 0.462885284724382
2466 0.464737695239089
2467 0.465647266797764
2468 0.465164019652692
2469 0.465090821459485
2470 0.467461307371622
2471 0.466417945017579
2472 0.461346368479832
2473 0.459417541893408
2474 0.45676751211579
2475 0.455530331142147
2476 0.457775415864176
2477 0.457767905951757
2478 0.457184174300014
2479 0.456194808139516
2480 0.453835643022635
2481 0.452827252909462
2482 0.451325367611415
2483 0.452018043207182
2484 0.45539477028868
2485 0.456594859390737
2486 0.458780944369789
2487 0.457824042548488
2488 0.453576579897983
2489 0.451957424044953
2490 0.449622934667995
2491 0.449897042768303
2492 0.450622511698671
2493 0.450433990043706
2494 0.451123652527431
2495 0.4533452550865
2496 0.453692054999695
2497 0.454730103849506
2498 0.455129352228935
2499 0.448513948491502
2500 0.444574795150556
