"Wavelength" "M003a_m2-w3"
350 0.106031040125798
351 0.10529516574248
352 0.109546032942674
353 0.111313699747336
354 0.103947550609308
355 0.101156372499933
356 0.102533597024796
357 0.104765722103899
358 0.103441176267345
359 0.104010737724684
360 0.102321535216099
361 0.0986159645627135
362 0.103506659087033
363 0.104102882603509
364 0.101477226066535
365 0.0998317484174012
366 0.0989079253583675
367 0.0987239594809077
368 0.0978255218694554
369 0.0951349710999718
370 0.0997741503993412
371 0.100993803080032
372 0.0954131185461664
373 0.0910912010575945
374 0.0917552290205644
375 0.0954578594815218
376 0.0982815823129536
377 0.0945487266244512
378 0.0946655439108516
379 0.0959446276399471
380 0.092478239555087
381 0.0944276656041027
382 0.0957611696506372
383 0.0941387321728407
384 0.0917833418187022
385 0.0898566290080429
386 0.090854269398973
387 0.0942012949589423
388 0.0928066353190182
389 0.0923734341989833
390 0.0919163398758912
391 0.0895215973090719
392 0.0897821375230878
393 0.0894860989496433
394 0.0884846594330909
395 0.0891303659407542
396 0.0899371128640525
397 0.090142738149694
398 0.089810693094708
399 0.0901547284923619
400 0.0920118242224983
401 0.0923874984454958
402 0.0891436122118424
403 0.0886106182384535
404 0.089024458334905
405 0.0891333304520863
406 0.0885406043718935
407 0.0892288067060126
408 0.0897750203927266
409 0.0894000856192035
410 0.0893795350755196
411 0.0892728970098235
412 0.0896712480691229
413 0.0908499946914013
414 0.0903233820745249
415 0.0902263914055549
416 0.090945013331584
417 0.0912779789492722
418 0.0906642191476811
419 0.0906738842733328
420 0.0918313961010559
421 0.0917737009112662
422 0.0921399629692623
423 0.0927829064474186
424 0.0930699939302366
425 0.093268962759684
426 0.0933536302959816
427 0.0933800748956903
428 0.0934934160238113
429 0.0937067744096851
430 0.094274020470954
431 0.0951354736073182
432 0.0953431369911685
433 0.0956105016412878
434 0.095931060108606
435 0.0960509128649822
436 0.0963604070826603
437 0.0967408389430151
438 0.097088159351082
439 0.0973742110568878
440 0.0980470161106723
441 0.0985797802059019
442 0.0985617010667639
443 0.0986953555149564
444 0.0989745516495475
445 0.099411906176633
446 0.0999664310082099
447 0.100047811246738
448 0.100281763847344
449 0.100745269898109
450 0.100307861320123
451 0.100656664535885
452 0.101115222100586
453 0.10075730392789
454 0.100994992119688
455 0.101469566779276
456 0.101931188097233
457 0.102274644840855
458 0.102284960499563
459 0.102385283131677
460 0.102811342895412
461 0.103106168521723
462 0.103489225202047
463 0.103828147732116
464 0.103933207749153
465 0.104203791159951
466 0.10459470572703
467 0.104901903466312
468 0.104782557427591
469 0.104935252471772
470 0.10517842178681
471 0.105291581620684
472 0.105744089239574
473 0.106060751835094
474 0.106154390283446
475 0.106223172998598
476 0.106461250408413
477 0.106780475445166
478 0.107086980281887
479 0.107369546628003
480 0.107554243445567
481 0.107909047247804
482 0.108585722240812
483 0.108351573762977
484 0.108556190180523
485 0.10934623925794
486 0.109441915428667
487 0.109821445898947
488 0.110243737211482
489 0.110386035077145
490 0.110443171988221
491 0.110840780686757
492 0.111431356366047
493 0.111755111450319
494 0.112122175798282
495 0.112348107032259
496 0.112450438244122
497 0.112933819959171
498 0.11337365666033
499 0.113774259808009
500 0.114223717741049
501 0.114421668751431
502 0.114765113778016
503 0.115305147390508
504 0.115689071068164
505 0.116033486175116
506 0.116350684820712
507 0.116679426742115
508 0.117219617616278
509 0.117620924219423
510 0.117925948954688
511 0.11840157214664
512 0.118760415209453
513 0.119154443564029
514 0.119617056239192
515 0.119805661647266
516 0.120106402046274
517 0.120530474953363
518 0.120962242687601
519 0.12143327008938
520 0.121937173934188
521 0.122408279507455
522 0.122711210263883
523 0.123166521689079
524 0.123689962825665
525 0.124122678945864
526 0.124421482733359
527 0.124843427798873
528 0.125375122800472
529 0.125803409499869
530 0.12627544421839
531 0.126745809072671
532 0.127182632722768
533 0.127666247509358
534 0.128047259356869
535 0.128460649667168
536 0.12910079621996
537 0.129531850428694
538 0.129936686658349
539 0.130422538642072
540 0.130887758208558
541 0.131378289306216
542 0.131885733003877
543 0.132385447957202
544 0.132855001471655
545 0.133294281304049
546 0.133752929282864
547 0.134322656965543
548 0.134878256851193
549 0.135428080477062
550 0.136011812779366
551 0.136673252442247
552 0.137362633687695
553 0.138006465768839
554 0.13853309527522
555 0.139076766669278
556 0.139625874504522
557 0.140152180204272
558 0.140628337487825
559 0.141154156291705
560 0.14169945622777
561 0.142194487227649
562 0.142705474170323
563 0.143224007721447
564 0.143692110342027
565 0.143988872362802
566 0.14440144172476
567 0.144840348955094
568 0.145193967208561
569 0.145742479855745
570 0.146357756053897
571 0.147010237698772
572 0.14776463792412
573 0.148465286605436
574 0.149111676967269
575 0.149717920122997
576 0.150238676104316
577 0.150637350581425
578 0.150984291090046
579 0.151396012830958
580 0.151726451664821
581 0.152052644145546
582 0.152394841753673
583 0.152597360716077
584 0.152923759475997
585 0.153319325523915
586 0.153653106426077
587 0.154093562257427
588 0.154539283424719
589 0.155000330267645
590 0.155643999495145
591 0.156087032788275
592 0.156502797009782
593 0.157090574868719
594 0.15753842478612
595 0.157973649050049
596 0.158421586740567
597 0.158823324540376
598 0.159282655265637
599 0.159722817053514
600 0.160082174788633
601 0.160413962256527
602 0.160737424160234
603 0.161034201981147
604 0.161287674082035
605 0.161683104092737
606 0.162071790855289
607 0.162403733977365
608 0.162865907273698
609 0.163291082097929
610 0.163648537094894
611 0.163971124172108
612 0.164338720332623
613 0.164795351213424
614 0.165309222509081
615 0.165771078936568
616 0.166217175617337
617 0.166624969729671
618 0.166987664799209
619 0.167388300555109
620 0.167808112799771
621 0.168236068736935
622 0.168664355617025
623 0.169031993808268
624 0.169434874865425
625 0.169915011305071
626 0.170331003421921
627 0.170733675294685
628 0.171129246816239
629 0.171521117070399
630 0.172028211510024
631 0.172535525564473
632 0.172976496406898
633 0.173391103553557
634 0.173841390801443
635 0.174263699905102
636 0.174600072590236
637 0.175008325621142
638 0.175494443414037
639 0.176017894543114
640 0.176501638709067
641 0.176987265476615
642 0.177433162721402
643 0.177842930120407
644 0.178428503670561
645 0.178866560237589
646 0.179207197281335
647 0.179711317961494
648 0.180216203793552
649 0.180702154018999
650 0.181179022485075
651 0.181677981882687
652 0.182183720305977
653 0.182667815221167
654 0.183105768598733
655 0.183525651976252
656 0.183974380440992
657 0.184484558709776
658 0.185070214864438
659 0.185590145815124
660 0.186068586188316
661 0.186561220368286
662 0.18705836005476
663 0.187587011673944
664 0.188131533236417
665 0.188646052857045
666 0.189162826466764
667 0.18968050425699
668 0.190195198138747
669 0.190704618181961
670 0.191239738527715
671 0.191792109840689
672 0.192339050711853
673 0.192889374064963
674 0.193481431271955
675 0.194070808335821
676 0.194492393827233
677 0.19500562693282
678 0.195577108608119
679 0.196118520052834
680 0.196684591261999
681 0.197301983018743
682 0.197926178523067
683 0.19846445448232
684 0.199017833773272
685 0.19958697015009
686 0.200157514458404
687 0.200720467006928
688 0.20129991059276
689 0.201932077454841
690 0.2026309055469
691 0.20322155702719
692 0.2037766509771
693 0.204363538764048
694 0.205009639631194
695 0.205580441008604
696 0.206139546891111
697 0.20677502680539
698 0.207430699082449
699 0.20801809817057
700 0.208575842232659
701 0.209238850464365
702 0.209932170805859
703 0.210529080209136
704 0.211023454281266
705 0.211716311394365
706 0.212390623513024
707 0.21302845083864
708 0.213679739830667
709 0.214261382346544
710 0.214816022558189
711 0.215414065850841
712 0.216146413351318
713 0.216858179880521
714 0.217536838653616
715 0.218197948683944
716 0.218799892800805
717 0.21943563248056
718 0.220106446991859
719 0.220749699813126
720 0.22141342839525
721 0.222041789431657
722 0.222653229949523
723 0.223457774702698
724 0.224174868881152
725 0.224823815637021
726 0.225502503082642
727 0.226074581322265
728 0.226732271292767
729 0.227502982920982
730 0.228227251263534
731 0.228887410794794
732 0.229517020251443
733 0.230164512930425
734 0.230882393192421
735 0.231570286695351
736 0.23222593143722
737 0.232892427945455
738 0.233533697680393
739 0.234166616321122
740 0.234830446086787
741 0.235589534049551
742 0.236308508967099
743 0.236999478137021
744 0.237709314889569
745 0.238459366087877
746 0.239175558942996
747 0.239877833385927
748 0.240640659657057
749 0.241361909296742
750 0.242068492972936
751 0.24278458332792
752 0.243505206546074
753 0.244129439060231
754 0.244741195842681
755 0.245442742733699
756 0.246119886870099
757 0.246835573719183
758 0.247585550014691
759 0.248309371161141
760 0.249048558568015
761 0.24979732574128
762 0.250545544684638
763 0.251301943822174
764 0.25195317941029
765 0.252589229839732
766 0.253332840506294
767 0.254063836547417
768 0.254736505343384
769 0.255362286814059
770 0.256006349494786
771 0.256740312165867
772 0.257567667965432
773 0.258428524646497
774 0.259162024540162
775 0.259829760848582
776 0.260503187291401
777 0.261238209457454
778 0.261944276973301
779 0.262663274469949
780 0.263393106371259
781 0.264088882653485
782 0.264786832236881
783 0.265517081682686
784 0.266275387380841
785 0.266982335410541
786 0.267716811451401
787 0.268465774891405
788 0.269194087031744
789 0.269939344455348
790 0.270696796807892
791 0.271458969486469
792 0.272216205522019
793 0.272931490858137
794 0.273606495787667
795 0.274270439961665
796 0.274991155516208
797 0.275749458562843
798 0.276506436614774
799 0.27722945637658
800 0.277943941303429
801 0.278696498519816
802 0.279474568589205
803 0.280222183667985
804 0.280943424460874
805 0.281618723192267
806 0.282281340676949
807 0.283048969763159
808 0.283842656860648
809 0.284625494759539
810 0.285373505839826
811 0.286077765889822
812 0.286735349227162
813 0.287407958368019
814 0.288166661297902
815 0.288860759154956
816 0.289604627629571
817 0.290430145332598
818 0.29123558796066
819 0.291921125919585
820 0.292619657788737
821 0.293404214346819
822 0.294061663810961
823 0.294696199003201
824 0.295356097408753
825 0.296063501746297
826 0.296798375017867
827 0.297586888022532
828 0.298373554846521
829 0.299055706254245
830 0.299763760547145
831 0.300502800088811
832 0.30126067657831
833 0.302029130959335
834 0.302781375861543
835 0.303497420540362
836 0.304179990722716
837 0.304884252245834
838 0.305589131386539
839 0.306307359504967
840 0.307049521929404
841 0.307725507725084
842 0.308471427226268
843 0.30928582141414
844 0.310034077751963
845 0.310708068731733
846 0.311372394139668
847 0.312077367202187
848 0.312826025967821
849 0.313493944459338
850 0.314150729178228
851 0.314897520889507
852 0.315778068907086
853 0.316494455989116
854 0.317106144393464
855 0.317816982795703
856 0.318593249486102
857 0.319359641716876
858 0.320086165456432
859 0.320793295306888
860 0.321564215830039
861 0.322299606469982
862 0.322966275431986
863 0.323659325950167
864 0.324436736477095
865 0.325168461278881
866 0.325763090068744
867 0.32631758364744
868 0.327016331799755
869 0.327840626044682
870 0.328679160568497
871 0.329425824224429
872 0.330108974982239
873 0.330787593977427
874 0.331525336507808
875 0.332302591963754
876 0.333101626370862
877 0.333882866723169
878 0.334594294760117
879 0.335285872534537
880 0.335939093479737
881 0.336601551355769
882 0.337423659795018
883 0.33815003020084
884 0.338781460646934
885 0.339387975987613
886 0.340030298249627
887 0.340851317189716
888 0.34168124862378
889 0.342350410041262
890 0.343106764929345
891 0.343848289239207
892 0.344573198913027
893 0.345303722337234
894 0.345911017605361
895 0.346533797001169
896 0.347267704121973
897 0.348124332217367
898 0.348870117232175
899 0.349570038733192
900 0.350284117104045
901 0.351021030628834
902 0.351730990708089
903 0.352403175060077
904 0.353068116497499
905 0.353801682288696
906 0.354619573703231
907 0.355370746569529
908 0.356014509947119
909 0.356816425415749
910 0.357579266382289
911 0.358302009501314
912 0.359026432388075
913 0.359747318609588
914 0.360453566347646
915 0.361131554137571
916 0.361793112262702
917 0.362535010897372
918 0.363322510859175
919 0.364098564713456
920 0.364832422695868
921 0.365682320109527
922 0.366398480407089
923 0.367018737933044
924 0.367753345674589
925 0.368528066091293
926 0.369359475383359
927 0.370147644977256
928 0.370745400635671
929 0.371379473909131
930 0.372128164195446
931 0.3729732620738
932 0.373796896047562
933 0.374300724887236
934 0.374916179221321
935 0.37578930941209
936 0.376598724372824
937 0.377269745147552
938 0.37799362511071
939 0.378822264797226
940 0.379548627110505
941 0.380250513432779
942 0.380952463495258
943 0.381668748445689
944 0.382407684343663
945 0.383067609635211
946 0.383710862042718
947 0.384434578764874
948 0.385314328256914
949 0.386121494173228
950 0.386932784439764
951 0.387790232844053
952 0.388514489522729
953 0.389204247349361
954 0.389859967112854
955 0.39051278019901
956 0.391303880669772
957 0.391993278986859
958 0.39263453030062
959 0.393350452493561
960 0.394223789021019
961 0.394881989377191
962 0.395419073095782
963 0.396028243132076
964 0.396778425535035
965 0.397523780959388
966 0.398204373614852
967 0.398821568369801
968 0.399441311228225
969 0.40021598504728
970 0.401151275032914
971 0.402114166081129
972 0.402793172674495
973 0.403559249163196
974 0.404374260116472
975 0.40512814404061
976 0.405824375601006
977 0.406482181917495
978 0.407027337325343
979 0.407490384964866
980 0.408145694629046
981 0.408671312066831
982 0.409345654991507
983 0.410301863039759
984 0.411141862535986
985 0.411952505959727
986 0.412761608072173
987 0.41351266692295
988 0.414045323170974
989 0.414764740183814
990 0.415547417861139
991 0.416301101535636
992 0.417134341241065
993 0.417861183043561
994 0.418515484794238
995 0.419094403304407
996 0.41953354532179
997 0.420159685063987
998 0.420809691454762
999 0.421535771797698
1000 0.422551903434504
1001 0.414928744626288
1002 0.41556940788834
1003 0.416174831171539
1004 0.416830978470368
1005 0.417535218525823
1006 0.418181543429455
1007 0.418824731905546
1008 0.419479924470685
1009 0.420066891341162
1010 0.420566454788539
1011 0.421223888141041
1012 0.42189600776925
1013 0.422513154097074
1014 0.423138268221478
1015 0.423720273518751
1016 0.424322391900159
1017 0.424969457750358
1018 0.425740533594624
1019 0.426402506681705
1020 0.427054383505795
1021 0.427630954724311
1022 0.428176785578179
1023 0.428746724664116
1024 0.429394079354532
1025 0.430092021351518
1026 0.430786614121469
1027 0.431430802415571
1028 0.431988232207173
1029 0.432582298270369
1030 0.433245496913152
1031 0.433842561521263
1032 0.434518528825261
1033 0.43529312967772
1034 0.436005844026362
1035 0.436681890390978
1036 0.437464955640937
1037 0.438186807960511
1038 0.438920541105206
1039 0.439748874506694
1040 0.440482005088519
1041 0.441184853572242
1042 0.441804373616086
1043 0.442373629016666
1044 0.44311809577704
1045 0.44391616497911
1046 0.444663700645121
1047 0.445393432370163
1048 0.446147675942411
1049 0.446739617585871
1050 0.447300987845944
1051 0.448003063100362
1052 0.448645520348415
1053 0.44930288428956
1054 0.450046910389448
1055 0.450714368363595
1056 0.451345158517409
1057 0.45196806036202
1058 0.452522349833746
1059 0.453094132957339
1060 0.453695530862192
1061 0.454317155725569
1062 0.45489067333373
1063 0.455474418015611
1064 0.455937078930639
1065 0.456394223386932
1066 0.456881787407758
1067 0.457358627100757
1068 0.457846894247658
1069 0.458288075611565
1070 0.458658220122843
1071 0.458997936784838
1072 0.459376247316307
1073 0.459790020535698
1074 0.460226678280969
1075 0.460681136920382
1076 0.461063386497719
1077 0.461422638291084
1078 0.461714157924214
1079 0.461983457177292
1080 0.462287133356414
1081 0.462635652057707
1082 0.463025945699768
1083 0.463400689796251
1084 0.46372283667556
1085 0.464020616903079
1086 0.46431474030953
1087 0.464641664281678
1088 0.464962155833128
1089 0.465213688674038
1090 0.465426167701205
1091 0.465697553747279
1092 0.465965023484844
1093 0.466269319106808
1094 0.466614559722297
1095 0.46699150197023
1096 0.467357746387181
1097 0.467654998617987
1098 0.467951276946185
1099 0.468305741878641
1100 0.468651007066087
1101 0.469007014408199
1102 0.469344588387007
1103 0.469644791648525
1104 0.469987770586816
1105 0.470373057517249
1106 0.470795099925712
1107 0.471320757371334
1108 0.471762210051432
1109 0.472182886617223
1110 0.472616616181237
1111 0.473035756850702
1112 0.473498400887676
1113 0.474058753931436
1114 0.47457820883097
1115 0.475086079200684
1116 0.47561679287525
1117 0.476063991507227
1118 0.476536829641621
1119 0.477064126386208
1120 0.477560504151605
1121 0.478102427145825
1122 0.478738587294503
1123 0.479285904204381
1124 0.479773807628953
1125 0.480325127217313
1126 0.480871460313627
1127 0.481440510332103
1128 0.482035761509987
1129 0.482642955381441
1130 0.483270778471759
1131 0.483837422099404
1132 0.484412947885213
1133 0.485036705747365
1134 0.485625092460013
1135 0.486207796559794
1136 0.486774575082893
1137 0.487307683313915
1138 0.487890081234649
1139 0.488488742683661
1140 0.489083008856413
1141 0.489719418779365
1142 0.490338021558536
1143 0.49095364787491
1144 0.49153036112632
1145 0.492107808122183
1146 0.492668518525151
1147 0.493217869859571
1148 0.493774431226204
1149 0.494362204747764
1150 0.494958131158482
1151 0.495564502789381
1152 0.496198760527133
1153 0.496784161128982
1154 0.497363153053309
1155 0.497924174065373
1156 0.498432336387393
1157 0.498961262304081
1158 0.499495440846152
1159 0.500024307483823
1160 0.500538626906782
1161 0.501092936944196
1162 0.50162815126822
1163 0.502175390358028
1164 0.502733996531326
1165 0.503208566638709
1166 0.503672978098634
1167 0.504116653237062
1168 0.504525605750462
1169 0.504985462860506
1170 0.505429372808332
1171 0.505869145098824
1172 0.506318052461977
1173 0.50675379639903
1174 0.507224064993919
1175 0.507766383312896
1176 0.508213682179015
1177 0.508656756316512
1178 0.509053461663185
1179 0.509354787650253
1180 0.509674345902892
1181 0.510029323206043
1182 0.5103753039501
1183 0.510719257389644
1184 0.511066197980317
1185 0.511487252465015
1186 0.511905952508492
1187 0.512329994251177
1188 0.512832872060146
1189 0.513252828447406
1190 0.51361640145737
1191 0.513996500431811
1192 0.514394275313756
1193 0.51471721865648
1194 0.515014612854524
1195 0.515283077469141
1196 0.51542199835485
1197 0.515664947001034
1198 0.515947067426837
1199 0.516225287175139
1200 0.516550661586933
1201 0.516905642723032
1202 0.517267335382407
1203 0.517657427124626
1204 0.518013374374989
1205 0.518392790508838
1206 0.518734212012854
1207 0.519037714588642
1208 0.519332122625751
1209 0.519594855000612
1210 0.519897739707227
1211 0.520196047136366
1212 0.520507919252991
1213 0.520849070044461
1214 0.521203746627573
1215 0.521573468301839
1216 0.521919055387326
1217 0.522277714969073
1218 0.522634808737997
1219 0.522935584784039
1220 0.523252109763827
1221 0.523574828746673
1222 0.523883419978901
1223 0.524240239670061
1224 0.524631665002114
1225 0.525006388780989
1226 0.525397989937655
1227 0.525796512840454
1228 0.526196200681227
1229 0.526586136787348
1230 0.527022133636582
1231 0.527398169024838
1232 0.527709954553852
1233 0.528051151225348
1234 0.528354088179855
1235 0.528698956303727
1236 0.52905159154337
1237 0.52947091145132
1238 0.529863524442098
1239 0.530277719950937
1240 0.530686731820739
1241 0.531105452802029
1242 0.531487867866701
1243 0.531875862080765
1244 0.532228968829021
1245 0.532524771812422
1246 0.532864854177787
1247 0.533188811188374
1248 0.533552396649659
1249 0.533926203571319
1250 0.53434618150014
1251 0.534828894090981
1252 0.535294163855122
1253 0.535830046892365
1254 0.536290370712512
1255 0.536688536346579
1256 0.537103925115723
1257 0.537500305267068
1258 0.537881703012911
1259 0.538262742300544
1260 0.538638555413297
1261 0.539051656343952
1262 0.539449540544558
1263 0.539904050317576
1264 0.540425916651324
1265 0.540918170575755
1266 0.541418665528549
1267 0.541919922717888
1268 0.542439519310781
1269 0.54293430560841
1270 0.543435258994615
1271 0.543901034903001
1272 0.544339682115511
1273 0.544762062840016
1274 0.545184386075928
1275 0.54555122953422
1276 0.545855906146506
1277 0.546169814935992
1278 0.546439301451638
1279 0.546717508044152
1280 0.546993404266372
1281 0.547307944481287
1282 0.547527058893706
1283 0.54769200538672
1284 0.547870059930404
1285 0.548003797797067
1286 0.548144156394186
1287 0.548313538274675
1288 0.54842086516247
1289 0.548490641581409
1290 0.548536255682025
1291 0.548556814399214
1292 0.548543850738049
1293 0.548461154378765
1294 0.548421269646363
1295 0.548381876295911
1296 0.548330633913791
1297 0.548324883233286
1298 0.548263444728818
1299 0.548150219203343
1300 0.548028621780834
1301 0.547913752456207
1302 0.547775967899152
1303 0.547657440803704
1304 0.547554371519729
1305 0.547436693585082
1306 0.54731673815886
1307 0.547187968681684
1308 0.547030041171826
1309 0.546925721314342
1310 0.546821307153161
1311 0.546758739067895
1312 0.546747815387561
1313 0.546736433060562
1314 0.546771594583165
1315 0.546761784819482
1316 0.546721751112164
1317 0.546718834687763
1318 0.546724521362412
1319 0.546712368880232
1320 0.546706958735189
1321 0.546719418160472
1322 0.546682997923228
1323 0.546685304865607
1324 0.546799218071378
1325 0.546977284087629
1326 0.547210113874008
1327 0.547566763456699
1328 0.547833522302788
1329 0.548112067574002
1330 0.548379351318977
1331 0.548585899506164
1332 0.548883197449714
1333 0.549236175954898
1334 0.549571419610761
1335 0.549927147294787
1336 0.55030132133067
1337 0.550671333820991
1338 0.551065897190947
1339 0.551515714627365
1340 0.551936427173365
1341 0.552363819293069
1342 0.552769243295955
1343 0.553118902350347
1344 0.553530726771866
1345 0.554001618435862
1346 0.554417835484917
1347 0.55483983491618
1348 0.555276570189883
1349 0.555651103051724
1350 0.555955677107066
1351 0.556282226075669
1352 0.556612805956882
1353 0.556910074009594
1354 0.557171737119097
1355 0.557450792010625
1356 0.557702372517806
1357 0.557996628291555
1358 0.558291340865471
1359 0.558639303605898
1360 0.559009808136264
1361 0.559431345106654
1362 0.559923551982499
1363 0.560395475133028
1364 0.560906564977438
1365 0.561396049769706
1366 0.561883343442808
1367 0.56235199096245
1368 0.562840330709767
1369 0.563271938528835
1370 0.563637086064251
1371 0.564022534228264
1372 0.564420245743039
1373 0.56476722279523
1374 0.565070399214305
1375 0.565374996240677
1376 0.565517286315453
1377 0.565542974899002
1378 0.565517363631284
1379 0.56535414736752
1380 0.56526678173946
1381 0.565126637518474
1382 0.565039175301249
1383 0.565004372800646
1384 0.564929017858585
1385 0.564885192030815
1386 0.564746585945633
1387 0.564609977306456
1388 0.564344687739756
1389 0.56400963216636
1390 0.56356743663315
1391 0.562981464990129
1392 0.562398381338566
1393 0.561699675716265
1394 0.561043589943182
1395 0.560382239338981
1396 0.559726937015932
1397 0.559116600495002
1398 0.558432951689794
1399 0.557726871496863
1400 0.556987665024279
1401 0.556192430839153
1402 0.55538850101005
1403 0.554509108178269
1404 0.553591788212704
1405 0.552685271149419
1406 0.551695178229987
1407 0.55082033980749
1408 0.54998713858329
1409 0.549198204651045
1410 0.548412336383772
1411 0.547771490293543
1412 0.547166796253232
1413 0.54673879381889
1414 0.546418892099951
1415 0.546267234198462
1416 0.546244462724244
1417 0.546379986970407
1418 0.546723437921374
1419 0.547106017306587
1420 0.547683368739613
1421 0.548188691562998
1422 0.548757425834393
1423 0.549277460400698
1424 0.549762153567179
1425 0.550261660283059
1426 0.550765941110347
1427 0.551252570169397
1428 0.55174352680978
1429 0.552212442363648
1430 0.552663346764884
1431 0.55310036864154
1432 0.55352300702683
1433 0.553934691608329
1434 0.554311306895681
1435 0.554679022625455
1436 0.555087019103862
1437 0.555497263005838
1438 0.555923370368917
1439 0.556395054538253
1440 0.556814873208363
1441 0.557210538567981
1442 0.557623493890353
1443 0.558032401642923
1444 0.558444735186485
1445 0.558854999710559
1446 0.559284179745077
1447 0.55972613997398
1448 0.560151371766956
1449 0.560614980967711
1450 0.561009382891298
1451 0.56138482063732
1452 0.561700088196816
1453 0.561916368443186
1454 0.562198579061055
1455 0.562457500411578
1456 0.562742332327241
1457 0.563089957847241
1458 0.563401192852584
1459 0.563670067167285
1460 0.563979398228641
1461 0.564289105028971
1462 0.564632447125652
1463 0.565021183040851
1464 0.565404070488792
1465 0.565826836873542
1466 0.566214552219889
1467 0.56657973033888
1468 0.566953521726855
1469 0.567320648452962
1470 0.567662835739815
1471 0.568049763518339
1472 0.568435675175621
1473 0.568830047046715
1474 0.569259699298617
1475 0.569707056919905
1476 0.570183024091621
1477 0.570655686418355
1478 0.571166052936918
1479 0.571617311764554
1480 0.572028713664217
1481 0.572491217108346
1482 0.572961634639427
1483 0.573403956302636
1484 0.573862332432836
1485 0.574322185037603
1486 0.574735087531765
1487 0.575197234902059
1488 0.575720098669546
1489 0.576195916607833
1490 0.576677490596118
1491 0.577111783428112
1492 0.577509388017381
1493 0.577920038313777
1494 0.578310258750741
1495 0.578686187579695
1496 0.579031775478078
1497 0.579423847274195
1498 0.579811122689105
1499 0.580217117670429
1500 0.580702872339906
1501 0.581131158804028
1502 0.581534322920942
1503 0.581919561772025
1504 0.582271368303431
1505 0.582628936733781
1506 0.582970237412971
1507 0.583315240660862
1508 0.583643028221624
1509 0.584001748827563
1510 0.584375295662333
1511 0.584754035909997
1512 0.585190115012717
1513 0.585574935416321
1514 0.585932389253094
1515 0.586277840191209
1516 0.58658444123367
1517 0.586886205357584
1518 0.587215846303028
1519 0.587556354717593
1520 0.587893262402343
1521 0.588249436883351
1522 0.588618613349045
1523 0.58899154196688
1524 0.589377258754936
1525 0.589797088771943
1526 0.590179416235917
1527 0.590562783074996
1528 0.590900990806896
1529 0.591216446908196
1530 0.591515241417454
1531 0.591770995588328
1532 0.59204841553838
1533 0.592312274355815
1534 0.592596063385365
1535 0.59288011153808
1536 0.593187047345349
1537 0.593553895825846
1538 0.593822155941372
1539 0.594034701892959
1540 0.594299746091272
1541 0.594497239404613
1542 0.594795158992783
1543 0.595210977034818
1544 0.595550166643114
1545 0.595895047587089
1546 0.596209753875949
1547 0.596474777003743
1548 0.596780652529997
1549 0.597099390321064
1550 0.597405832621997
1551 0.59770540303383
1552 0.598032996948926
1553 0.5983911267738
1554 0.598698917460741
1555 0.599013048219833
1556 0.599308511798073
1557 0.599521410815709
1558 0.59980370294447
1559 0.600155645543315
1560 0.600447335165085
1561 0.600743857477399
1562 0.601006062104519
1563 0.601224447343225
1564 0.601431973106638
1565 0.60159519133512
1566 0.601800152086393
1567 0.601987049777153
1568 0.60221209507099
1569 0.602493478131679
1570 0.602758904438049
1571 0.603026802154146
1572 0.60330672304712
1573 0.603606840110928
1574 0.60388979009838
1575 0.60415246155663
1576 0.604448807722886
1577 0.60476580433234
1578 0.605063764031951
1579 0.605424308598522
1580 0.605702871336776
1581 0.605901764521832
1582 0.606112112452042
1583 0.60624907432493
1584 0.606443695780076
1585 0.606676584907916
1586 0.60690756263186
1587 0.607145132493632
1588 0.607418176147048
1589 0.60776391853862
1590 0.608032281196655
1591 0.608308070102829
1592 0.608540263508608
1593 0.608631905635494
1594 0.608803351181347
1595 0.60901655756302
1596 0.609222597274018
1597 0.609470701999812
1598 0.60970596327334
1599 0.609933169575145
1600 0.610142750849572
1601 0.61038360103052
1602 0.610603734761147
1603 0.610766041453741
1604 0.610926563353027
1605 0.611148493387175
1606 0.611367848670388
1607 0.611612872622147
1608 0.611928132340333
1609 0.612193759431514
1610 0.612414958103308
1611 0.612717109319876
1612 0.613063664621939
1613 0.613382962339158
1614 0.613737018742751
1615 0.614040922713352
1616 0.614319219620392
1617 0.614578744336533
1618 0.614815063216634
1619 0.615055101207387
1620 0.615273295537054
1621 0.615502905522477
1622 0.615752313854607
1623 0.615947779298033
1624 0.616090833280404
1625 0.616325680194662
1626 0.616571656162068
1627 0.616818542264542
1628 0.617142968026562
1629 0.617371540009892
1630 0.61753955516065
1631 0.617729552956714
1632 0.617899195105289
1633 0.618102379524839
1634 0.618310178756075
1635 0.618517515021973
1636 0.618745633746954
1637 0.618952095476632
1638 0.619129114103388
1639 0.619375119547776
1640 0.619655706453419
1641 0.619900930724837
1642 0.620167572057766
1643 0.620422192386782
1644 0.620642225065191
1645 0.620904869623096
1646 0.62120747071455
1647 0.621477202450889
1648 0.621739165368067
1649 0.62198701429965
1650 0.622228624156179
1651 0.62246308976466
1652 0.622674895943935
1653 0.622927717907172
1654 0.62318896316305
1655 0.623482893642217
1656 0.623738010066107
1657 0.623980447737779
1658 0.624274670388905
1659 0.624583120142918
1660 0.624928801626977
1661 0.625281916520333
1662 0.625585573887092
1663 0.625851047975533
1664 0.626096038468863
1665 0.626326661664027
1666 0.626566624699341
1667 0.626806610397043
1668 0.627070260621086
1669 0.627321234927415
1670 0.627522345310907
1671 0.62769998066791
1672 0.627858488389006
1673 0.627988220162722
1674 0.628174701101322
1675 0.628447028707481
1676 0.62870067379604
1677 0.628988439630546
1678 0.629295619535591
1679 0.629545949937148
1680 0.62979144747556
1681 0.63005650873094
1682 0.630333583226831
1683 0.630628311227181
1684 0.630950688046959
1685 0.631291038249218
1686 0.631611414168795
1687 0.631931582956344
1688 0.632273143843488
1689 0.632556071824221
1690 0.632818734008876
1691 0.63310922036352
1692 0.633307758117053
1693 0.633531125310065
1694 0.633822689377996
1695 0.63402251925851
1696 0.634185938806272
1697 0.6343200664584
1698 0.634459860624802
1699 0.634661226514954
1700 0.634873284405618
1701 0.635133731290065
1702 0.635380187438539
1703 0.635618859110507
1704 0.635870037562398
1705 0.636165126453514
1706 0.636415258527045
1707 0.636632610315751
1708 0.636851673586013
1709 0.637062787909711
1710 0.637232969352994
1711 0.637412830871111
1712 0.637536525482614
1713 0.637573082039563
1714 0.637660417080778
1715 0.637726398066146
1716 0.637803251526159
1717 0.6378756610713
1718 0.638006791749736
1719 0.638207822690779
1720 0.638341601414417
1721 0.638491106893228
1722 0.638617019989178
1723 0.638657217195273
1724 0.638739770833648
1725 0.638886997527936
1726 0.638993553330309
1727 0.639015024359073
1728 0.639169435671153
1729 0.639378520732399
1730 0.639600269226187
1731 0.63998378430808
1732 0.640160642175677
1733 0.640211691439733
1734 0.640312649364201
1735 0.640332248027204
1736 0.640416853332845
1737 0.640554617891957
1738 0.640704885305607
1739 0.640837495367955
1740 0.641002040447184
1741 0.641221774430367
1742 0.641404679214446
1743 0.641581913481101
1744 0.641755010119281
1745 0.641860521454449
1746 0.641946398370175
1747 0.642037813069878
1748 0.642099212816522
1749 0.642155353624251
1750 0.642260221884967
1751 0.642421633173042
1752 0.642619081904133
1753 0.642906847954696
1754 0.643154288649429
1755 0.643284184463343
1756 0.64334087828058
1757 0.643354730859585
1758 0.643464378305952
1759 0.643622064102413
1760 0.643827614290233
1761 0.644105332593816
1762 0.644339255899186
1763 0.644499894314007
1764 0.644646117167935
1765 0.644728626865655
1766 0.644736314247186
1767 0.644853401759588
1768 0.645017917117503
1769 0.645230338068821
1770 0.645532283618201
1771 0.645723693374885
1772 0.645896607057994
1773 0.645994148750401
1774 0.645983960769176
1775 0.646024483207448
1776 0.646011898843849
1777 0.646039332648326
1778 0.64609635770221
1779 0.646142406218422
1780 0.64615344510001
1781 0.646351059349709
1782 0.646528432969832
1783 0.646780613786716
1784 0.647085285658705
1785 0.647324907338606
1786 0.647627570664054
1787 0.647936692911832
1788 0.648239277751063
1789 0.648574947331214
1790 0.648919904244386
1791 0.649218262815655
1792 0.649468758265856
1793 0.649745197380446
1794 0.649913624639776
1795 0.650190926201374
1796 0.650546239048786
1797 0.65070819158907
1798 0.650960182894167
1799 0.651154663416958
1800 0.651349138507665
1801 0.650970432677132
1802 0.651039936081732
1803 0.651276704094953
1804 0.651565766445847
1805 0.651843080936749
1806 0.652206903988673
1807 0.6524678821818
1808 0.652761238039219
1809 0.652919647741693
1810 0.652955950254188
1811 0.652990333345571
1812 0.653028289588601
1813 0.653107613864714
1814 0.653319853635642
1815 0.653424714756829
1816 0.653503586737088
1817 0.653542516364903
1818 0.653620443964351
1819 0.65364756269494
1820 0.653722810070625
1821 0.65395253460143
1822 0.653973603104025
1823 0.653872201517048
1824 0.653861503061422
1825 0.653841667029435
1826 0.653736411816204
1827 0.653672673162753
1828 0.653732371849754
1829 0.653691000369951
1830 0.653539247846332
1831 0.653458051592425
1832 0.653413094004647
1833 0.653335605189893
1834 0.653278858542906
1835 0.653142335955692
1836 0.653130561036379
1837 0.653183767440584
1838 0.653213106338903
1839 0.653232685844452
1840 0.653447808670099
1841 0.653654259169735
1842 0.653705531526275
1843 0.653799523444148
1844 0.653961058576642
1845 0.653972586278117
1846 0.65399652418177
1847 0.654025729782768
1848 0.654091806493332
1849 0.654006312027338
1850 0.654017637002228
1851 0.654015754257442
1852 0.653878172363786
1853 0.653793565900918
1854 0.653666843284878
1855 0.653548331486384
1856 0.653445644287408
1857 0.653364990376692
1858 0.653243883909024
1859 0.653119205825702
1860 0.652895704806626
1861 0.652720144987852
1862 0.652237171539706
1863 0.651456987020681
1864 0.650682651367809
1865 0.649685001938023
1866 0.648713661856683
1867 0.647721624780411
1868 0.646747547403291
1869 0.645663664615053
1870 0.644599033949291
1871 0.64349786360713
1872 0.64256695036467
1873 0.641658021173336
1874 0.640714800596485
1875 0.639774267770324
1876 0.638748159451728
1877 0.637535053810336
1878 0.636081292716469
1879 0.634455278783531
1880 0.632627588469525
1881 0.630487347873191
1882 0.628070487444339
1883 0.62553840824809
1884 0.62293352127553
1885 0.620012242028636
1886 0.61690353051749
1887 0.613673487568023
1888 0.610254954995932
1889 0.606550570554
1890 0.60281599424422
1891 0.598955764183398
1892 0.59479721915497
1893 0.590471317321732
1894 0.585917756594095
1895 0.581313545287366
1896 0.576760027089976
1897 0.572145603215444
1898 0.567567225405975
1899 0.56311813467635
1900 0.558570048398886
1901 0.554426119854097
1902 0.550477383874333
1903 0.546785110734814
1904 0.543370250238103
1905 0.540387562383648
1906 0.537634927502658
1907 0.535164992953942
1908 0.53301501773221
1909 0.531123880464985
1910 0.529488493097972
1911 0.528110574882634
1912 0.526926587594489
1913 0.525987639424109
1914 0.52534193769079
1915 0.524789636540812
1916 0.524517685433107
1917 0.524438429824229
1918 0.524347877606835
1919 0.524435250014253
1920 0.524587007320264
1921 0.524886812329443
1922 0.525390367238127
1923 0.525907279742779
1924 0.526474261109089
1925 0.527217403192569
1926 0.528075906102732
1927 0.528838868492441
1928 0.529494988387461
1929 0.530144953832718
1930 0.530789433219534
1931 0.531362862956085
1932 0.532059997186424
1933 0.532925717766064
1934 0.533761438052963
1935 0.534578740032783
1936 0.535471465892229
1937 0.536427354186866
1938 0.537370727287261
1939 0.538326710225822
1940 0.539297208298105
1941 0.540270334501322
1942 0.541175097140891
1943 0.542097400403523
1944 0.542971657771228
1945 0.54393066635734
1946 0.544919577134242
1947 0.545918872377313
1948 0.547039930385046
1949 0.547997073956948
1950 0.548830530296358
1951 0.549722068106054
1952 0.550495073243442
1953 0.551196291281872
1954 0.552025782722287
1955 0.552887985332689
1956 0.553865552161256
1957 0.55499265725867
1958 0.55604887170835
1959 0.557151344729527
1960 0.558234457397184
1961 0.559397399801319
1962 0.56050462694192
1963 0.561715323307021
1964 0.562955014754754
1965 0.564049381506107
1966 0.565070062398638
1967 0.566042146735771
1968 0.566873761605733
1969 0.567830558948897
1970 0.568782548654458
1971 0.569772891982445
1972 0.570882593660944
1973 0.571891816524839
1974 0.572842091264484
1975 0.573813315460691
1976 0.574823881878553
1977 0.575985510130471
1978 0.577072013382245
1979 0.578228397011326
1980 0.579282305752117
1981 0.580274595078555
1982 0.581246350694605
1983 0.582124197376402
1984 0.583100316228221
1985 0.584106274199519
1986 0.585095835241124
1987 0.586058782209149
1988 0.587146260671009
1989 0.58824870914527
1990 0.589298746425005
1991 0.590358778697827
1992 0.591504960797851
1993 0.592551611552516
1994 0.593563379593198
1995 0.594513628404479
1996 0.595313613175414
1997 0.596242128527274
1998 0.597213797632265
1999 0.598107261302087
2000 0.599064555610827
2001 0.600155009191655
2002 0.60113614204822
2003 0.602046260944405
2004 0.60299481769383
2005 0.603947385329798
2006 0.604928475330382
2007 0.605903097577458
2008 0.606884715139152
2009 0.607987014211466
2010 0.608914366719847
2011 0.609692606171185
2012 0.610593866048348
2013 0.611422115206997
2014 0.612090255445291
2015 0.612871634857321
2016 0.613690074009139
2017 0.614493165221244
2018 0.615331716499119
2019 0.616123318696289
2020 0.616924860847626
2021 0.617694412053098
2022 0.618429768843123
2023 0.619126249887023
2024 0.619778572256374
2025 0.620438167509466
2026 0.62113609939526
2027 0.621676062511042
2028 0.622335914385469
2029 0.623034568942589
2030 0.623758220474426
2031 0.624547024127215
2032 0.625297622159283
2033 0.626123778042214
2034 0.626806728443756
2035 0.627359134743059
2036 0.627955710244566
2037 0.628458014264636
2038 0.629059841631468
2039 0.629776575062469
2040 0.630436679066423
2041 0.631006659900143
2042 0.631540481104619
2043 0.632087110970623
2044 0.632541792106828
2045 0.633037362139199
2046 0.633644879589727
2047 0.63410072601765
2048 0.634376475428752
2049 0.634802814805856
2050 0.635203534684368
2051 0.635676494190478
2052 0.636342969679039
2053 0.636885947642042
2054 0.637431714334798
2055 0.637874963000677
2056 0.63833254164952
2057 0.638704410161141
2058 0.639158890675726
2059 0.639637503308439
2060 0.64013032829975
2061 0.640676660962299
2062 0.641128576984213
2063 0.641494008616058
2064 0.641979627977541
2065 0.642513449936042
2066 0.643004771568275
2067 0.643550808339835
2068 0.644105767695348
2069 0.644563740766884
2070 0.644868594536762
2071 0.645324147287502
2072 0.645825758826577
2073 0.646299364121328
2074 0.646830736484417
2075 0.647296200741721
2076 0.647722439197099
2077 0.648144129775847
2078 0.648523645015893
2079 0.648943236293839
2080 0.649431418081017
2081 0.649803355042936
2082 0.650131883711309
2083 0.650448357626407
2084 0.650668972833191
2085 0.650870379580115
2086 0.651155597374289
2087 0.651490838361103
2088 0.651805505033679
2089 0.652097359977921
2090 0.652503244269663
2091 0.653040670800048
2092 0.653416115862951
2093 0.653744399713808
2094 0.654170007644979
2095 0.654537691896047
2096 0.654927756990143
2097 0.65553839348723
2098 0.655942131280729
2099 0.656151926505366
2100 0.656407460199393
2101 0.65662416969442
2102 0.656891463031309
2103 0.657146984997639
2104 0.657357398995535
2105 0.657754350850624
2106 0.658281214583704
2107 0.658704017594
2108 0.659183834813149
2109 0.659716815811387
2110 0.660195049078071
2111 0.660696475386483
2112 0.661465591966953
2113 0.661955739613287
2114 0.662133390815192
2115 0.66248999396849
2116 0.662813825806843
2117 0.663196748171685
2118 0.663645244199935
2119 0.663976383941529
2120 0.664321630559942
2121 0.664547436041572
2122 0.664891116625806
2123 0.665274464733849
2124 0.66571623710487
2125 0.666250012212824
2126 0.666696587290248
2127 0.66715149508936
2128 0.667601881539381
2129 0.668068472814328
2130 0.668417712662443
2131 0.668793765900202
2132 0.669045019157941
2133 0.669123387516337
2134 0.669138647008771
2135 0.669265886779513
2136 0.669391999099469
2137 0.669431826799391
2138 0.669547347213078
2139 0.669411475317964
2140 0.669009169874823
2141 0.668815267725738
2142 0.668618431471549
2143 0.668372236463518
2144 0.668268254960727
2145 0.66795352817249
2146 0.667414073031239
2147 0.666950465996089
2148 0.666410861763141
2149 0.665926323901677
2150 0.665374200400494
2151 0.664983430942247
2152 0.664792414157643
2153 0.66455491326488
2154 0.664034288256353
2155 0.663506775841915
2156 0.662921602538067
2157 0.662050735615058
2158 0.661346785698465
2159 0.660728786003777
2160 0.660131430906382
2161 0.659474582245133
2162 0.658906633297197
2163 0.658513972859061
2164 0.658017698151361
2165 0.657522367149727
2166 0.656931129431401
2167 0.656237837143985
2168 0.65562059527411
2169 0.654873474569702
2170 0.654285427857504
2171 0.653925187269995
2172 0.653448526051544
2173 0.652995101601148
2174 0.652552497302327
2175 0.6519535759113
2176 0.651191779387703
2177 0.650540323250091
2178 0.64984593823364
2179 0.649197112173614
2180 0.64857862979278
2181 0.647995053749929
2182 0.647467626833463
2183 0.646836333936032
2184 0.646312769270227
2185 0.645546471840123
2186 0.644557195171856
2187 0.643618536655201
2188 0.642497159496914
2189 0.641504744869615
2190 0.640648170231006
2191 0.63965209908976
2192 0.638644998611927
2193 0.63760249839527
2194 0.636314801790298
2195 0.635234276249661
2196 0.634393356866223
2197 0.633407467863371
2198 0.632538952069833
2199 0.631803100611473
2200 0.631056526881561
2201 0.630368023382135
2202 0.629560499474533
2203 0.628688942274845
2204 0.627987421314088
2205 0.627095596256224
2206 0.626612855373754
2207 0.62643842580233
2208 0.6263709085716
2209 0.626493809211182
2210 0.626760521899035
2211 0.627227157849061
2212 0.627801555909911
2213 0.62854763400739
2214 0.629387552079175
2215 0.630569829796317
2216 0.631523113826767
2217 0.632572404853089
2218 0.633332580277516
2219 0.634083059029211
2220 0.634753553030619
2221 0.635425323585318
2222 0.63622004806949
2223 0.636636474950379
2224 0.636793401243209
2225 0.637041166973824
2226 0.63705276390632
2227 0.637265133646633
2228 0.637669527259326
2229 0.637856348509119
2230 0.637954448432218
2231 0.638068933542437
2232 0.638002712150181
2233 0.638164197976853
2234 0.638521647006707
2235 0.638737190887803
2236 0.639069556579633
2237 0.639196921027661
2238 0.639092549420078
2239 0.639087669332522
2240 0.639122018767969
2241 0.639032140213286
2242 0.638797392928776
2243 0.63867222466961
2244 0.638641610038098
2245 0.638354717307791
2246 0.638012941102436
2247 0.637930649753815
2248 0.637632905005045
2249 0.637262633715205
2250 0.637347365612922
2251 0.637853124601173
2252 0.638073969589562
2253 0.63841155144325
2254 0.638739181878537
2255 0.63894854892645
2256 0.639204204707971
2257 0.639604632638463
2258 0.639913413522498
2259 0.640238818514343
2260 0.64032927818705
2261 0.640232327337828
2262 0.640279027530489
2263 0.640238581347263
2264 0.640142347860244
2265 0.640074295524203
2266 0.640113541875366
2267 0.639988316509717
2268 0.640036772161563
2269 0.640425316706349
2270 0.640661457856969
2271 0.64090556761764
2272 0.641005262696948
2273 0.641063073033697
2274 0.641016306524149
2275 0.640851159561727
2276 0.640613814905951
2277 0.640321589797013
2278 0.639818155247885
2279 0.639335241999799
2280 0.639016552764781
2281 0.638916999211279
2282 0.638783466181307
2283 0.63854167423181
2284 0.63818714236654
2285 0.637922274083019
2286 0.63747060363821
2287 0.637340828319273
2288 0.637444919437023
2289 0.637490429826462
2290 0.637789397664712
2291 0.637712937127166
2292 0.637492159387092
2293 0.637215147127976
2294 0.636602906810317
2295 0.636256411332635
2296 0.636059619696074
2297 0.63573869013885
2298 0.635226240047349
2299 0.635194056156288
2300 0.635556960741466
2301 0.635520864421208
2302 0.635679776955158
2303 0.635549520570346
2304 0.634832248556498
2305 0.634438642854745
2306 0.6344228683028
2307 0.634023745791518
2308 0.633145429068617
2309 0.632722730586812
2310 0.632240165388575
2311 0.632089625784504
2312 0.632739859225515
2313 0.632879527807804
2314 0.632692662623834
2315 0.632665736132537
2316 0.632516018574298
2317 0.632363335390372
2318 0.632594706797348
2319 0.632509516923613
2320 0.632002975042108
2321 0.631769791502056
2322 0.631378135649064
2323 0.63046083966277
2324 0.63023226493282
2325 0.629978427058493
2326 0.629880834131331
2327 0.630446891595793
2328 0.630647610865396
2329 0.630834041812688
2330 0.630361129673815
2331 0.629510594336923
2332 0.628700357351182
2333 0.627480684072362
2334 0.626554896647092
2335 0.625468837902694
2336 0.624555234839133
2337 0.623548953572938
2338 0.622644784803338
2339 0.621801428536215
2340 0.621484316442791
2341 0.621378671443877
2342 0.621205575437832
2343 0.621546386211041
2344 0.621481868267322
2345 0.621053820502419
2346 0.620918296705997
2347 0.62108620524028
2348 0.620849294213944
2349 0.620300804826421
2350 0.620103252284427
2351 0.619835671254686
2352 0.619707712356195
2353 0.620090461147511
2354 0.619885068156458
2355 0.619114294029886
2356 0.618989158303683
2357 0.619195748950339
2358 0.618902371167214
2359 0.618847537521476
2360 0.61828757106855
2361 0.6167145919378
2362 0.616029021871538
2363 0.615581559171632
2364 0.615355810384417
2365 0.615731993664366
2366 0.615728936262917
2367 0.615866940921081
2368 0.615718274683903
2369 0.615421522959454
2370 0.614851712293921
2371 0.613648116826552
2372 0.613039719440887
2373 0.612657109376183
2374 0.611938073845268
2375 0.611517721503547
2376 0.610750186760745
2377 0.609344998483105
2378 0.608402787965024
2379 0.607548158443638
2380 0.607050116288229
2381 0.606884188867859
2382 0.606429355014726
2383 0.60603931455822
2384 0.605885217362625
2385 0.605743940298839
2386 0.605464871995446
2387 0.605261837749127
2388 0.605205943075874
2389 0.605521833889863
2390 0.60499008511528
2391 0.604079692341974
2392 0.603480561545349
2393 0.60187139322996
2394 0.601259772701252
2395 0.601930715003894
2396 0.601855023287311
2397 0.602026420284734
2398 0.601424586824563
2399 0.600014268725766
2400 0.598851021273349
2401 0.596654431608026
2402 0.595935371019235
2403 0.596416712162198
2404 0.596523929806742
2405 0.597408275762063
2406 0.597501836433803
2407 0.597252674621814
2408 0.596659893314756
2409 0.595661878486441
2410 0.594655797720389
2411 0.59293131248875
2412 0.591867912189255
2413 0.591233344070861
2414 0.590229876851288
2415 0.589090508913766
2416 0.588524145171499
2417 0.589049940529572
2418 0.587543222521673
2419 0.585021279062534
2420 0.583211623588311
2421 0.579270762563748
2422 0.577851584463012
2423 0.57865750983642
2424 0.579018653059242
2425 0.580532506023193
2426 0.580759685274228
2427 0.580746237101304
2428 0.580936971668723
2429 0.580836425137574
2430 0.57959102068741
2431 0.577771561462584
2432 0.576821950455423
2433 0.574861762288079
2434 0.573622328297534
2435 0.574036646115416
2436 0.57324642033289
2437 0.571382215729307
2438 0.570066396414963
2439 0.569542688505358
2440 0.567793593059244
2441 0.565103198059991
2442 0.563235368880718
2443 0.560106257736054
2444 0.558503189799472
2445 0.558333955037856
2446 0.558411840236628
2447 0.559162787769414
2448 0.560169651555391
2449 0.560590024325191
2450 0.560139139925656
2451 0.56107533770312
2452 0.561063210915379
2453 0.559464202563441
2454 0.559400186267662
2455 0.557898763948463
2456 0.555861812836975
2457 0.55417371595853
2458 0.55126298540606
2459 0.549947735838676
2460 0.54950047317095
2461 0.548381129112752
2462 0.546865948095826
2463 0.545521002352451
2464 0.545937900092478
2465 0.545121709010689
2466 0.544393699630691
2467 0.543854105508845
2468 0.541696083828163
2469 0.54103595433834
2470 0.543103019720181
2471 0.543063017357859
2472 0.542031924873463
2473 0.540498735062129
2474 0.537847281284993
2475 0.535627474485906
2476 0.532330250552599
2477 0.53065193755383
2478 0.530037058830718
2479 0.529248050726716
2480 0.529815915747095
2481 0.529188414636509
2482 0.527873156394079
2483 0.526666226739751
2484 0.524553849323638
2485 0.523989630953759
2486 0.52492881890834
2487 0.523908410251759
2488 0.521372421307985
2489 0.521448252770164
2490 0.521719663704736
2491 0.523406681795442
2492 0.527957239814903
2493 0.527314554644213
2494 0.523653838500441
2495 0.520352651660015
2496 0.517775549063406
2497 0.519144894742003
2498 0.521111590338585
2499 0.519616997111088
2500 0.519037087791823
