"Wavelength" "M003a_m3-w1"
350 0.112559739024483
351 0.116782941761818
352 0.112692965027012
353 0.106720739222711
354 0.109337192212325
355 0.10759795931081
356 0.107325187102547
357 0.10971866228131
358 0.11104468983616
359 0.107058466274871
360 0.104611675209199
361 0.107124164882467
362 0.109893248792363
363 0.107820388950072
364 0.104869011633299
365 0.105385566407135
366 0.104572315905144
367 0.103002617166602
368 0.103541540973831
369 0.10858363748958
370 0.10676502734
371 0.104017478438069
372 0.103378269288853
373 0.10225454264703
374 0.103200086144311
375 0.103487465185609
376 0.10154760154918
377 0.101591234344719
378 0.101654179545857
379 0.101634802647873
380 0.102132734203028
381 0.103501134508499
382 0.102555652751506
383 0.10047327191986
384 0.102115312582208
385 0.100196230930723
386 0.0995247641774141
387 0.102166413722315
388 0.0999173364469114
389 0.100350493299382
390 0.101959374605762
391 0.101114764963418
392 0.0992051015508674
393 0.0978318359748419
394 0.097761988651535
395 0.0989512746313488
396 0.100559627276128
397 0.100167846705707
398 0.0981448420351882
399 0.100463028381675
400 0.100679928061197
401 0.10019712013575
402 0.101474643255762
403 0.10060748170436
404 0.100060073567658
405 0.100211598365466
406 0.0997789643920215
407 0.099881924225511
408 0.100142190069029
409 0.100406910880108
410 0.101481556549495
411 0.101262196665882
412 0.101099060946005
413 0.102524537570281
414 0.102773021197927
415 0.102475891505682
416 0.102490155534429
417 0.103542130510305
418 0.103227072639902
419 0.102988201895131
420 0.103714576484979
421 0.103794675431331
422 0.104651197599285
423 0.105744162339795
424 0.106045162164985
425 0.105738014096974
426 0.106137755421206
427 0.10698761856627
428 0.106569647855987
429 0.106822564792413
430 0.107536711824611
431 0.108200878606074
432 0.108615267730419
433 0.109139403172606
434 0.109659495797804
435 0.109901447035876
436 0.110032916196513
437 0.110603042194901
438 0.111441694896368
439 0.111494527925241
440 0.11174984157515
441 0.112036637473412
442 0.11210108159066
443 0.112291373384877
444 0.112901067729328
445 0.113626687269782
446 0.1139097797383
447 0.114583940709849
448 0.115074501750788
449 0.115075755745252
450 0.114958988180584
451 0.115283449938139
452 0.115796241337911
453 0.116120640494675
454 0.116711669028386
455 0.116983072399159
456 0.117038553240107
457 0.117538943263889
458 0.11771815161393
459 0.117825409673972
460 0.11812824090654
461 0.11852700754989
462 0.118991342201474
463 0.119353149960691
464 0.119468746426173
465 0.119688121659054
466 0.120145534733765
467 0.120612056882513
468 0.120454511514461
469 0.120757587777228
470 0.121279592432132
471 0.121598601770571
472 0.12187719654019
473 0.122153384460424
474 0.122524352875484
475 0.123060840847178
476 0.123105626277798
477 0.12307418531447
478 0.123328003669625
479 0.12388714834859
480 0.1241458378736
481 0.124365456795304
482 0.124946873862773
483 0.125110216079641
484 0.12558284708045
485 0.126319518085846
486 0.126381811546455
487 0.126777770700554
488 0.12718040248518
489 0.127285884965043
490 0.127821627907921
491 0.128113019860481
492 0.128267247420033
493 0.128810691442368
494 0.129315288518076
495 0.129720862179729
496 0.130076540841265
497 0.130523738847634
498 0.131159730658902
499 0.131815011419361
500 0.132254866599891
501 0.132450734354951
502 0.132779407891685
503 0.133322227578707
504 0.133824603812242
505 0.13433600443716
506 0.134800395534819
507 0.135205215926258
508 0.135737565626771
509 0.136157457921451
510 0.136480419060512
511 0.13688543881855
512 0.13739054858141
513 0.137926172809468
514 0.13844712983862
515 0.13898987096972
516 0.139487073698614
517 0.139942420835191
518 0.140395894232298
519 0.140922431386444
520 0.141407242539609
521 0.141849915276677
522 0.142403724156578
523 0.142826696793319
524 0.143323283402065
525 0.144036190222394
526 0.144457557755155
527 0.144974543235724
528 0.145604017420334
529 0.146085010304502
530 0.146636921798082
531 0.147196557780647
532 0.147695406665222
533 0.148145373240103
534 0.148655073536935
535 0.149268707232107
536 0.149961972883095
537 0.150478709850834
538 0.151017444243959
539 0.151638630995044
540 0.15211903065107
541 0.152674820770391
542 0.153303845160106
543 0.153934672303836
544 0.154516958829861
545 0.155039231376054
546 0.155556479266174
547 0.156181525167881
548 0.156828934921143
549 0.157507176078156
550 0.158237726101071
551 0.159024658043952
552 0.159849788353145
553 0.160621083957144
554 0.161225302954608
555 0.16189578103092
556 0.162536736959046
557 0.163111336143092
558 0.163815565003729
559 0.16448128257953
560 0.165119068926549
561 0.165779960213504
562 0.166286559337788
563 0.166781935052215
564 0.16730071905225
565 0.167695805230666
566 0.168059317351993
567 0.168362738368304
568 0.168623298594178
569 0.169146254216216
570 0.169957131402628
571 0.170966825942029
572 0.171989272920567
573 0.173000492358844
574 0.173871248605084
575 0.174574648601199
576 0.175419256626423
577 0.176099216899803
578 0.176583691110398
579 0.177010063133022
580 0.177409864348933
581 0.177771563294202
582 0.178052887628534
583 0.178150340833709
584 0.178315560810488
585 0.178610626179185
586 0.179014336572702
587 0.17949232612589
588 0.180021054791149
589 0.180619672848294
590 0.181358190244556
591 0.182030650071237
592 0.182692603924576
593 0.183423473294289
594 0.184104742351774
595 0.184750164499551
596 0.185340159460387
597 0.185835240453421
598 0.186362287834682
599 0.186860080257307
600 0.187278293929554
601 0.18768412153883
602 0.188029981845765
603 0.188322195510641
604 0.188603337359407
605 0.188964093501835
606 0.189326049928179
607 0.189670956906133
608 0.190115643342605
609 0.190629562548262
610 0.191125729985953
611 0.191538081052995
612 0.19202550937577
613 0.192508588775555
614 0.192987310475933
615 0.193563875345425
616 0.194087346099734
617 0.194545921414453
618 0.194971372697379
619 0.195405940544058
620 0.195895662989012
621 0.196443802187639
622 0.197011562324188
623 0.197445377419969
624 0.197890980996275
625 0.198443657550815
626 0.198972498485246
627 0.199429748099919
628 0.199874266618971
629 0.200402670115799
630 0.20093647086395
631 0.201469982569233
632 0.201999227110967
633 0.202512091950628
634 0.20301628946749
635 0.203503733055217
636 0.203975897811636
637 0.204493801773625
638 0.205024107560168
639 0.205559223106984
640 0.20611973882844
641 0.206680108506096
642 0.207221343969985
643 0.20773855183653
644 0.20826725008403
645 0.208781532273408
646 0.209315473107995
647 0.209925284254698
648 0.210483488099745
649 0.21105792521978
650 0.211670613047376
651 0.212196639330448
652 0.21274436560375
653 0.213291582983077
654 0.213793502086208
655 0.214375367920092
656 0.214951162588436
657 0.215514043428957
658 0.216169254416313
659 0.216793231047865
660 0.217386819233187
661 0.217975105870821
662 0.218543356758779
663 0.2191403990355
664 0.219761713989372
665 0.220360709105358
666 0.220926197344081
667 0.221522580030956
668 0.222173707794052
669 0.222778995038271
670 0.223422287980935
671 0.22404650263818
672 0.224574997971212
673 0.225235042609813
674 0.225941976826058
675 0.226603873376888
676 0.227154687176266
677 0.227819168835046
678 0.228517681294914
679 0.229130533829722
680 0.229759393888944
681 0.230409824489405
682 0.231084964875778
683 0.231784207028131
684 0.232428726774053
685 0.233066155293397
686 0.233738419368332
687 0.234418258360154
688 0.235067114528309
689 0.23574815472807
690 0.236533996743676
691 0.237183091416422
692 0.237818534253822
693 0.238522807175236
694 0.239274763784816
695 0.239936424532084
696 0.24058854631304
697 0.241330613345551
698 0.242058597291465
699 0.242749750885326
700 0.243438004259881
701 0.244198089760034
702 0.245012804560275
703 0.245745000995573
704 0.246360389311164
705 0.247111465026309
706 0.247871751275265
707 0.24860830215518
708 0.249326127562678
709 0.25003693187875
710 0.250757317349323
711 0.251487497065596
712 0.252205877723416
713 0.253003816647965
714 0.253865876562812
715 0.254718207684649
716 0.255384243399551
717 0.256094949043367
718 0.256886868193773
719 0.257655782815711
720 0.258457179493911
721 0.259211768560664
722 0.25992569448865
723 0.260820645828971
724 0.26167572419305
725 0.262459786105906
726 0.263207930733896
727 0.263884923399548
728 0.264712006619417
729 0.265656992958681
730 0.266424447766384
731 0.26717573509773
732 0.267932650655401
733 0.268698888017493
734 0.269508285891215
735 0.270273435182978
736 0.271008087256699
737 0.271776431246289
738 0.272585132656067
739 0.273388382285206
740 0.274181145623469
741 0.275023924708645
742 0.275830528125238
743 0.276623681499444
744 0.277442556578864
745 0.278282520720846
746 0.279081890082834
747 0.279861615853755
748 0.280696157101444
749 0.281555507407856
750 0.282404948898196
751 0.283228865241077
752 0.284047839497662
753 0.284858548674403
754 0.285656069047562
755 0.286438889502367
756 0.287207050604973
757 0.288067988539594
758 0.288945803437938
759 0.289642187674608
760 0.290504906037309
761 0.291390802019176
762 0.292200658959278
763 0.29310633677879
764 0.293910652965544
765 0.294691488910245
766 0.295574913568452
767 0.296401653007834
768 0.297146547883511
769 0.29785175258056
770 0.298615374769693
771 0.29946935678932
772 0.300451049902122
773 0.301505736035897
774 0.302396705190745
775 0.303110393657168
776 0.303820676346929
777 0.304701448424013
778 0.305451192518896
779 0.306241933343309
780 0.307106979409209
781 0.307932963721702
782 0.308782139063469
783 0.309621445687595
784 0.310441507294988
785 0.311324777310455
786 0.312145672889985
787 0.312940240091772
788 0.313784495812398
789 0.314627427879183
790 0.315489466787216
791 0.316347456001356
792 0.31715076811585
793 0.318045940651595
794 0.318905837543564
795 0.319677916552155
796 0.320551638315988
797 0.321366296055827
798 0.322182700063099
799 0.323090677154512
800 0.323973411886544
801 0.324844721095351
802 0.325691826443253
803 0.326489413165261
804 0.32730666628487
805 0.328144850220299
806 0.329002478387209
807 0.329891307130567
808 0.330751437377679
809 0.331606702067935
810 0.332467442781651
811 0.33320556531065
812 0.334012323553585
813 0.334872162918258
814 0.335664462297973
815 0.336465809831095
816 0.337295335973464
817 0.338178346025052
818 0.339143110363475
819 0.340057370339925
820 0.340886003185497
821 0.34164852313944
822 0.342426648133956
823 0.343175325071156
824 0.343926809855846
825 0.344735956479665
826 0.345618364689192
827 0.346499380154195
828 0.347353986625085
829 0.348204672571867
830 0.349073088595705
831 0.349893652500843
832 0.350659090670159
833 0.351469559082901
834 0.352347775466778
835 0.353222870405033
836 0.354030646396488
837 0.354802143089291
838 0.355641670274134
839 0.356522742517043
840 0.357358593900778
841 0.35813764588095
842 0.358965599038663
843 0.359826556055842
844 0.360603186825209
845 0.361437600966052
846 0.362251923507652
847 0.363028727262215
848 0.363903914619751
849 0.364711522563445
850 0.365469316923549
851 0.366252892778708
852 0.367162029589926
853 0.367966278322002
854 0.368710104189807
855 0.369548521695731
856 0.370471616764745
857 0.371328855213301
858 0.372099884003309
859 0.372879585427701
860 0.373669023118335
861 0.374507293710623
862 0.375386695682458
863 0.376236209358259
864 0.377189619773416
865 0.378056123140379
866 0.378721243499854
867 0.379422935550172
868 0.380200987878824
869 0.381044622599362
870 0.381912784469293
871 0.382783548931237
872 0.383580395674779
873 0.38434296122444
874 0.38516019577246
875 0.385927746227371
876 0.38684484384115
877 0.387870685307637
878 0.388729196876236
879 0.389460639431548
880 0.390207901573491
881 0.391035740473815
882 0.391863794161277
883 0.392542933671803
884 0.393220898965389
885 0.394030005624631
886 0.394886938115771
887 0.395814094268714
888 0.396778099810852
889 0.397713326673301
890 0.398513738485089
891 0.399268069602434
892 0.400051206587739
893 0.400900909417885
894 0.401736068935955
895 0.402523487697366
896 0.403323016973235
897 0.404219865356431
898 0.404935259488233
899 0.405716197707961
900 0.406611290148328
901 0.407410578484744
902 0.408259946306045
903 0.409075722920723
904 0.409860737600471
905 0.410788865500042
906 0.41169092763168
907 0.412451440037724
908 0.413117191865948
909 0.414033174786057
910 0.414870234027676
911 0.415707363578884
912 0.416629235016205
913 0.417372051839625
914 0.418192137049125
915 0.419017522343842
916 0.419740793356142
917 0.420614466464885
918 0.421482723187417
919 0.422324686148309
920 0.423199430711017
921 0.424201512508426
922 0.424999457621603
923 0.425639962603884
924 0.426411075112592
925 0.427326512938331
926 0.428259502290059
927 0.429137802277174
928 0.429957376226594
929 0.430719458640562
930 0.43152549731988
931 0.432411033043368
932 0.433313168086555
933 0.433994369265439
934 0.434766288093625
935 0.435745099744311
936 0.436710512237914
937 0.437515984605187
938 0.438305083837494
939 0.439140350563829
940 0.439900961740803
941 0.440822445751986
942 0.441763150232479
943 0.442603251127046
944 0.443388183792133
945 0.444019622227009
946 0.444674798892888
947 0.445531216998548
948 0.446637409352041
949 0.447505825381477
950 0.448338321762318
951 0.4493096090673
952 0.450178509419752
953 0.450988731195593
954 0.451729852417348
955 0.45247114064042
956 0.453461272997042
957 0.454190334161347
958 0.45487696809831
959 0.455744491545557
960 0.456546061616377
961 0.457254350686836
962 0.457952640132562
963 0.45869878736316
964 0.459393127572156
965 0.460252679480577
966 0.461162460132945
967 0.462009470866252
968 0.46293092690527
969 0.463783926409513
970 0.464666876501743
971 0.465654774572454
972 0.466612452747364
973 0.467420412676666
974 0.468213227289841
975 0.46910879591966
976 0.470017944594971
977 0.470711104401138
978 0.471182735807217
979 0.471655653200104
980 0.472621140670394
981 0.473342843378928
982 0.474003381609531
983 0.474853999668249
984 0.475808926529468
985 0.476746892376579
986 0.477741399820252
987 0.478737546616491
988 0.479419107837659
989 0.480047983825769
990 0.480665046994357
991 0.481397693119543
992 0.482503986298584
993 0.483539909827584
994 0.484306638617056
995 0.484840370213415
996 0.485403186840788
997 0.486197399810514
998 0.487040514804736
999 0.487836188437409
1000 0.488643020485944
1001 0.483828064414052
1002 0.484582214885455
1003 0.485190044475059
1004 0.485899748972725
1005 0.486698561183633
1006 0.487432842864693
1007 0.488135164822504
1008 0.488897418064596
1009 0.489654969096338
1010 0.490325819873341
1011 0.490953853378281
1012 0.491624281001788
1013 0.492294308701542
1014 0.492956717957483
1015 0.493684909782675
1016 0.494511859678569
1017 0.495321344608738
1018 0.49620489868619
1019 0.496977708424949
1020 0.497745980436501
1021 0.498420618328497
1022 0.499015441295186
1023 0.499707337741158
1024 0.500486226618573
1025 0.501265730296591
1026 0.502062925266367
1027 0.502795465877272
1028 0.503444226018963
1029 0.504151216242589
1030 0.504963033517469
1031 0.505759514974323
1032 0.506575361078454
1033 0.507449416867268
1034 0.508318243802685
1035 0.509158464854221
1036 0.510062792086064
1037 0.510985835914859
1038 0.511826026707438
1039 0.512726358460542
1040 0.513645444470361
1041 0.514480973440162
1042 0.515278020716052
1043 0.516052899943502
1044 0.516864906746421
1045 0.51773076783338
1046 0.518575402867092
1047 0.519384869745534
1048 0.520184880143071
1049 0.520891363117126
1050 0.521584757326462
1051 0.522321420949492
1052 0.52306171336077
1053 0.5238679015293
1054 0.524718463995967
1055 0.5255127136185
1056 0.52623413010887
1057 0.526893281294683
1058 0.527477418183819
1059 0.528090656103009
1060 0.528752717286346
1061 0.52938052394009
1062 0.529991423562225
1063 0.530582854374587
1064 0.531147807294875
1065 0.531721349520414
1066 0.532292327299235
1067 0.532812643404963
1068 0.533297371317704
1069 0.533722219734817
1070 0.534130779068661
1071 0.534560218626019
1072 0.535017555374809
1073 0.535544275707876
1074 0.536047743828642
1075 0.536507719712288
1076 0.536917965530506
1077 0.53729319174248
1078 0.537582630829897
1079 0.53787798525182
1080 0.53818093423861
1081 0.538527271633891
1082 0.538890053088018
1083 0.539240795876645
1084 0.539583605147638
1085 0.539837393859536
1086 0.540123044123914
1087 0.540462554690956
1088 0.540803257430893
1089 0.541153902943844
1090 0.541428770095808
1091 0.54171909436931
1092 0.541972817235697
1093 0.542262532853612
1094 0.542549495919658
1095 0.542866991149211
1096 0.543269000993537
1097 0.543603749798205
1098 0.543985194693287
1099 0.544464645333418
1100 0.54485960922926
1101 0.545260452783682
1102 0.545722260817837
1103 0.546094378089879
1104 0.546493724052595
1105 0.54695774722639
1106 0.547394692644517
1107 0.547795108233496
1108 0.548278003713227
1109 0.548807674993628
1110 0.549306710675782
1111 0.54984881287722
1112 0.550424042401856
1113 0.551015698075914
1114 0.55155607226736
1115 0.552133567538989
1116 0.552765789152758
1117 0.553338438718526
1118 0.553979878626077
1119 0.554677733630121
1120 0.555347734415276
1121 0.556018675684828
1122 0.556737447637466
1123 0.557395591939194
1124 0.55795603182613
1125 0.558634049011359
1126 0.559352722437327
1127 0.560097977072399
1128 0.560808857207885
1129 0.561521721768239
1130 0.562224088503415
1131 0.562862578201004
1132 0.563542974688632
1133 0.564238652945964
1134 0.564872231050682
1135 0.565507193685655
1136 0.566196607443449
1137 0.566922588761102
1138 0.567665781593421
1139 0.568467130979883
1140 0.569218438702117
1141 0.569976956302675
1142 0.570730008834832
1143 0.571471132114062
1144 0.572187257191236
1145 0.572914256497299
1146 0.573575970246832
1147 0.574253093989787
1148 0.574938029277695
1149 0.575612416542609
1150 0.576332425061413
1151 0.576996588834866
1152 0.577669301615299
1153 0.578354860757148
1154 0.579069357719944
1155 0.579733358840613
1156 0.580391289988939
1157 0.581022541864953
1158 0.581601649013824
1159 0.582204892328199
1160 0.582781801117078
1161 0.583429935998858
1162 0.584072478806013
1163 0.584717771783228
1164 0.585372558950274
1165 0.585950170339563
1166 0.586523207474911
1167 0.587078726946881
1168 0.5875954985053
1169 0.588150688294752
1170 0.58866700588502
1171 0.589150189608843
1172 0.589644295078776
1173 0.5901100583408
1174 0.59061049952017
1175 0.591136673195456
1176 0.59163506114759
1177 0.592194222848895
1178 0.592663396709643
1179 0.593042289090793
1180 0.59344931903963
1181 0.593892721503539
1182 0.594288397247586
1183 0.594691969524478
1184 0.59513135453779
1185 0.595576970282486
1186 0.595979826219966
1187 0.596392101949195
1188 0.596829310366812
1189 0.597269961289979
1190 0.597709348144241
1191 0.598108883544266
1192 0.598546742629739
1193 0.598906471126377
1194 0.599171317104231
1195 0.599462982727736
1196 0.599712486280919
1197 0.600006268390591
1198 0.60030843771693
1199 0.600625292441877
1200 0.600985645155434
1201 0.601314394421319
1202 0.601668827910052
1203 0.602083279689005
1204 0.602471012586225
1205 0.602896556836622
1206 0.60327761988897
1207 0.603625258967714
1208 0.603977695671559
1209 0.604311665420518
1210 0.604658638219025
1211 0.605008485959296
1212 0.605367349920437
1213 0.605719116392649
1214 0.606101055185799
1215 0.606522355645105
1216 0.6069111065909
1217 0.607294080676897
1218 0.607697274929336
1219 0.60807439329827
1220 0.608424214024943
1221 0.608778936295867
1222 0.609118007825369
1223 0.609496145551902
1224 0.609881581733089
1225 0.610277490137953
1226 0.610687351836482
1227 0.611132388439384
1228 0.611595728306735
1229 0.612053326527142
1230 0.612613769683541
1231 0.613049369515937
1232 0.613372801360789
1233 0.613758814887034
1234 0.614097077732004
1235 0.614470115515544
1236 0.614878819656126
1237 0.615335063796186
1238 0.615726903960671
1239 0.616119927922086
1240 0.616522124643
1241 0.616904144959705
1242 0.61732422991974
1243 0.617792112509153
1244 0.61820285599731
1245 0.618609540051787
1246 0.619011279839238
1247 0.619352932906615
1248 0.619754998386204
1249 0.620174091614094
1250 0.620624052542934
1251 0.621102930965073
1252 0.621608272633953
1253 0.622167055947593
1254 0.622710717546517
1255 0.623282724227221
1256 0.623834914199113
1257 0.624397409143455
1258 0.624918502380032
1259 0.625429586085109
1260 0.625911321795251
1261 0.626432455416592
1262 0.626939795725489
1263 0.627485507485207
1264 0.628090649041261
1265 0.628638320161391
1266 0.629175369157354
1267 0.629702767051799
1268 0.630202420250612
1269 0.630709285722589
1270 0.631218074856687
1271 0.631715890034015
1272 0.632245489885435
1273 0.632695714187237
1274 0.633099485445604
1275 0.633487679846853
1276 0.633820733154868
1277 0.634133007474865
1278 0.634424095395714
1279 0.634705999772097
1280 0.634964110304469
1281 0.635199811422473
1282 0.635382020366904
1283 0.635527770930558
1284 0.635678652938588
1285 0.635774071630906
1286 0.635890983740051
1287 0.636051236313625
1288 0.636141537427246
1289 0.63621161113723
1290 0.636225077777563
1291 0.636199858486819
1292 0.636130239148727
1293 0.635969203488023
1294 0.635845218370823
1295 0.635707849213594
1296 0.635562880785957
1297 0.635434266486069
1298 0.635283384107932
1299 0.635118281227972
1300 0.634920223914338
1301 0.634738191081075
1302 0.634560070676258
1303 0.63435361731042
1304 0.634127034599001
1305 0.63391946425127
1306 0.63368428334791
1307 0.633497732250866
1308 0.633356366031234
1309 0.63318498662573
1310 0.63299612399484
1311 0.632856584320466
1312 0.632698161268023
1313 0.632613332202746
1314 0.632615525856659
1315 0.632592535758194
1316 0.632585992756476
1317 0.632597443744255
1318 0.632611991336193
1319 0.63264348074227
1320 0.632675882211251
1321 0.632759091792627
1322 0.632857814794403
1323 0.632991955298071
1324 0.633185101101563
1325 0.633438087341864
1326 0.633710512585667
1327 0.634033620552329
1328 0.634347575076729
1329 0.634685623158284
1330 0.6350302712904
1331 0.63537570084819
1332 0.635746237306242
1333 0.636130608544577
1334 0.636543402344055
1335 0.636980419840669
1336 0.63742717478312
1337 0.637898539071345
1338 0.638379045291376
1339 0.638865965337608
1340 0.639371064297637
1341 0.639912690449643
1342 0.640436498785954
1343 0.640951360360368
1344 0.641486407887417
1345 0.642029101827611
1346 0.642570865475772
1347 0.643129494007312
1348 0.643694150059182
1349 0.644247318174516
1350 0.644798129928383
1351 0.645332900034062
1352 0.645870306788949
1353 0.64638285132599
1354 0.646878618959476
1355 0.647359060017524
1356 0.647782094992534
1357 0.648295759979481
1358 0.648808259873051
1359 0.649389454758292
1360 0.650069094537433
1361 0.650717781076165
1362 0.651427849770988
1363 0.652053385435318
1364 0.652659224704709
1365 0.653225200903558
1366 0.653729831259395
1367 0.654216785085329
1368 0.654671004616503
1369 0.655114838136821
1370 0.655522037613942
1371 0.655924909421697
1372 0.656337122777166
1373 0.656736069679216
1374 0.657013932123372
1375 0.657299021524512
1376 0.657482192744298
1377 0.657560043894793
1378 0.657646413379507
1379 0.657655724407736
1380 0.657748731090719
1381 0.65785770701658
1382 0.657939995987456
1383 0.658101913521207
1384 0.658128231977672
1385 0.658108724179833
1386 0.657989959960849
1387 0.657799776543019
1388 0.657526214517904
1389 0.65717469123232
1390 0.656726683101401
1391 0.656156004639004
1392 0.655583105908331
1393 0.654899540146613
1394 0.654251300866758
1395 0.653608166927632
1396 0.652949659493934
1397 0.652334876322122
1398 0.65161482165603
1399 0.650821695056062
1400 0.650024532981375
1401 0.649150181311595
1402 0.648290385905652
1403 0.647398363289256
1404 0.646476948671395
1405 0.645547112028774
1406 0.644542392596455
1407 0.643625656312651
1408 0.642731170596633
1409 0.641877723704729
1410 0.641013403962437
1411 0.640299423130659
1412 0.639596689812143
1413 0.639117852913203
1414 0.638748832781397
1415 0.638596487245487
1416 0.638611851330174
1417 0.638806952687128
1418 0.639259643989846
1419 0.639731514372026
1420 0.6404031280373
1421 0.641024049291211
1422 0.641718838345126
1423 0.642362756933614
1424 0.643023910777741
1425 0.643636626534807
1426 0.644213400148101
1427 0.644774349229627
1428 0.645311044310469
1429 0.645820039094524
1430 0.64629433335453
1431 0.646768268101108
1432 0.647221497863298
1433 0.64766631013511
1434 0.648093068428331
1435 0.648526634465909
1436 0.6489723912375
1437 0.64940415770632
1438 0.649868752848692
1439 0.650383592752026
1440 0.650823162697748
1441 0.651249775187433
1442 0.651655916033746
1443 0.652007531977261
1444 0.652400310510856
1445 0.652786407784353
1446 0.653211049797032
1447 0.653672282969101
1448 0.654102588537723
1449 0.654573503844092
1450 0.654976774449921
1451 0.655343437002688
1452 0.655684950964655
1453 0.655968180011689
1454 0.656274971613624
1455 0.656557095358153
1456 0.656861720254716
1457 0.657196277300103
1458 0.657508459975839
1459 0.657802021148742
1460 0.658117391915563
1461 0.658405080149616
1462 0.658750124865113
1463 0.659145475775157
1464 0.659537929790052
1465 0.660005141274496
1466 0.660405328823445
1467 0.660764892183543
1468 0.661131420084982
1469 0.661464445929832
1470 0.661774701761387
1471 0.662176520345549
1472 0.662587831290468
1473 0.662994745128262
1474 0.663458740755828
1475 0.663922250334855
1476 0.664386952743624
1477 0.66487221643913
1478 0.665416469238997
1479 0.665877757300486
1480 0.666292580202833
1481 0.66675934345356
1482 0.667221356220213
1483 0.667668153296399
1484 0.668149939650842
1485 0.66858978611407
1486 0.668967791040458
1487 0.669398532105273
1488 0.669842102689929
1489 0.670301787583204
1490 0.670801304501045
1491 0.67124725487842
1492 0.671697554754951
1493 0.672119737777706
1494 0.672489215001587
1495 0.672876925806485
1496 0.673249237656101
1497 0.673641944308792
1498 0.674030758182137
1499 0.674445296013527
1500 0.674903871249483
1501 0.675332639250017
1502 0.675775327034581
1503 0.676182939783587
1504 0.676538770578334
1505 0.676929405109463
1506 0.677345342634928
1507 0.677720129321178
1508 0.678091811100176
1509 0.678452639356381
1510 0.678766713916742
1511 0.679090490347264
1512 0.679427602075269
1513 0.679753356871177
1514 0.680042716043551
1515 0.68036586629088
1516 0.680706148443059
1517 0.681047091605874
1518 0.681428074942071
1519 0.681836965881265
1520 0.682179134379253
1521 0.682483039778609
1522 0.68281509718098
1523 0.683108881789952
1524 0.683440404965559
1525 0.683820953167348
1526 0.684152024622312
1527 0.684443628397323
1528 0.684780827082631
1529 0.685139275717122
1530 0.68546985312019
1531 0.685818036382806
1532 0.686134375520872
1533 0.686417509705086
1534 0.686698358402491
1535 0.686966099948365
1536 0.687244337664465
1537 0.687508237054835
1538 0.687784303294641
1539 0.688057840933089
1540 0.68836867708996
1541 0.68869368655978
1542 0.689030177582975
1543 0.68943534190526
1544 0.689760316697586
1545 0.690069121352203
1546 0.690329511394655
1547 0.69050081071761
1548 0.690742603572386
1549 0.690976975505456
1550 0.691233976618528
1551 0.691537229313978
1552 0.691825164589157
1553 0.692140561553477
1554 0.692390946138404
1555 0.692654180523872
1556 0.692832577420294
1557 0.692861760758372
1558 0.693007396478933
1559 0.693108661113714
1560 0.693328463917311
1561 0.693673492461919
1562 0.694007296288967
1563 0.694446508968463
1564 0.694796060419317
1565 0.695148874720794
1566 0.695434969726129
1567 0.69562086461735
1568 0.695840490120002
1569 0.696014586868119
1570 0.696229558847277
1571 0.696465143445731
1572 0.696717783730335
1573 0.696994385207876
1574 0.697280042360365
1575 0.69758454872611
1576 0.697895322268428
1577 0.698250391972487
1578 0.698553058235238
1579 0.698849964935835
1580 0.699114180687231
1581 0.699328541526328
1582 0.699532891396069
1583 0.699683604565532
1584 0.699878383431525
1585 0.70005591264661
1586 0.700278491913196
1587 0.700545208258588
1588 0.700838318489456
1589 0.701226821613557
1590 0.701531945678922
1591 0.701861109427761
1592 0.702105277963396
1593 0.70218136320108
1594 0.702339740883704
1595 0.702482220222854
1596 0.702657369561177
1597 0.702884616704652
1598 0.703136718444563
1599 0.703433045669477
1600 0.703709869481604
1601 0.704023959694854
1602 0.704286863858675
1603 0.704415255620113
1604 0.704552175170833
1605 0.704760272830928
1606 0.704938504877714
1607 0.705219697712971
1608 0.705619893090555
1609 0.705936839105679
1610 0.706249652727847
1611 0.706577267940974
1612 0.7069255328982
1613 0.70718446078885
1614 0.707417762774324
1615 0.707653291855053
1616 0.707811063020572
1617 0.708047794891828
1618 0.708345482998186
1619 0.708582781241926
1620 0.708801975681883
1621 0.709029103674073
1622 0.7092425730132
1623 0.709466502495847
1624 0.709681898129549
1625 0.709955416581008
1626 0.710258513073924
1627 0.710537880189506
1628 0.71087075196904
1629 0.711107440315645
1630 0.71127514518003
1631 0.71148565524181
1632 0.711681569510469
1633 0.711884896922991
1634 0.712092348945624
1635 0.712319482093582
1636 0.712541307849637
1637 0.712773612900365
1638 0.713037598234235
1639 0.713290387603802
1640 0.7135324852836
1641 0.713791045020785
1642 0.714060037364905
1643 0.714328993674064
1644 0.7146109186207
1645 0.714868903131184
1646 0.71512819071908
1647 0.715376259006877
1648 0.715591554810302
1649 0.715833399348135
1650 0.716092233156927
1651 0.716331980124573
1652 0.716576783327714
1653 0.716809598179721
1654 0.717026854643112
1655 0.717272509263711
1656 0.71745836648967
1657 0.71769672195925
1658 0.717953998980246
1659 0.718250673623352
1660 0.718635348598231
1661 0.718999200515372
1662 0.719304602376987
1663 0.719598978242194
1664 0.719849917762424
1665 0.720098500564324
1666 0.720413394165597
1667 0.720676608983069
1668 0.720939223217326
1669 0.721229322023865
1670 0.721444365970899
1671 0.721634981471682
1672 0.72184315986341
1673 0.722026565716157
1674 0.722252698229432
1675 0.722558965562948
1676 0.722862664796138
1677 0.723211396163733
1678 0.723573216051128
1679 0.723865301643826
1680 0.724134042531681
1681 0.72435109041682
1682 0.724541057248249
1683 0.724786211244626
1684 0.725077157450077
1685 0.725378915884843
1686 0.725678487568744
1687 0.726063469643673
1688 0.726510044003691
1689 0.726924563137446
1690 0.727348644244461
1691 0.727701588423686
1692 0.727911230077361
1693 0.728163957493441
1694 0.72843187355878
1695 0.728590625932786
1696 0.728776168164365
1697 0.729002784027513
1698 0.729259927902841
1699 0.72961470894254
1700 0.72988774564246
1701 0.73009718820377
1702 0.730293513878793
1703 0.73042713828699
1704 0.730606500824457
1705 0.730790669317455
1706 0.730993473850098
1707 0.731234660339938
1708 0.731475091405669
1709 0.731712228948681
1710 0.73195238002839
1711 0.732228498444778
1712 0.732453583532761
1713 0.732702419728683
1714 0.732880514098333
1715 0.732954152558513
1716 0.733070869840578
1717 0.733121961945085
1718 0.73324234832046
1719 0.733471080138573
1720 0.7336129959689
1721 0.733724144073272
1722 0.733858063007655
1723 0.733954980207763
1724 0.734037018662245
1725 0.73414063417842
1726 0.734265300628874
1727 0.734328071288064
1728 0.73449027295522
1729 0.73475804991954
1730 0.734950918708244
1731 0.735177507313477
1732 0.735342657832943
1733 0.735452205752511
1734 0.735567603216529
1735 0.735659929395853
1736 0.735726806673726
1737 0.735721825057741
1738 0.73583134710189
1739 0.735956430401774
1740 0.736201044314553
1741 0.736517904151951
1742 0.736947995604628
1743 0.737330448533214
1744 0.73767675930278
1745 0.738010500560929
1746 0.738162236909966
1747 0.738260338907797
1748 0.738369501083838
1749 0.738382025327486
1750 0.738412161372959
1751 0.738522973912066
1752 0.738657495869888
1753 0.738923113602199
1754 0.739226917116046
1755 0.739402737991888
1756 0.739516902225607
1757 0.739614568701991
1758 0.739719879479294
1759 0.739870812833908
1760 0.740064772284099
1761 0.740261958730292
1762 0.740476947036261
1763 0.740665457456308
1764 0.740837639080569
1765 0.740934941958238
1766 0.740963136756816
1767 0.741113362666709
1768 0.741212677629705
1769 0.741344546659237
1770 0.741602422133324
1771 0.741754473745393
1772 0.741969183156555
1773 0.742107935254289
1774 0.742192072786209
1775 0.742277534362048
1776 0.742260547071996
1777 0.742399384017235
1778 0.742601826467528
1779 0.742731931645487
1780 0.742926855232586
1781 0.743166119508488
1782 0.743344189887953
1783 0.743628717734338
1784 0.74390255084384
1785 0.744076498105788
1786 0.744367442787521
1787 0.744726958483674
1788 0.745085654469506
1789 0.74552039805446
1790 0.745947226159564
1791 0.746320992088209
1792 0.746687932779916
1793 0.746966948703551
1794 0.747225948848949
1795 0.747612875151079
1796 0.747963928599818
1797 0.74827532880406
1798 0.748605197663028
1799 0.748852206112649
1800 0.749097996414006
1801 0.749161442863329
1802 0.749158133765578
1803 0.749410681448423
1804 0.749752218287605
1805 0.750080867606362
1806 0.750520536875297
1807 0.750858123148398
1808 0.751259027455848
1809 0.751476288253902
1810 0.751579101982961
1811 0.751625808923632
1812 0.751628667629319
1813 0.751644583779506
1814 0.751785230119889
1815 0.752021432569347
1816 0.752203743735706
1817 0.752425080512812
1818 0.752644626286061
1819 0.752940484069213
1820 0.752978623984649
1821 0.75310745520011
1822 0.753318740906702
1823 0.753277563114912
1824 0.753407537392407
1825 0.753499463052349
1826 0.753571301940737
1827 0.753586579879009
1828 0.753598443691555
1829 0.7535927531837
1830 0.753487489425853
1831 0.753519653241358
1832 0.753575161228659
1833 0.753613769586652
1834 0.75373041480833
1835 0.753745015881486
1836 0.753902576944826
1837 0.754218089850137
1838 0.754439316516603
1839 0.75469187753985
1840 0.754933876989965
1841 0.755126598887418
1842 0.755145864033498
1843 0.755134764180428
1844 0.755286053669741
1845 0.755325028188451
1846 0.755244092510538
1847 0.755165383184559
1848 0.755066108918111
1849 0.754865757116878
1850 0.754818116889509
1851 0.754789955999216
1852 0.754737944224976
1853 0.754718504826421
1854 0.754482253451547
1855 0.754284212950232
1856 0.75418556119304
1857 0.754080660696013
1858 0.753980993507099
1859 0.753989685039908
1860 0.753853916887905
1861 0.753553351161564
1862 0.753159889057989
1863 0.752538840011273
1864 0.751868014994732
1865 0.751251291002368
1866 0.750607561216144
1867 0.749933385779394
1868 0.749234920041617
1869 0.748598195306788
1870 0.747929456532615
1871 0.747127642413707
1872 0.746431614070778
1873 0.745586631383199
1874 0.744563925206432
1875 0.743566963385387
1876 0.74246908758395
1877 0.741209173358884
1878 0.739753938571322
1879 0.738155049629298
1880 0.736416233874647
1881 0.734458089959482
1882 0.732332220449291
1883 0.730149807969004
1884 0.72782141731978
1885 0.72517922940887
1886 0.722306571096955
1887 0.719345684678636
1888 0.716217760948197
1889 0.712856709654147
1890 0.709410725026961
1891 0.705921302910433
1892 0.702143019429926
1893 0.698173816709321
1894 0.694047087609398
1895 0.689707495640667
1896 0.685301801025955
1897 0.680812590631858
1898 0.676241651265341
1899 0.671869754918398
1900 0.667492563601615
1901 0.663365396214291
1902 0.659382393597751
1903 0.655631358153194
1904 0.652054092978164
1905 0.648804728431364
1906 0.645851357181081
1907 0.643137309657717
1908 0.640742851818797
1909 0.638668024299719
1910 0.636920582403957
1911 0.6355279202477
1912 0.63438802136746
1913 0.633614386367956
1914 0.632995166214772
1915 0.632577998828533
1916 0.632354576906833
1917 0.632256022957875
1918 0.632267359214396
1919 0.632415305261631
1920 0.632648764941768
1921 0.633009798495004
1922 0.633578746731293
1923 0.634119298802083
1924 0.634710644041058
1925 0.635405728684469
1926 0.636166035088803
1927 0.636943126595526
1928 0.637638412826287
1929 0.638219900021495
1930 0.638790510690037
1931 0.639337298417223
1932 0.640056803019565
1933 0.640990899847346
1934 0.641871195784963
1935 0.642829846646108
1936 0.643751171458002
1937 0.644572533065551
1938 0.645402006899626
1939 0.646262824998655
1940 0.64724139409542
1941 0.648281603498722
1942 0.649189608389366
1943 0.650093288662024
1944 0.650914624566978
1945 0.651771794545199
1946 0.652587400048174
1947 0.653493069078502
1948 0.654509413207267
1949 0.655393577787754
1950 0.656159744519165
1951 0.657073807880799
1952 0.657855069202124
1953 0.658514128671617
1954 0.659346283365109
1955 0.660271792253731
1956 0.661221284969703
1957 0.662281744011582
1958 0.663306507742636
1959 0.66437962657293
1960 0.665382860083521
1961 0.666451420957797
1962 0.667448407116904
1963 0.668556972397171
1964 0.669664037199978
1965 0.670651500573722
1966 0.671743716098536
1967 0.672758812488023
1968 0.673688619155341
1969 0.674669840063985
1970 0.675673469765514
1971 0.676659164909676
1972 0.677685391310278
1973 0.67863666712517
1974 0.679471439097066
1975 0.680286538770112
1976 0.681186454228443
1977 0.682201047097576
1978 0.683258060900902
1979 0.684539324763972
1980 0.685617645179988
1981 0.686684982480589
1982 0.687680523817472
1983 0.688525158626231
1984 0.689468223709226
1985 0.690459096563384
1986 0.691319533468218
1987 0.692157335148271
1988 0.693153948765219
1989 0.694200225250204
1990 0.695150454339224
1991 0.696201186088164
1992 0.697467028869074
1993 0.698527286212209
1994 0.699543012942716
1995 0.700486159790121
1996 0.701238674125849
1997 0.702083977062418
1998 0.702891903567592
1999 0.703771869484454
2000 0.704629667687822
2001 0.705626949384234
2002 0.706666326161227
2003 0.707780061919601
2004 0.708813941862577
2005 0.709954307839858
2006 0.711006057323028
2007 0.711923145438246
2008 0.712923253783966
2009 0.714068563945617
2010 0.714976767077406
2011 0.715740264261284
2012 0.716579676167336
2013 0.717256485483975
2014 0.71780215103576
2015 0.718472746790862
2016 0.719200353728069
2017 0.719853814490685
2018 0.720456752144744
2019 0.721150090499258
2020 0.721849828939145
2021 0.722594865214145
2022 0.72348788688778
2023 0.724257133309164
2024 0.725047631284097
2025 0.725679566636443
2026 0.726274207226255
2027 0.726729796075667
2028 0.727193554842283
2029 0.727743621028683
2030 0.728300709746464
2031 0.728865421346025
2032 0.729524311498396
2033 0.730302348214447
2034 0.730973405896463
2035 0.731656491762648
2036 0.732336299369142
2037 0.732975783085183
2038 0.73358819475374
2039 0.734204475264002
2040 0.734841712355253
2041 0.735393118462872
2042 0.735892738942221
2043 0.736437202890922
2044 0.73694206364695
2045 0.73756066673907
2046 0.738323824490111
2047 0.738907786211101
2048 0.739489679919144
2049 0.740028589593233
2050 0.740360943637777
2051 0.740838071613088
2052 0.741484305622479
2053 0.741984623480642
2054 0.742485731193073
2055 0.742885989245783
2056 0.743275042357487
2057 0.743536061847937
2058 0.743910362329216
2059 0.744311126836951
2060 0.744699892345855
2061 0.745159180635694
2062 0.745487565555304
2063 0.745679644980566
2064 0.746038936405929
2065 0.746350910417722
2066 0.746768303750485
2067 0.747374436727199
2068 0.747969101061007
2069 0.748460103706487
2070 0.748827545074755
2071 0.749177269216533
2072 0.749426781653429
2073 0.749693038475158
2074 0.749922019397146
2075 0.750152788437923
2076 0.750254458588203
2077 0.750545206306399
2078 0.750939903807679
2079 0.751348013973126
2080 0.751919999864154
2081 0.752397380517016
2082 0.752846329665208
2083 0.753269320412377
2084 0.753627718794874
2085 0.754028995378548
2086 0.7544346804121
2087 0.754815477989873
2088 0.755227410826805
2089 0.755705529015757
2090 0.75609712904059
2091 0.756398772760917
2092 0.756826114519608
2093 0.757297732783287
2094 0.757739047114507
2095 0.758391485058354
2096 0.758769782113292
2097 0.75892893450971
2098 0.759119274800806
2099 0.759152136370345
2100 0.759208571373146
2101 0.759388876180811
2102 0.759584298313764
2103 0.759825827123514
2104 0.76006032278059
2105 0.760489993027742
2106 0.76111029276659
2107 0.761589926422865
2108 0.762169944218734
2109 0.762686572163431
2110 0.763033004189706
2111 0.763490335716352
2112 0.764204971307113
2113 0.764606239343849
2114 0.764735990598575
2115 0.765059877495848
2116 0.765322855611332
2117 0.765609061930962
2118 0.76595558927087
2119 0.766209576198866
2120 0.766569326394012
2121 0.766769447546081
2122 0.767230735413217
2123 0.767998171741729
2124 0.768550944868796
2125 0.769211328009963
2126 0.769617678087138
2127 0.769758696664499
2128 0.770059083440809
2129 0.770263257377259
2130 0.770507457580778
2131 0.770963770864957
2132 0.771235292045155
2133 0.77140304107943
2134 0.771507549915152
2135 0.771536433749885
2136 0.771473416406716
2137 0.771464836013706
2138 0.771445261802792
2139 0.77137871139063
2140 0.771286406120831
2141 0.771228336203046
2142 0.77116577437486
2143 0.771047249222234
2144 0.771058716965736
2145 0.770801755681658
2146 0.770389870997551
2147 0.769857223718308
2148 0.76902325223275
2149 0.768339807073751
2150 0.767513004144175
2151 0.766883656460364
2152 0.766452759970402
2153 0.766031549721442
2154 0.765468897973583
2155 0.764957695888642
2156 0.764407010055202
2157 0.763723257806096
2158 0.763173478558162
2159 0.762701412420354
2160 0.762221852526294
2161 0.76188051868991
2162 0.761271690487968
2163 0.760563541521715
2164 0.759846816923345
2165 0.758883218753276
2166 0.758058996711254
2167 0.757291890466782
2168 0.756569067766234
2169 0.755833899502318
2170 0.75518032565137
2171 0.75476433508029
2172 0.754163292181853
2173 0.753518895191177
2174 0.752845789171821
2175 0.752038546995044
2176 0.750985249590876
2177 0.750135991786156
2178 0.749236147528833
2179 0.748559295510973
2180 0.748092399129625
2181 0.747498628000252
2182 0.747129482963636
2183 0.746367202539159
2184 0.745411859477354
2185 0.744356200149506
2186 0.742868489066793
2187 0.741739823361911
2188 0.740618689185563
2189 0.73964363250185
2190 0.739116852407092
2191 0.73822506018531
2192 0.737221403171258
2193 0.73618135412367
2194 0.734804103873296
2195 0.733592245556946
2196 0.732684165385496
2197 0.731742906224792
2198 0.730872254637286
2199 0.730217846775151
2200 0.729352974396658
2201 0.728445177531844
2202 0.727427200750901
2203 0.726186270375514
2204 0.725292154588156
2205 0.724253338925752
2206 0.723693041662599
2207 0.723597425318557
2208 0.723458492148465
2209 0.723405551720888
2210 0.723699504873741
2211 0.7241732541142
2212 0.72486308320896
2213 0.72615905314747
2214 0.727171271497414
2215 0.728209630407815
2216 0.729210992913428
2217 0.730289635990778
2218 0.730974762596736
2219 0.7318169936115
2220 0.732637660032551
2221 0.733498743920799
2222 0.734431788667463
2223 0.735093937413901
2224 0.735715756151616
2225 0.736199091074059
2226 0.736408654087989
2227 0.736681212201724
2228 0.736924817931401
2229 0.737163453467734
2230 0.737308498335419
2231 0.737467248468254
2232 0.73763332750434
2233 0.737843887771813
2234 0.737954501342532
2235 0.738243600824788
2236 0.73890929837389
2237 0.739124086823288
2238 0.739152166561651
2239 0.739224120991954
2240 0.739066680302459
2241 0.738891381969316
2242 0.738645921998825
2243 0.738559209967829
2244 0.738513042535591
2245 0.738335209291342
2246 0.738406700306036
2247 0.738515554571372
2248 0.73839239611464
2249 0.738330974939267
2250 0.738373281330533
2251 0.738518760807335
2252 0.738627080557213
2253 0.738778742586539
2254 0.738921353822667
2255 0.738979978652905
2256 0.739263791831176
2257 0.739828677483351
2258 0.740051554488418
2259 0.740262624388702
2260 0.740341983704768
2261 0.739985220874753
2262 0.740007359597565
2263 0.740455072029042
2264 0.740419949439379
2265 0.740141682553922
2266 0.740091145629121
2267 0.739719149990357
2268 0.739597905144129
2269 0.739886900863174
2270 0.740044157166104
2271 0.740186327988774
2272 0.740313752732168
2273 0.740490506138837
2274 0.740627272793553
2275 0.740837845960604
2276 0.74082513973846
2277 0.740803328678536
2278 0.740435148186109
2279 0.739881141507168
2280 0.739635274430728
2281 0.739739230943707
2282 0.739933976655345
2283 0.740113167865328
2284 0.740099139156429
2285 0.739912899848169
2286 0.739394751750191
2287 0.739014213651023
2288 0.738447031686818
2289 0.738252872623808
2290 0.73824168024337
2291 0.738220555031674
2292 0.738503514919927
2293 0.738428637272552
2294 0.738000500336594
2295 0.737986751822371
2296 0.738211863437393
2297 0.738151361849618
2298 0.738121602293262
2299 0.738184496963307
2300 0.738014050999795
2301 0.737974224368956
2302 0.738343274101854
2303 0.738322166539644
2304 0.737935928888203
2305 0.737732069070788
2306 0.737596966512411
2307 0.737332588026133
2308 0.737123351629486
2309 0.736682769484177
2310 0.735900487605843
2311 0.735332445259274
2312 0.73474753317614
2313 0.734202420219111
2314 0.733423611854459
2315 0.733208353441242
2316 0.733496388011236
2317 0.733515930314099
2318 0.734185563315012
2319 0.734332708449036
2320 0.734035388633316
2321 0.733276234033144
2322 0.733164514941871
2323 0.733083215445524
2324 0.733128330079427
2325 0.733320112474942
2326 0.733176664951306
2327 0.732988336375044
2328 0.732803427707297
2329 0.733035807720459
2330 0.732615228885944
2331 0.731773747098012
2332 0.731170281589834
2333 0.730129653614172
2334 0.7291015878865
2335 0.727999134408987
2336 0.727254270061809
2337 0.726445009614545
2338 0.72565588562531
2339 0.725219854402497
2340 0.724876454777756
2341 0.724349147307557
2342 0.724127897544955
2343 0.724496348275092
2344 0.724256652398223
2345 0.723692523300026
2346 0.723352657792632
2347 0.722834489775153
2348 0.722795488989229
2349 0.72315288418304
2350 0.723134822414799
2351 0.723354294183028
2352 0.723221721985356
2353 0.722670261865632
2354 0.722261766031149
2355 0.721652092856589
2356 0.721254108171333
2357 0.72109416029019
2358 0.720565476897596
2359 0.719873960454519
2360 0.719513421198618
2361 0.719010296705946
2362 0.718603373673059
2363 0.718516324626301
2364 0.718437008913047
2365 0.718025153976934
2366 0.718384244615656
2367 0.719745813930383
2368 0.72008977054631
2369 0.720657354642246
2370 0.720201164555545
2371 0.71842722524458
2372 0.717381999054563
2373 0.716214672509804
2374 0.714968842379753
2375 0.713484841586439
2376 0.712637414702266
2377 0.712375121284873
2378 0.711258416622802
2379 0.710178217481242
2380 0.709320206925788
2381 0.707370130966952
2382 0.706542313538421
2383 0.706832633492768
2384 0.706945236969062
2385 0.707414631459496
2386 0.707511250134613
2387 0.70773749019572
2388 0.707797789926001
2389 0.707708632932891
2390 0.707419957340231
2391 0.706893158214445
2392 0.706482870554837
2393 0.70556911916229
2394 0.705341963509954
2395 0.705999914708941
2396 0.705911949970697
2397 0.706013446388773
2398 0.705342411055501
2399 0.703615433501653
2400 0.702361770606581
2401 0.700459309834199
2402 0.699755677038192
2403 0.699953126701724
2404 0.699962667329806
2405 0.700568398353405
2406 0.700975905120791
2407 0.70153362282396
2408 0.701488479560858
2409 0.701886704176016
2410 0.700957135596319
2411 0.698135270353199
2412 0.696595548944358
2413 0.694945959692334
2414 0.693166557721326
2415 0.691764653902404
2416 0.69096589211159
2417 0.691062686763012
2418 0.689594113439222
2419 0.687140825941731
2420 0.686066159329186
2421 0.683936448175415
2422 0.682703060957353
2423 0.683658590320824
2424 0.684070624254128
2425 0.684210542423217
2426 0.683954863555264
2427 0.684361217435282
2428 0.684339221871011
2429 0.683648984441123
2430 0.682227658699483
2431 0.679960650185599
2432 0.678991676363569
2433 0.678167707522493
2434 0.675971511495279
2435 0.674267775617302
2436 0.67262253781695
2437 0.668581416922969
2438 0.666819889978304
2439 0.668108396517243
2440 0.667192517612644
2441 0.664954850439775
2442 0.665074290420206
2443 0.663485368765795
2444 0.662319684802168
2445 0.661510232324833
2446 0.659745759643571
2447 0.659811005527324
2448 0.660127968781469
2449 0.661093018275993
2450 0.663077036604302
2451 0.664764917436517
2452 0.665574449006019
2453 0.664415589848057
2454 0.663630849905907
2455 0.661616598520073
2456 0.659013577201788
2457 0.657731153946259
2458 0.65321044598938
2459 0.649769065351582
2460 0.65000372896224
2461 0.64819173930439
2462 0.646148734826128
2463 0.644498207707462
2464 0.642538832800007
2465 0.641588515568371
2466 0.643617068644517
2467 0.644476930649924
2468 0.643795621837521
2469 0.643578578894548
2470 0.646374452802491
2471 0.64504272840741
2472 0.639631386938815
2473 0.636848450305867
2474 0.632066236112078
2475 0.629735138896093
2476 0.631222221789979
2477 0.630818286147616
2478 0.629702545182001
2479 0.628686464907594
2480 0.627003975712929
2481 0.626433150879905
2482 0.627023603329626
2483 0.6273446347044
2484 0.628770436404906
2485 0.628792579314872
2486 0.626700546109237
2487 0.626523904137989
2488 0.627098298264305
2489 0.625818810682041
2490 0.625369567710697
2491 0.62552396768367
2492 0.622678604015971
2493 0.620648924390159
2494 0.61936752261685
2495 0.619198352421674
2496 0.619956103292085
2497 0.621195620463121
2498 0.624151901668158
2499 0.621880415498159
2500 0.618940508877696
