"Wavelength" "M007a_m4-w3"
350 0.0816948752125739
351 0.0867112762091432
352 0.0855610308895935
353 0.0808207320027171
354 0.0780538799501788
355 0.0762188672965182
356 0.0784924335227879
357 0.0817688290757861
358 0.0787174144462687
359 0.0802058398770577
360 0.077901467685668
361 0.071131198749056
362 0.0776891346592321
363 0.0802766529272062
364 0.0779374747198988
365 0.0749059302952155
366 0.0758726207699013
367 0.075626280551547
368 0.0748537658305594
369 0.0769658037175888
370 0.0765222077056018
371 0.0757196434006626
372 0.0750602167138071
373 0.0721708874172424
374 0.0735561011323692
375 0.0736185413832881
376 0.0696339275345396
377 0.0736285424970153
378 0.0739282037475367
379 0.0715337181315515
380 0.0719098547065272
381 0.0726330751058757
382 0.0733617240316718
383 0.0733900453332249
384 0.0717188876665208
385 0.0686556830065743
386 0.0689942979907606
387 0.0731839885125586
388 0.0713260022783603
389 0.0704036575066404
390 0.0702875109581503
391 0.0691878825241509
392 0.0690278726705475
393 0.0694530194605958
394 0.0695221329364606
395 0.0682491463750407
396 0.0696019928413434
397 0.0697346669164591
398 0.0673837452682345
399 0.0681188927091138
400 0.0687301929273219
401 0.0691951624880173
402 0.0699438421761064
403 0.0690469807858616
404 0.0692642285977481
405 0.0698649195681979
406 0.0678662700070182
407 0.0685882131465577
408 0.0693106579363652
409 0.06856144101578
410 0.0693399231324386
411 0.0697900792182896
412 0.0699288264290899
413 0.07021183725672
414 0.0704506911547996
415 0.0701259900546461
416 0.0697486127181967
417 0.0705136559395975
418 0.0706434245784581
419 0.0706129512847286
420 0.0708605057424315
421 0.0709724006115524
422 0.0711064059764525
423 0.0715291811874844
424 0.0723219358632098
425 0.072406921474346
426 0.0724513892215906
427 0.0725073525328743
428 0.0719920161060334
429 0.0723261546912765
430 0.0730319720844686
431 0.0734407970035525
432 0.0732986685525676
433 0.0735576748548595
434 0.0741319745021602
435 0.0744736536193083
436 0.0744990432403996
437 0.0747056838246377
438 0.0751790756725288
439 0.0754460285757474
440 0.0759511726932192
441 0.0763073115765635
442 0.076195433632566
443 0.076078106223843
444 0.0763504577010573
445 0.0768543516548576
446 0.0771258260260597
447 0.0773683043694684
448 0.077816037343538
449 0.0782865351213882
450 0.0778653498896622
451 0.0778238418744524
452 0.0779952975046306
453 0.0779819228530766
454 0.0785342067527438
455 0.0789664619175234
456 0.0791976634409547
457 0.0796659605134981
458 0.0797733198631511
459 0.0797070448861633
460 0.0797255513880583
461 0.0799307487437572
462 0.0801786693238402
463 0.0802928372536503
464 0.0801739461787913
465 0.0802615706439318
466 0.080618150565563
467 0.0809681129914336
468 0.0806803109986466
469 0.0808605136040913
470 0.0812456278113184
471 0.0814202988493442
472 0.0816900565269118
473 0.0819737073676207
474 0.0821531485575548
475 0.0821243087617652
476 0.0821844018740183
477 0.082339275736445
478 0.0825471590044069
479 0.0827666524929322
480 0.0830121851088514
481 0.0832748840425717
482 0.0835184573367487
483 0.0835759814061992
484 0.0838244708753886
485 0.0842096789670297
486 0.0842009974593206
487 0.0846148818818107
488 0.0849961141423014
489 0.0849628032000889
490 0.0852393303295476
491 0.0855057609170402
492 0.0857107999928458
493 0.0859662812369439
494 0.0862984955140847
495 0.0865195197821542
496 0.0866273817735495
497 0.0870144616358957
498 0.0873601027209067
499 0.0876630337762336
500 0.0879880687724737
501 0.0881249228646998
502 0.0884134484435184
503 0.0888403337214269
504 0.0889952555306908
505 0.0893207837374222
506 0.0896115753589136
507 0.0896951152758719
508 0.0899543201564851
509 0.0902119299431922
510 0.0904721210697736
511 0.0908385355333156
512 0.0911459541815454
513 0.0914586460761525
514 0.0918063705077337
515 0.0920919654807034
516 0.0922957653023777
517 0.0925245113208139
518 0.0928898329063721
519 0.093200372513777
520 0.0935381666109979
521 0.0938893542422613
522 0.0941015610058901
523 0.0943803561973904
524 0.0947262990331606
525 0.0950723532986822
526 0.0953055773217146
527 0.0955928778104542
528 0.0959635838363045
529 0.0963313155413826
530 0.0965870633646919
531 0.0968792660795241
532 0.0972929685864097
533 0.0976818577503662
534 0.0979142051731831
535 0.0981533632388052
536 0.0986335353133542
537 0.0989379896982473
538 0.09924504760603
539 0.0996324350726409
540 0.0999341482274165
541 0.100289693265391
542 0.100640139169466
543 0.100919578589125
544 0.101328204135394
545 0.101673735292158
546 0.101968440626564
547 0.102433225987295
548 0.10282312475931
549 0.103198314963806
550 0.103638811196998
551 0.104069817413551
552 0.104565532116957
553 0.105057201481411
554 0.10539963870806
555 0.105719479453382
556 0.106077212179291
557 0.106486122569807
558 0.106885494046796
559 0.107268578595306
560 0.107685854154032
561 0.10817218660605
562 0.108483369724006
563 0.108772014860246
564 0.109081693576162
565 0.10926104889984
566 0.109494900775088
567 0.109782912310173
568 0.110071981401822
569 0.110313507286583
570 0.110671996488478
571 0.1111544576297
572 0.111618947858315
573 0.112100232381575
574 0.112588905998203
575 0.113064429528001
576 0.113503667087089
577 0.113787261861835
578 0.114008500911746
579 0.114356255451957
580 0.114561581932064
581 0.11476687300261
582 0.115047758939178
583 0.115252554906888
584 0.115497718825358
585 0.115750076469536
586 0.115954345510163
587 0.116241225832674
588 0.116577355958339
589 0.116948100676222
590 0.117376712434341
591 0.117721467166876
592 0.118048334153316
593 0.118429607094355
594 0.118720644850116
595 0.119047169697455
596 0.119391427785811
597 0.119623907610426
598 0.119878386473425
599 0.120181575130585
600 0.120508245724356
601 0.120750404545716
602 0.121010410182169
603 0.121263076964733
604 0.121439683536451
605 0.121680416813588
606 0.121955674321355
607 0.122224589760992
608 0.122455453278449
609 0.122759416177081
610 0.123066187947814
611 0.123276257485803
612 0.123479594381753
613 0.12376571726199
614 0.124109899739092
615 0.124364648581276
616 0.124723630871772
617 0.125081387806494
618 0.125314648849643
619 0.125474882691175
620 0.125747839377203
621 0.126122263715407
622 0.126438820201581
623 0.126668390455593
624 0.126925014605231
625 0.127277759803013
626 0.127648480806564
627 0.127917245733269
628 0.128126511236822
629 0.128392915563237
630 0.128709626808165
631 0.129021852182775
632 0.129315027673647
633 0.129646084984783
634 0.129954816620393
635 0.130247784858058
636 0.130546320663783
637 0.130829557378959
638 0.131140255256492
639 0.131465339000468
640 0.131738782800675
641 0.132084537411773
642 0.132429179601975
643 0.132709025120474
644 0.133025956775065
645 0.133307866828451
646 0.133595925952046
647 0.133980971977307
648 0.13429499224549
649 0.13459238799243
650 0.134931106319826
651 0.135326836927474
652 0.135648771522271
653 0.135922585599954
654 0.13622194344697
655 0.136493164815102
656 0.136790007931673
657 0.137137508122199
658 0.137517876868546
659 0.13790134620422
660 0.138261169270023
661 0.138589612434323
662 0.138933957415051
663 0.139287822052461
664 0.139648004174947
665 0.140011243450067
666 0.140346727296134
667 0.14068509618244
668 0.141049791064841
669 0.141422774267503
670 0.141827045320611
671 0.142213576747483
672 0.14252563474121
673 0.142880243585884
674 0.143277955303285
675 0.14367472964946
676 0.143979221723137
677 0.144329861288744
678 0.144691828508466
679 0.145019280455887
680 0.145433021178162
681 0.145876339947672
682 0.146297846567362
683 0.146661950183534
684 0.147032377660969
685 0.147406049839919
686 0.147771063105354
687 0.148117632251094
688 0.148512676392971
689 0.14894627593636
690 0.149368584159032
691 0.149746950831748
692 0.150108392806431
693 0.150481880988725
694 0.150889885855098
695 0.151319380237289
696 0.151746907561802
697 0.152159614216532
698 0.152608975043674
699 0.152979088263535
700 0.153315548246868
701 0.153786493643103
702 0.154260863071502
703 0.154672835134276
704 0.155028434775488
705 0.155475130901112
706 0.15592018137808
707 0.156338541617036
708 0.156739970757935
709 0.15717811397053
710 0.157600774475827
711 0.158004133071864
712 0.158457724513575
713 0.158925376200465
714 0.159345541760248
715 0.159700999577946
716 0.160150028534373
717 0.160611213600522
718 0.161046644531289
719 0.16145929809815
720 0.161948725755228
721 0.162395447175506
722 0.162779618695508
723 0.16335580781402
724 0.163825638381998
725 0.164236634815509
726 0.164720381369092
727 0.165123821405144
728 0.165577037319803
729 0.166106121591789
730 0.166613391444253
731 0.167041342710538
732 0.167423245753094
733 0.167823046952019
734 0.168333574772829
735 0.168797784091501
736 0.169206627837306
737 0.169628808080167
738 0.170089043614889
739 0.170512989840471
740 0.170913295648725
741 0.171435795095448
742 0.1719192382969
743 0.172364772217167
744 0.172823573908302
745 0.17336976866052
746 0.173846624807138
747 0.174277856675891
748 0.174798994338974
749 0.175307536746595
750 0.175758169941043
751 0.176174191445932
752 0.176687169257422
753 0.177168162548319
754 0.177611051813597
755 0.17804452022846
756 0.178454117893356
757 0.178918186888903
758 0.179412243315969
759 0.179834543443328
760 0.180284437415789
761 0.180761399613051
762 0.181255680334184
763 0.181785218380655
764 0.182216127899213
765 0.182640199558953
766 0.18318190716061
767 0.183683531432876
768 0.184107752502391
769 0.184475720589339
770 0.184860312860985
771 0.185328965153958
772 0.185879682276587
773 0.186450182759917
774 0.186878980365083
775 0.187279603547044
776 0.187739222282363
777 0.188293799991149
778 0.188752978095675
779 0.189209765417408
780 0.189694720657615
781 0.190167147531256
782 0.190645351364718
783 0.191117928215981
784 0.191584017606539
785 0.192079335055335
786 0.192543638343474
787 0.192985060042834
788 0.193437536373789
789 0.193919340589796
790 0.194433044438203
791 0.194939567331629
792 0.195376429205881
793 0.195863065039837
794 0.196315743845289
795 0.196709611102767
796 0.197203831052567
797 0.197690761407266
798 0.198167321465085
799 0.19865747179657
800 0.199152247975837
801 0.199611048046705
802 0.200060173132356
803 0.200565543532616
804 0.201041514324881
805 0.201499895435608
806 0.201965382299145
807 0.202460853127777
808 0.202940389170014
809 0.203448410185995
810 0.20400547239416
811 0.204469079699225
812 0.204904397904766
813 0.205347564774668
814 0.205805978859568
815 0.206206766532069
816 0.206626781028923
817 0.207125761629062
818 0.207714339417915
819 0.208172842509919
820 0.208588127689777
821 0.209063725897
822 0.209572967461029
823 0.210007970777486
824 0.210410231354666
825 0.210868280434907
826 0.211366566827619
827 0.211844185188467
828 0.212301747545304
829 0.212788969730973
830 0.213290128056519
831 0.213744678124972
832 0.214133572653271
833 0.21450953740231
834 0.215015221581932
835 0.215544326197399
836 0.215993943404407
837 0.216489457434365
838 0.21703828517539
839 0.217548779125736
840 0.217925064604882
841 0.218337228442966
842 0.218831844104795
843 0.219365022358941
844 0.219829655220735
845 0.220306887436824
846 0.220742840723524
847 0.221146782603915
848 0.221661094854977
849 0.222125006787963
850 0.222522766435668
851 0.222903183430733
852 0.223375784075092
853 0.223881458540899
854 0.224349682080754
855 0.224748422404365
856 0.225274377386146
857 0.225765526049294
858 0.226180515447882
859 0.22659572158994
860 0.227017961699768
861 0.227478257192304
862 0.227962672695209
863 0.228398034018921
864 0.22889231189307
865 0.229334340479736
866 0.229666268529191
867 0.23007507291016
868 0.230523498710173
869 0.231032833867462
870 0.231590661063464
871 0.231997128036262
872 0.232432002946545
873 0.232911883318626
874 0.233363971646883
875 0.233855456126313
876 0.234343101011177
877 0.234822783097109
878 0.235322765658478
879 0.235692051196756
880 0.236099736150762
881 0.236609551988539
882 0.237058898064919
883 0.237439204166255
884 0.23777844471949
885 0.23815471981446
886 0.238736920351249
887 0.239272850388043
888 0.239722751043841
889 0.240144298216811
890 0.240654972282743
891 0.241157718487193
892 0.241634520790292
893 0.242096428727522
894 0.242470367420119
895 0.242894537283127
896 0.243371799219023
897 0.243802706404105
898 0.244202665053989
899 0.244685499273849
900 0.245225324549756
901 0.245653043956965
902 0.246108922543865
903 0.246557099013492
904 0.246991869361437
905 0.247489785784693
906 0.248001189691886
907 0.248425113611045
908 0.248764655276703
909 0.249255321959661
910 0.249718915290086
911 0.250176953116145
912 0.250666736280318
913 0.251093293567824
914 0.251591469984271
915 0.252076540859271
916 0.252453902830967
917 0.252924942090335
918 0.253367663751825
919 0.253821401344641
920 0.254368077275749
921 0.254879618462632
922 0.25533126058595
923 0.2557383228571
924 0.256146890062127
925 0.256613555529412
926 0.257096639924764
927 0.257539924815251
928 0.257912733757298
929 0.258396733523799
930 0.258866392829686
931 0.259303430381087
932 0.25981042311392
933 0.260216708515325
934 0.260657884657767
935 0.26119722821642
936 0.26175052708667
937 0.262176289772591
938 0.26257368834524
939 0.263031806193337
940 0.263550091653576
941 0.264019055104201
942 0.264485086927882
943 0.264938825684005
944 0.265242307776753
945 0.265622818657805
946 0.266051444926105
947 0.266497952294725
948 0.267035323856777
949 0.267485603683629
950 0.267966558740223
951 0.268535567137545
952 0.268986531536427
953 0.269415939394314
954 0.269869705473242
955 0.270358414661662
956 0.270845096591919
957 0.271211549632926
958 0.271563839471526
959 0.272030802004225
960 0.272641973037002
961 0.273048901448621
962 0.273365182772861
963 0.273731127414742
964 0.273993196741721
965 0.274559917123709
966 0.275182431382276
967 0.275615558305778
968 0.276102418892
969 0.276559817198015
970 0.277038653835858
971 0.277561024031789
972 0.278006528949119
973 0.278451115059954
974 0.278939454277114
975 0.279428660005275
976 0.27971565835116
977 0.280083445886485
978 0.280478930290589
979 0.280833497862159
980 0.281240780726727
981 0.281609232837986
982 0.282007622070991
983 0.282491456886925
984 0.283015242050661
985 0.283634066491438
986 0.284131814976416
987 0.284435739097863
988 0.284797920732867
989 0.285243219630006
990 0.285715813807908
991 0.286180156962222
992 0.286673411698545
993 0.287393842708256
994 0.287842439595882
995 0.287991926889505
996 0.288469131071834
997 0.288837700775932
998 0.289143888566382
999 0.289481602606704
1000 0.289913143965291
1001 0.285134589684073
1002 0.285532332787465
1003 0.285845767167943
1004 0.286213991214394
1005 0.286587869181122
1006 0.286994025643634
1007 0.287429031256502
1008 0.287895037746602
1009 0.288333459712381
1010 0.288713854560216
1011 0.289065234553937
1012 0.289414583992169
1013 0.289760370839587
1014 0.290091383847841
1015 0.290473970899076
1016 0.290949458101572
1017 0.291383759863487
1018 0.291859652739193
1019 0.29227087605689
1020 0.29266232569032
1021 0.293007463116071
1022 0.293314444076643
1023 0.293687344109756
1024 0.294101015369303
1025 0.294484661856384
1026 0.29486542398819
1027 0.295278758177037
1028 0.295650826591681
1029 0.295980421706741
1030 0.296379090159208
1031 0.29680461910102
1032 0.297221708757072
1033 0.297676975942701
1034 0.29809639763022
1035 0.298493374853702
1036 0.298892606557804
1037 0.299269466943269
1038 0.299680794407174
1039 0.300128549477537
1040 0.30054698822412
1041 0.301007710429476
1042 0.301395505854027
1043 0.301752996425548
1044 0.302169405947721
1045 0.302528018716816
1046 0.30293796130181
1047 0.30336153371742
1048 0.303814438225662
1049 0.304237669519586
1050 0.304685202515132
1051 0.305079337854369
1052 0.305444997869956
1053 0.305781107322079
1054 0.306131489489881
1055 0.306480165517886
1056 0.30682415237638
1057 0.307229657044739
1058 0.307606321147841
1059 0.308004483648266
1060 0.308434810824787
1061 0.308811273450075
1062 0.309147801287925
1063 0.309446772578984
1064 0.309692706727522
1065 0.309975770502653
1066 0.310319153999783
1067 0.310663522930175
1068 0.311001558156059
1069 0.311317995013439
1070 0.311581310804119
1071 0.311806899066286
1072 0.312126757827229
1073 0.312434678082098
1074 0.312701329124098
1075 0.313044279227901
1076 0.313337652333575
1077 0.313601869032776
1078 0.313845693037048
1079 0.314149969058524
1080 0.314436364759372
1081 0.314731502277735
1082 0.315073405641879
1083 0.315377923656906
1084 0.315611959636756
1085 0.315828010544502
1086 0.316073123915512
1087 0.316339136847802
1088 0.316629280495019
1089 0.316918381609761
1090 0.317154561640112
1091 0.317396056040159
1092 0.317583559935499
1093 0.317830192158879
1094 0.318090816777738
1095 0.318400124751918
1096 0.318705065979777
1097 0.318974608035682
1098 0.319212562302257
1099 0.319433569624881
1100 0.319647508491097
1101 0.319897654239586
1102 0.320169626069869
1103 0.320412609025627
1104 0.320685393945066
1105 0.320973351573135
1106 0.32126711188146
1107 0.321586304485895
1108 0.321889123592386
1109 0.322194630761782
1110 0.32249125727343
1111 0.322771437093417
1112 0.32306266943089
1113 0.323368676057616
1114 0.323651408054225
1115 0.323952934366856
1116 0.324240648922326
1117 0.324506366501615
1118 0.324828072675459
1119 0.325133663964778
1120 0.325427873555761
1121 0.325747080228677
1122 0.326103579454358
1123 0.326399569698321
1124 0.326660242673901
1125 0.32697253731745
1126 0.327271822614827
1127 0.327605473674602
1128 0.327976913226998
1129 0.328348034080832
1130 0.328696142736186
1131 0.328993648905028
1132 0.329275781808552
1133 0.329571482381284
1134 0.329863022985588
1135 0.330138335138079
1136 0.33043068462068
1137 0.330716191254996
1138 0.331039316555865
1139 0.331407439513974
1140 0.331743602242031
1141 0.332082582632949
1142 0.332441893734073
1143 0.332813604206279
1144 0.333130901364065
1145 0.333469081971555
1146 0.33380294489585
1147 0.334084142269393
1148 0.334373127379824
1149 0.334714718218936
1150 0.33502829103871
1151 0.335302366570804
1152 0.335587338842985
1153 0.335868266116271
1154 0.336126706183567
1155 0.336403822189289
1156 0.336684873177004
1157 0.336980259496696
1158 0.337273486988424
1159 0.337582387127301
1160 0.337916290605923
1161 0.338261500393551
1162 0.338572043632196
1163 0.338877914119472
1164 0.339179967533497
1165 0.339459163927603
1166 0.339749998484694
1167 0.340041856297655
1168 0.340280905542532
1169 0.340514731028212
1170 0.340759861553964
1171 0.340970846356921
1172 0.34123484977524
1173 0.341544966203117
1174 0.341830512340699
1175 0.342124258074666
1176 0.342419522475083
1177 0.342737362817192
1178 0.34301364493924
1179 0.343274185742744
1180 0.343524907814774
1181 0.343778273134674
1182 0.343977561413171
1183 0.344168228997623
1184 0.344414946376507
1185 0.344666776323523
1186 0.344903014138036
1187 0.345175490087949
1188 0.345513163487782
1189 0.345799170634364
1190 0.34607580766721
1191 0.346340060785051
1192 0.346602615309293
1193 0.346832884505977
1194 0.347049114998239
1195 0.347247693533496
1196 0.347391804069655
1197 0.347569382822288
1198 0.347757717405398
1199 0.347918778191496
1200 0.34811496077951
1201 0.348319859939897
1202 0.348541538177083
1203 0.348797708437131
1204 0.349032446644456
1205 0.349296449001929
1206 0.349518035414307
1207 0.349694398178169
1208 0.349904737239171
1209 0.350128367788389
1210 0.350329214096866
1211 0.350525919836371
1212 0.350734442332306
1213 0.35092139724112
1214 0.351130607073761
1215 0.351378086129085
1216 0.351599802561961
1217 0.351819765662116
1218 0.352029380149132
1219 0.352208838565638
1220 0.352387868430982
1221 0.352570360157824
1222 0.352722757978472
1223 0.352935459628016
1224 0.353188449379745
1225 0.353418024664894
1226 0.353658602275187
1227 0.353913756110448
1228 0.354168864788558
1229 0.354421215749699
1230 0.354713790424156
1231 0.354968023771935
1232 0.355208647921197
1233 0.355418314502864
1234 0.355582964188649
1235 0.355771673195765
1236 0.35595024054119
1237 0.356127414377039
1238 0.356278883967264
1239 0.356432211120048
1240 0.356616953008834
1241 0.356770005748718
1242 0.35698287172028
1243 0.357286102800555
1244 0.35751575759231
1245 0.357728851259156
1246 0.357940232658607
1247 0.358113551743472
1248 0.358323330932481
1249 0.35854059204457
1250 0.358773097429898
1251 0.359028345049729
1252 0.35929322102352
1253 0.359603871358115
1254 0.359863659843871
1255 0.360116128507977
1256 0.360347263614783
1257 0.360532221409885
1258 0.36071420558566
1259 0.360902633710752
1260 0.36108223056927
1261 0.361287694650609
1262 0.361490934901451
1263 0.361729384774304
1264 0.362003504054928
1265 0.362264826747418
1266 0.362551151345331
1267 0.36281574382471
1268 0.363081931136532
1269 0.363326890527997
1270 0.363555691518174
1271 0.363774455771212
1272 0.363965108444443
1273 0.364169624003845
1274 0.364371380527888
1275 0.364574645033133
1276 0.364787644673995
1277 0.36498977282344
1278 0.365173059861566
1279 0.365379826301466
1280 0.365570508177634
1281 0.365753064982308
1282 0.365937502256052
1283 0.36612368117249
1284 0.366300162120312
1285 0.366483048549642
1286 0.366634728905744
1287 0.366771923402446
1288 0.366894201034729
1289 0.366997870879585
1290 0.367082981048465
1291 0.367136129898522
1292 0.367208695495257
1293 0.36726180143613
1294 0.36733292697953
1295 0.367434001967927
1296 0.367516964655052
1297 0.367609861807447
1298 0.367675622123376
1299 0.367713028391691
1300 0.367755816078176
1301 0.36779967711825
1302 0.367823544595721
1303 0.367873238421481
1304 0.367943260576985
1305 0.368000053984946
1306 0.368053181149984
1307 0.368115825283643
1308 0.368165438597443
1309 0.368253792744886
1310 0.368375458132361
1311 0.368477532216752
1312 0.368590011111387
1313 0.368705357661372
1314 0.368821079199464
1315 0.368924206322151
1316 0.369038662248802
1317 0.369137667334187
1318 0.369206963892884
1319 0.369286991976119
1320 0.369375155401956
1321 0.369454523397225
1322 0.369518799863224
1323 0.36959113006182
1324 0.369689287078225
1325 0.36978773257159
1326 0.369916218912861
1327 0.370085041738567
1328 0.370228893635931
1329 0.370359920409656
1330 0.370533845895377
1331 0.370742809252989
1332 0.37090763656411
1333 0.371099066042506
1334 0.371243755347645
1335 0.371311027073988
1336 0.371436720250084
1337 0.371574028631579
1338 0.371719241857457
1339 0.371875762692441
1340 0.372051294170251
1341 0.372279592221883
1342 0.372444480247508
1343 0.372577987134555
1344 0.372733241903553
1345 0.37285812355123
1346 0.372985853554547
1347 0.373138138015884
1348 0.373306395416331
1349 0.373419332857104
1350 0.373499197494191
1351 0.373565663950028
1352 0.373618776289454
1353 0.373635439647481
1354 0.373609591596754
1355 0.37360322501199
1356 0.373562346937137
1357 0.37355991507713
1358 0.37355169243845
1359 0.373604876452696
1360 0.373677914308867
1361 0.373799713316171
1362 0.374001891707546
1363 0.374180716153706
1364 0.374373890278388
1365 0.374581877183787
1366 0.374797816103273
1367 0.375019737544036
1368 0.375290317176534
1369 0.375512616837168
1370 0.375720373873376
1371 0.375906948965364
1372 0.37607572253253
1373 0.376213848287874
1374 0.376331298478383
1375 0.37640476293266
1376 0.376390540032366
1377 0.376311051826152
1378 0.376178287118763
1379 0.375927042856951
1380 0.375762511907569
1381 0.375557155985804
1382 0.375429342629538
1383 0.37535777002125
1384 0.375293675447405
1385 0.37529169093141
1386 0.375227397638908
1387 0.375196179987458
1388 0.375074077571094
1389 0.374912106051035
1390 0.374679930975146
1391 0.374354188585157
1392 0.374040956175388
1393 0.373680163584418
1394 0.373305539871889
1395 0.372912124936337
1396 0.372525967114144
1397 0.372108908610737
1398 0.371703321378973
1399 0.371314975187605
1400 0.370920120073623
1401 0.370518023951185
1402 0.370131358737375
1403 0.369702877047869
1404 0.369260300636734
1405 0.368806880122095
1406 0.368301688510026
1407 0.367860943087755
1408 0.367426548361027
1409 0.367042838305819
1410 0.366665434789034
1411 0.366387490970845
1412 0.366144401874543
1413 0.366009233673932
1414 0.365948254034782
1415 0.365989279216287
1416 0.366117537054693
1417 0.36633329567599
1418 0.366680528687438
1419 0.367036382070508
1420 0.367514247915754
1421 0.367915814550318
1422 0.36831779470181
1423 0.368711849071887
1424 0.369082576410002
1425 0.369448980110871
1426 0.36981724043162
1427 0.370179804116638
1428 0.370528618753943
1429 0.370869109892631
1430 0.371225385383409
1431 0.37155260327929
1432 0.371857110618737
1433 0.372141752305958
1434 0.372412780062446
1435 0.372691521051579
1436 0.372976193902299
1437 0.373263221471029
1438 0.37355407443865
1439 0.37385976963862
1440 0.374132541399145
1441 0.374390571234266
1442 0.374657061405597
1443 0.374910534512969
1444 0.375171261207432
1445 0.375449394534356
1446 0.375704923854585
1447 0.375934833635142
1448 0.376187781128725
1449 0.376451035008755
1450 0.376702211697834
1451 0.376977981471163
1452 0.377209758069448
1453 0.377397221333547
1454 0.377605097857232
1455 0.377809517100449
1456 0.378000349799985
1457 0.378201659068373
1458 0.378381599704659
1459 0.378535081198424
1460 0.378682542567261
1461 0.378807707332356
1462 0.378954131566711
1463 0.379084964042257
1464 0.379242957990741
1465 0.379448075230539
1466 0.379624193552227
1467 0.379790444754161
1468 0.37996901044701
1469 0.380141177355709
1470 0.38030259736164
1471 0.380520897930707
1472 0.380735879042468
1473 0.38094448282398
1474 0.381168028216015
1475 0.381380843517419
1476 0.381577399722856
1477 0.381801904089847
1478 0.382041625556581
1479 0.382270552182843
1480 0.38248976885763
1481 0.382758670050089
1482 0.38305935691608
1483 0.38332545993525
1484 0.38362666615813
1485 0.3838771787769
1486 0.384064475912753
1487 0.384298728016402
1488 0.384541011812463
1489 0.384787888482482
1490 0.385063536278172
1491 0.385293212133806
1492 0.38551208360764
1493 0.385718004547165
1494 0.385893760308925
1495 0.386069182236228
1496 0.386221807071776
1497 0.386399574781325
1498 0.386564267127855
1499 0.38675878282804
1500 0.387003220399129
1501 0.387219516589285
1502 0.387445803950026
1503 0.387648797553961
1504 0.387813497338329
1505 0.388002922601521
1506 0.388196392479608
1507 0.388388621432849
1508 0.388591265327963
1509 0.388795645031298
1510 0.389015453829957
1511 0.389202949662709
1512 0.389392218019312
1513 0.38955511675685
1514 0.389650390239472
1515 0.389782654269568
1516 0.389918084728829
1517 0.390055491432338
1518 0.39025182083299
1519 0.390475914568111
1520 0.390684955830798
1521 0.390857780188629
1522 0.391025094137962
1523 0.391159071013555
1524 0.391301072578118
1525 0.391433541696323
1526 0.391593565808418
1527 0.391751470219689
1528 0.391917041481142
1529 0.392108785303361
1530 0.392288138853542
1531 0.392467312634492
1532 0.392624873556865
1533 0.392785103041562
1534 0.392926881923799
1535 0.393037545245436
1536 0.393156977185994
1537 0.393274659295339
1538 0.393393318541696
1539 0.393491772236661
1540 0.393623262390223
1541 0.39377364042269
1542 0.393925009485288
1543 0.394093569043587
1544 0.394261542214548
1545 0.394448320760421
1546 0.394598206774764
1547 0.394727394739775
1548 0.394872710424687
1549 0.394995296826111
1550 0.395138060385376
1551 0.395312812588029
1552 0.395466376779829
1553 0.395607606996914
1554 0.395753957228866
1555 0.395919296277456
1556 0.396045133101605
1557 0.396141522881784
1558 0.396252766626542
1559 0.396324291790097
1560 0.396440399020974
1561 0.396593216631839
1562 0.396741470274324
1563 0.396926514724826
1564 0.397070317091294
1565 0.39719116170309
1566 0.397320863840407
1567 0.397422840583627
1568 0.397544670272942
1569 0.397691167763709
1570 0.39782338223692
1571 0.397936202032004
1572 0.398076463032391
1573 0.398235458258035
1574 0.398385483384214
1575 0.398541676046065
1576 0.398709251172204
1577 0.398895259881726
1578 0.399048470693752
1579 0.399210972937978
1580 0.399346288252697
1581 0.399438873952145
1582 0.399526271957304
1583 0.39959017487875
1584 0.39966656510703
1585 0.39971702481469
1586 0.399799165069546
1587 0.39991375714174
1588 0.400025046908834
1589 0.400167790029026
1590 0.400284388027622
1591 0.400378417197027
1592 0.400482071983722
1593 0.400562425966425
1594 0.400667063853245
1595 0.400803678017499
1596 0.400927695485935
1597 0.401037388146573
1598 0.401177529824496
1599 0.40135401668102
1600 0.401498616277979
1601 0.401657181554866
1602 0.40178596112047
1603 0.401808453811077
1604 0.401822148367644
1605 0.401876891398762
1606 0.401907795738715
1607 0.402002506484679
1608 0.402147999921266
1609 0.402295871183216
1610 0.402469622185395
1611 0.402630226308536
1612 0.402815220036401
1613 0.402967158357863
1614 0.403098562807032
1615 0.403238233576307
1616 0.403377257115447
1617 0.403496213162242
1618 0.403603315955561
1619 0.403718355510043
1620 0.403822234434164
1621 0.403929530712236
1622 0.40404625033202
1623 0.40415601157865
1624 0.404245836263591
1625 0.404373050895566
1626 0.404524546192042
1627 0.404653616290859
1628 0.404785577374488
1629 0.404930691757294
1630 0.405075510052096
1631 0.405202862185343
1632 0.405356527484706
1633 0.405451352000204
1634 0.405484146028413
1635 0.405578217506645
1636 0.405671265394143
1637 0.40577893670306
1638 0.405925749439829
1639 0.406035907158727
1640 0.406125785053759
1641 0.406239560541828
1642 0.406340329752439
1643 0.40648948530635
1644 0.406677635256329
1645 0.406839874769075
1646 0.407027532087176
1647 0.407180178841993
1648 0.407306959467375
1649 0.407431052308003
1650 0.407547260979657
1651 0.407659083182322
1652 0.407765545964507
1653 0.407853112264088
1654 0.407930805379203
1655 0.407998278675001
1656 0.408032266849409
1657 0.408111552942122
1658 0.408247951652801
1659 0.408406049929908
1660 0.408606617743982
1661 0.408821325357677
1662 0.408954282625922
1663 0.409064994256457
1664 0.409186842191379
1665 0.409259066553477
1666 0.409353150811948
1667 0.409458825077699
1668 0.409530979573986
1669 0.409594837230628
1670 0.409652957163632
1671 0.409736401067393
1672 0.409816703782833
1673 0.40986820805075
1674 0.409974695875647
1675 0.410078732104021
1676 0.410159327055916
1677 0.410329543408662
1678 0.410450981567087
1679 0.410488075305903
1680 0.410570884578031
1681 0.410638071381819
1682 0.410728071011942
1683 0.410904307714317
1684 0.4111031309396
1685 0.411301420327737
1686 0.411483994395141
1687 0.41166019408206
1688 0.411828463453616
1689 0.41195990477338
1690 0.412100032229473
1691 0.412247202922489
1692 0.412344019281198
1693 0.412468604169185
1694 0.412643941881529
1695 0.412792552770831
1696 0.412891194718374
1697 0.412952007284157
1698 0.41301728253282
1699 0.413104099985514
1700 0.413193156893192
1701 0.413292726377066
1702 0.413401098969307
1703 0.41353570747089
1704 0.413628202752631
1705 0.413746301492034
1706 0.413799588551124
1707 0.413741095446169
1708 0.413742156542571
1709 0.413738100784714
1710 0.413750857062308
1711 0.413787830393297
1712 0.413845939124589
1713 0.413942548653309
1714 0.414009149035517
1715 0.414092617867648
1716 0.414145814980301
1717 0.414131811945156
1718 0.41416107444447
1719 0.41422561054459
1720 0.414255718067028
1721 0.414289124709947
1722 0.414318371340725
1723 0.414300213431854
1724 0.414315865285964
1725 0.414347299815144
1726 0.414402989167025
1727 0.414503370273463
1728 0.414575672952303
1729 0.414646962991467
1730 0.414707061843509
1731 0.41475095198358
1732 0.41478494414377
1733 0.414807364857567
1734 0.414855295715598
1735 0.414899649046253
1736 0.41495176738271
1737 0.415043100681378
1738 0.415102254081435
1739 0.415129119628096
1740 0.41513486323935
1741 0.415162117913863
1742 0.415203226339914
1743 0.415266552621279
1744 0.415349513920148
1745 0.415432751864514
1746 0.415429356436086
1747 0.415432206771593
1748 0.415467692379395
1749 0.415454839245312
1750 0.41551962144184
1751 0.415629227790868
1752 0.415730324200644
1753 0.415897538305656
1754 0.416019575231151
1755 0.416069586349544
1756 0.416058102473564
1757 0.415988090233672
1758 0.415990821360551
1759 0.416067178610681
1760 0.416169401393801
1761 0.416305249901044
1762 0.416451711813808
1763 0.416514080300093
1764 0.416553168973226
1765 0.416607937846778
1766 0.416607678308701
1767 0.416671817972431
1768 0.416728621817397
1769 0.416761176596928
1770 0.416827910237734
1771 0.416801320241469
1772 0.416824104002048
1773 0.416829289342494
1774 0.416806843792563
1775 0.416825034621059
1776 0.416826836595338
1777 0.416824246774748
1778 0.41684974553291
1779 0.416836816326015
1780 0.41681112498256
1781 0.416871948499532
1782 0.416887913891166
1783 0.416894112370531
1784 0.416879864528247
1785 0.416865941213613
1786 0.416908104422127
1787 0.417010057919368
1788 0.417090897815664
1789 0.417206916940008
1790 0.417272449326242
1791 0.417263065739785
1792 0.41736314423358
1793 0.417465176342477
1794 0.417491910016288
1795 0.417632742576854
1796 0.417789454452694
1797 0.417865524701666
1798 0.41801586730427
1799 0.418116816181322
1800 0.418106644246209
1801 0.414378673528086
1802 0.414454346855972
1803 0.414634167719728
1804 0.414797916385982
1805 0.414968782513549
1806 0.415188029821786
1807 0.415399113200776
1808 0.41563917149783
1809 0.41579851655291
1810 0.41595996236494
1811 0.416048238278758
1812 0.416064289200949
1813 0.416130350875358
1814 0.416265762846907
1815 0.416320402838592
1816 0.416343497685277
1817 0.41628028200874
1818 0.416339639674854
1819 0.416434239200351
1820 0.416477597271665
1821 0.416591681141876
1822 0.416715436193663
1823 0.416520916391378
1824 0.416385105672527
1825 0.41634160672604
1826 0.416300637440738
1827 0.416244679712369
1828 0.416305684008366
1829 0.41627806845237
1830 0.416166781460197
1831 0.416105319883968
1832 0.4160370573388
1833 0.415948375569747
1834 0.415936711969014
1835 0.415899605715198
1836 0.415923257167785
1837 0.416034686426288
1838 0.416130016988574
1839 0.416223882641698
1840 0.416361277563622
1841 0.416565967691338
1842 0.416689874010281
1843 0.416799918381183
1844 0.416949451580387
1845 0.4170367625826
1846 0.417067780125708
1847 0.417135185052944
1848 0.417246791458213
1849 0.417300524181251
1850 0.417305759376827
1851 0.41728217879821
1852 0.417193828597607
1853 0.417084472785716
1854 0.417002729250282
1855 0.417019017989724
1856 0.417014393608995
1857 0.417007997986317
1858 0.417000878085479
1859 0.417007631139247
1860 0.416933514749043
1861 0.416887270036081
1862 0.416745560965417
1863 0.416414375336797
1864 0.416081040219863
1865 0.415687670858684
1866 0.415141737086476
1867 0.414556695240154
1868 0.413894127819059
1869 0.413268789671997
1870 0.412627340343496
1871 0.412080838262489
1872 0.411686123973768
1873 0.411209083854202
1874 0.410836875068808
1875 0.410510764414157
1876 0.410299516849926
1877 0.410115473694402
1878 0.409705297314421
1879 0.409186988640332
1880 0.408558031166785
1881 0.407717998439756
1882 0.406718327286007
1883 0.405649924332883
1884 0.40446335131451
1885 0.40306099138431
1886 0.401547304333133
1887 0.39997726573698
1888 0.398309735848954
1889 0.396509758039219
1890 0.394704129020738
1891 0.392844388690949
1892 0.390822904697812
1893 0.388704642030698
1894 0.386486282720325
1895 0.384153557977164
1896 0.381726202839602
1897 0.379248320042987
1898 0.376691906119816
1899 0.374241943685024
1900 0.371726907395787
1901 0.369432139411617
1902 0.367227110455417
1903 0.365195982153931
1904 0.363311068120884
1905 0.361680448399285
1906 0.360227917543309
1907 0.358995371103828
1908 0.357947253568309
1909 0.357033565173517
1910 0.356228479200609
1911 0.355524995872251
1912 0.354952214565027
1913 0.35452651263735
1914 0.354200611162542
1915 0.353961755326022
1916 0.353929736434539
1917 0.353916644024242
1918 0.353943478661012
1919 0.354079280512629
1920 0.354244470747577
1921 0.354548096427699
1922 0.355031087050796
1923 0.355481188734755
1924 0.355991153822483
1925 0.356585449874238
1926 0.357120587434384
1927 0.357678464763468
1928 0.358125162914751
1929 0.358557155307041
1930 0.359049753688813
1931 0.359425707975477
1932 0.359892659284348
1933 0.360439456493458
1934 0.360965442545969
1935 0.36145829536912
1936 0.362066970982464
1937 0.362684483585509
1938 0.363293392436756
1939 0.363879005255108
1940 0.364451470771068
1941 0.365045049931892
1942 0.365636040444228
1943 0.36621196581469
1944 0.36679747563413
1945 0.367377080172545
1946 0.367934214247332
1947 0.368492393976581
1948 0.369090720962846
1949 0.369631139740953
1950 0.370075597439464
1951 0.370522002476842
1952 0.370930127890607
1953 0.371316533920004
1954 0.371777085547405
1955 0.3722526029126
1956 0.372799912848821
1957 0.373461196313314
1958 0.3740560365823
1959 0.374670104102093
1960 0.37530003869713
1961 0.375845772740572
1962 0.376379529046269
1963 0.377024127214185
1964 0.377530837965077
1965 0.378017267866083
1966 0.378572125385142
1967 0.379063854810425
1968 0.379455476444917
1969 0.379986115058927
1970 0.380564701628731
1971 0.381112954357389
1972 0.381755559530599
1973 0.382291230780379
1974 0.382720689269019
1975 0.383279072074579
1976 0.383788671127671
1977 0.384363390789929
1978 0.384917633892894
1979 0.385515269731901
1980 0.386029269613271
1981 0.386549999754428
1982 0.386991699652535
1983 0.387307458729745
1984 0.387712672335134
1985 0.388105374463665
1986 0.388484118350803
1987 0.388846915626601
1988 0.389470235255195
1989 0.390199799771372
1990 0.390783083034653
1991 0.391383838625305
1992 0.392102431906892
1993 0.392635187394367
1994 0.39301045668381
1995 0.393450038699873
1996 0.393797977520811
1997 0.394220713298662
1998 0.394666892967593
1999 0.395147757751466
2000 0.395584215350981
2001 0.396141856843421
2002 0.396706353673851
2003 0.397316715014818
2004 0.397870018046225
2005 0.398460942706989
2006 0.399009976812278
2007 0.399509343883171
2008 0.400001924872426
2009 0.400580252861411
2010 0.400999677933389
2011 0.401318425713638
2012 0.401573075144876
2013 0.401830843618896
2014 0.401986529028374
2015 0.402256757336024
2016 0.402574627150127
2017 0.40292993855123
2018 0.403306900487594
2019 0.403762691359281
2020 0.404367924352495
2021 0.404819315827623
2022 0.405301272686254
2023 0.405685867656847
2024 0.405935459755949
2025 0.406170122711405
2026 0.406536668427407
2027 0.406724031343298
2028 0.406972141204236
2029 0.407346292848134
2030 0.407624467733906
2031 0.407863481365159
2032 0.408145932075374
2033 0.408439960411764
2034 0.408679393804922
2035 0.408885750498793
2036 0.409138562852519
2037 0.40934961951049
2038 0.409618297167719
2039 0.409990309113846
2040 0.410300522768295
2041 0.410605072042728
2042 0.410934063040841
2043 0.41119734913093
2044 0.41141014026535
2045 0.41166122308181
2046 0.41189705697869
2047 0.41210482859134
2048 0.412327133739196
2049 0.412516340671466
2050 0.412611557097375
2051 0.41280767913841
2052 0.413067641329014
2053 0.413297652796939
2054 0.413600322447478
2055 0.413814954880661
2056 0.414023410077967
2057 0.414182301480224
2058 0.414379653131094
2059 0.414511069417268
2060 0.414795388821096
2061 0.415259372576131
2062 0.415504272741425
2063 0.415748246797841
2064 0.415947922387685
2065 0.415936360951698
2066 0.416027910983889
2067 0.416149038391557
2068 0.416358386339388
2069 0.416491228831606
2070 0.416578487510419
2071 0.416738145930682
2072 0.416946239306276
2073 0.417077194068236
2074 0.417184599232847
2075 0.417346276817443
2076 0.417444173033543
2077 0.417638258423281
2078 0.417986510068158
2079 0.418233108228456
2080 0.418523865805922
2081 0.418700370600707
2082 0.418714329063614
2083 0.418818421135639
2084 0.418850104375703
2085 0.418958352345002
2086 0.419161324266435
2087 0.419500503322705
2088 0.419767269562296
2089 0.420054900323886
2090 0.42036299176868
2091 0.420733423237382
2092 0.420981725119227
2093 0.421232260092429
2094 0.421416345831576
2095 0.421414321370742
2096 0.421538119974901
2097 0.421753252495119
2098 0.421888345124131
2099 0.42199887132833
2100 0.422116073394955
2101 0.422264582195999
2102 0.422399760664526
2103 0.422506654733254
2104 0.422609374832554
2105 0.422798046369364
2106 0.42297306800178
2107 0.423178987116894
2108 0.423522671373746
2109 0.423795947618821
2110 0.423968066042101
2111 0.424214865021757
2112 0.424619680522406
2113 0.424840840560045
2114 0.42492135618004
2115 0.425103443595357
2116 0.42529016018934
2117 0.425345076394071
2118 0.425592499821004
2119 0.42590649907715
2120 0.426129976160484
2121 0.426308662229308
2122 0.426538421842266
2123 0.42673871118339
2124 0.426988276752269
2125 0.427351795231126
2126 0.427575435068379
2127 0.427755909708995
2128 0.42791965184219
2129 0.427966312086187
2130 0.428070426330278
2131 0.42821111241002
2132 0.428330631262819
2133 0.42843596182815
2134 0.428600084617228
2135 0.428544912428781
2136 0.42851850251322
2137 0.428570321044693
2138 0.428619895862825
2139 0.428599525742598
2140 0.428706461781601
2141 0.428614926012036
2142 0.428293278717578
2143 0.428103176421162
2144 0.427945940965229
2145 0.427719591819047
2146 0.427450793565788
2147 0.427206101705708
2148 0.426909607203288
2149 0.426657499019733
2150 0.42642836283553
2151 0.426235491347179
2152 0.426172776717884
2153 0.425949730728243
2154 0.425646206327437
2155 0.425352389248894
2156 0.42497537042097
2157 0.424424173342719
2158 0.42400096486573
2159 0.423578655742766
2160 0.423231268636028
2161 0.422999015355079
2162 0.42260988484551
2163 0.422247083805617
2164 0.421782083866479
2165 0.421047496531801
2166 0.42054066257356
2167 0.420159189589931
2168 0.419719223484707
2169 0.419355059667328
2170 0.418964499232425
2171 0.418510635219539
2172 0.4180713656315
2173 0.417620327202903
2174 0.41725945736197
2175 0.416835836356951
2176 0.416360188994849
2177 0.415931484861589
2178 0.41550839598714
2179 0.415138446409729
2180 0.414839241848909
2181 0.414467385826102
2182 0.4141316377798
2183 0.413698681085044
2184 0.413129662518924
2185 0.412662813444368
2186 0.412263365789052
2187 0.411754609379006
2188 0.411307803192009
2189 0.410702861073446
2190 0.409813178685667
2191 0.409109355014296
2192 0.408390642575517
2193 0.407736333981855
2194 0.407183160093974
2195 0.40672730340277
2196 0.40616066932062
2197 0.405526254239734
2198 0.405029573007022
2199 0.404584835401023
2200 0.40408465368369
2201 0.403685672433882
2202 0.403159274464329
2203 0.402496900923458
2204 0.401913797727695
2205 0.401158778255314
2206 0.400810407260616
2207 0.400626600893386
2208 0.400557892358878
2209 0.400868305873054
2210 0.401071292245183
2211 0.401244544763718
2212 0.401528637568667
2213 0.401855486004524
2214 0.402303406616471
2215 0.402988976809834
2216 0.403540517032277
2217 0.404110464196019
2218 0.404697976841485
2219 0.405251566693962
2220 0.405533241617574
2221 0.405957249614754
2222 0.406428712634982
2223 0.406806152756551
2224 0.407188187343077
2225 0.407445394354899
2226 0.407596361877209
2227 0.407722342287368
2228 0.407674605453093
2229 0.40781374068559
2230 0.408005357236417
2231 0.408205870085212
2232 0.408593836286502
2233 0.408763506241563
2234 0.408788443910888
2235 0.408873585946145
2236 0.408927696836783
2237 0.408906759520276
2238 0.408863477235414
2239 0.408820440939067
2240 0.408667648695659
2241 0.408568993936322
2242 0.408483836430995
2243 0.408443167942457
2244 0.408558919495253
2245 0.408424453975685
2246 0.408243423307345
2247 0.408243749135017
2248 0.408290083413664
2249 0.408340407626464
2250 0.408380926711126
2251 0.408595446970387
2252 0.408642882938114
2253 0.408396479973911
2254 0.408583749746838
2255 0.409039293879006
2256 0.409284527585356
2257 0.40979278009661
2258 0.409931022035888
2259 0.409693930324333
2260 0.409642036964598
2261 0.409407967304897
2262 0.409433433095177
2263 0.409836246401895
2264 0.409810543519991
2265 0.409599203837399
2266 0.409577684833863
2267 0.409268708061169
2268 0.409223816948489
2269 0.409643730552188
2270 0.409779526408462
2271 0.409813203941059
2272 0.409848227690132
2273 0.409903157402975
2274 0.40977738715461
2275 0.409433492253943
2276 0.409232794298341
2277 0.408947885234462
2278 0.408679916823715
2279 0.408627477533663
2280 0.408652912750723
2281 0.408516032902451
2282 0.408404979666681
2283 0.408569822472264
2284 0.408473777657357
2285 0.408365164940501
2286 0.408205174331823
2287 0.408251170028087
2288 0.408292918887093
2289 0.408280473562858
2290 0.408562541119778
2291 0.408481587855219
2292 0.408009016131802
2293 0.407765010674474
2294 0.407367431274581
2295 0.407384520078341
2296 0.407765197180299
2297 0.407865744828631
2298 0.408304654941414
2299 0.408269323811364
2300 0.407693605520373
2301 0.407317700212297
2302 0.406667139661983
2303 0.406447355481046
2304 0.406608325453401
2305 0.406513077414071
2306 0.406593331152658
2307 0.406480092651635
2308 0.406115399294741
2309 0.40575471492158
2310 0.405341014183303
2311 0.405009942179595
2312 0.404493400815637
2313 0.404212928644241
2314 0.404013035028357
2315 0.404019995087945
2316 0.404360581523322
2317 0.404530149938248
2318 0.405094507818546
2319 0.405271597764574
2320 0.405099793210472
2321 0.404867044973727
2322 0.40476673497815
2323 0.404070593885913
2324 0.403589816987697
2325 0.403360711352661
2326 0.403087865971704
2327 0.403141128967419
2328 0.403552639031513
2329 0.403966648110894
2330 0.404076080999753
2331 0.40387169234199
2332 0.403207965814805
2333 0.402499622142384
2334 0.401878713456068
2335 0.400923619324161
2336 0.400192269202609
2337 0.399443946989951
2338 0.398939365937369
2339 0.398466685218834
2340 0.39840384092262
2341 0.398888964512798
2342 0.398773433501531
2343 0.398589899173664
2344 0.398584752520985
2345 0.39828407769346
2346 0.398331009238335
2347 0.398839661049482
2348 0.399012933182171
2349 0.398928164429422
2350 0.39920140307604
2351 0.399770706422711
2352 0.399981178434738
2353 0.400423168555444
2354 0.400246064369615
2355 0.399231924182944
2356 0.399055405781294
2357 0.399121932381963
2358 0.398800726161157
2359 0.398537746108145
2360 0.398448276966732
2361 0.398177873725833
2362 0.397900005870209
2363 0.397850854427675
2364 0.398030047243481
2365 0.398044998878131
2366 0.398217374030493
2367 0.399109382037934
2368 0.399321998945243
2369 0.399051106454435
2370 0.398728969518845
2371 0.398324706360127
2372 0.39792952079322
2373 0.39708713958752
2374 0.396717632552539
2375 0.396681788496349
2376 0.396267208496086
2377 0.396025057252378
2378 0.395479537332724
2379 0.394343005953478
2380 0.393884372441284
2381 0.393471392513058
2382 0.393428608247411
2383 0.39396288046817
2384 0.394225680990242
2385 0.394718980301019
2386 0.394980231391237
2387 0.395344908591237
2388 0.395168094437289
2389 0.394661920050757
2390 0.39413422992018
2391 0.392582717159317
2392 0.392297091845264
2393 0.392860455470625
2394 0.392917827695839
2395 0.393886846006408
2396 0.393725909746085
2397 0.392292504267464
2398 0.391728272993251
2399 0.391530588866503
2400 0.39050260295377
2401 0.388691882223463
2402 0.38831650328047
2403 0.387855817664644
2404 0.387872264217646
2405 0.390110161439232
2406 0.390574539300059
2407 0.390162923889486
2408 0.389366837635346
2409 0.387387619894895
2410 0.386592355105916
2411 0.385716880374769
2412 0.385174066728048
2413 0.385619048716279
2414 0.385335003383955
2415 0.384650838999129
2416 0.384450217201616
2417 0.384770367921871
2418 0.384568889862449
2419 0.384050905942981
2420 0.383357772903508
2421 0.382099657537619
2422 0.381374757418087
2423 0.380910648769079
2424 0.38047522426054
2425 0.380108958905281
2426 0.379962182820736
2427 0.380141001369591
2428 0.380291002102216
2429 0.381331936509183
2430 0.380686449923516
2431 0.378586882392875
2432 0.377366756085131
2433 0.375542990523421
2434 0.373751533143225
2435 0.372458069266881
2436 0.371905326470394
2437 0.371045481899249
2438 0.370587601760483
2439 0.371611265376772
2440 0.371776140603776
2441 0.371209973850289
2442 0.371953577527587
2443 0.371004678832661
2444 0.369175623195977
2445 0.368577112239161
2446 0.36835488335174
2447 0.36978385942655
2448 0.370872826685275
2449 0.37019249452234
2450 0.369701054400356
2451 0.368530986730613
2452 0.367286927961276
2453 0.36782340418013
2454 0.369176516198331
2455 0.36987182086572
2456 0.369841109524089
2457 0.369156536906514
2458 0.365651429308565
2459 0.362833697520496
2460 0.363644365340637
2461 0.362735142887087
2462 0.360803842506602
2463 0.359539538579764
2464 0.358185754920053
2465 0.358076632569756
2466 0.363092726949496
2467 0.363659942051329
2468 0.359339042995864
2469 0.358806736770239
2470 0.35935673306774
2471 0.358556371611757
2472 0.359074740669032
2473 0.359224692440778
2474 0.357387474093669
2475 0.356414761413061
2476 0.357111904998952
2477 0.35720549629004
2478 0.356611678741043
2479 0.355799615559994
2480 0.355584185467419
2481 0.354410577395747
2482 0.351788661084044
2483 0.349722841125798
2484 0.347067534523719
2485 0.345892921044433
2486 0.345090659968024
2487 0.34548294655593
2488 0.348081415102241
2489 0.348387694296102
2490 0.34875252900218
2491 0.34709895159262
2492 0.345401044874197
2493 0.345428784142152
2494 0.346303356396257
2495 0.350261345884251
2496 0.352609536628188
2497 0.352417317505943
2498 0.351450842096763
2499 0.346129736738374
2500 0.341821945880187
