"Wavelength" "M009a_m3-w3"
350 0.0804785464752038
351 0.0801493521035614
352 0.0827743242416555
353 0.0845124294630051
354 0.0833892045626446
355 0.0772220286512123
356 0.0757643961250433
357 0.0797010528332264
358 0.0816255921993966
359 0.0816235062156706
360 0.0785916169163044
361 0.0755089031931524
362 0.0832628092264382
363 0.0823663797124585
364 0.0763875374638008
365 0.0739151720099516
366 0.0754798421776879
367 0.0771564267014739
368 0.077931550494883
369 0.0786683135643553
370 0.0799210785208485
371 0.077741219800853
372 0.0732236473860272
373 0.0740436403036848
374 0.0764462859948355
375 0.077984872817197
376 0.0775303541174368
377 0.0762689710962868
378 0.0769541693214846
379 0.0771891320141334
380 0.0740777112039032
381 0.0750518196336861
382 0.0768166492618321
383 0.0771800658327211
384 0.0759045349377459
385 0.0749825084476734
386 0.0743566709324491
387 0.0738986197437608
388 0.0741957735572045
389 0.0744508964380432
390 0.0738828613046128
391 0.0722741123154312
392 0.0716546992702689
393 0.0714298028583318
394 0.0711014370516062
395 0.0705301741909294
396 0.0722230566195336
397 0.0736271625043559
398 0.0730430129272615
399 0.0713487575061911
400 0.0717329641255166
401 0.0727590839161724
402 0.0722191352603378
403 0.0712572797608099
404 0.0716429292538517
405 0.0724708766336525
406 0.0712402368504167
407 0.0724162150297216
408 0.073246688913856
409 0.0722854549660109
410 0.0723817786713093
411 0.0718522117459672
412 0.0718320594866795
413 0.0733615441134629
414 0.0732804849009696
415 0.0727936549858886
416 0.0730060384528847
417 0.0745182012809342
418 0.0737438978217104
419 0.072998852074097
420 0.0737484462117815
421 0.0737017727848668
422 0.0739849198368492
423 0.0746399554348954
424 0.0752128143588185
425 0.0745832237914761
426 0.074369009884785
427 0.0748811999863367
428 0.0750346879659261
429 0.0750452821562832
430 0.0753914654194532
431 0.0761629613061203
432 0.0763708768971528
433 0.0762043036924067
434 0.0761611983893174
435 0.0767047209689242
436 0.0768971951276501
437 0.0771860130352572
438 0.0777127978769738
439 0.0781068214832542
440 0.0785884325879911
441 0.0788017437736547
442 0.0785337109131641
443 0.0783684323832764
444 0.0785893400503438
445 0.0790425084068142
446 0.0793419793319244
447 0.0797952107411449
448 0.0801375658838882
449 0.0802044348442
450 0.0800538949017028
451 0.080579257212369
452 0.0808737354127929
453 0.0801565973915432
454 0.0808962307710066
455 0.0813832849489024
456 0.0813429501882058
457 0.0818024702259074
458 0.082133084554718
459 0.0820922878195273
460 0.0818307923997844
461 0.0822773316828112
462 0.0827131054318822
463 0.0827600120246721
464 0.0823585353688275
465 0.0824515754740814
466 0.0829743327353251
467 0.08347337057301
468 0.0831548176096761
469 0.0833219865245044
470 0.0836177147036895
471 0.083607392590566
472 0.0841206128277757
473 0.0842808111860126
474 0.0841382809142433
475 0.084322408896444
476 0.0844246661629044
477 0.0845416923317168
478 0.0847282742881121
479 0.084822577606734
480 0.0849918759942835
481 0.0853901714222155
482 0.0860096744439291
483 0.0860270327564414
484 0.0861007908069003
485 0.086450654461377
486 0.086726307096924
487 0.086895974219134
488 0.0869735675393143
489 0.0870685715760754
490 0.0875445838855045
491 0.0878837043268083
492 0.0880662705386026
493 0.0883572151398721
494 0.0885249256323433
495 0.0886843709565707
496 0.0889445348120279
497 0.089334496086872
498 0.089776655393696
499 0.0901131249679145
500 0.0902434419060948
501 0.0904936792949354
502 0.0907994291472801
503 0.0910999548978226
504 0.0913674111670112
505 0.0915756939889956
506 0.091810427802977
507 0.0921385445722216
508 0.0925155975617443
509 0.0927357137837587
510 0.0928578134435243
511 0.0930982684270441
512 0.093361018257496
513 0.0936372742055499
514 0.0939489676487506
515 0.094380016989051
516 0.0947004452710512
517 0.0949390267819552
518 0.0952177924148962
519 0.095549743940119
520 0.0959158854882185
521 0.0962687826408553
522 0.0965328622237719
523 0.0967552987143593
524 0.0970383044143207
525 0.0974313248641853
526 0.0977583210400333
527 0.0980382938373981
528 0.0983309131896779
529 0.0987118092966448
530 0.0990403774749743
531 0.0993797122501433
532 0.0997632190426565
533 0.100073392046749
534 0.100352745493535
535 0.100655168142022
536 0.101024830479246
537 0.101375061342236
538 0.101700144020944
539 0.102016391804308
540 0.102358723058269
541 0.102706071217974
542 0.103056924831745
543 0.103420290517105
544 0.103840711772461
545 0.104167974444065
546 0.104438687927
547 0.104871886661099
548 0.105226606030091
549 0.105605945629669
550 0.10610655283132
551 0.1065757700244
552 0.107050273835327
553 0.107529115366255
554 0.107986749748255
555 0.108403250181064
556 0.108776150680315
557 0.109130683282298
558 0.109547482653803
559 0.109928705863857
560 0.110285959077595
561 0.110663155933308
562 0.111000309145577
563 0.111339256385021
564 0.111682211992685
565 0.111968072953869
566 0.112195573283947
567 0.112404554214917
568 0.112659250026866
569 0.113063529308225
570 0.113496438512959
571 0.113905177087293
572 0.114310640480681
573 0.114779520215327
574 0.115279154421676
575 0.115745337597247
576 0.116080727899934
577 0.116403348372111
578 0.116739408814237
579 0.117052612014515
580 0.117262510289402
581 0.117445639230421
582 0.117656478122602
583 0.117865393360492
584 0.118116314979709
585 0.118382848466046
586 0.118634225737846
587 0.118968707807598
588 0.119342530210057
589 0.11973217890439
590 0.120151505305989
591 0.120480446340865
592 0.120801504269844
593 0.121196819263887
594 0.121523075543368
595 0.121830034019553
596 0.122120507827982
597 0.122364807270079
598 0.122712907952506
599 0.123079861641838
600 0.123370208021401
601 0.123557778721337
602 0.123816220899761
603 0.124112256076706
604 0.12432453958583
605 0.1245850542095
606 0.124855277282314
607 0.125115915539683
608 0.125414315506463
609 0.125707347568309
610 0.125968020410453
611 0.126190335486142
612 0.12643002583725
613 0.126714806436869
614 0.127055031914273
615 0.127443961298857
616 0.1277691924018
617 0.128052406300451
618 0.128333009826992
619 0.128566682929068
620 0.128898806251501
621 0.129287663186956
622 0.129562505754022
623 0.129824348027883
624 0.130093770123165
625 0.130380773176607
626 0.130704204359135
627 0.131022643064353
628 0.13131864340065
629 0.131596617334966
630 0.131929723465135
631 0.132270802790992
632 0.132594482158794
633 0.132928085529048
634 0.133253911093138
635 0.133554726532314
636 0.133829423571378
637 0.134140914039369
638 0.134487963549578
639 0.134846361909261
640 0.135173463708036
641 0.135475113686528
642 0.135763490454428
643 0.136062423523472
644 0.136435820078762
645 0.136752635656977
646 0.137034026920581
647 0.137387394019088
648 0.13774372738627
649 0.13811016829906
650 0.138483287156985
651 0.138815940483848
652 0.139174336716929
653 0.139527344495671
654 0.139820770320741
655 0.14009451652867
656 0.140388872741949
657 0.14074477621349
658 0.14120344501108
659 0.141604762840174
660 0.14196679419709
661 0.142338562941217
662 0.142690919386983
663 0.143064806252794
664 0.143447632865942
665 0.143788716048057
666 0.144115784454454
667 0.144490741826336
668 0.144926054781018
669 0.145308773150756
670 0.145718769817232
671 0.146126575685201
672 0.146474861362794
673 0.146852076273213
674 0.14724414956977
675 0.14762835989549
676 0.147981921331396
677 0.148361617980788
678 0.148764392728327
679 0.149171577392965
680 0.149581309977561
681 0.150008905168011
682 0.150441290320699
683 0.15084422743981
684 0.1512280335413
685 0.151604436203268
686 0.151987151987609
687 0.152394771315872
688 0.152794287631142
689 0.153204990030568
690 0.15365524253115
691 0.154049590204222
692 0.154431112102021
693 0.1548383561417
694 0.155285639408072
695 0.155716237178793
696 0.156121460378301
697 0.156522657077278
698 0.157002302674997
699 0.157419605877738
700 0.157796356980757
701 0.158282888936425
702 0.158784937986262
703 0.15922424576618
704 0.159598278955585
705 0.160075327656586
706 0.16055194137115
707 0.161029748933623
708 0.16153533846165
709 0.161966644686323
710 0.162367880223353
711 0.162776201314253
712 0.163201280411948
713 0.163706310731921
714 0.164214869615489
715 0.164653508942732
716 0.165091554704597
717 0.165570595859921
718 0.166079723630364
719 0.166570379063957
720 0.167050657560702
721 0.167501295651073
722 0.167948316869768
723 0.168527755428129
724 0.169008643022413
725 0.169455456388731
726 0.169990979142593
727 0.170409927472332
728 0.170898930558127
729 0.171477757253246
730 0.171976748589856
731 0.172447097425014
732 0.172890712417618
733 0.173325123752332
734 0.173834197430181
735 0.174317681618022
736 0.1747826300943
737 0.175281250152897
738 0.175762065945773
739 0.176206274648786
740 0.17665265592107
741 0.17721469669866
742 0.177698134339785
743 0.178148209403065
744 0.178648825237758
745 0.179182967767276
746 0.17966271009123
747 0.180130283225636
748 0.180697526282507
749 0.181191448504399
750 0.18166004295638
751 0.182149618977432
752 0.182653097888648
753 0.18313018600034
754 0.183604682359063
755 0.184106277101774
756 0.184584080136103
757 0.185085433778613
758 0.18560092900198
759 0.186078830678168
760 0.186604139382748
761 0.18715586170479
762 0.187697110870225
763 0.188195708282039
764 0.188705378299652
765 0.189236220891876
766 0.189776243369455
767 0.190299613761672
768 0.190755023583352
769 0.191169726363897
770 0.191639820830586
771 0.192139450905856
772 0.192694631165906
773 0.193282186228742
774 0.193750096605467
775 0.194230316202679
776 0.194766813881301
777 0.195344826519261
778 0.195815929501965
779 0.196301731145184
780 0.196822382391432
781 0.197295562030647
782 0.197798345856967
783 0.198331094613729
784 0.198877080851004
785 0.199414843619606
786 0.19994314671549
787 0.200430141007606
788 0.200865320794376
789 0.20138837085652
790 0.201935876545704
791 0.202469526113698
792 0.202985106491014
793 0.20349940534317
794 0.203981830666342
795 0.204430725755341
796 0.204911795773326
797 0.205465350609452
798 0.206048695175964
799 0.206596664352497
800 0.207095194164664
801 0.207591002890477
802 0.208103667738444
803 0.208624374410105
804 0.209100534224432
805 0.209575341181277
806 0.210083911139799
807 0.210625709568293
808 0.21117906553866
809 0.211738696474654
810 0.212293851673851
811 0.212802941185904
812 0.213296613150305
813 0.21378302380441
814 0.214262662932293
815 0.214785697719688
816 0.215272077046442
817 0.215762380662895
818 0.216437358397982
819 0.216919061421544
820 0.217354588477023
821 0.217890552592123
822 0.218379768947087
823 0.2188275614421
824 0.21928295783566
825 0.219794824465257
826 0.220294255012857
827 0.220800592403434
828 0.221325145782328
829 0.221866687876718
830 0.222400019748931
831 0.222897604913087
832 0.223368133783782
833 0.223874522006334
834 0.224359358949591
835 0.224864468103422
836 0.225406911565951
837 0.225840212704288
838 0.226345879641753
839 0.226910162559654
840 0.227438108107219
841 0.227970445723785
842 0.228496946502136
843 0.229025257542143
844 0.229576848312829
845 0.230103405342757
846 0.230577298364569
847 0.231020891829009
848 0.23152909361998
849 0.23195314913929
850 0.232409216006078
851 0.232992329404567
852 0.233518249861027
853 0.233993621350333
854 0.234476296106854
855 0.2350259857596
856 0.235552808834799
857 0.23608817038726
858 0.236623360392776
859 0.23711373010774
860 0.237535758301296
861 0.238052204120438
862 0.238663268485946
863 0.239120140026019
864 0.239634542703279
865 0.240145119332419
866 0.240584658484303
867 0.241021041064466
868 0.241463998085441
869 0.24197305323339
870 0.242573522290644
871 0.243115266039607
872 0.243590166743426
873 0.244033588388327
874 0.244507770295714
875 0.245065300176255
876 0.24560811795163
877 0.24612499623367
878 0.246683279590704
879 0.247103663780869
880 0.247494096584211
881 0.247959372490031
882 0.248524446328852
883 0.248996690867918
884 0.249427291705901
885 0.249908884244775
886 0.250484918829258
887 0.251044221153268
888 0.251589751896478
889 0.252143583353813
890 0.25264667732024
891 0.253138760161349
892 0.253640148876712
893 0.254152959632799
894 0.254652825744493
895 0.255146459844943
896 0.255626208544558
897 0.256081188893543
898 0.25656810435142
899 0.25706278182725
900 0.257550653128369
901 0.258040271693301
902 0.258588725432673
903 0.259148965022961
904 0.259692105182068
905 0.260243584642315
906 0.260767412024889
907 0.261247841491828
908 0.261705955545232
909 0.262223718387842
910 0.262774730168857
911 0.263261393637555
912 0.263654631460812
913 0.264177563578357
914 0.264750515858688
915 0.265238983314352
916 0.265594110845767
917 0.26616837265045
918 0.266745238395949
919 0.267272261690455
920 0.267803608664187
921 0.268464584735441
922 0.268947558293856
923 0.26931382745174
924 0.269838034833383
925 0.2704189778196
926 0.270926604378613
927 0.27135894105469
928 0.271823844296038
929 0.272361331679592
930 0.272873073956976
931 0.27337037674878
932 0.273957096949966
933 0.274336790110279
934 0.274768666287544
935 0.275376122077057
936 0.276013556444596
937 0.276527701067959
938 0.276996811850628
939 0.277522024536989
940 0.278153069181824
941 0.278693994221404
942 0.279179449528271
943 0.279640845355665
944 0.280028782805102
945 0.280413910779005
946 0.280863374203507
947 0.281387793704048
948 0.281903448676741
949 0.282410716819788
950 0.282995699791994
951 0.283660668197144
952 0.284207361876614
953 0.284731729712553
954 0.285216652810064
955 0.285658292414456
956 0.286132916403293
957 0.28660500460519
958 0.287042431472744
959 0.287492163308013
960 0.288173980891648
961 0.288716632234532
962 0.289150424094558
963 0.289577012131384
964 0.289964311836664
965 0.290418682753303
966 0.290948167768998
967 0.291490981293861
968 0.291905118884404
969 0.292471993084624
970 0.293126256188526
971 0.293757688641571
972 0.294411741229052
973 0.294842652998988
974 0.295291097753746
975 0.295910667973097
976 0.296360973034499
977 0.296724811039044
978 0.297055377302268
979 0.29741219420861
980 0.297862972433555
981 0.298189034911222
982 0.298698193004123
983 0.299481046831683
984 0.30000967517784
985 0.300588344016214
986 0.301143623125311
987 0.301608079321893
988 0.302059460607044
989 0.302592508941807
990 0.303086329862123
991 0.303507665134565
992 0.304014900277618
993 0.304721363020017
994 0.305217423155457
995 0.305460968225947
996 0.30593046935614
997 0.30637536576247
998 0.307013366664648
999 0.307665848928686
1000 0.307834481209907
1001 0.299147614639934
1002 0.299596498353763
1003 0.299968873096373
1004 0.300415618425886
1005 0.300913324478413
1006 0.301336382773302
1007 0.30173862421256
1008 0.30219688631958
1009 0.30258965449352
1010 0.302934430625416
1011 0.303444917032076
1012 0.303946554536781
1013 0.30435680588747
1014 0.304803044480127
1015 0.305256525171671
1016 0.305678513605696
1017 0.306103683992394
1018 0.306589363924697
1019 0.307006960124925
1020 0.307369204567068
1021 0.30771691046009
1022 0.308099584893665
1023 0.308590543963164
1024 0.30911866491329
1025 0.309557283049371
1026 0.310014507435602
1027 0.310436917277082
1028 0.310749743318384
1029 0.3111939798333
1030 0.311732284803851
1031 0.312182018150189
1032 0.312633015293019
1033 0.313099439165138
1034 0.313568404900611
1035 0.313993710041943
1036 0.314468146625336
1037 0.314975146006778
1038 0.315447798215544
1039 0.315923828066954
1040 0.316380294642516
1041 0.316872418879715
1042 0.317348108310878
1043 0.317792211425696
1044 0.318296208508799
1045 0.318770844754129
1046 0.319218678725267
1047 0.319659533242603
1048 0.320112425456073
1049 0.320499548624589
1050 0.320847658877317
1051 0.321214701303644
1052 0.321613985014828
1053 0.322066648433034
1054 0.322513491283809
1055 0.322938622441485
1056 0.323361903882932
1057 0.323736426768075
1058 0.324115735097853
1059 0.324518642562527
1060 0.324930126997523
1061 0.325344626021933
1062 0.325725000644536
1063 0.32608543198035
1064 0.326437798731232
1065 0.326793741245399
1066 0.327115557970981
1067 0.327457867872142
1068 0.327846828713104
1069 0.328161108497175
1070 0.328412436236787
1071 0.328656429257077
1072 0.328896077049717
1073 0.329189728541628
1074 0.329570153551314
1075 0.329970476013137
1076 0.330287155431015
1077 0.330569100214097
1078 0.330810769779698
1079 0.331074482788103
1080 0.331335733505601
1081 0.331624311089053
1082 0.331968950272448
1083 0.332314425601232
1084 0.332626756917971
1085 0.332944611959833
1086 0.333275721536049
1087 0.333575787709093
1088 0.3338598819057
1089 0.334146685523201
1090 0.334389806187306
1091 0.334631035714586
1092 0.334835916628951
1093 0.335076503451089
1094 0.335306176736746
1095 0.335566867698357
1096 0.335942564024713
1097 0.336210248225868
1098 0.336506684620944
1099 0.336924109721569
1100 0.337200891119164
1101 0.337491775328366
1102 0.337854125191084
1103 0.338114570041716
1104 0.338379936209972
1105 0.338709620343694
1106 0.339006805039671
1107 0.339263481699816
1108 0.339557388013721
1109 0.339873651379674
1110 0.340171566542597
1111 0.340485105854837
1112 0.340833950157049
1113 0.341168475876638
1114 0.341493694788842
1115 0.341815722186971
1116 0.34212501614541
1117 0.342423883812038
1118 0.342728140124498
1119 0.343040069057882
1120 0.343382439876725
1121 0.343725442252031
1122 0.344091518942863
1123 0.344442747539509
1124 0.344789337206788
1125 0.345137043551571
1126 0.345486611736683
1127 0.345849504781087
1128 0.34617606563138
1129 0.346471069627331
1130 0.346770477616763
1131 0.34707578788034
1132 0.347424863136584
1133 0.347825438652272
1134 0.348202542555926
1135 0.348580632873123
1136 0.348948059139747
1137 0.349275919736107
1138 0.349648477021456
1139 0.3500695601222
1140 0.350433292038111
1141 0.350779812500234
1142 0.351151144209869
1143 0.351520851793392
1144 0.351855047256464
1145 0.352184370691826
1146 0.352544315949037
1147 0.352863310639369
1148 0.353142969706226
1149 0.353505271300174
1150 0.353861025924173
1151 0.354184974474155
1152 0.354563194559187
1153 0.354900767430204
1154 0.355208296271591
1155 0.355533019645541
1156 0.355849561697227
1157 0.356170461771899
1158 0.356515905272346
1159 0.356839657482921
1160 0.357139906151718
1161 0.357464205520483
1162 0.357798668857227
1163 0.358129767348434
1164 0.358488555582415
1165 0.358812343280571
1166 0.35909879751878
1167 0.359382909532972
1168 0.359621336366889
1169 0.35986604737926
1170 0.360137883071838
1171 0.360404591059272
1172 0.360698608944796
1173 0.361021033806727
1174 0.361357038041465
1175 0.361739892783534
1176 0.36207401467988
1177 0.362431821451886
1178 0.362738362887585
1179 0.362981501358282
1180 0.363228642720456
1181 0.363501887952733
1182 0.363728026716669
1183 0.36396007535121
1184 0.364197355114423
1185 0.364468483345627
1186 0.364775901273387
1187 0.365076899265093
1188 0.365433596569478
1189 0.365746447223962
1190 0.366035911314502
1191 0.366316579014454
1192 0.366596031366303
1193 0.366859363888603
1194 0.367113152061582
1195 0.367338763247241
1196 0.367521400926658
1197 0.367735526169683
1198 0.367934320728256
1199 0.368148476118135
1200 0.36839565505975
1201 0.368646763903843
1202 0.368887247131001
1203 0.369157185056978
1204 0.369429592210805
1205 0.36973092380407
1206 0.369996227486789
1207 0.370259413188091
1208 0.370504506758733
1209 0.370733639099466
1210 0.370946508644874
1211 0.371135240037471
1212 0.37134168184339
1213 0.371505696671393
1214 0.371728535014787
1215 0.372007463013337
1216 0.372265891712142
1217 0.372553816381208
1218 0.37283019216881
1219 0.373085540835478
1220 0.373293428294183
1221 0.373496728952594
1222 0.373664596053812
1223 0.373877119425474
1224 0.374080688782689
1225 0.374313280892562
1226 0.374568740115462
1227 0.37483574713426
1228 0.375134524394765
1229 0.375408153086109
1230 0.375711785700043
1231 0.375970031292764
1232 0.376167565986452
1233 0.376402612499875
1234 0.376651754631468
1235 0.376880501685972
1236 0.377102597009341
1237 0.377350612362665
1238 0.377546226496475
1239 0.377719031187624
1240 0.377944079196106
1241 0.378179065026295
1242 0.378433732568685
1243 0.378745544306863
1244 0.379000300378275
1245 0.379248560001876
1246 0.379479228446291
1247 0.379644235044196
1248 0.37988504681149
1249 0.380137216155149
1250 0.380423237792068
1251 0.38078998384261
1252 0.381116194498994
1253 0.381448368346149
1254 0.381768451490168
1255 0.382083384569544
1256 0.382375986392436
1257 0.382668256778293
1258 0.382937012695657
1259 0.383163668103641
1260 0.383324896010928
1261 0.383570464099712
1262 0.383799280362953
1263 0.384090626601072
1264 0.384481301367149
1265 0.384790118311568
1266 0.385089335938995
1267 0.3853747542337
1268 0.38563393482788
1269 0.385889392824968
1270 0.386143661381299
1271 0.386379374532871
1272 0.386577417970353
1273 0.386798110523089
1274 0.387038613544333
1275 0.387246523302738
1276 0.387450644422999
1277 0.387640959548213
1278 0.387804633646848
1279 0.38794313515581
1280 0.388108636889696
1281 0.388300701955424
1282 0.388428669069168
1283 0.388527253710201
1284 0.388646343710641
1285 0.388727878508677
1286 0.3888360163708
1287 0.388976717712897
1288 0.38910048623768
1289 0.389229026685714
1290 0.389324567883334
1291 0.38940599363743
1292 0.389488281897858
1293 0.389513692359479
1294 0.389594341612881
1295 0.389743820245876
1296 0.389835836058432
1297 0.389913754693315
1298 0.38999457362083
1299 0.390031221352924
1300 0.390083452073784
1301 0.390164327717459
1302 0.390287893517336
1303 0.39036188740331
1304 0.390437229643759
1305 0.39048916921078
1306 0.390498941915552
1307 0.390545146970672
1308 0.39057894333626
1309 0.390658387879089
1310 0.390780517951195
1311 0.390878353698794
1312 0.390996224979467
1313 0.391101458599392
1314 0.391190621989721
1315 0.391281228606383
1316 0.391365950332874
1317 0.391465806565283
1318 0.391564618357217
1319 0.391668824400206
1320 0.391797553583343
1321 0.391913096950093
1322 0.392000167774712
1323 0.392111013289394
1324 0.392259859035632
1325 0.392421642579803
1326 0.392606328441912
1327 0.392856183718132
1328 0.393033855929203
1329 0.393188166240671
1330 0.393352563923216
1331 0.393486036215812
1332 0.393648948111338
1333 0.393836361249523
1334 0.394010062264734
1335 0.394173151539457
1336 0.394356661883888
1337 0.394553178660153
1338 0.394741677322401
1339 0.394944749168208
1340 0.395137629703271
1341 0.395322776183027
1342 0.395501849188562
1343 0.395679867109641
1344 0.395851251569287
1345 0.396035237509124
1346 0.396181379697164
1347 0.396324399710703
1348 0.396423308436282
1349 0.396505247571803
1350 0.39655252968005
1351 0.396584368169138
1352 0.396589658254906
1353 0.396599091923476
1354 0.396583763787225
1355 0.396577410330987
1356 0.396556240753506
1357 0.396574254628727
1358 0.396578422833517
1359 0.396648347649394
1360 0.39676036529895
1361 0.396906897802949
1362 0.397115589521073
1363 0.39730902392822
1364 0.397513519896035
1365 0.397747913355518
1366 0.398004150857695
1367 0.398256321477577
1368 0.398568445167877
1369 0.398823229559318
1370 0.39903746711304
1371 0.399249899355116
1372 0.399465038326471
1373 0.399645898789185
1374 0.399741200829002
1375 0.399827002695541
1376 0.399801010549093
1377 0.39966089720541
1378 0.399519365510332
1379 0.399294730182757
1380 0.399128716958459
1381 0.398921211287063
1382 0.398789864801683
1383 0.398705221859351
1384 0.398635948255911
1385 0.398622631513621
1386 0.398570063121893
1387 0.398566889819428
1388 0.398463886454278
1389 0.398354623281952
1390 0.398129550089705
1391 0.397777716352915
1392 0.397445246528984
1393 0.397013643034684
1394 0.396631531205882
1395 0.396266462003548
1396 0.395908042378316
1397 0.395576636004424
1398 0.395214178518578
1399 0.394854056833695
1400 0.394474470792831
1401 0.394047927530776
1402 0.393656051223778
1403 0.393249182250607
1404 0.392797280053617
1405 0.392366529966086
1406 0.391914843578083
1407 0.391500394051557
1408 0.391094063905296
1409 0.390718494476172
1410 0.390338880272068
1411 0.39005182135874
1412 0.389782919354881
1413 0.389625609870421
1414 0.389521540926466
1415 0.389552935217415
1416 0.389670461027111
1417 0.389910380102669
1418 0.390312276341046
1419 0.390736072682457
1420 0.391290918011292
1421 0.39180412228742
1422 0.392379488769808
1423 0.392899898202638
1424 0.393412407044061
1425 0.393893702218789
1426 0.394340341461494
1427 0.394776752873668
1428 0.395187879431519
1429 0.395590608822613
1430 0.395978148423995
1431 0.396360396888626
1432 0.396739747381282
1433 0.397099424860824
1434 0.397443469783278
1435 0.397776438158817
1436 0.398098314508035
1437 0.39839885418894
1438 0.398704513665888
1439 0.39900359264034
1440 0.399300549683427
1441 0.399591159086514
1442 0.399884433035394
1443 0.400182381242861
1444 0.400472405670889
1445 0.400756117983302
1446 0.401043182308088
1447 0.401319185020819
1448 0.40161304879583
1449 0.401936710471571
1450 0.402217479573527
1451 0.402500453226083
1452 0.4027525010984
1453 0.402950797003408
1454 0.403173838455723
1455 0.403406393144593
1456 0.40361194769707
1457 0.403805703257414
1458 0.404001988745019
1459 0.404188717902343
1460 0.404362740375466
1461 0.404513967703935
1462 0.404695883617893
1463 0.404887216840819
1464 0.405063175456632
1465 0.405260868586225
1466 0.405448811612086
1467 0.40560998141774
1468 0.405776185983432
1469 0.40594216218556
1470 0.40611358490445
1471 0.406310618803407
1472 0.406516116629021
1473 0.40675557400914
1474 0.407030420318982
1475 0.407299193597731
1476 0.407575671153934
1477 0.407860544636063
1478 0.408170139108842
1479 0.408444737382993
1480 0.408702905939394
1481 0.408983825386717
1482 0.409270531901927
1483 0.409525360362732
1484 0.4097936230823
1485 0.410023289001551
1486 0.410188934538596
1487 0.410407511197792
1488 0.410633218343148
1489 0.41087107020926
1490 0.411137207423521
1491 0.411382421168566
1492 0.411634119366613
1493 0.411870774327366
1494 0.41209798313062
1495 0.412311109027546
1496 0.41248836111536
1497 0.412707389615701
1498 0.412938292112256
1499 0.41316716533007
1500 0.41343959307798
1501 0.413673124906672
1502 0.413863715121491
1503 0.414082783753729
1504 0.414315546938167
1505 0.414526671175793
1506 0.414756027938874
1507 0.414951626484602
1508 0.415095663443104
1509 0.415263417086653
1510 0.41542928589285
1511 0.415594075064366
1512 0.415779033326927
1513 0.415942601042668
1514 0.416062590642321
1515 0.416221019536179
1516 0.416393406334314
1517 0.416566186738993
1518 0.416776848115047
1519 0.416993896405822
1520 0.41717512100287
1521 0.417357245817133
1522 0.417551136622138
1523 0.417746949113124
1524 0.417930068994158
1525 0.418124495508247
1526 0.41829334790877
1527 0.418427393370158
1528 0.418594731200326
1529 0.418777234011533
1530 0.418941892530249
1531 0.419103547311013
1532 0.419276035268352
1533 0.419446825192535
1534 0.419605346614252
1535 0.41978958669136
1536 0.419920228536627
1537 0.420008148519916
1538 0.420105158775561
1539 0.420154289848179
1540 0.420274749541886
1541 0.420417306087018
1542 0.420581342298553
1543 0.420797847502126
1544 0.420997075577825
1545 0.421228064942173
1546 0.421395194870869
1547 0.421524871258322
1548 0.421681374792241
1549 0.421809299981278
1550 0.421947653304114
1551 0.422111973557337
1552 0.422268842891229
1553 0.422411393440996
1554 0.422552454751751
1555 0.422716730244091
1556 0.422851943385516
1557 0.42292957890117
1558 0.423068580614658
1559 0.42324425582013
1560 0.423395493967806
1561 0.423570161458186
1562 0.423731042348759
1563 0.423869815384264
1564 0.424005238861477
1565 0.424146360908665
1566 0.424279716180205
1567 0.424404395689552
1568 0.424510704198444
1569 0.42461138179559
1570 0.424702061331808
1571 0.424735050218785
1572 0.424827040822505
1573 0.424940890230997
1574 0.425073994190822
1575 0.425265502057317
1576 0.425430295024726
1577 0.425609399702734
1578 0.425759738315669
1579 0.425902549633266
1580 0.426013195599106
1581 0.426074572508109
1582 0.426152464798129
1583 0.426175966533873
1584 0.42626629600754
1585 0.426409692199915
1586 0.426550100811731
1587 0.426747720592487
1588 0.426915498863533
1589 0.427071487355214
1590 0.427215829738329
1591 0.427359384713357
1592 0.427474572052959
1593 0.427535556676719
1594 0.427633453656822
1595 0.427737298555769
1596 0.427836433315622
1597 0.427940503479809
1598 0.428072627799161
1599 0.428233858611465
1600 0.428356280730585
1601 0.428519149772724
1602 0.428699732942409
1603 0.428790128473577
1604 0.428891537645247
1605 0.429034419323993
1606 0.429176845399523
1607 0.429344139448335
1608 0.429559113169336
1609 0.429756740173004
1610 0.429956533336644
1611 0.430133680823572
1612 0.430325128848625
1613 0.430472278357207
1614 0.430572000868556
1615 0.430705045276703
1616 0.430837757646495
1617 0.4309677143461
1618 0.431113793177631
1619 0.43121437120098
1620 0.431293301573187
1621 0.43136574988845
1622 0.431399700467378
1623 0.431482805973903
1624 0.431562946227783
1625 0.431702848769739
1626 0.43189297922026
1627 0.432055028418632
1628 0.432254259840986
1629 0.432403528604085
1630 0.43251946892706
1631 0.432649204161041
1632 0.432773848879913
1633 0.432896984443687
1634 0.433003899183226
1635 0.433152813330768
1636 0.433323012375808
1637 0.433463550858365
1638 0.433625879672463
1639 0.433761629221248
1640 0.433853106103093
1641 0.433988422342002
1642 0.4341312091115
1643 0.434308434881788
1644 0.434518626047769
1645 0.434696543714666
1646 0.434900085041226
1647 0.435059016766043
1648 0.435180067374005
1649 0.435304967922861
1650 0.435423912334531
1651 0.43552668043896
1652 0.435607086254391
1653 0.435703826111831
1654 0.435801066397606
1655 0.435883709255796
1656 0.435957517311103
1657 0.436046371083782
1658 0.436163559115661
1659 0.436336643465064
1660 0.436540514676007
1661 0.436724240754592
1662 0.436887916591463
1663 0.437050848666983
1664 0.437202540082079
1665 0.437358897897585
1666 0.437499592900472
1667 0.437581626797761
1668 0.437692764238123
1669 0.437804970989343
1670 0.437912683488007
1671 0.43804881266778
1672 0.438155071607705
1673 0.438303640120766
1674 0.438477756558524
1675 0.438637686099778
1676 0.438823681342404
1677 0.438951856164888
1678 0.439038786532775
1679 0.43914070505726
1680 0.439242593884178
1681 0.439407046284903
1682 0.439601878964805
1683 0.439776279208683
1684 0.439978917624969
1685 0.440187174232189
1686 0.440364808564435
1687 0.440597898970242
1688 0.440799973955017
1689 0.440902772043548
1690 0.441053957193689
1691 0.441225887253677
1692 0.441370313727668
1693 0.441498407428663
1694 0.441613460718236
1695 0.441697974662518
1696 0.44173286249584
1697 0.441798147386857
1698 0.441897063567834
1699 0.441961041706221
1700 0.44203286599771
1701 0.442097256277978
1702 0.442193939155468
1703 0.442296077397535
1704 0.442436862204387
1705 0.442667416497917
1706 0.442831394146857
1707 0.442970326825053
1708 0.443098143212233
1709 0.443161372004798
1710 0.443278906312456
1711 0.443461225999469
1712 0.443582618389725
1713 0.443721084528177
1714 0.443806124089862
1715 0.443802404349918
1716 0.443828200177844
1717 0.443807371478291
1718 0.443860811518902
1719 0.443980556099712
1720 0.444054007318985
1721 0.444167434020831
1722 0.444220520506425
1723 0.444191457617851
1724 0.444207598275375
1725 0.44423315978134
1726 0.444266591246786
1727 0.444309600976524
1728 0.444366952298823
1729 0.444425325823196
1730 0.444497021301045
1731 0.444603849949216
1732 0.444660260909488
1733 0.444694902335001
1734 0.444758494307993
1735 0.444819349218629
1736 0.444868492194471
1737 0.44494337977139
1738 0.444962296664519
1739 0.444901908573708
1740 0.444923314076609
1741 0.444977607099408
1742 0.445068498124359
1743 0.44517165463725
1744 0.445244203805748
1745 0.44533390308535
1746 0.445377692184918
1747 0.445414027633642
1748 0.445436956373175
1749 0.445345833179586
1750 0.445306655951924
1751 0.445322933509144
1752 0.445350566190683
1753 0.445537701580719
1754 0.445726068424091
1755 0.445788211674781
1756 0.445795859720052
1757 0.445747110499443
1758 0.445718042629489
1759 0.445786156923489
1760 0.445916525078102
1761 0.446057276762253
1762 0.446195796504635
1763 0.446291092626228
1764 0.446357489975172
1765 0.446411011944112
1766 0.446415553229441
1767 0.446440383778999
1768 0.44651121866846
1769 0.446596577420737
1770 0.446663960415217
1771 0.446715949473056
1772 0.44679378925689
1773 0.446845715047279
1774 0.446936948066928
1775 0.44698439462096
1776 0.44697068476875
1777 0.446988710510961
1778 0.447024812460266
1779 0.447003832310676
1780 0.446934202934854
1781 0.446899398160184
1782 0.446831212239848
1783 0.44678238897197
1784 0.446817869848294
1785 0.446845383772229
1786 0.446928413200285
1787 0.447113623024005
1788 0.447315367156914
1789 0.447497291331183
1790 0.447630632762865
1791 0.44767978950799
1792 0.447715843854735
1793 0.447765446120835
1794 0.447854890056305
1795 0.448040512723973
1796 0.448143191190651
1797 0.448143784712868
1798 0.448149236625169
1799 0.448112659727153
1800 0.448133626905751
1801 0.445323688875409
1802 0.445517195220446
1803 0.445839036492957
1804 0.446244522280249
1805 0.446639451816012
1806 0.447170649213096
1807 0.447560838826203
1808 0.447977608052833
1809 0.448239644220756
1810 0.448399731342066
1811 0.448518755938802
1812 0.448530004095063
1813 0.448567873800364
1814 0.448666589868423
1815 0.448672606114538
1816 0.448698278083245
1817 0.448706223000753
1818 0.448747679176888
1819 0.448789073255346
1820 0.448831528212255
1821 0.448965193525719
1822 0.449012675936363
1823 0.448890800236888
1824 0.448811191398439
1825 0.448750588369228
1826 0.44856878899648
1827 0.448552154863846
1828 0.448736049545987
1829 0.448760863707238
1830 0.448751558648683
1831 0.4487871484294
1832 0.4487240481734
1833 0.448559195732282
1834 0.448513551068088
1835 0.448435616951732
1836 0.448468090488767
1837 0.448618837182856
1838 0.448757658884599
1839 0.448954482319979
1840 0.449155756824555
1841 0.44934208405006
1842 0.449423970844539
1843 0.449581769362582
1844 0.449753226595957
1845 0.449782067598074
1846 0.449889719611421
1847 0.449979879824772
1848 0.450028200970367
1849 0.450052838907056
1850 0.450236862717392
1851 0.45033707712494
1852 0.450389567455674
1853 0.450444313840383
1854 0.450361491864247
1855 0.450352222693602
1856 0.450444692208204
1857 0.450449974040071
1858 0.450434735500444
1859 0.450475700923316
1860 0.450422631864765
1861 0.450207048788531
1862 0.44990104966679
1863 0.449470975691265
1864 0.449005445512756
1865 0.448396552581855
1866 0.447825889551183
1867 0.447255046598491
1868 0.446687664325809
1869 0.446020241559628
1870 0.445470071817858
1871 0.444977467199544
1872 0.44455395855329
1873 0.444123472612447
1874 0.443779990994191
1875 0.443529933010467
1876 0.443248953900829
1877 0.442972541836197
1878 0.442568590361381
1879 0.442153141546104
1880 0.441470686505497
1881 0.440548533512039
1882 0.43950991116774
1883 0.438307611049378
1884 0.437047659109973
1885 0.435800419455556
1886 0.43444610331827
1887 0.43288171840313
1888 0.431236167297309
1889 0.429439332199754
1890 0.427542770518688
1891 0.425570685016405
1892 0.423603334712769
1893 0.421506015219005
1894 0.41918343683399
1895 0.416750305072837
1896 0.414223345309278
1897 0.411572996179071
1898 0.408904908567457
1899 0.406383685067495
1900 0.403810836196828
1901 0.40148050600634
1902 0.399317309152285
1903 0.397312021146771
1904 0.395324821415738
1905 0.39368088890934
1906 0.392207998603733
1907 0.390941388365691
1908 0.38994231759627
1909 0.389131701709554
1910 0.388439870229123
1911 0.387870764828516
1912 0.387449517061327
1913 0.387241072390297
1914 0.387075311786895
1915 0.386950443133612
1916 0.386932700517844
1917 0.386909710952054
1918 0.386974476116688
1919 0.387214156639573
1920 0.387530250825698
1921 0.387951237842974
1922 0.388565281834878
1923 0.389130013447938
1924 0.389697787644469
1925 0.390446049072842
1926 0.3911732519954
1927 0.391827731990281
1928 0.392394323932326
1929 0.392876875028447
1930 0.393467841080429
1931 0.394006551572185
1932 0.39458744096649
1933 0.395315182105378
1934 0.39595621399408
1935 0.396493961562282
1936 0.397124931640406
1937 0.397840315735506
1938 0.398495206027596
1939 0.399106960785543
1940 0.399742376462325
1941 0.400395358456606
1942 0.401009923356653
1943 0.401643827441352
1944 0.402371277445885
1945 0.402961251194962
1946 0.40343877301248
1947 0.403971455627889
1948 0.404516466584922
1949 0.404947268206254
1950 0.405372137453399
1951 0.40591433552107
1952 0.406244643959404
1953 0.406580856542975
1954 0.407070879983848
1955 0.407622403446368
1956 0.408170762323472
1957 0.408882112260485
1958 0.4094960552869
1959 0.410077585184174
1960 0.410614845731008
1961 0.411164060986975
1962 0.411754270360613
1963 0.412362570905301
1964 0.413027905034692
1965 0.413704268392998
1966 0.414341835740601
1967 0.414868960058335
1968 0.415228520156912
1969 0.415704428777491
1970 0.416135133742527
1971 0.416616625386777
1972 0.417184385869947
1973 0.417731394285849
1974 0.418185441971235
1975 0.418665405401942
1976 0.419186376753357
1977 0.419783860093077
1978 0.420375010708573
1979 0.421069058458706
1980 0.421650040361677
1981 0.422198639752229
1982 0.422724491182692
1983 0.423165575751749
1984 0.423664309235325
1985 0.424182960523244
1986 0.424662128625392
1987 0.425110852771924
1988 0.425746805473661
1989 0.426428038667368
1990 0.426998484344985
1991 0.427570472824656
1992 0.428228067430917
1993 0.428729455815979
1994 0.429092558244584
1995 0.429493802531386
1996 0.429709331361952
1997 0.430140414907548
1998 0.43067731843031
1999 0.431261249521358
2000 0.431849132732876
2001 0.432478587568017
2002 0.433032254307854
2003 0.433477521488031
2004 0.433983330911452
2005 0.434521850889621
2006 0.435026237817021
2007 0.435556719369552
2008 0.435998428787933
2009 0.436400681172762
2010 0.436782894360171
2011 0.437118059329367
2012 0.437325197588067
2013 0.437698189220831
2014 0.438071869729185
2015 0.438450197763472
2016 0.438880914985186
2017 0.439301974842624
2018 0.439677022616035
2019 0.44012942092657
2020 0.44069395518211
2021 0.441149753903581
2022 0.441590843474883
2023 0.44202561918655
2024 0.442416508840243
2025 0.442786769506017
2026 0.443197118729891
2027 0.443493277485666
2028 0.443798061355126
2029 0.444089022765048
2030 0.444403728319232
2031 0.444715856601496
2032 0.445085314446792
2033 0.445557194726532
2034 0.445879385942491
2035 0.446137195266727
2036 0.446422482995667
2037 0.44659508059992
2038 0.44685135851051
2039 0.447157950722901
2040 0.447498976120956
2041 0.447960146621406
2042 0.448379839276278
2043 0.448731999076359
2044 0.449118465119631
2045 0.449437984826141
2046 0.449654752811619
2047 0.449874865268211
2048 0.450077079028755
2049 0.450286321654038
2050 0.45039378166749
2051 0.450592030104191
2052 0.450881238942723
2053 0.45114433011227
2054 0.451409583740052
2055 0.451733299372075
2056 0.451995883542481
2057 0.452238313545321
2058 0.452460594891857
2059 0.452631968077494
2060 0.452859370705324
2061 0.453114090267822
2062 0.453327358254965
2063 0.453559054253089
2064 0.453765739475252
2065 0.45389900563877
2066 0.454080360349331
2067 0.454282771494095
2068 0.45450536376675
2069 0.454716868883666
2070 0.454891844148773
2071 0.455071283273248
2072 0.455257927543103
2073 0.455370269341596
2074 0.455437249217873
2075 0.455527618004124
2076 0.455517626708935
2077 0.45563065249501
2078 0.455819060773999
2079 0.456011631344673
2080 0.456280542907344
2081 0.456522816183096
2082 0.4567266804574
2083 0.456993094341507
2084 0.457344315402149
2085 0.457620389217175
2086 0.457865466954752
2087 0.458145592991503
2088 0.45831874945405
2089 0.458316144373398
2090 0.45852272054592
2091 0.458824901538897
2092 0.459051014413562
2093 0.459340741364089
2094 0.45957691653081
2095 0.459743353479764
2096 0.45990159234865
2097 0.460096629275176
2098 0.460234239104534
2099 0.460277029158378
2100 0.460343513435337
2101 0.460417068416976
2102 0.460463503960715
2103 0.460545521079434
2104 0.460580867438889
2105 0.460771884006489
2106 0.461053948201067
2107 0.461348415883798
2108 0.461769682147573
2109 0.462128175551115
2110 0.462468783095475
2111 0.462798792276562
2112 0.46324920119017
2113 0.463494875525834
2114 0.463525031975428
2115 0.463705612787002
2116 0.463850373842031
2117 0.463983066725863
2118 0.464209465196765
2119 0.464371041300641
2120 0.464548946411458
2121 0.464572850088479
2122 0.464832410536491
2123 0.465254197201438
2124 0.465610798378573
2125 0.46611651362999
2126 0.466432252862267
2127 0.466701965303394
2128 0.466874013699132
2129 0.466888568662976
2130 0.466924543451965
2131 0.466878883453603
2132 0.466838108347571
2133 0.466770933102043
2134 0.466718527987485
2135 0.466598562367029
2136 0.466668247309669
2137 0.466715617058782
2138 0.466875432294062
2139 0.46686182011371
2140 0.466830454306331
2141 0.466742244240471
2142 0.466507985853287
2143 0.466371668605784
2144 0.466350763844319
2145 0.466139338428482
2146 0.465840522880432
2147 0.465511473775916
2148 0.464977272734021
2149 0.464573869892945
2150 0.464234848558795
2151 0.463904384655981
2152 0.463609312409012
2153 0.463362654162092
2154 0.463072436350009
2155 0.462628564696026
2156 0.462206487266583
2157 0.461703038416943
2158 0.461272371868946
2159 0.460830021742517
2160 0.460426948468933
2161 0.460102586868898
2162 0.459685982988364
2163 0.459205679946986
2164 0.458795008004675
2165 0.458397073882473
2166 0.457966740199571
2167 0.457624617317915
2168 0.45717231258126
2169 0.456503719718932
2170 0.456016028059173
2171 0.455683152491168
2172 0.455220091385617
2173 0.454701482662202
2174 0.454330284956433
2175 0.453862716842817
2176 0.453257215711264
2177 0.452688774738902
2178 0.452139602786314
2179 0.451655603757227
2180 0.451117073879975
2181 0.450677616540883
2182 0.450465455420856
2183 0.450033071964197
2184 0.449542214087379
2185 0.448968581490915
2186 0.44824861449174
2187 0.447577534317647
2188 0.44679651019985
2189 0.44612501791807
2190 0.445611061485611
2191 0.444943269870439
2192 0.444353821663843
2193 0.443580468027962
2194 0.442521102576741
2195 0.441467746096244
2196 0.440750969294706
2197 0.439966372876805
2198 0.439349196728014
2199 0.439089155584316
2200 0.438533668505707
2201 0.437823229180042
2202 0.437255604015764
2203 0.436681420670454
2204 0.436194231143997
2205 0.435782150606366
2206 0.435388759684459
2207 0.434935513453155
2208 0.434736792964901
2209 0.434541121398923
2210 0.434708518499425
2211 0.435385964744665
2212 0.435838865251129
2213 0.436432154168017
2214 0.437002379486601
2215 0.43748572554253
2216 0.437970047982403
2217 0.438532104234765
2218 0.439065217828777
2219 0.43948242399872
2220 0.439968288259341
2221 0.440457167289055
2222 0.441037074490978
2223 0.441407876255545
2224 0.441664665514669
2225 0.44202884432436
2226 0.442318944443485
2227 0.442650513935174
2228 0.443199795346444
2229 0.4433805954232
2230 0.443289205009765
2231 0.443336716677927
2232 0.443229745590593
2233 0.44326079449266
2234 0.443421763530563
2235 0.443539093395939
2236 0.443683946968864
2237 0.443756050340427
2238 0.443709382593583
2239 0.443846324878879
2240 0.444093361357749
2241 0.444273425533344
2242 0.444631800362897
2243 0.444821294310406
2244 0.445011253907303
2245 0.444821842491893
2246 0.444633966901395
2247 0.444486792301006
2248 0.444240937471772
2249 0.444118759401524
2250 0.44417800901241
2251 0.44446690035523
2252 0.444627665709309
2253 0.444900115398386
2254 0.445068463278739
2255 0.445170489257173
2256 0.445243132736892
2257 0.445158728838387
2258 0.445400648453449
2259 0.445866193874876
2260 0.446059478141034
2261 0.446374681095073
2262 0.446566163883141
2263 0.44650367477765
2264 0.44646362782144
2265 0.446426406743631
2266 0.446438979508884
2267 0.446157247455895
2268 0.446237914796393
2269 0.446773334067483
2270 0.447075666872617
2271 0.447596292843735
2272 0.447798358974432
2273 0.447646629664695
2274 0.447552293955635
2275 0.447339749967483
2276 0.447076801268885
2277 0.446758259806558
2278 0.446449627125014
2279 0.446023790567034
2280 0.445974240816858
2281 0.445943164435327
2282 0.445891572596273
2283 0.446111027724791
2284 0.446121255543333
2285 0.446005356257968
2286 0.445826677433146
2287 0.445751409536146
2288 0.445443123363612
2289 0.445402303998067
2290 0.445684845522821
2291 0.445765463167848
2292 0.445787862479856
2293 0.445809483664039
2294 0.445846577796272
2295 0.445800600844989
2296 0.44569260235462
2297 0.44560050394836
2298 0.445535172486929
2299 0.445328398152554
2300 0.444962297827287
2301 0.444720345724185
2302 0.444297120783066
2303 0.444169298768147
2304 0.444445458776246
2305 0.444418304098459
2306 0.444395324969676
2307 0.444307163660031
2308 0.443967671982046
2309 0.443755859565825
2310 0.443558422751242
2311 0.443468540065655
2312 0.443542624182588
2313 0.443511790973302
2314 0.443303043688834
2315 0.443458426110248
2316 0.444046162823815
2317 0.444086213153504
2318 0.444105323459203
2319 0.444092937510498
2320 0.443518160384974
2321 0.443179756108861
2322 0.443079947823921
2323 0.44283737015882
2324 0.442824559935519
2325 0.442681297462563
2326 0.442741187023967
2327 0.442924125088734
2328 0.442905018506009
2329 0.443064931891547
2330 0.442697707483526
2331 0.442217240979097
2332 0.44205343427576
2333 0.441261601003755
2334 0.440371727695443
2335 0.439869159351757
2336 0.439198498066862
2337 0.438106200121348
2338 0.437522605963589
2339 0.43710795381853
2340 0.43726028854648
2341 0.437962586701753
2342 0.438124835184559
2343 0.438732965528786
2344 0.438720568275154
2345 0.437935860617171
2346 0.437701406567383
2347 0.437537105600162
2348 0.437601922726782
2349 0.437880839542469
2350 0.437966959983743
2351 0.438198912298752
2352 0.438221449669876
2353 0.438013198984975
2354 0.437911676984143
2355 0.437928782466982
2356 0.437761286780742
2357 0.437536074990592
2358 0.43708354425196
2359 0.43617138586179
2360 0.435801044055393
2361 0.435520828836222
2362 0.435413506446004
2363 0.435862369089932
2364 0.435871788582112
2365 0.435592816420697
2366 0.435555846355994
2367 0.435792453306832
2368 0.435458216976857
2369 0.43490668353001
2370 0.434307241011846
2371 0.432880823237776
2372 0.43256285155003
2373 0.433224917124664
2374 0.433061753599345
2375 0.432837679492036
2376 0.432641615597859
2377 0.432176180225466
2378 0.431537403414468
2379 0.43119316823828
2380 0.430512975136708
2381 0.42874618762198
2382 0.42797253190553
2383 0.427640509495187
2384 0.427590073844187
2385 0.428242747424422
2386 0.428576845131265
2387 0.429044315467943
2388 0.429277256050367
2389 0.429512628580191
2390 0.429545680847303
2391 0.429312697273963
2392 0.429294749728871
2393 0.429178374108344
2394 0.429024966271482
2395 0.429278060610465
2396 0.428809781360724
2397 0.427798492335315
2398 0.426859581593344
2399 0.425339890643323
2400 0.424233159259591
2401 0.42281212973901
2402 0.4226802807038
2403 0.423620856252656
2404 0.424096627509
2405 0.425615624767032
2406 0.426098298147932
2407 0.425665447115325
2408 0.425559680523013
2409 0.42552637008385
2410 0.425085736503162
2411 0.424203269921238
2412 0.42339119621497
2413 0.421994619766142
2414 0.421334985311031
2415 0.421131248317621
2416 0.421201040997688
2417 0.422758524207715
2418 0.422125622644607
2419 0.419846604325485
2420 0.418731725229275
2421 0.41687664632982
2422 0.415496446853378
2423 0.415058257566984
2424 0.414965684709054
2425 0.414679845731691
2426 0.414375086003446
2427 0.415449627253131
2428 0.415009228642871
2429 0.412866788574054
2430 0.412306236118953
2431 0.412388743801841
2432 0.411996028535113
2433 0.411852105969336
2434 0.411838946438829
2435 0.411755072013367
2436 0.411133608706939
2437 0.410823987995719
2438 0.409681734612321
2439 0.407251403020878
2440 0.405946731431284
2441 0.404637240613946
2442 0.404170394592932
2443 0.404485471143127
2444 0.404924634379325
2445 0.405352046016892
2446 0.406518919092948
2447 0.407339889263798
2448 0.407435427826128
2449 0.407936616919159
2450 0.407157146086293
2451 0.407042456130655
2452 0.406652928313045
2453 0.405417482238783
2454 0.405892968686135
2455 0.403907110051369
2456 0.401932517850402
2457 0.40147769500801
2458 0.399219295080128
2459 0.397632420957783
2460 0.396466998334555
2461 0.395405323755934
2462 0.395094215992154
2463 0.394959065749523
2464 0.395671685224067
2465 0.395682092264821
2466 0.395447053706725
2467 0.39510012282604
2468 0.393583022757984
2469 0.393502764340962
2470 0.395241409057881
2471 0.394924546153854
2472 0.39403245051562
2473 0.393262965432177
2474 0.391115837470211
2475 0.389828591740917
2476 0.388923552744406
2477 0.388804038010512
2478 0.388910369120958
2479 0.388483328803515
2480 0.38917651149055
2481 0.389092347543469
2482 0.388450043964507
2483 0.388011690704729
2484 0.387223396336431
2485 0.3876038325301
2486 0.387962183446182
2487 0.387830914426594
2488 0.388185453311949
2489 0.389134810516592
2490 0.391370003668811
2491 0.388289668087316
2492 0.385319872821767
2493 0.38361647722291
2494 0.381236344630211
2495 0.384184545046975
2496 0.386613594299771
2497 0.384188332196494
2498 0.382499251777615
2499 0.379304205738856
2500 0.377543029522528
