"Wavelength" "M009a_m5-w1"
350 0.0834284529433967
351 0.0785358778861934
352 0.0747551944190588
353 0.0749546172542331
354 0.0778578326337301
355 0.0740611786986725
356 0.0741295375071807
357 0.0790550961647786
358 0.0808506585634516
359 0.0764884427872084
360 0.0746902863821922
361 0.0785332112272471
362 0.0787278168243638
363 0.0776348702101234
364 0.0757079645923312
365 0.0733269697303704
366 0.0718261510461586
367 0.069439307544603
368 0.0683859404245376
369 0.0720081708737668
370 0.0733123350014498
371 0.0726493165154148
372 0.0702218163463857
373 0.0652558535020198
374 0.0675567087982143
375 0.072487694750807
376 0.0736422808371217
377 0.0677660388413454
378 0.0668554088010782
379 0.0698441318480316
380 0.0704861122563471
381 0.0690856286083408
382 0.0666382601647989
383 0.0649905176566676
384 0.0662620079764821
385 0.0660619644258995
386 0.0654477900017853
387 0.0654942150285252
388 0.0652088498758118
389 0.0650508144365059
390 0.0644600048143207
391 0.0631205561319028
392 0.0632833411111001
393 0.0641624383877773
394 0.0644103952025978
395 0.0627737735441257
396 0.0636991061673015
397 0.0644450551733345
398 0.063586447690755
399 0.0641612217924962
400 0.0639893180489804
401 0.0637265105252395
402 0.0642213667297361
403 0.0632957173989768
404 0.0630648424078997
405 0.063443040656732
406 0.0627446611855243
407 0.0627469667453991
408 0.0626851108466419
409 0.0623646356580774
410 0.0634690733151673
411 0.0632506840879327
412 0.0626459194352114
413 0.0632081102085515
414 0.0636751177656041
415 0.0641604401814757
416 0.0645414569344688
417 0.0644722104978763
418 0.0637482287313347
419 0.0632374673864646
420 0.0634508493148968
421 0.0638929429864791
422 0.0643757766405136
423 0.06472536094557
424 0.0648565396075261
425 0.0649412441028252
426 0.0652041911365786
427 0.0654163241078175
428 0.0649762795820344
429 0.0651203577454218
430 0.065527608912887
431 0.0658441278003879
432 0.0665072294107608
433 0.0666832569826551
434 0.0665507232739402
435 0.0666748519469186
436 0.0667225415729695
437 0.0670046516049158
438 0.0675458976803189
439 0.0679738323267128
440 0.0680481729577716
441 0.0680632870825449
442 0.0682958414250845
443 0.0684823230276119
444 0.0687638705250709
445 0.0690635108005846
446 0.0691897359985153
447 0.0691477441044845
448 0.0694530968162794
449 0.0700230437901979
450 0.0696576296607553
451 0.0698751282369194
452 0.0701989499179837
453 0.0699024646561643
454 0.0700345974772878
455 0.070398323921028
456 0.0707023796801805
457 0.0706599130307117
458 0.070847196525446
459 0.071122187454675
460 0.0712744421044843
461 0.0711944244148922
462 0.071450784625774
463 0.0716737379487362
464 0.0713386383596682
465 0.0718141671607232
466 0.0720925833334726
467 0.0718980493720908
468 0.0720743548302524
469 0.0723225329477525
470 0.0724807108929778
471 0.0725024278351327
472 0.0726735988712653
473 0.0725500445134317
474 0.072414299557737
475 0.0729153962163941
476 0.0730134701579597
477 0.073055427411992
478 0.0733094699016902
479 0.0735523290505153
480 0.0734452832127441
481 0.0734309809920291
482 0.0739719514654675
483 0.0739020771091623
484 0.0740700356886958
485 0.0746147769066352
486 0.07479689913915
487 0.0748452561619004
488 0.0749640145367049
489 0.0752382610145693
490 0.0753903118167995
491 0.0755235329305076
492 0.0756975937452659
493 0.0759269475691809
494 0.0760312389915074
495 0.0762158672148665
496 0.0765727682995973
497 0.0769049232869523
498 0.0772774557772158
499 0.0775884588067881
500 0.0777145973742537
501 0.0776712465286521
502 0.0778221608061534
503 0.0782022697616512
504 0.0784834293082622
505 0.0788163449021437
506 0.079060812955481
507 0.0791639712508808
508 0.079542676478952
509 0.0797909519160203
510 0.07988495149634
511 0.0800389673120392
512 0.0801328647891193
513 0.0803669623703959
514 0.0807802471650828
515 0.0810271730895483
516 0.0812079054997323
517 0.0814032441611202
518 0.0816829999562619
519 0.0820345234316035
520 0.0823437864618732
521 0.0825621407067494
522 0.0827242700503731
523 0.0830456863079006
524 0.0833944030794488
525 0.0836170241971389
526 0.0838152985403533
527 0.0841548725120338
528 0.0845174885908527
529 0.0846057425277921
530 0.084902252040189
531 0.0852521860320072
532 0.0855021584731563
533 0.0857615010071846
534 0.085958828102816
535 0.0861922144046224
536 0.0865919663265369
537 0.0869096468813661
538 0.0871931900252533
539 0.0874977673849059
540 0.0878449225947779
541 0.0881615834041848
542 0.088465490631841
543 0.0887814763120608
544 0.0890175399080711
545 0.0892732205891993
546 0.0895846583142323
547 0.0899150524423319
548 0.0901723480192246
549 0.0904202090521026
550 0.09074744297082
551 0.0912242901536434
552 0.0916207158465951
553 0.0919356059579985
554 0.0923088607307031
555 0.0926009262171424
556 0.0929080653142671
557 0.0932826394155903
558 0.0936177471171019
559 0.0939274937012716
560 0.0942843109018045
561 0.0947445156672778
562 0.0950700536369992
563 0.0953713506373191
564 0.0956945763972822
565 0.0959591332156183
566 0.0962040754866183
567 0.0964109957830188
568 0.096578221955245
569 0.0968275641277729
570 0.0971352467864034
571 0.0974510935547911
572 0.0977106670056061
573 0.0979986502234256
574 0.0983754741222889
575 0.098829890012499
576 0.0991760546378607
577 0.099431901904532
578 0.0996408904600393
579 0.0998670920455794
580 0.100146596078732
581 0.100398427364473
582 0.100593171490102
583 0.100823560127238
584 0.101094062295595
585 0.101341980150978
586 0.101509450636722
587 0.101724144509695
588 0.101989055002363
589 0.10229556774109
590 0.102633831291039
591 0.102856066378559
592 0.103069794683448
593 0.103386632224476
594 0.103644634591611
595 0.103924884314018
596 0.104207228903282
597 0.104396651827241
598 0.104661201178789
599 0.104952607335622
600 0.10520634497931
601 0.105416209999728
602 0.105627497608465
603 0.105859406780561
604 0.106111884567761
605 0.106353379899341
606 0.106572760483478
607 0.106787915197923
608 0.107064180872121
609 0.107331157594125
610 0.107538688788313
611 0.107679122406876
612 0.107907735357899
613 0.108194542921281
614 0.10848927770879
615 0.108734862779552
616 0.109005945973142
617 0.109265885846945
618 0.109480414213107
619 0.109713035546953
620 0.109981556053941
621 0.110261744175018
622 0.110501248021034
623 0.110710381144106
624 0.110960868529611
625 0.111268762869728
626 0.11149703452727
627 0.111721495558486
628 0.111954248528016
629 0.112186784123365
630 0.112468105733068
631 0.112776537138365
632 0.113073837042452
633 0.113306093798672
634 0.113540088793492
635 0.11380148556386
636 0.114092351785939
637 0.114376280543286
638 0.114630793995641
639 0.114870682060336
640 0.115145324528925
641 0.115452940949255
642 0.115753967206305
643 0.116026829698098
644 0.116340682247865
645 0.116594029572888
646 0.116817444922193
647 0.117110716167034
648 0.117363237354547
649 0.11763703429997
650 0.117963240827035
651 0.118272204237824
652 0.118564138403568
653 0.118826696185552
654 0.119061843072564
655 0.119360524982021
656 0.119668199246701
657 0.119970005131125
658 0.120311714069854
659 0.120602680634981
660 0.120858552037726
661 0.121126584734819
662 0.121460204359019
663 0.121795073476963
664 0.122113721997865
665 0.122435506913598
666 0.122765431278162
667 0.123078965939616
668 0.123374386970818
669 0.123715151249955
670 0.12404554917306
671 0.124347610846629
672 0.124627586156366
673 0.124923914848446
674 0.125291748781765
675 0.125692050891773
676 0.125953379608256
677 0.126330115442329
678 0.126709959075194
679 0.126957608441324
680 0.127282253451255
681 0.127632355462059
682 0.127984556974087
683 0.12834320556864
684 0.128670953415623
685 0.128992813112375
686 0.129323971324681
687 0.129617936831049
688 0.129972994152311
689 0.130362512886904
690 0.130707247584412
691 0.131022689044975
692 0.131353949785754
693 0.13171845109773
694 0.13209211294263
695 0.132438883106592
696 0.132772419459612
697 0.133124428975881
698 0.133534246456184
699 0.133909533899213
700 0.134249157418519
701 0.134628505989931
702 0.135046695493629
703 0.135436810398503
704 0.135772660706033
705 0.136151810245222
706 0.136524041354122
707 0.136890599525906
708 0.13726903841264
709 0.137644347491989
710 0.138004793413943
711 0.138369542616858
712 0.138796715347996
713 0.139179965670454
714 0.139549579815947
715 0.139945022982916
716 0.140297502646285
717 0.140662471371185
718 0.141059958053635
719 0.141481606503244
720 0.141935075709884
721 0.14236288800842
722 0.142744558464386
723 0.143151415080295
724 0.143530317790763
725 0.143925007544404
726 0.144377663006765
727 0.144725192031315
728 0.145111326939914
729 0.145569632837668
730 0.146003555518868
731 0.146432201870968
732 0.146828858363831
733 0.147188885991875
734 0.147583093292236
735 0.147992514095328
736 0.14840539530642
737 0.148812505211456
738 0.149205392829224
739 0.14961075372692
740 0.150034070858783
741 0.150448274385377
742 0.150856569812691
743 0.151268096897071
744 0.151691890068153
745 0.152137331217634
746 0.152531760886866
747 0.152904180479757
748 0.153344433169201
749 0.153784134819548
750 0.154205052707768
751 0.154613172329355
752 0.155045997409027
753 0.155471673126403
754 0.155894483196692
755 0.15632003035915
756 0.156703768761045
757 0.157099824053002
758 0.157501038138308
759 0.157855282024983
760 0.158264979237207
761 0.158691531704477
762 0.159101984744729
763 0.159525231776633
764 0.159957408017763
765 0.160413793838626
766 0.160898870616001
767 0.161340882093476
768 0.161736666155903
769 0.162105052661693
770 0.162480603973549
771 0.162843130792642
772 0.163292143147355
773 0.163832043981586
774 0.16421177692827
775 0.164599394260853
776 0.165032940348705
777 0.165491332898962
778 0.165892095981184
779 0.166286124830548
780 0.166710721116483
781 0.167177076473564
782 0.167603497590548
783 0.168017093655462
784 0.168443171273834
785 0.168856168391963
786 0.169268496775526
787 0.169677070089551
788 0.170079300809117
789 0.170500951335577
790 0.170951082553375
791 0.171400381145001
792 0.171794636181283
793 0.172198674633331
794 0.172610090717686
795 0.173018875140221
796 0.173422552005456
797 0.173839404663956
798 0.174304195105681
799 0.174819272060889
800 0.175234217845601
801 0.17563902410366
802 0.176051298116424
803 0.176436734862778
804 0.176877244676464
805 0.177328635484572
806 0.177755045144387
807 0.178162926399071
808 0.178571395916905
809 0.178998500765432
810 0.179445092967923
811 0.179867562345722
812 0.180253109435202
813 0.180633627205512
814 0.181053921362658
815 0.181444036452491
816 0.181838584237329
817 0.182273869594411
818 0.182769423489736
819 0.183225130961836
820 0.183647112107972
821 0.184059531601639
822 0.18446234469237
823 0.184860426999962
824 0.185270388346534
825 0.185704204038577
826 0.186138631320351
827 0.186499877021057
828 0.186857274190808
829 0.187368670030791
830 0.187821068876136
831 0.188237610819314
832 0.188667555098685
833 0.189146672380412
834 0.189543550616108
835 0.189916312928504
836 0.190335127558167
837 0.190738844230335
838 0.191150746746532
839 0.191591504875821
840 0.192059317392891
841 0.192436416758142
842 0.192854669257745
843 0.193328005706433
844 0.193751447745306
845 0.19412093327411
846 0.194502825681582
847 0.194927190925218
848 0.195344454932147
849 0.195705908564712
850 0.196098048971913
851 0.196576679602594
852 0.196994727647559
853 0.197339760424182
854 0.197690915544307
855 0.198144140424856
856 0.198629054671734
857 0.199074420002456
858 0.199476870234283
859 0.199888073578351
860 0.20029455263456
861 0.200707280807828
862 0.201129003245006
863 0.201549212137794
864 0.202026366064813
865 0.202462957780981
866 0.20279736860616
867 0.203134543297552
868 0.203527333179414
869 0.203965489456233
870 0.204408255133629
871 0.204823992288547
872 0.205201518475414
873 0.205575577745227
874 0.205998372624451
875 0.20644471090674
876 0.20693220026849
877 0.207410821716856
878 0.207780794286538
879 0.208165858169256
880 0.208563956835922
881 0.208971604684122
882 0.209411331210695
883 0.209787299164052
884 0.210113833840046
885 0.210438759939501
886 0.210811768193127
887 0.211278952364595
888 0.21174847790755
889 0.21213782367809
890 0.21258269790596
891 0.213014897844614
892 0.213435313836299
893 0.213870814588673
894 0.214296848056756
895 0.214678314726283
896 0.215045339690393
897 0.215461102589615
898 0.215840366520529
899 0.216221068323907
900 0.216620278956568
901 0.217018076349623
902 0.217420321007633
903 0.217805932824271
904 0.218184705188422
905 0.218615075538579
906 0.219118291658605
907 0.219578463259026
908 0.219956527613913
909 0.220438050214183
910 0.220885320040087
911 0.221272798010621
912 0.221627756478467
913 0.222016376324823
914 0.22253308773808
915 0.222982754730155
916 0.223218142233633
917 0.223714601695239
918 0.224184629679108
919 0.224588646579547
920 0.225013334380067
921 0.225477430386711
922 0.225832809775578
923 0.226169674736947
924 0.226671496833494
925 0.227045107476047
926 0.22740746466385
927 0.227788989402985
928 0.228137206577496
929 0.228528457993417
930 0.229005882291697
931 0.229503965112532
932 0.229871877281142
933 0.230150816750668
934 0.230562052265527
935 0.231108051798855
936 0.231519847374725
937 0.231911765550021
938 0.232304479123939
939 0.232722226182571
940 0.233199597175515
941 0.233574680712543
942 0.233893309900231
943 0.234236736168536
944 0.234661200416672
945 0.235038457418587
946 0.235406088586214
947 0.235795319659889
948 0.236154607031617
949 0.236681835442189
950 0.237230966322384
951 0.237677869881393
952 0.238121056243149
953 0.238526062208698
954 0.23888796891865
955 0.239253329045476
956 0.23975831498967
957 0.240124374875078
958 0.240480590806932
959 0.240945329615491
960 0.241345626707485
961 0.241727607143233
962 0.24204926690413
963 0.242324710726947
964 0.24274130481783
965 0.243087328243476
966 0.243436170732789
967 0.243888330118701
968 0.244409256497629
969 0.244880332390734
970 0.245350434373663
971 0.245885886658037
972 0.246474328693894
973 0.24680549616217
974 0.247147185812468
975 0.247680520102673
976 0.248026436942365
977 0.248420385544273
978 0.248697979082756
979 0.248846008670622
980 0.249340923821595
981 0.249730019304229
982 0.250090739964695
983 0.250562809201423
984 0.251137219513371
985 0.251567318367202
986 0.251962675436426
987 0.252399938462501
988 0.252755929364432
989 0.253083584678891
990 0.253418876770533
991 0.25380286148904
992 0.254278593929455
993 0.254835841167111
994 0.255221012426742
995 0.255472479627127
996 0.255969269771092
997 0.256246880616732
998 0.256529564546749
999 0.256919133951067
1000 0.257287458400578
1001 0.253650933674758
1002 0.254035146271755
1003 0.254390923584662
1004 0.254753874601654
1005 0.255183639329116
1006 0.255524541241393
1007 0.255789142301934
1008 0.256117821837159
1009 0.256390248057699
1010 0.25665812993745
1011 0.257075505340998
1012 0.257428551384593
1013 0.257790712664676
1014 0.258187050936429
1015 0.258439626215348
1016 0.258749687787796
1017 0.259122425538656
1018 0.25955968060329
1019 0.259949967517132
1020 0.26039776521431
1021 0.260780732962118
1022 0.261083086531828
1023 0.261402941503088
1024 0.261756842972356
1025 0.26210572807096
1026 0.262414095798299
1027 0.262761833489285
1028 0.263066804347438
1029 0.263336937100388
1030 0.263705506495011
1031 0.264105254164441
1032 0.264446476027752
1033 0.264739781977071
1034 0.265101480585168
1035 0.265503409492722
1036 0.265790938009252
1037 0.26608879471277
1038 0.26649552281596
1039 0.266839422472169
1040 0.267195297760524
1041 0.267608090287557
1042 0.267969880632401
1043 0.268263880220701
1044 0.268571065082876
1045 0.268913766493217
1046 0.269274884659318
1047 0.269646891114355
1048 0.270060035504891
1049 0.270424345501251
1050 0.270803534888141
1051 0.27113980971875
1052 0.271390370696201
1053 0.271741695323635
1054 0.272061648413155
1055 0.272321844697459
1056 0.272642288072093
1057 0.272956882563511
1058 0.273265284026789
1059 0.273627358709315
1060 0.274032142058298
1061 0.274396689546353
1062 0.274734951956681
1063 0.275048074001661
1064 0.275355927116627
1065 0.275647766180018
1066 0.27597271989374
1067 0.276297519422346
1068 0.276585489929967
1069 0.276881769864954
1070 0.277167467671338
1071 0.27745758620719
1072 0.277796061873029
1073 0.278136216003211
1074 0.278513759405266
1075 0.278882699912585
1076 0.279194619941411
1077 0.279476384153862
1078 0.279768704505246
1079 0.280026019689627
1080 0.280285378942844
1081 0.280615509222363
1082 0.280935750455322
1083 0.281280830031039
1084 0.281622574074869
1085 0.281869351934584
1086 0.282142358193988
1087 0.282417395081905
1088 0.282679919775671
1089 0.283010935364031
1090 0.283320615437622
1091 0.283612443280827
1092 0.283871069906483
1093 0.284154733787614
1094 0.284429970255185
1095 0.284732992402432
1096 0.285038842657617
1097 0.285271982542156
1098 0.28553854348019
1099 0.285822783072037
1100 0.286090331204451
1101 0.286424260612567
1102 0.286734609079288
1103 0.286998276063754
1104 0.287262104594372
1105 0.287507412780759
1106 0.287765698952568
1107 0.288017540541641
1108 0.28826648660502
1109 0.288521049882408
1110 0.288787044411528
1111 0.289020358430578
1112 0.289294049942505
1113 0.289575035148807
1114 0.28981156315248
1115 0.290068856654125
1116 0.290327066722178
1117 0.290563726452692
1118 0.290851909580036
1119 0.291123935649037
1120 0.291358032704808
1121 0.291608615572427
1122 0.291860824786653
1123 0.292093389697069
1124 0.292309728081996
1125 0.292562537021628
1126 0.29281229013884
1127 0.293102448140276
1128 0.293383215686247
1129 0.293635800040266
1130 0.293870233734058
1131 0.294057636659871
1132 0.294290461942394
1133 0.294548645814544
1134 0.294774836254638
1135 0.295002697271844
1136 0.295232368880975
1137 0.295433122543475
1138 0.295666879306815
1139 0.295930241387045
1140 0.29619345981481
1141 0.296468195307266
1142 0.296729987323427
1143 0.297004478957472
1144 0.297254728890134
1145 0.297458673712275
1146 0.297694790926036
1147 0.297960371003863
1148 0.298194849220714
1149 0.298438970029044
1150 0.298692316693716
1151 0.298908254418925
1152 0.299143735185985
1153 0.29936866142245
1154 0.29960255336248
1155 0.299823927258763
1156 0.300012087853854
1157 0.300234424145148
1158 0.300467696394555
1159 0.300720281317952
1160 0.300997566748252
1161 0.301276839819687
1162 0.301561077026004
1163 0.301843776970511
1164 0.302104533639485
1165 0.302334729768419
1166 0.302541489553949
1167 0.302756759640714
1168 0.302949829321581
1169 0.303151924257272
1170 0.303356689324077
1171 0.303542785570388
1172 0.303763515154683
1173 0.304001004939009
1174 0.304254268819058
1175 0.304557063524092
1176 0.304823225416705
1177 0.305091355608228
1178 0.305335018777369
1179 0.305536476130223
1180 0.305772582164713
1181 0.30600004627278
1182 0.306209955083035
1183 0.306433536193879
1184 0.306629317400917
1185 0.30689487787226
1186 0.30717317222761
1187 0.307428380860121
1188 0.307718610065408
1189 0.307980800879707
1190 0.308197626085665
1191 0.308432035668352
1192 0.308684557029245
1193 0.308915892136098
1194 0.309154691219778
1195 0.30935080509276
1196 0.309508163803522
1197 0.309680972788896
1198 0.309822971378244
1199 0.309959978547035
1200 0.310166642212296
1201 0.310374547355288
1202 0.310577716091914
1203 0.310827221118295
1204 0.311059531239277
1205 0.31130612763065
1206 0.311525501324067
1207 0.311736917746522
1208 0.311937934045687
1209 0.31210162637347
1210 0.312299707323605
1211 0.312516016935712
1212 0.312726923980002
1213 0.312949778491616
1214 0.31317027925562
1215 0.313392348272218
1216 0.313606011721889
1217 0.313828294023243
1218 0.31403776925238
1219 0.314210043433009
1220 0.314366737972264
1221 0.314531497140012
1222 0.314671233276406
1223 0.314844340469681
1224 0.31503744778812
1225 0.315222940794361
1226 0.315414666549529
1227 0.315606021786548
1228 0.315795095089107
1229 0.315993424445204
1230 0.316205042679231
1231 0.316405726076327
1232 0.316603161095953
1233 0.316803973840288
1234 0.31701248944427
1235 0.317204283897465
1236 0.317392863807585
1237 0.317578978077894
1238 0.317718746729839
1239 0.317865499779954
1240 0.318035377804689
1241 0.318202452956129
1242 0.318389090732119
1243 0.318623009893983
1244 0.318799810986089
1245 0.318953548738657
1246 0.319117669795143
1247 0.319242494730246
1248 0.319415842170837
1249 0.319613725286455
1250 0.319819699620415
1251 0.320060820147856
1252 0.320286408314272
1253 0.320530217141025
1254 0.32074930572106
1255 0.320960560875778
1256 0.321151873631761
1257 0.321338643589557
1258 0.321479435960385
1259 0.321625122639524
1260 0.321739783708118
1261 0.321899416166117
1262 0.322063550496924
1263 0.322244149140187
1264 0.322453723416708
1265 0.322655079788257
1266 0.322868128436913
1267 0.323061055948057
1268 0.323263797422074
1269 0.323442589823372
1270 0.32358091769528
1271 0.323745230082586
1272 0.323926489941282
1273 0.324080976867412
1274 0.324223460089626
1275 0.324373107256157
1276 0.324493035942497
1277 0.324634661885099
1278 0.324793857261439
1279 0.324965961744872
1280 0.32513317101927
1281 0.325296007535281
1282 0.32548386563855
1283 0.325690576768469
1284 0.325881436055769
1285 0.326088712592061
1286 0.32627643946484
1287 0.326446895346841
1288 0.326616450435656
1289 0.326788907646979
1290 0.326944021641265
1291 0.327072203161746
1292 0.327220288004072
1293 0.327351953871433
1294 0.327514504400114
1295 0.327721119005293
1296 0.327897165192344
1297 0.328080700292651
1298 0.32824926799083
1299 0.328391995246491
1300 0.328531171185192
1301 0.32867570119511
1302 0.328825621988248
1303 0.328958219253121
1304 0.329077148485537
1305 0.329212282748083
1306 0.329331509063372
1307 0.329485502385191
1308 0.329665008900121
1309 0.329841800344532
1310 0.330048640467546
1311 0.330219808263827
1312 0.330377425996485
1313 0.330535527732409
1314 0.330673649159213
1315 0.33081912077492
1316 0.330985960556512
1317 0.331121039332476
1318 0.331236136030722
1319 0.331348898515246
1320 0.331442003130108
1321 0.331534988285339
1322 0.33162785469686
1323 0.331706174284244
1324 0.331813459562795
1325 0.331922302481672
1326 0.332043559248436
1327 0.332196502227787
1328 0.33231594764928
1329 0.332425495875243
1330 0.332532710560757
1331 0.33262994990468
1332 0.332726795994904
1333 0.332823998862639
1334 0.332912679663305
1335 0.332991061535432
1336 0.333072415088956
1337 0.3331556588351
1338 0.333228287382558
1339 0.33329295603933
1340 0.33336209578624
1341 0.333423876577688
1342 0.333489264295109
1343 0.333561913419308
1344 0.333630580761866
1345 0.333701422231866
1346 0.333763635880398
1347 0.333824728769213
1348 0.333885295598373
1349 0.333915607884917
1350 0.333934205560756
1351 0.333928212174893
1352 0.333900676090988
1353 0.333852459663248
1354 0.333774541775733
1355 0.333705327246976
1356 0.333592141989655
1357 0.333545122302491
1358 0.333514959162968
1359 0.333516037976697
1360 0.333547195043167
1361 0.333614062568667
1362 0.333728183132337
1363 0.333831380676831
1364 0.333966201945014
1365 0.334096662031076
1366 0.334221336405859
1367 0.334348218633453
1368 0.3345014638892
1369 0.334631442539692
1370 0.334767516053906
1371 0.334863109971919
1372 0.334949312947661
1373 0.334989099943929
1374 0.334992367271934
1375 0.334985596319849
1376 0.334907103332392
1377 0.334794129293852
1378 0.334617807528858
1379 0.334327978263866
1380 0.334139149304861
1381 0.333929828910067
1382 0.333769679353894
1383 0.333679321165309
1384 0.333562131211098
1385 0.333456354102349
1386 0.333333603033226
1387 0.333253489357289
1388 0.333077258994554
1389 0.332879302163247
1390 0.332601550233234
1391 0.332211552502986
1392 0.331851309013018
1393 0.331427745084304
1394 0.331043283072572
1395 0.33067858976038
1396 0.330313973079651
1397 0.329967978730781
1398 0.32960644467787
1399 0.3292464795203
1400 0.328875084700213
1401 0.328498485896966
1402 0.328112234752995
1403 0.327676143733817
1404 0.32724290099878
1405 0.326817369437085
1406 0.326358357418637
1407 0.325950952826589
1408 0.32556698795578
1409 0.325211638782752
1410 0.324869158121175
1411 0.324570423516339
1412 0.324279877685829
1413 0.324089289649102
1414 0.323904542754325
1415 0.323884395479242
1416 0.323987956509261
1417 0.324150978599637
1418 0.324453256070958
1419 0.324756844115616
1420 0.325134988234898
1421 0.325503220494919
1422 0.32592806198554
1423 0.326309436305664
1424 0.326686676383758
1425 0.327047694796392
1426 0.327395315921802
1427 0.327723319574389
1428 0.32803793186496
1429 0.328334623811099
1430 0.32859480007388
1431 0.328862292814968
1432 0.32912843116837
1433 0.329389746305545
1434 0.329611027732354
1435 0.329846770026354
1436 0.330081118981986
1437 0.330285777770107
1438 0.330539176972288
1439 0.330834191229216
1440 0.331088737915733
1441 0.331345251416364
1442 0.331593527852284
1443 0.331825868990929
1444 0.332059780916268
1445 0.33229234872476
1446 0.33252794225899
1447 0.332752037134687
1448 0.332985980702363
1449 0.333244467997072
1450 0.333473146794243
1451 0.333706469054908
1452 0.333899790306094
1453 0.334047618451655
1454 0.33421316944746
1455 0.334359855720546
1456 0.33451315241008
1457 0.334683089819831
1458 0.334840306887212
1459 0.334994837501005
1460 0.335129363994678
1461 0.335244699370881
1462 0.335366608903221
1463 0.335466046884656
1464 0.335582707760328
1465 0.335728517116373
1466 0.335852384404949
1467 0.335945198852039
1468 0.336073130361615
1469 0.336216627625366
1470 0.336346074680834
1471 0.336514986536029
1472 0.336710850032279
1473 0.336890409038115
1474 0.33709558482135
1475 0.337324357493402
1476 0.33757921857108
1477 0.337836218607145
1478 0.338134362859202
1479 0.338370167135205
1480 0.33858120313405
1481 0.338807820004041
1482 0.339007681441276
1483 0.33922453037072
1484 0.339468514808003
1485 0.339684389234638
1486 0.339879905063282
1487 0.340088045473577
1488 0.340289743078768
1489 0.340506012272235
1490 0.340744075738888
1491 0.34094601940843
1492 0.341147065842615
1493 0.341330044350451
1494 0.341463791240964
1495 0.341640606900005
1496 0.341820894137574
1497 0.342021300437125
1498 0.342270576021025
1499 0.342474671713639
1500 0.34268200821238
1501 0.342864137521561
1502 0.34300016107455
1503 0.343152107865011
1504 0.343280087751449
1505 0.3434430260835
1506 0.343629272915887
1507 0.343812579689952
1508 0.344028818798901
1509 0.344222165215188
1510 0.344418791316324
1511 0.344585931178416
1512 0.344719966937555
1513 0.344860653188244
1514 0.344963590211221
1515 0.345093691592135
1516 0.345234581042829
1517 0.345398060690903
1518 0.345580065762307
1519 0.345771869663847
1520 0.345923848312949
1521 0.34608505678017
1522 0.34624869081712
1523 0.346387001232304
1524 0.346561712368925
1525 0.346772193812025
1526 0.346951020889895
1527 0.347131598706016
1528 0.347289867802897
1529 0.34742744714875
1530 0.347579511002764
1531 0.347728110033801
1532 0.347868263906955
1533 0.348005699294102
1534 0.34815069777241
1535 0.348286971341448
1536 0.348429694681577
1537 0.348600455104187
1538 0.348728269444658
1539 0.348819819892174
1540 0.348942984610915
1541 0.349061021515404
1542 0.349186132813219
1543 0.349346719966426
1544 0.349464099457389
1545 0.349551436937854
1546 0.349650243699752
1547 0.349730476530855
1548 0.349830820490795
1549 0.349940926171873
1550 0.350056392550425
1551 0.350167590783935
1552 0.350306282488934
1553 0.350482292466694
1554 0.350624239224861
1555 0.350768280060675
1556 0.350909649023001
1557 0.351020017721446
1558 0.351153472486406
1559 0.351320355519241
1560 0.351457364235725
1561 0.351581857805665
1562 0.35170436970355
1563 0.351814090841054
1564 0.351920692568552
1565 0.352034763483862
1566 0.35212758090211
1567 0.352188565707317
1568 0.352272337874365
1569 0.352353475528207
1570 0.352438366283718
1571 0.352524687818121
1572 0.352635038988237
1573 0.352755706901288
1574 0.352884000019588
1575 0.353052003206699
1576 0.353196473002266
1577 0.353370681956522
1578 0.353470870845014
1579 0.353512096219572
1580 0.353560126509628
1581 0.353525662020474
1582 0.353547627489852
1583 0.353605972977707
1584 0.353671145440897
1585 0.353752772155154
1586 0.353851765812119
1587 0.353984898745756
1588 0.354100181830119
1589 0.354232441602019
1590 0.354345986434951
1591 0.354442112138268
1592 0.354526535099408
1593 0.354574176885207
1594 0.354654364832495
1595 0.354737723534858
1596 0.354831046182479
1597 0.354935325000229
1598 0.355071984568259
1599 0.355256131535243
1600 0.355409584672874
1601 0.355571728534788
1602 0.355709029328904
1603 0.355748595214805
1604 0.355782112475651
1605 0.35584967741612
1606 0.355911525980509
1607 0.35598639147445
1608 0.356082898646308
1609 0.356191421299598
1610 0.356288451626682
1611 0.356441626110331
1612 0.356651048785313
1613 0.356811108080433
1614 0.356985062116071
1615 0.35712433996913
1616 0.357236695224657
1617 0.35734101590825
1618 0.357439166055237
1619 0.357504924131701
1620 0.357528463020996
1621 0.357599900326102
1622 0.357663776876696
1623 0.357757786562891
1624 0.357889359207506
1625 0.358005572933432
1626 0.358132372802289
1627 0.35822657969516
1628 0.358316758875431
1629 0.358391255284487
1630 0.358427790595655
1631 0.358504082783362
1632 0.358592902471203
1633 0.358683207430595
1634 0.358778079403516
1635 0.358894151412347
1636 0.359026487711579
1637 0.35914373706328
1638 0.359276632879456
1639 0.359396226126391
1640 0.359503485456193
1641 0.359594510046556
1642 0.359668470795971
1643 0.359784687808105
1644 0.359898828263701
1645 0.360023423696847
1646 0.360199819558291
1647 0.360313462898798
1648 0.360395288606796
1649 0.360466354290339
1650 0.360514625615558
1651 0.36057871813949
1652 0.360629956118223
1653 0.360695011454997
1654 0.360777935543244
1655 0.360822282948433
1656 0.360858703752038
1657 0.360916033568718
1658 0.360990392319491
1659 0.361093390098549
1660 0.361200082136617
1661 0.361276763230627
1662 0.36136184813184
1663 0.361435872315927
1664 0.361478018877806
1665 0.361536297765775
1666 0.361613225864019
1667 0.361686252739601
1668 0.36178848977047
1669 0.36188672534266
1670 0.361968592914198
1671 0.362080605809937
1672 0.362185075941703
1673 0.362268929940196
1674 0.362369415289743
1675 0.362454765482013
1676 0.362524351218501
1677 0.362623541335582
1678 0.3627519041367
1679 0.362886708652303
1680 0.363004655764926
1681 0.363120721488718
1682 0.36325600391138
1683 0.363401717077975
1684 0.363566589266644
1685 0.363751634575382
1686 0.363874133966456
1687 0.363937609097041
1688 0.363998838516628
1689 0.364001543873556
1690 0.363996552479457
1691 0.364039501550979
1692 0.364092838725835
1693 0.364181418523783
1694 0.364278523997085
1695 0.364319858661328
1696 0.36432295363801
1697 0.364322391830202
1698 0.364336438451494
1699 0.364392251701389
1700 0.364447651503137
1701 0.364519633705297
1702 0.364592771212865
1703 0.364645809033636
1704 0.364743520711049
1705 0.364935615102287
1706 0.365008523205954
1707 0.365033988607447
1708 0.365068517627658
1709 0.364971629600086
1710 0.364991377815394
1711 0.36513164118143
1712 0.365197714531903
1713 0.365285187508854
1714 0.365348682135669
1715 0.365366573375271
1716 0.365376851261985
1717 0.365343150142289
1718 0.365369140245656
1719 0.365438076034856
1720 0.365455202056863
1721 0.365508361161193
1722 0.365493642995946
1723 0.365380028128346
1724 0.365312067690411
1725 0.36524049529857
1726 0.365199111172853
1727 0.365149484236113
1728 0.365155146908063
1729 0.365202700975827
1730 0.365283116189497
1731 0.365435394766223
1732 0.365516198096962
1733 0.365598557250651
1734 0.365659064490834
1735 0.365673398575355
1736 0.365712737628445
1737 0.365757379198752
1738 0.36580173959338
1739 0.365846357687686
1740 0.365900453869219
1741 0.365921698470164
1742 0.365901474481353
1743 0.365882333710397
1744 0.365861298616442
1745 0.365817849326434
1746 0.365795196937572
1747 0.36580943469379
1748 0.365806360236594
1749 0.365790668356525
1750 0.365758230593185
1751 0.365733999873128
1752 0.365721609692459
1753 0.365737495621346
1754 0.365796306273044
1755 0.365832472749917
1756 0.365818225263461
1757 0.365799131623399
1758 0.365766384232603
1759 0.365675527760394
1760 0.365629371438042
1761 0.365597465885011
1762 0.365580747801129
1763 0.365625510421045
1764 0.365629313908061
1765 0.365622223325873
1766 0.365600282112732
1767 0.365579512173129
1768 0.365599164679892
1769 0.365631464580858
1770 0.365690047505563
1771 0.365744273370305
1772 0.365766813092334
1773 0.365764693434756
1774 0.365750383214136
1775 0.365739716904968
1776 0.365703385054417
1777 0.365687811783971
1778 0.365680535885998
1779 0.365665231381779
1780 0.36562471154701
1781 0.365701317312047
1782 0.365730793415613
1783 0.365701656842541
1784 0.36570837106888
1785 0.365632205647597
1786 0.365580400890596
1787 0.365681148303295
1788 0.365779552452797
1789 0.365855830110183
1790 0.365927849809664
1791 0.365938070622859
1792 0.366003503004145
1793 0.366102607948719
1794 0.366157682628706
1795 0.366276581766184
1796 0.36630179623378
1797 0.366213955411184
1798 0.366160251747216
1799 0.366047795398334
1800 0.365929790387066
1801 0.362458546319402
1802 0.362626524673709
1803 0.362836136837119
1804 0.363049761214915
1805 0.363327983823435
1806 0.363655401075237
1807 0.363942253031783
1808 0.364403937776382
1809 0.36461420020901
1810 0.364679317626385
1811 0.364674280348769
1812 0.364716004159964
1813 0.364733754501892
1814 0.364778005949138
1815 0.364887085979327
1816 0.364949415093251
1817 0.364914701762378
1818 0.364969454336108
1819 0.365126530188612
1820 0.365173533737327
1821 0.365164911066173
1822 0.365179892077388
1823 0.365013111847868
1824 0.364877573468921
1825 0.36483597372658
1826 0.364829144984221
1827 0.36483528924194
1828 0.364953842051424
1829 0.364993678427831
1830 0.365010145506704
1831 0.365017747415997
1832 0.364981378970459
1833 0.36492575298664
1834 0.364961363138329
1835 0.364955528985902
1836 0.365000142801625
1837 0.365110291793192
1838 0.365244746358167
1839 0.365404537166875
1840 0.365561529980823
1841 0.365756937800753
1842 0.365906396992765
1843 0.365962313995272
1844 0.36606298093348
1845 0.366193977816179
1846 0.366277737940276
1847 0.366355669102536
1848 0.366463176173313
1849 0.366498459440184
1850 0.366482819385643
1851 0.3664679512166
1852 0.366396608834312
1853 0.366328498412136
1854 0.366254094967965
1855 0.366205389957714
1856 0.366132874852308
1857 0.366116854333155
1858 0.366095183617512
1859 0.366122815839187
1860 0.3660186534055
1861 0.365960739887359
1862 0.365766551501806
1863 0.365392302877819
1864 0.365051761179408
1865 0.364590121604568
1866 0.364145775403596
1867 0.363649456307861
1868 0.363111774870934
1869 0.362526492237919
1870 0.362017137074579
1871 0.361456214107414
1872 0.361036854231699
1873 0.360608864755747
1874 0.360200817573123
1875 0.359910733748053
1876 0.359548144604438
1877 0.359155648495191
1878 0.358636533616918
1879 0.358049245736709
1880 0.357307108599856
1881 0.356444882161082
1882 0.355445175817472
1883 0.354444504157065
1884 0.353393724862636
1885 0.352144042455848
1886 0.350828664008784
1887 0.349430073096887
1888 0.347904196134157
1889 0.346179412965243
1890 0.344488246095112
1891 0.342729792534112
1892 0.340762795458777
1893 0.338757148516631
1894 0.336595172274437
1895 0.334354445500418
1896 0.332205229570149
1897 0.330007605500462
1898 0.327692623717181
1899 0.325516591707667
1900 0.323373394295301
1901 0.321315127211067
1902 0.319262168475329
1903 0.317476448775498
1904 0.315769634280856
1905 0.314159411767484
1906 0.312758166764223
1907 0.311487181740936
1908 0.310391952701484
1909 0.309447226572987
1910 0.308622501935058
1911 0.30796599048664
1912 0.307414890665531
1913 0.307015669859483
1914 0.306650762466488
1915 0.30633758031247
1916 0.306113880180719
1917 0.305985385546423
1918 0.305921810241096
1919 0.305997645306458
1920 0.306147327074881
1921 0.306372560091397
1922 0.306703426981911
1923 0.307041506950598
1924 0.307456616295558
1925 0.307924564671748
1926 0.308332245387453
1927 0.308615530177784
1928 0.308888217607876
1929 0.309223965539987
1930 0.309606155233957
1931 0.31004547497161
1932 0.310467653533734
1933 0.310954825362195
1934 0.311371756417081
1935 0.311730042169924
1936 0.312121912874379
1937 0.312552901207737
1938 0.313000446942708
1939 0.313424008130152
1940 0.31392086164634
1941 0.314475949329046
1942 0.315030540393499
1943 0.315571345847012
1944 0.316191574251913
1945 0.316697123572201
1946 0.317074581094899
1947 0.317547174942426
1948 0.318073691548411
1949 0.318508718749809
1950 0.318885727782181
1951 0.319335943167488
1952 0.31968051223173
1953 0.319976637968571
1954 0.320369321730917
1955 0.320827795693921
1956 0.321294143179518
1957 0.321802400830892
1958 0.322322377031583
1959 0.322876062482836
1960 0.323428612703922
1961 0.324024160425013
1962 0.324565776889202
1963 0.325172399792911
1964 0.32571460903964
1965 0.326211945273034
1966 0.326797883038913
1967 0.327277740102825
1968 0.327674461739834
1969 0.32812151749096
1970 0.328519021304146
1971 0.328962413514838
1972 0.329455086956268
1973 0.329924773794835
1974 0.330407884067084
1975 0.330921738703767
1976 0.331460680150737
1977 0.332030278330653
1978 0.332544655085982
1979 0.333050872717102
1980 0.333526192945899
1981 0.333948055804311
1982 0.334421014641832
1983 0.33491200176452
1984 0.335392372731173
1985 0.335922300536666
1986 0.336328752870357
1987 0.336731065392663
1988 0.337198242345587
1989 0.337655186186983
1990 0.338164321492366
1991 0.338660938428591
1992 0.339214161281941
1993 0.339707785073824
1994 0.340195128575362
1995 0.340625813305631
1996 0.340956749210501
1997 0.341365351144663
1998 0.341767495316713
1999 0.342197618379809
2000 0.342617007179846
2001 0.343131104869448
2002 0.34364842775879
2003 0.344178662416863
2004 0.344693114951241
2005 0.345275876540242
2006 0.345796416377393
2007 0.346261958929612
2008 0.346730454888085
2009 0.347226026635155
2010 0.347642556383617
2011 0.347973116265147
2012 0.348356972038177
2013 0.348681121395087
2014 0.349021950254285
2015 0.349383495228873
2016 0.349764712480016
2017 0.35012407292256
2018 0.350473819372836
2019 0.350854699322649
2020 0.351266105815097
2021 0.351677601682777
2022 0.352147505475666
2023 0.352519756476197
2024 0.35287437507056
2025 0.353141549595958
2026 0.35335724310371
2027 0.353607827849389
2028 0.35395138009052
2029 0.354319702570503
2030 0.354715207583107
2031 0.355240044044325
2032 0.355616492906291
2033 0.355952618207052
2034 0.356252406314546
2035 0.356416319730805
2036 0.356680716332898
2037 0.35695100929853
2038 0.357268060665241
2039 0.357651420108533
2040 0.358024601541903
2041 0.358442169925276
2042 0.358873157385515
2043 0.359189185573825
2044 0.359420589415368
2045 0.35972196739174
2046 0.359977733188906
2047 0.360237097474514
2048 0.360568203700418
2049 0.360840987494542
2050 0.361016563690827
2051 0.36125101436307
2052 0.361569886842733
2053 0.361791396810027
2054 0.361964917537026
2055 0.362112656711103
2056 0.362302355956855
2057 0.362437603239938
2058 0.362645951045944
2059 0.362925336164631
2060 0.363186222469855
2061 0.363506593955649
2062 0.363714282869383
2063 0.363858957877576
2064 0.364050677119867
2065 0.364180310139051
2066 0.364333341825312
2067 0.364542593220583
2068 0.364760055021103
2069 0.364879820920026
2070 0.364933974351269
2071 0.365033412364239
2072 0.365064803357449
2073 0.365225969678268
2074 0.365491497881672
2075 0.365682909565472
2076 0.365883911501068
2077 0.366131973603268
2078 0.36641775935157
2079 0.366607173122442
2080 0.366834564145978
2081 0.366991405883239
2082 0.366968310237523
2083 0.36704529652089
2084 0.367107412834854
2085 0.367255147730808
2086 0.367478050166601
2087 0.367773185099351
2088 0.368065069926417
2089 0.368437915273888
2090 0.368795742616897
2091 0.369151278038548
2092 0.369524769012593
2093 0.370026086994515
2094 0.37034681370711
2095 0.370605848763126
2096 0.370807434489006
2097 0.37091838816706
2098 0.370951973665801
2099 0.370836982809751
2100 0.370787777271248
2101 0.370756297785847
2102 0.370786908569862
2103 0.370893165837081
2104 0.371162110399993
2105 0.371371769606041
2106 0.371615360103819
2107 0.371798001392862
2108 0.371972331974699
2109 0.372185912738718
2110 0.372326888252023
2111 0.372559362008454
2112 0.373008592908341
2113 0.373229667144051
2114 0.373272031212523
2115 0.373449612189452
2116 0.37360713043341
2117 0.373728282596948
2118 0.373972934453599
2119 0.374172651087147
2120 0.374378234855536
2121 0.374512192715801
2122 0.374704737295736
2123 0.374966641572505
2124 0.375170936797524
2125 0.375346030013887
2126 0.375512952436936
2127 0.375678223174204
2128 0.375829157262859
2129 0.37595472288684
2130 0.376073267344175
2131 0.376134541958481
2132 0.376267292864808
2133 0.376501887507653
2134 0.376594045169851
2135 0.376776549272022
2136 0.377001178768767
2137 0.377107520530028
2138 0.377165061639051
2139 0.377184671271473
2140 0.377119384437607
2141 0.377094372686998
2142 0.377069973724643
2143 0.376976716147182
2144 0.37682921966085
2145 0.376719662163784
2146 0.376658604597614
2147 0.376444493280055
2148 0.376184828900523
2149 0.375894834167951
2150 0.375377086870962
2151 0.374989141393317
2152 0.374656109413425
2153 0.374401201050363
2154 0.374029425822749
2155 0.373761151874963
2156 0.373438372922294
2157 0.373091213697048
2158 0.372747285594055
2159 0.37236626948836
2160 0.372082032228121
2161 0.371903171975378
2162 0.371574429161034
2163 0.371218205165916
2164 0.370893619535231
2165 0.370514031048927
2166 0.370071887962943
2167 0.369646497334938
2168 0.369232960962057
2169 0.368609800571344
2170 0.36819368348022
2171 0.367987237893836
2172 0.367711888290856
2173 0.367469171908752
2174 0.367310749030062
2175 0.367003788631781
2176 0.366642963016311
2177 0.366226985018953
2178 0.365604890858172
2179 0.365334393965058
2180 0.365253693612974
2181 0.364994158618699
2182 0.364930716993798
2183 0.364615393954273
2184 0.364015137535863
2185 0.36349458120069
2186 0.36295679754437
2187 0.362420768629196
2188 0.36184570167895
2189 0.361254933685849
2190 0.360666849152236
2191 0.360062253907336
2192 0.359370722070732
2193 0.358749746432795
2194 0.358206541056475
2195 0.357585889784655
2196 0.356984925187871
2197 0.356589842269782
2198 0.356071997067179
2199 0.355547335105829
2200 0.355057611541728
2201 0.354580011659977
2202 0.354023043480766
2203 0.353403706512743
2204 0.352933086149965
2205 0.352376245290678
2206 0.352061388460008
2207 0.351950189067083
2208 0.351890694765131
2209 0.35187795307684
2210 0.352087459669461
2211 0.352594628799541
2212 0.352979302736879
2213 0.353498067524337
2214 0.353960275420603
2215 0.354334574192458
2216 0.354751356175985
2217 0.355264355976641
2218 0.355668482796872
2219 0.356127016578015
2220 0.356511809191838
2221 0.356872059886228
2222 0.357223121294176
2223 0.357519639078023
2224 0.357766710629264
2225 0.357977144234197
2226 0.358130538877998
2227 0.358292667512979
2228 0.358305786817828
2229 0.358574749651558
2230 0.359064945537869
2231 0.35933625762874
2232 0.359722094519563
2233 0.359900068267829
2234 0.359721437509474
2235 0.359798511669472
2236 0.360093203646624
2237 0.360101876351052
2238 0.359971614849456
2239 0.359928902278432
2240 0.3596548861955
2241 0.359559066821764
2242 0.359666860806236
2243 0.359756252999008
2244 0.359998401032048
2245 0.360024708418743
2246 0.359966438701185
2247 0.359917477459806
2248 0.359800636121173
2249 0.359671213595679
2250 0.359684359691037
2251 0.35984449277109
2252 0.360015688737558
2253 0.360240952829419
2254 0.360496674953874
2255 0.360875342788122
2256 0.361141986683957
2257 0.361355352289616
2258 0.361613194879414
2259 0.361913001390168
2260 0.362090832762596
2261 0.362263565856722
2262 0.362344284023105
2263 0.362330843518495
2264 0.362240498338713
2265 0.361946370551153
2266 0.361881436769293
2267 0.361764755663497
2268 0.36178325294677
2269 0.362085839167538
2270 0.36231821293362
2271 0.362701871027357
2272 0.362834729635967
2273 0.362806477016513
2274 0.362794546979769
2275 0.362513850200516
2276 0.36239423505578
2277 0.362381938711724
2278 0.362503959796247
2279 0.362349138940875
2280 0.36232871063139
2281 0.362204201480596
2282 0.361761010253586
2283 0.361427459104114
2284 0.361187750795268
2285 0.360956312102213
2286 0.360649641534626
2287 0.360647138771338
2288 0.36086338164369
2289 0.360968473296021
2290 0.361355503082992
2291 0.361406856907783
2292 0.361179251377563
2293 0.361056719999692
2294 0.360747316677253
2295 0.360754372697136
2296 0.361028874864536
2297 0.361071485513883
2298 0.361338389688305
2299 0.361190187724138
2300 0.360503873658272
2301 0.360256935703682
2302 0.359947612573542
2303 0.359803203432435
2304 0.360095836260893
2305 0.360069406214394
2306 0.35995495890379
2307 0.359827019985092
2308 0.359516953067937
2309 0.359318009883804
2310 0.359131134613491
2311 0.35900950332772
2312 0.358942064626081
2313 0.358887458408362
2314 0.358737432235011
2315 0.35882404439395
2316 0.359249961084443
2317 0.359464380328156
2318 0.360065889588325
2319 0.36010994409608
2320 0.359575085106631
2321 0.359033310493599
2322 0.358682619148136
2323 0.358041834268349
2324 0.357784659315879
2325 0.357495708939086
2326 0.357141425820722
2327 0.357129799673649
2328 0.357483131420735
2329 0.358008695261034
2330 0.357671748757035
2331 0.357383393340996
2332 0.357213940631014
2333 0.35660713304287
2334 0.356174578970983
2335 0.355365547450555
2336 0.354816872591659
2337 0.35381108278582
2338 0.353404060875173
2339 0.353462922151128
2340 0.35374762319279
2341 0.354494170846639
2342 0.35452083629619
2343 0.354687981210845
2344 0.354431097718606
2345 0.353248467689562
2346 0.352937008067558
2347 0.35297860910149
2348 0.353028372606154
2349 0.353390603131463
2350 0.353302660876838
2351 0.35323573774065
2352 0.352859548866352
2353 0.352012141572235
2354 0.351584406959844
2355 0.350840702010023
2356 0.350880182873293
2357 0.351740621656204
2358 0.351956307991231
2359 0.352527679046097
2360 0.352541141518364
2361 0.35164904502982
2362 0.351358337512786
2363 0.35128477978537
2364 0.351236881867033
2365 0.351293974560264
2366 0.351497569444959
2367 0.351935081889435
2368 0.351899317218597
2369 0.352045905218754
2370 0.351655488200088
2371 0.350203108222357
2372 0.349888706869888
2373 0.35012234522716
2374 0.349757019230439
2375 0.349682972993358
2376 0.349396407626858
2377 0.348528166295088
2378 0.347909469443518
2379 0.347491353549212
2380 0.34726280120811
2381 0.34668589417271
2382 0.346501040859055
2383 0.34715006983566
2384 0.347232788438437
2385 0.347285897466941
2386 0.347247707396315
2387 0.346705665428364
2388 0.346622265961238
2389 0.346680707766395
2390 0.346610063007744
2391 0.346912175152501
2392 0.346828883708327
2393 0.346630751998908
2394 0.34607620331515
2395 0.344930988628038
2396 0.34449387872896
2397 0.343808849898926
2398 0.343683689847007
2399 0.345015249637142
2400 0.344519535944099
2401 0.342839152016841
2402 0.342285861067754
2403 0.340928231853216
2404 0.340868986532086
2405 0.342737440645976
2406 0.343048760528366
2407 0.34324136225557
2408 0.342981523113315
2409 0.341623767934957
2410 0.341318338643395
2411 0.341347008803349
2412 0.341056040261631
2413 0.341038906225108
2414 0.340592260797372
2415 0.339496053422516
2416 0.33906428578989
2417 0.339584535581265
2418 0.338928091568392
2419 0.337749224627149
2420 0.336829775298233
2421 0.334504542656406
2422 0.333628456612052
2423 0.333965249465205
2424 0.333902835984482
2425 0.334517036427842
2426 0.334689085559986
2427 0.334776109879679
2428 0.334471871366164
2429 0.33379514992768
2430 0.333243577874613
2431 0.331946278954562
2432 0.332164501963624
2433 0.333726146010099
2434 0.333507275787293
2435 0.333358294598612
2436 0.332587711318468
2437 0.330227852399036
2438 0.328765547752662
2439 0.327936892435657
2440 0.326790593138519
2441 0.325109275990787
2442 0.324139021157725
2443 0.323603162826182
2444 0.32431417348882
2445 0.323662414487497
2446 0.323008946093186
2447 0.323886374160591
2448 0.324056830548678
2449 0.324096751726289
2450 0.323136334739369
2451 0.322733714482295
2452 0.322592303717723
2453 0.322267802165189
2454 0.323864756475138
2455 0.323645553907745
2456 0.321618725883552
2457 0.320241014367122
2458 0.318481579604423
2459 0.31726877933492
2460 0.317647552153116
2461 0.317324361007807
2462 0.317359578851022
2463 0.318430107802297
2464 0.31786371628716
2465 0.3180341530298
2466 0.317807601203016
2467 0.318054091578347
2468 0.319243385517589
2469 0.320144426652993
2470 0.322594772701475
2471 0.32261316780573
2472 0.320833771768373
2473 0.319656856135969
2474 0.316697292012952
2475 0.314256664548906
2476 0.312183698987542
2477 0.310290642154703
2478 0.307516244353005
2479 0.307056244780605
2480 0.309159849277163
2481 0.309653705923035
2482 0.310346536306483
2483 0.311307418879417
2484 0.31188807400249
2485 0.312186561782212
2486 0.313892262798202
2487 0.312966049234727
2488 0.308871590418264
2489 0.307794516135444
2490 0.306648599591622
2491 0.306353314906455
2492 0.307417351919649
2493 0.30680450340111
2494 0.308842747590627
2495 0.310387680169285
2496 0.311788407706812
2497 0.312499866641954
2498 0.308731893346403
2499 0.303883934453892
2500 0.301306011951307
