"Wavelength" "M009a_m2-w3"
350 0.097655592279828
351 0.0972599012102712
352 0.0995594053261387
353 0.0991838123033326
354 0.0911168084251969
355 0.0918727804711677
356 0.0956017511686361
357 0.0975864899446134
358 0.0959060952417837
359 0.0961797959839436
360 0.0962034750685259
361 0.0950437378660914
362 0.0960572197985459
363 0.0967212930211783
364 0.0957465194821877
365 0.0929991478183158
366 0.0905346048852568
367 0.0903770903207795
368 0.0919728486272016
369 0.0932793557311116
370 0.0950139607622422
371 0.0935186419269072
372 0.089203765558887
373 0.087890866262756
374 0.0900193787800284
375 0.0922435998206628
376 0.0921891045200127
377 0.0923379544893357
378 0.0912592120069198
379 0.0904351528320438
380 0.0915148681135175
381 0.0900741648742301
382 0.089053240733338
383 0.089366017720203
384 0.0894421873309349
385 0.0848333152875196
386 0.0846286665074574
387 0.0911752756174787
388 0.0880406226114714
389 0.0874507737638916
390 0.0883405732530654
391 0.0866398088931929
392 0.0855409651661953
393 0.0869109685916072
394 0.0884880713633032
395 0.085589990816465
396 0.0845996789555049
397 0.0857741354100659
398 0.0875315336443321
399 0.0866772805122489
400 0.0866602020380118
401 0.0871538632774543
402 0.0868860164843221
403 0.0855885060763203
404 0.0855552570524591
405 0.0865035780286604
406 0.086313781232896
407 0.0863337637250806
408 0.0864871122390262
409 0.0867404777176851
410 0.087685729789795
411 0.0870111816250623
412 0.0865573658211918
413 0.088247961832702
414 0.0881464690158798
415 0.0883255086731081
416 0.0891458645144006
417 0.0893797139128058
418 0.0886462786933358
419 0.0883288665874226
420 0.08905399458846
421 0.0893725332068464
422 0.0895366805068445
423 0.089864758084007
424 0.0905247463738432
425 0.0905505316000473
426 0.0907528058300248
427 0.0911541920963401
428 0.0909679156297372
429 0.0910712140063305
430 0.0915783976533522
431 0.0923439572209524
432 0.0930595924048945
433 0.0931736129992922
434 0.0931788753427835
435 0.0938656113347678
436 0.0944610886271857
437 0.0947078736954966
438 0.0947205875157443
439 0.0949998048829923
440 0.0952807498202156
441 0.0956182053993428
442 0.0960605170773333
443 0.096432839855887
444 0.096624042797479
445 0.0968211494814076
446 0.0973072611640623
447 0.09734430200016
448 0.0976452520004856
449 0.0982961084529682
450 0.0980367746456264
451 0.0980528998201993
452 0.0983074444728738
453 0.0984754743590991
454 0.0987501688217422
455 0.0989725257800525
456 0.0991682619086349
457 0.0995156722422011
458 0.0999117462072796
459 0.100079525971686
460 0.0999885581004023
461 0.10019579513242
462 0.100848276682373
463 0.101305289573854
464 0.100907323128016
465 0.101323923163235
466 0.10194632590423
467 0.102238617476575
468 0.101999086327906
469 0.102195197411934
470 0.102665363278601
471 0.103022850752874
472 0.103200692631561
473 0.103251847984784
474 0.103317439471274
475 0.103568029113734
476 0.103850024183928
477 0.104099193056078
478 0.104332677746088
479 0.104729817353199
480 0.104807573276924
481 0.104950372564576
482 0.105602101307799
483 0.105688143957006
484 0.105867143051096
485 0.10632508370209
486 0.106631586981336
487 0.106827327317148
488 0.107108749978027
489 0.10754582354196
490 0.107697881396994
491 0.107826097737826
492 0.108099000175994
493 0.108576282307753
494 0.10886677002746
495 0.10904717627387
496 0.109267433965025
497 0.109698362977899
498 0.11014809295591
499 0.110557126739618
500 0.110918689626508
501 0.111244414113712
502 0.111588172922165
503 0.111948709084006
504 0.112266359479288
505 0.112645442870123
506 0.113003541564327
507 0.113314444356269
508 0.113888703510934
509 0.114296696670886
510 0.11450964543508
511 0.114769145442991
512 0.115208203198434
513 0.115667827369428
514 0.116041476321347
515 0.11641650398288
516 0.116704429361793
517 0.116962537385523
518 0.117300921054134
519 0.117795128608851
520 0.118247704647428
521 0.118620592230382
522 0.119090469725791
523 0.119429476480389
524 0.119758190141107
525 0.12021352300346
526 0.120662536705916
527 0.121134959806403
528 0.12157506736489
529 0.121879143215873
530 0.122277969872424
531 0.122740801072696
532 0.123214108359345
533 0.123722431626775
534 0.124071213515146
535 0.124406138011457
536 0.124971591279228
537 0.125437019223081
538 0.125848682127968
539 0.126254138276244
540 0.126638476540018
541 0.127097181628908
542 0.12759545443576
543 0.128055570015745
544 0.128396303400779
545 0.128854830868328
546 0.129429904002027
547 0.129878068807207
548 0.130300951921321
549 0.130826169834647
550 0.131502108107564
551 0.132117850922424
552 0.1327617748062
553 0.133394588224535
554 0.133909217489713
555 0.134427382110146
556 0.134913948237616
557 0.135360436108161
558 0.135859677810775
559 0.136375936015503
560 0.13688960246363
561 0.137379257740615
562 0.137792516384439
563 0.138195614316387
564 0.138593071821194
565 0.138893557797629
566 0.13911473357576
567 0.139327273759446
568 0.139632733348946
569 0.14017926591573
570 0.140815779289284
571 0.141479101604617
572 0.14219311439257
573 0.142853452167249
574 0.143484358118687
575 0.144125413595072
576 0.144796429219774
577 0.145264905074401
578 0.145562913421886
579 0.145881198372976
580 0.146218823939909
581 0.146489385616069
582 0.146647998149757
583 0.146733645056389
584 0.146927599041441
585 0.147184194018596
586 0.147417333540749
587 0.147871008188861
588 0.148350617011103
589 0.148813321930719
590 0.149434815963419
591 0.150039146603797
592 0.150605655223841
593 0.151145403088605
594 0.151615212849034
595 0.152089869744955
596 0.152561847940666
597 0.152959528981501
598 0.1533566843104
599 0.153775969579452
600 0.154181445686887
601 0.154395490134653
602 0.15467105431602
603 0.154980692829225
604 0.155182438536557
605 0.155476663983312
606 0.155814753685121
607 0.156153996941108
608 0.156511680015075
609 0.156863876477014
610 0.157213461804891
611 0.157570948954391
612 0.157921461779477
613 0.158292309665796
614 0.158693154272241
615 0.159112025735333
616 0.159556741327407
617 0.159961389515484
618 0.16028841844742
619 0.160649519959518
620 0.161036780153028
621 0.161445098468566
622 0.161866413661996
623 0.162215578195791
624 0.162584484357754
625 0.16302600217615
626 0.163436095318383
627 0.163836114403021
628 0.164216117412237
629 0.164572289884286
630 0.16503762420675
631 0.165505626658942
632 0.165919388950946
633 0.166333586008116
634 0.16675177410156
635 0.167146492640801
636 0.167508762643758
637 0.167972618724563
638 0.168385427039559
639 0.168740103463096
640 0.169179858291745
641 0.169602533585484
642 0.169997123674889
643 0.170393537249592
644 0.170903016339296
645 0.171325424309633
646 0.17170786749312
647 0.172227090943147
648 0.172673463465141
649 0.17312488900529
650 0.173608740294174
651 0.173965854706766
652 0.174403183939903
653 0.174868688457209
654 0.175248063165773
655 0.175687365199688
656 0.176134918536868
657 0.176581405777262
658 0.17708433787982
659 0.177576816080039
660 0.178036213264503
661 0.178470864835729
662 0.178955484072443
663 0.179422991101176
664 0.179891871000329
665 0.180434289121645
666 0.18092345157752
667 0.18137493581511
668 0.181834025423043
669 0.182363225438321
670 0.182858632505157
671 0.183335544704346
672 0.1838476858967
673 0.184309220279259
674 0.184787804413967
675 0.18529216862946
676 0.18572904789874
677 0.186248042809711
678 0.186785851885326
679 0.187263875167278
680 0.187801444707314
681 0.188372619018787
682 0.188937563430748
683 0.189454876571611
684 0.189990256387492
685 0.190506703173332
686 0.190982127956648
687 0.191468208049117
688 0.19198633781565
689 0.192555170306093
690 0.193170116145503
691 0.193705316280784
692 0.194190498269638
693 0.194683725410183
694 0.195261865734563
695 0.195780322780656
696 0.196309820584697
697 0.196936463530544
698 0.197557969657564
699 0.198081087340427
700 0.198569863912207
701 0.199202693902533
702 0.199834522763283
703 0.20038809109856
704 0.200859743702436
705 0.201373682206807
706 0.201994398760916
707 0.202651078507964
708 0.203223305534013
709 0.203756589190871
710 0.204302617446009
711 0.204888959973426
712 0.205510736446735
713 0.206133169939996
714 0.206735902375228
715 0.207317804675499
716 0.207920469500738
717 0.20853585725855
718 0.20917529640132
719 0.209853688729849
720 0.210491099086409
721 0.211073581366017
722 0.211647793192637
723 0.212373409405317
724 0.213000549860831
725 0.213586453174702
726 0.214252971210892
727 0.214810115646746
728 0.215386158298061
729 0.216029913046003
730 0.216687576787611
731 0.21731703741784
732 0.217916942665596
733 0.218506478610159
734 0.219126977144304
735 0.219757488911162
736 0.220399661924874
737 0.221056441455527
738 0.221656925772421
739 0.222247326627252
740 0.222857018751006
741 0.223476026618926
742 0.22414096273705
743 0.224791905285116
744 0.225393204520444
745 0.226104473053875
746 0.226728102378279
747 0.22729649217546
748 0.22798506104237
749 0.228671338344959
750 0.22932075492848
751 0.229938602494931
752 0.230578549831605
753 0.23123464012952
754 0.231917347378069
755 0.232617506219771
756 0.233225594598631
757 0.23383358969701
758 0.234472461882706
759 0.235117434279404
760 0.235809560104612
761 0.236483053786024
762 0.237108303489485
763 0.237765349459143
764 0.238440755307937
765 0.239119902859746
766 0.239790339320992
767 0.2404708204622
768 0.241105234021992
769 0.241682463845576
770 0.242245057021764
771 0.242937584134584
772 0.243723821432269
773 0.244513796241167
774 0.245186999522913
775 0.24575190681591
776 0.246325524220529
777 0.247020595604014
778 0.247653838337772
779 0.24832494926989
780 0.249037122301371
781 0.249694517949273
782 0.250316850065537
783 0.250943664289974
784 0.251605451512945
785 0.252304327238977
786 0.253015483669649
787 0.253697231164031
788 0.254333147180794
789 0.255063299736049
790 0.255757186090782
791 0.256398309967651
792 0.257083636808844
793 0.257862627684784
794 0.258604193218178
795 0.259235543547011
796 0.259856780860193
797 0.260492926649952
798 0.261175907156021
799 0.261903160293771
800 0.262539672918033
801 0.263182929776208
802 0.26386244843768
803 0.264549159930764
804 0.265233487088696
805 0.26591328819095
806 0.266591955078429
807 0.267278274819447
808 0.267975713489206
809 0.268692668807326
810 0.269416794174364
811 0.270074308703815
812 0.270685049597571
813 0.271309356309393
814 0.27200787959057
815 0.272672249169853
816 0.273275316339342
817 0.273909579395372
818 0.27477797751944
819 0.27551590770729
820 0.276132602448073
821 0.276724365015979
822 0.277376249553679
823 0.278044670574553
824 0.278721110191936
825 0.279408741924372
826 0.280113448874074
827 0.280787361099268
828 0.281454771256237
829 0.282186257392651
830 0.282865422941307
831 0.283522189086298
832 0.284192135953398
833 0.284886163933813
834 0.285551664334365
835 0.286223645800055
836 0.286927297830305
837 0.287582856773509
838 0.288228505905413
839 0.288885966926521
840 0.289559245740145
841 0.290200509952265
842 0.290887212117188
843 0.291601577214082
844 0.292243467799926
845 0.292881927221961
846 0.293554146979374
847 0.294251982133445
848 0.294901906415994
849 0.295542613819493
850 0.296204291474057
851 0.29691337642927
852 0.297712587716484
853 0.29834332673725
854 0.29887024566109
855 0.299491967034738
856 0.300213179307201
857 0.30089791992026
858 0.301532947854223
859 0.302209951189804
860 0.302902215440683
861 0.303601026155463
862 0.304292400213517
863 0.304957377313171
864 0.305710876170157
865 0.306423670753464
866 0.306998647214477
867 0.307547522661833
868 0.308153580050229
869 0.308839301774029
870 0.309570044855627
871 0.310226246690418
872 0.310822025064221
873 0.311436234101868
874 0.312149089224731
875 0.312790606934186
876 0.313534735456409
877 0.314349979333777
878 0.315005121174768
879 0.315647844846149
880 0.316277325932049
881 0.316914593388272
882 0.317638884983936
883 0.318285262120729
884 0.318871248541576
885 0.319469165417606
886 0.32016084813331
887 0.320963198843669
888 0.32174334771718
889 0.322383651590028
890 0.323014559718557
891 0.323640242100302
892 0.324321939135379
893 0.325099959038834
894 0.3257935718255
895 0.326405845511603
896 0.327031980811602
897 0.327784858092064
898 0.328419747830391
899 0.329080818762963
900 0.329781770166349
901 0.33037323912476
902 0.331094663122026
903 0.331789496209147
904 0.332397878271826
905 0.333096920948855
906 0.333860344516415
907 0.33457615518201
908 0.335176257966219
909 0.335722727787768
910 0.336378306971347
911 0.33709174738763
912 0.337782302632881
913 0.338493837924645
914 0.339262950598248
915 0.34000083989554
916 0.340649074845464
917 0.341460362519201
918 0.342177225818468
919 0.342810560343744
920 0.343495814660563
921 0.344233146868036
922 0.344867769547944
923 0.345460902420372
924 0.346196012755753
925 0.347052422453016
926 0.347780918593802
927 0.348347367507267
928 0.348923387729419
929 0.349645495585782
930 0.350353328187471
931 0.351042999855119
932 0.351859255885186
933 0.352414554817856
934 0.353046702388391
935 0.353889772429891
936 0.35470273886449
937 0.355315576272075
938 0.355887146300931
939 0.356572644147032
940 0.357407514874954
941 0.358160605656055
942 0.35882664835727
943 0.359451857256764
944 0.360080003427554
945 0.360658164344776
946 0.361256215145945
947 0.36194743451813
948 0.362754167225355
949 0.363470688198081
950 0.364219878712516
951 0.36506338949512
952 0.365779220840641
953 0.366410737768063
954 0.367004750715197
955 0.367627228399025
956 0.368364059262102
957 0.369070950996672
958 0.369717108963986
959 0.370350924628495
960 0.371114577689956
961 0.371792687149526
962 0.372365141599423
963 0.372898855744948
964 0.373502221881444
965 0.374289711685726
966 0.375070930760014
967 0.37570096706994
968 0.376362475167575
969 0.377098644178483
970 0.377959538890864
971 0.378874020786392
972 0.379527063859797
973 0.380168396777545
974 0.380889072837302
975 0.38166618490502
976 0.382342791430755
977 0.382886925641599
978 0.383366047946949
979 0.383908021001813
980 0.384679450586029
981 0.385145867185703
982 0.385720544324446
983 0.386659273027651
984 0.387478945292585
985 0.38823851906643
986 0.388954060420451
987 0.389618633731296
988 0.390188129399547
989 0.390692861371129
990 0.391372992805995
991 0.392227073207498
992 0.392899176618478
993 0.393902523023473
994 0.394559661576552
995 0.394820995908491
996 0.39555359682633
997 0.396097400517227
998 0.396743779630348
999 0.397584453303809
1000 0.398364220161318
1001 0.381335069905303
1002 0.381941549507039
1003 0.382462151493346
1004 0.383050003045055
1005 0.383642756264289
1006 0.384240046422282
1007 0.384833020697843
1008 0.385506748676466
1009 0.386142576458773
1010 0.386746387501999
1011 0.387306335791002
1012 0.387820525362373
1013 0.388365292531161
1014 0.388904725363379
1015 0.389439232481007
1016 0.390015784299348
1017 0.390582308822713
1018 0.391121211789289
1019 0.391716924946834
1020 0.392369610632767
1021 0.39296985632795
1022 0.393540632067521
1023 0.394136134973299
1024 0.394751934184429
1025 0.395389952395513
1026 0.396028423466104
1027 0.39666249653976
1028 0.397268377332524
1029 0.397835709012049
1030 0.398494676571502
1031 0.399145751816241
1032 0.399788773510946
1033 0.400408803788475
1034 0.401081863414662
1035 0.401739465004769
1036 0.402524552293065
1037 0.403256223541957
1038 0.40393637825782
1039 0.404669307988952
1040 0.405296511082587
1041 0.40590715393563
1042 0.406599876852496
1043 0.407291942121421
1044 0.407971436265385
1045 0.408703256059078
1046 0.409414151934375
1047 0.410066553413542
1048 0.410659721287216
1049 0.411253809342036
1050 0.4118577581548
1051 0.412424468848664
1052 0.413000377564041
1053 0.413614943203418
1054 0.414128695415167
1055 0.414594908995843
1056 0.415117012864538
1057 0.415571696240996
1058 0.416078703531843
1059 0.416657485945814
1060 0.417105156397802
1061 0.417566960825215
1062 0.418043487779601
1063 0.418514592287017
1064 0.418869367543688
1065 0.419296989553137
1066 0.419743584432444
1067 0.420064590773623
1068 0.420446851737411
1069 0.420858937930268
1070 0.421204088896241
1071 0.421549762412442
1072 0.42188860770613
1073 0.42223132426593
1074 0.422608868441587
1075 0.42298859487237
1076 0.423307219562595
1077 0.423609258939614
1078 0.423863708189161
1079 0.424087050938369
1080 0.424320196662136
1081 0.424579594912077
1082 0.424862375087859
1083 0.425156785358349
1084 0.425401116826262
1085 0.425606557253088
1086 0.425848327629238
1087 0.426118063655937
1088 0.426363689798924
1089 0.426606714843674
1090 0.426878661484711
1091 0.427130677306098
1092 0.427334129610951
1093 0.427588470172385
1094 0.427873273796791
1095 0.428129523777323
1096 0.428422579179764
1097 0.428728274322033
1098 0.429060727493421
1099 0.429417743925818
1100 0.429753888679009
1101 0.430126859645773
1102 0.430486618828043
1103 0.4308018928058
1104 0.431154681718224
1105 0.431508272952218
1106 0.431872401243358
1107 0.432235529668384
1108 0.432635981582427
1109 0.433057259904933
1110 0.433488346734489
1111 0.433932844498917
1112 0.434439793681003
1113 0.434957794437593
1114 0.435421179303287
1115 0.43591536792905
1116 0.436406203931248
1117 0.436839257417789
1118 0.43732611662669
1119 0.437815512428189
1120 0.438286904288855
1121 0.438797490216446
1122 0.439352744458613
1123 0.439874546436091
1124 0.440377802924213
1125 0.440926254632315
1126 0.441482544782099
1127 0.442078210620852
1128 0.44263010147635
1129 0.44321668970579
1130 0.443814282169427
1131 0.444351468350137
1132 0.444929802240612
1133 0.445505069807076
1134 0.446015017073138
1135 0.446522339615455
1136 0.447055804930917
1137 0.447576165946779
1138 0.448149699506239
1139 0.448787335497695
1140 0.449379393144799
1141 0.450004078670597
1142 0.450596489604397
1143 0.451162584556287
1144 0.451694181570934
1145 0.452238668975077
1146 0.452764985333103
1147 0.453309777306682
1148 0.453841573944707
1149 0.454374547643922
1150 0.454935948679439
1151 0.455459982113193
1152 0.456004610718081
1153 0.45653318168149
1154 0.45706078155342
1155 0.457569989979138
1156 0.458059214866295
1157 0.458547997637368
1158 0.459016847142629
1159 0.459512049416705
1160 0.459998701043962
1161 0.460541456644735
1162 0.461078606018535
1163 0.461607456239891
1164 0.462150089375565
1165 0.462606632939733
1166 0.463028492019593
1167 0.463431019032682
1168 0.463768356610359
1169 0.464153324214059
1170 0.46456058049872
1171 0.464981557006074
1172 0.465414615913126
1173 0.465865877875051
1174 0.466344543694897
1175 0.466873659567674
1176 0.467357327449337
1177 0.467898531114989
1178 0.468336849905665
1179 0.468683500255961
1180 0.469033449586073
1181 0.469368259097
1182 0.469694062996668
1183 0.470045754441853
1184 0.470388301413191
1185 0.470782425909318
1186 0.471169268186296
1187 0.471555617145757
1188 0.471985051316506
1189 0.472379622791799
1190 0.472748003751537
1191 0.473108345034765
1192 0.473494230790132
1193 0.473800149039604
1194 0.474063651598419
1195 0.474303614821885
1196 0.47444356540813
1197 0.474654562885145
1198 0.474868661800633
1199 0.475094800391692
1200 0.475395772989253
1201 0.47570940051719
1202 0.476019964429488
1203 0.47634444527685
1204 0.476659232310716
1205 0.476970305115249
1206 0.477280578880111
1207 0.477591027333429
1208 0.477901195082404
1209 0.478211393252236
1210 0.478515329452145
1211 0.478802925207995
1212 0.479121768609847
1213 0.479443072676388
1214 0.479782907742967
1215 0.480164335510743
1216 0.480526356047139
1217 0.48089332695635
1218 0.481260427669717
1219 0.481583117365202
1220 0.481895952289635
1221 0.482189672232858
1222 0.48242972267221
1223 0.482725111919938
1224 0.483025506087615
1225 0.483350117972713
1226 0.483695300084719
1227 0.484062755846925
1228 0.484460308216478
1229 0.48484657745589
1230 0.485283698523602
1231 0.485657361584836
1232 0.485997020549918
1233 0.486332312130172
1234 0.486622200847781
1235 0.48693084324289
1236 0.487244644040114
1237 0.487560685636088
1238 0.487839769098598
1239 0.488122223381794
1240 0.488447090324559
1241 0.488771244358169
1242 0.489120437242737
1243 0.489542587086646
1244 0.489891954545017
1245 0.490209147180024
1246 0.490545200566357
1247 0.490851201384537
1248 0.491191877258374
1249 0.491525375662452
1250 0.491915446167927
1251 0.492352026550154
1252 0.492792478630951
1253 0.493312805281524
1254 0.493777439476339
1255 0.494203349961949
1256 0.494645328166774
1257 0.495085291857588
1258 0.495501500834713
1259 0.495943626840176
1260 0.496399726773054
1261 0.496869500223203
1262 0.497356244288013
1263 0.497831014490484
1264 0.498318015113141
1265 0.498797394853054
1266 0.499281619775671
1267 0.499726401295844
1268 0.500154254816562
1269 0.500585286194534
1270 0.500996736697287
1271 0.501387667484602
1272 0.501799103733581
1273 0.502158653050495
1274 0.502490569357522
1275 0.502765325538273
1276 0.502989198897719
1277 0.50318987673206
1278 0.503331144168377
1279 0.503445314645521
1280 0.503568668277553
1281 0.503684734437076
1282 0.503782294590005
1283 0.503861740837952
1284 0.503949108171105
1285 0.50405347823669
1286 0.504088022431735
1287 0.504106218239814
1288 0.504088186766791
1289 0.503997194764839
1290 0.503921258128172
1291 0.503828494266433
1292 0.503744122523644
1293 0.503641721037098
1294 0.503555246505569
1295 0.503503893681118
1296 0.503414835001242
1297 0.503315654475791
1298 0.503201249149776
1299 0.503043488391526
1300 0.502907762147635
1301 0.502765580356529
1302 0.502623855055629
1303 0.502471669062947
1304 0.502315953107022
1305 0.502159945731644
1306 0.501982759634633
1307 0.50184159467396
1308 0.501690806732691
1309 0.501604365581244
1310 0.501569305323576
1311 0.501526058313051
1312 0.501504980731943
1313 0.501512076468009
1314 0.501549686468308
1315 0.5015650752828
1316 0.50160128654488
1317 0.501636191070698
1318 0.501631708611545
1319 0.501663682583975
1320 0.501718736514866
1321 0.501794899076084
1322 0.501867608240041
1323 0.501981171572471
1324 0.50215002087726
1325 0.502348134251236
1326 0.502613032117698
1327 0.502960332270814
1328 0.503274670326539
1329 0.503627427395128
1330 0.50396274155037
1331 0.504275529737604
1332 0.50462778410452
1333 0.505026126768503
1334 0.505377839357984
1335 0.505729212292037
1336 0.506068114460681
1337 0.506363136481391
1338 0.506689852940263
1339 0.507017241050161
1340 0.507372481142916
1341 0.507767374026799
1342 0.508134913872962
1343 0.50851669115428
1344 0.508883406985964
1345 0.509244913727215
1346 0.509576159882178
1347 0.50989555415621
1348 0.51019541476714
1349 0.510485356588956
1350 0.51075573893832
1351 0.510991270450565
1352 0.511222384701983
1353 0.511408107239514
1354 0.511529275699315
1355 0.511681377935114
1356 0.511806524455455
1357 0.511974011559853
1358 0.512113581384805
1359 0.512360156301615
1360 0.512650580917346
1361 0.513007768839769
1362 0.513471014437245
1363 0.513922211587274
1364 0.514414145155775
1365 0.514912433522484
1366 0.515432498715595
1367 0.515953518994673
1368 0.516522026671463
1369 0.517035973094519
1370 0.517556231494713
1371 0.518013660911373
1372 0.518437259304044
1373 0.518818990373616
1374 0.519066864654141
1375 0.519279317221202
1376 0.519368959256235
1377 0.519345022505915
1378 0.5192480836602
1379 0.519008020920092
1380 0.518864218642211
1381 0.518613040864942
1382 0.518535182512291
1383 0.518574949071625
1384 0.518597551523348
1385 0.518721774674311
1386 0.518753127561544
1387 0.518824016292595
1388 0.518750889457455
1389 0.518650418515614
1390 0.518383750159743
1391 0.517949715492363
1392 0.517497891522693
1393 0.51689320846836
1394 0.516328610142335
1395 0.515726836034087
1396 0.515150280287673
1397 0.514592690889986
1398 0.514007438767405
1399 0.513427190432303
1400 0.512831646448743
1401 0.512214223942004
1402 0.511592781335232
1403 0.510915135811934
1404 0.510227112898166
1405 0.50956618384422
1406 0.508862969920495
1407 0.508233461499948
1408 0.507646996123903
1409 0.507095932266228
1410 0.506535998287043
1411 0.50610318002531
1412 0.505731656848104
1413 0.505453083454349
1414 0.505218952541595
1415 0.505163494610772
1416 0.505197300842282
1417 0.505390026355388
1418 0.505785365594435
1419 0.506215522577002
1420 0.50681844205633
1421 0.507359041000121
1422 0.507981952731086
1423 0.508530062633206
1424 0.509032175467636
1425 0.509536894202359
1426 0.510007934462695
1427 0.510493126136712
1428 0.510994994369614
1429 0.511469438972221
1430 0.511945848641601
1431 0.512397871496288
1432 0.512840479261773
1433 0.513232449957967
1434 0.513612079244905
1435 0.513993650546195
1436 0.514382153972178
1437 0.514753668864152
1438 0.515166293158379
1439 0.515615448139328
1440 0.516016542404827
1441 0.51642511414525
1442 0.516801265029934
1443 0.517138415884421
1444 0.517492494042431
1445 0.517838784907932
1446 0.518192515581579
1447 0.518542492529255
1448 0.518895891268992
1449 0.519265798292784
1450 0.519617060669612
1451 0.51995988783273
1452 0.520304569258925
1453 0.520624322817585
1454 0.52097285165481
1455 0.521357870878549
1456 0.521703879551434
1457 0.522065294634429
1458 0.522385508311684
1459 0.522646289807016
1460 0.522928849619762
1461 0.523185300955111
1462 0.523475422979604
1463 0.523797178360082
1464 0.52410443530608
1465 0.524445024495301
1466 0.524742434116249
1467 0.524996664001998
1468 0.52526590245361
1469 0.525519153269995
1470 0.52576551904683
1471 0.526046140127506
1472 0.526340614194611
1473 0.526660189197451
1474 0.527031127955707
1475 0.527422415171425
1476 0.52785315000326
1477 0.528294970328566
1478 0.528793922492548
1479 0.529204876969053
1480 0.529604664040269
1481 0.529989166739881
1482 0.530318477025589
1483 0.530657264460658
1484 0.5309989011803
1485 0.531337444382716
1486 0.531640374829682
1487 0.531989707209447
1488 0.532355641964036
1489 0.532746960512995
1490 0.533184980913639
1491 0.53357510194576
1492 0.534010557510273
1493 0.534353458646494
1494 0.534595207221673
1495 0.534890751349959
1496 0.535145361310986
1497 0.535443873964628
1498 0.535783260180346
1499 0.536122376893906
1500 0.536482587390155
1501 0.536830506990119
1502 0.537194924300008
1503 0.537541072480139
1504 0.537850079250634
1505 0.538190042178426
1506 0.538565057180734
1507 0.53889919756919
1508 0.539235056924527
1509 0.539554360979617
1510 0.539836632993322
1511 0.540110960711638
1512 0.540395174448473
1513 0.540646259938284
1514 0.540823217257336
1515 0.541055465741032
1516 0.541306194439095
1517 0.541548827692348
1518 0.541832896048667
1519 0.542142659931796
1520 0.542390372151916
1521 0.542624639568468
1522 0.542907902684714
1523 0.543200932037634
1524 0.543490829331985
1525 0.54382257809589
1526 0.544110882812196
1527 0.544371734113975
1528 0.544626837757659
1529 0.544879513599911
1530 0.545121845531339
1531 0.54533966908359
1532 0.545570444256438
1533 0.54579618647411
1534 0.5460332034011
1535 0.546267796244999
1536 0.54651862318353
1537 0.546803034050392
1538 0.547048695565132
1539 0.547271668301409
1540 0.547521446235855
1541 0.547756998011203
1542 0.548016318880738
1543 0.548325935789769
1544 0.548585734997831
1545 0.548842607833177
1546 0.549058928165071
1547 0.549217248945243
1548 0.54942010672838
1549 0.549607891872114
1550 0.549820763042022
1551 0.550059583496475
1552 0.550309305671202
1553 0.550586098078899
1554 0.550833119616865
1555 0.551091473677783
1556 0.551333014427668
1557 0.551512900451938
1558 0.551759453511452
1559 0.552053377657415
1560 0.552321755675519
1561 0.552633473609468
1562 0.552892296055343
1563 0.55311866237271
1564 0.553324610906661
1565 0.55348821208119
1566 0.553665099816546
1567 0.55380797830954
1568 0.553985438365039
1569 0.554189925276174
1570 0.554386511711256
1571 0.55458478784098
1572 0.554801440241484
1573 0.55503478136559
1574 0.555257002726919
1575 0.555490598359304
1576 0.555721120069194
1577 0.555954139100489
1578 0.556162511232362
1579 0.556389379240649
1580 0.556564767950065
1581 0.556657879942698
1582 0.556794182441984
1583 0.556892453768811
1584 0.557048154967322
1585 0.557263004103366
1586 0.557479760595429
1587 0.557723219064326
1588 0.557979686371272
1589 0.558283395457477
1590 0.558541748261251
1591 0.558820221098433
1592 0.559042128102357
1593 0.559163613538283
1594 0.559329787277323
1595 0.559472910069668
1596 0.5596456016564
1597 0.559882701191094
1598 0.560088422400955
1599 0.560292734479158
1600 0.560480939970646
1601 0.560687374927144
1602 0.560856650815468
1603 0.560975197542867
1604 0.561132808434053
1605 0.56131171472249
1606 0.561464933557872
1607 0.561690496900549
1608 0.561991032589538
1609 0.562252594627595
1610 0.562528756868106
1611 0.562774095867261
1612 0.563014947583748
1613 0.563238885750553
1614 0.563432163358599
1615 0.563655013060979
1616 0.563879751082098
1617 0.564117044278772
1618 0.564377686434221
1619 0.564595297934404
1620 0.564799265293422
1621 0.565012781243095
1622 0.565215701539823
1623 0.565398359553556
1624 0.56556652801027
1625 0.565784800453031
1626 0.566000790144396
1627 0.566214346301229
1628 0.566490530013776
1629 0.566681297405905
1630 0.566783662415251
1631 0.567001030752956
1632 0.567264337686115
1633 0.56746618227089
1634 0.567685143444399
1635 0.567910103326741
1636 0.56809474548767
1637 0.568285894988469
1638 0.568519577907725
1639 0.568728317887179
1640 0.568885990242519
1641 0.5690841484128
1642 0.569309598165909
1643 0.569551428745959
1644 0.569801551226375
1645 0.570029951691485
1646 0.570289409798984
1647 0.57052134420947
1648 0.57071119358118
1649 0.570907578906791
1650 0.571125962461502
1651 0.571299313158147
1652 0.571420596114536
1653 0.571609288444774
1654 0.571800242764011
1655 0.572066721705116
1656 0.572319240948159
1657 0.57253179658944
1658 0.572772206121531
1659 0.573023189390187
1660 0.573281854861632
1661 0.573557805004937
1662 0.573801174266831
1663 0.574003860838817
1664 0.574179279433247
1665 0.574396492443093
1666 0.574650912427992
1667 0.574827131208546
1668 0.575029380067804
1669 0.575227098415917
1670 0.575356618031706
1671 0.575598397619197
1672 0.575833870379208
1673 0.575990873462069
1674 0.576208135949641
1675 0.576408719197044
1676 0.576591380802554
1677 0.576830711165302
1678 0.577073828991335
1679 0.577289649061075
1680 0.577531407909503
1681 0.577789367412562
1682 0.578089002164514
1683 0.578496613160595
1684 0.578903667231352
1685 0.579289062397143
1686 0.579617318239137
1687 0.579856129904847
1688 0.580092731767129
1689 0.580274450545978
1690 0.580450854866393
1691 0.580642656944632
1692 0.580770135179666
1693 0.580976804201781
1694 0.581241752425537
1695 0.581387359833403
1696 0.581499394849716
1697 0.58161209896879
1698 0.581723693964529
1699 0.581967858381333
1700 0.582167364901954
1701 0.582352990312043
1702 0.582539142993283
1703 0.582705215377784
1704 0.582888805528031
1705 0.583067243369197
1706 0.583283928152335
1707 0.583550438062444
1708 0.583771464612667
1709 0.584018062764013
1710 0.584210222823069
1711 0.584324809277665
1712 0.584475419744405
1713 0.584627825502745
1714 0.584789988093659
1715 0.584966722331398
1716 0.585124378775186
1717 0.585248463980127
1718 0.585420329975845
1719 0.585637132166605
1720 0.585802402627399
1721 0.585971543514112
1722 0.586120264815816
1723 0.586209346808907
1724 0.586326751674067
1725 0.586493551367378
1726 0.586613702405899
1727 0.586683308446698
1728 0.586801689421073
1729 0.586910221151353
1730 0.587038358660582
1731 0.58721790710746
1732 0.587347046174226
1733 0.587448997431481
1734 0.587584700978649
1735 0.587730663118655
1736 0.5878608715468
1737 0.587999027072387
1738 0.588144860172398
1739 0.588267971819108
1740 0.588374138392959
1741 0.588509316107585
1742 0.588601842191209
1743 0.588734857236347
1744 0.588908364607067
1745 0.589030606551165
1746 0.589105906254755
1747 0.589197516694544
1748 0.589331151290535
1749 0.589435767451676
1750 0.589565931845571
1751 0.589745330787889
1752 0.589916167432873
1753 0.590172009019783
1754 0.590407509113028
1755 0.590565406122861
1756 0.590667069169533
1757 0.590690415187345
1758 0.590790494658552
1759 0.590859645466465
1760 0.590890800802628
1761 0.591008946740139
1762 0.591105912229263
1763 0.591197188363637
1764 0.591356081017992
1765 0.591442016558962
1766 0.591419031926964
1767 0.591556977924612
1768 0.59172638708968
1769 0.591865720582791
1770 0.592156173373108
1771 0.592386315953095
1772 0.592561625354286
1773 0.59274004461587
1774 0.59289558783607
1775 0.593080925244757
1776 0.593288341181209
1777 0.593397155209637
1778 0.593483155514841
1779 0.593521950172248
1780 0.593412574469902
1781 0.593569217768353
1782 0.593695739142033
1783 0.593846225904697
1784 0.594039220872328
1785 0.594215458951246
1786 0.594425729267482
1787 0.594642426023291
1788 0.594836756524337
1789 0.595021769461374
1790 0.595254325304405
1791 0.595493824366965
1792 0.595801643256093
1793 0.596154082977486
1794 0.59635192740108
1795 0.596618137614728
1796 0.596872691834588
1797 0.597015682122137
1798 0.597226517103187
1799 0.597258449615977
1800 0.597340600920312
1801 0.597368223843663
1802 0.597603556486851
1803 0.598033557255548
1804 0.598464594639521
1805 0.598890001200232
1806 0.599451076013853
1807 0.599892180097855
1808 0.600337931038603
1809 0.60065018675671
1810 0.600980803349521
1811 0.601055119722738
1812 0.600915407556385
1813 0.600849434926329
1814 0.600892405576808
1815 0.600841972880002
1816 0.600849587374939
1817 0.600972399015206
1818 0.601048665286324
1819 0.60108915219493
1820 0.601110620915303
1821 0.60124177898773
1822 0.601333330433234
1823 0.601226362792391
1824 0.601212693668856
1825 0.601183364841314
1826 0.601055386204523
1827 0.601008408648387
1828 0.601096503338621
1829 0.60104846086306
1830 0.600925377201809
1831 0.600904651044378
1832 0.600701131387923
1833 0.600514941232162
1834 0.600500486348135
1835 0.600331644099532
1836 0.600348529822623
1837 0.600566105815355
1838 0.600698528807483
1839 0.600822335905664
1840 0.601073794255783
1841 0.601259140837789
1842 0.601355608109201
1843 0.601609824174127
1844 0.601898954798621
1845 0.602073590643725
1846 0.602258975279376
1847 0.602332005577511
1848 0.602278268647968
1849 0.602116759864346
1850 0.602070332905622
1851 0.602055175788835
1852 0.602051043212971
1853 0.602111180182775
1854 0.602108940993034
1855 0.602058270118793
1856 0.602080733687948
1857 0.602119286899389
1858 0.60213022160815
1859 0.60221797019059
1860 0.602230598484791
1861 0.602063519361522
1862 0.601675676320638
1863 0.601014768323025
1864 0.600284358958015
1865 0.59939922169665
1866 0.598426051537837
1867 0.59746984901676
1868 0.596454335461087
1869 0.59547345898873
1870 0.594626269047597
1871 0.593853560271928
1872 0.593334554509891
1873 0.592770958055319
1874 0.592204283595713
1875 0.591816612900569
1876 0.591401335726774
1877 0.590830013928644
1878 0.590017346241194
1879 0.589089715547965
1880 0.58786124382028
1881 0.586357188515178
1882 0.584751293885318
1883 0.583028078002851
1884 0.581183465174942
1885 0.579059404569273
1886 0.576644343081979
1887 0.57407406194136
1888 0.571364699675454
1889 0.568390424497388
1890 0.565373105972245
1891 0.562358385279341
1892 0.559166254890646
1893 0.555850250138871
1894 0.552297165377479
1895 0.548495172481296
1896 0.544574602349108
1897 0.540521260266781
1898 0.536329621623186
1899 0.532426282125105
1900 0.528571331172492
1901 0.524975353052283
1902 0.52151590125439
1903 0.518414722036296
1904 0.515503807231503
1905 0.512985207517151
1906 0.510826394200694
1907 0.508978157400048
1908 0.507436754457006
1909 0.506083640502693
1910 0.50492171952105
1911 0.503983886200421
1912 0.503192533335896
1913 0.50261483486237
1914 0.502187287627223
1915 0.501776930521442
1916 0.501609475963941
1917 0.501679221141471
1918 0.50178039004618
1919 0.502113832566562
1920 0.502604373497582
1921 0.50313644984203
1922 0.503764898680146
1923 0.504474584848158
1924 0.505266257809495
1925 0.506151194567548
1926 0.507159831750909
1927 0.508039830978211
1928 0.508779229112175
1929 0.5095805642502
1930 0.510378608225799
1931 0.511117867554895
1932 0.511969847258976
1933 0.513047114829981
1934 0.513926896084852
1935 0.51469338604943
1936 0.515564909716039
1937 0.516443946941117
1938 0.517284529743352
1939 0.518261283203857
1940 0.519294696621559
1941 0.520246493985697
1942 0.521134400040828
1943 0.52207076703198
1944 0.522968072347593
1945 0.523932218992305
1946 0.524993122453252
1947 0.525971714535928
1948 0.526986620319172
1949 0.527886240400449
1950 0.528651290152259
1951 0.529512058665394
1952 0.530248819548251
1953 0.530911708253965
1954 0.531702494858125
1955 0.532490643311678
1956 0.533383074307808
1957 0.534482522844853
1958 0.535414535118628
1959 0.536343182049892
1960 0.537213233221977
1961 0.538045269782073
1962 0.538862489551851
1963 0.539797781124096
1964 0.540792029059728
1965 0.541693072781195
1966 0.542563630531106
1967 0.543399423842758
1968 0.544130472350045
1969 0.544925068674382
1970 0.545715904128671
1971 0.54656037609652
1972 0.547456214522708
1973 0.548308585921952
1974 0.549235747922186
1975 0.550143228153626
1976 0.551003554614591
1977 0.552009803707124
1978 0.552930404234769
1979 0.553845586628716
1980 0.554676194593185
1981 0.555479602502704
1982 0.556261293210681
1983 0.556912652257107
1984 0.557685496975747
1985 0.558578884959466
1986 0.559294512908298
1987 0.55998256934895
1988 0.560846545284238
1989 0.561750756534327
1990 0.562547793582465
1991 0.563344516706627
1992 0.564224804399033
1993 0.565004246797256
1994 0.565701685475626
1995 0.566371215858204
1996 0.566939763221642
1997 0.567585862598431
1998 0.568166809579927
1999 0.568818817392513
2000 0.569642095180431
2001 0.570495282587099
2002 0.571312945606359
2003 0.572198394844463
2004 0.572963914801369
2005 0.573625736381607
2006 0.574404179212268
2007 0.575197034311698
2008 0.575975730959383
2009 0.576841200908186
2010 0.577619870042688
2011 0.57834453057266
2012 0.579059182583942
2013 0.579698811400899
2014 0.580225694702537
2015 0.580808546725299
2016 0.581313387995797
2017 0.581876933885212
2018 0.582505935079744
2019 0.583105108355216
2020 0.583667427004074
2021 0.584289324439366
2022 0.584977775783386
2023 0.58560487622358
2024 0.586284399924308
2025 0.586880614512341
2026 0.587382051023412
2027 0.587571676518807
2028 0.587813220056075
2029 0.58821690861394
2030 0.588685746109793
2031 0.589354055705422
2032 0.589884698802993
2033 0.590435359040003
2034 0.590919974977122
2035 0.591281199336383
2036 0.591756733282056
2037 0.592309399008608
2038 0.592796963433707
2039 0.593353779362184
2040 0.593765297042666
2041 0.594111215142923
2042 0.594559186962989
2043 0.594994478901119
2044 0.595452589987988
2045 0.595880805287561
2046 0.596326105990035
2047 0.596728237220445
2048 0.597102521936592
2049 0.597474739249694
2050 0.597793226563079
2051 0.598158038355224
2052 0.598531648134844
2053 0.598904980231371
2054 0.599295029486776
2055 0.599733086857064
2056 0.600115496495086
2057 0.60045133167186
2058 0.600862449605165
2059 0.601312275231505
2060 0.601722160295084
2061 0.602228268473979
2062 0.602550487943257
2063 0.602665791360456
2064 0.602939744669706
2065 0.603192363812114
2066 0.603486934365597
2067 0.603890551439229
2068 0.60432466904326
2069 0.604600902144319
2070 0.604673438111048
2071 0.604860085618719
2072 0.604972152637928
2073 0.605151769849697
2074 0.605396172716431
2075 0.605621587290784
2076 0.605790526897882
2077 0.606040966408562
2078 0.606332447336478
2079 0.606666178051287
2080 0.607108212400655
2081 0.607484933620688
2082 0.60792902876882
2083 0.608264639352454
2084 0.608444720368732
2085 0.608694302373354
2086 0.60900587128959
2087 0.609279363512509
2088 0.609622341445044
2089 0.610089517395625
2090 0.610499042267866
2091 0.61099102005132
2092 0.611282919408371
2093 0.611409192940564
2094 0.611688846736767
2095 0.611940516355632
2096 0.612145863830136
2097 0.612472846167204
2098 0.612722034526619
2099 0.61279398442966
2100 0.612914764096785
2101 0.613179738460165
2102 0.613400827478131
2103 0.613540000628433
2104 0.613531807081235
2105 0.613783491989309
2106 0.614108097990331
2107 0.61441661761826
2108 0.614888217878106
2109 0.615317297648202
2110 0.615676275753127
2111 0.616057305162058
2112 0.616603536190482
2113 0.616983512369376
2114 0.617126847725385
2115 0.617447222744009
2116 0.617805005498853
2117 0.618197437884
2118 0.618638561205301
2119 0.618964230444269
2120 0.619287578103651
2121 0.619463165762159
2122 0.619802510919123
2123 0.620253811307951
2124 0.620605489929768
2125 0.621003130309917
2126 0.621297688956541
2127 0.62147418480224
2128 0.621691634019639
2129 0.621884407122817
2130 0.622064132777063
2131 0.622323521049951
2132 0.622432924880039
2133 0.622431647702233
2134 0.622393059300054
2135 0.622376195085937
2136 0.622425313083822
2137 0.622496352641768
2138 0.622747921002202
2139 0.622770835586043
2140 0.622683702811105
2141 0.622618871898914
2142 0.622480520699082
2143 0.622357596206004
2144 0.622300908900102
2145 0.62208982432534
2146 0.621797940485914
2147 0.621446263889188
2148 0.620938871551214
2149 0.620484318650504
2150 0.619902201360002
2151 0.619503254469562
2152 0.619244647805365
2153 0.61898846295349
2154 0.618688243842308
2155 0.618357533742008
2156 0.617834155008184
2157 0.61706185302786
2158 0.6163976193013
2159 0.615619306286815
2160 0.615001407315749
2161 0.614438264038272
2162 0.613901159324362
2163 0.613551667697976
2164 0.612983519703306
2165 0.612298178381863
2166 0.611644158238893
2167 0.610784802928213
2168 0.61016052503994
2169 0.609697557325994
2170 0.609212407255382
2171 0.60887517018624
2172 0.608480660818035
2173 0.608140524944859
2174 0.607654892230882
2175 0.607097096370733
2176 0.606477641554439
2177 0.605824541723553
2178 0.604952552165848
2179 0.604369153140281
2180 0.603975903067062
2181 0.60338281554892
2182 0.602900339610802
2183 0.60221404179271
2184 0.601269688031968
2185 0.600418461181585
2186 0.599515063591593
2187 0.598646835117119
2188 0.597855235956843
2189 0.596941388680387
2190 0.595970473325709
2191 0.594992471705501
2192 0.593961585240335
2193 0.592867696355148
2194 0.591642322852579
2195 0.590508983044075
2196 0.58958622435595
2197 0.588654740649104
2198 0.587909389065659
2199 0.587541661107339
2200 0.586868150491358
2201 0.586118396089209
2202 0.585373209083
2203 0.584475147482079
2204 0.583842748123896
2205 0.583213663433491
2206 0.582826943166654
2207 0.582709680749409
2208 0.582597010583351
2209 0.582546829977849
2210 0.582709970514986
2211 0.582974630592097
2212 0.583416832886743
2213 0.584158040018932
2214 0.584894432759134
2215 0.585900292730236
2216 0.586733619239788
2217 0.587570465914932
2218 0.5882876055623
2219 0.589032341198467
2220 0.589566857792306
2221 0.590214799061053
2222 0.590947447698519
2223 0.591476717759183
2224 0.591937654410682
2225 0.592298362889406
2226 0.592500862261654
2227 0.592718899330907
2228 0.592833817222893
2229 0.593038994412743
2230 0.593238521666492
2231 0.593461222408041
2232 0.593764875810211
2233 0.593983244740744
2234 0.594136288861076
2235 0.594329938260035
2236 0.594610741471206
2237 0.59471397445612
2238 0.594629674403895
2239 0.594711661318087
2240 0.594888523943561
2241 0.594880531250777
2242 0.594865114619685
2243 0.594871004362686
2244 0.594922302933898
2245 0.594460112057492
2246 0.594318292719066
2247 0.594303101674588
2248 0.594069380985173
2249 0.593999822041236
2250 0.594203398384132
2251 0.594695715874136
2252 0.59506376399515
2253 0.595642014464671
2254 0.596042966343079
2255 0.596338484292933
2256 0.596611970742168
2257 0.596948249884756
2258 0.597104496151581
2259 0.597125614682101
2260 0.597079225887929
2261 0.596788942372347
2262 0.596714717103384
2263 0.596666224241951
2264 0.596648481625126
2265 0.596760268309989
2266 0.596897023183187
2267 0.596976622484177
2268 0.597139956617855
2269 0.597534320738954
2270 0.597710996719842
2271 0.597837835451904
2272 0.597921041985718
2273 0.597888444460489
2274 0.597793566396339
2275 0.597674139850018
2276 0.597457392262097
2277 0.597121037151115
2278 0.596732602955657
2279 0.596100703128191
2280 0.595931890117105
2281 0.596069511512443
2282 0.59585788190769
2283 0.595870448636592
2284 0.595930168886569
2285 0.595681022004982
2286 0.59506103698855
2287 0.594874781052907
2288 0.594549204862745
2289 0.59471031241617
2290 0.595534443852359
2291 0.595749359322917
2292 0.596014931326328
2293 0.59601605096738
2294 0.595433860144413
2295 0.595301278896457
2296 0.595295452694328
2297 0.595311434800209
2298 0.595574975366982
2299 0.595621048164377
2300 0.595689493223849
2301 0.595565065055341
2302 0.595171617788258
2303 0.594881875805036
2304 0.594377671391338
2305 0.594106792773212
2306 0.594284888546059
2307 0.593963141497628
2308 0.593256829621713
2309 0.592932964870701
2310 0.592425291406229
2311 0.592111789980157
2312 0.592346419451255
2313 0.592358891265586
2314 0.592072255426809
2315 0.592007016016583
2316 0.592244251202323
2317 0.592210390063392
2318 0.592286095536869
2319 0.592171949106841
2320 0.591693364852148
2321 0.59118808960745
2322 0.591102582925899
2323 0.590721939090106
2324 0.590982503675483
2325 0.591394423594263
2326 0.591680224404385
2327 0.591934014584628
2328 0.591417738386677
2329 0.591250847498345
2330 0.590646099847109
2331 0.589924103429369
2332 0.590216129512746
2333 0.589832359960676
2334 0.589009668262101
2335 0.588038039630882
2336 0.587063746860551
2337 0.58535783619676
2338 0.584385820310867
2339 0.583782000042143
2340 0.583643765982538
2341 0.584045718774101
2342 0.583794958864428
2343 0.583682388843106
2344 0.583540382835401
2345 0.582743280605943
2346 0.582710757103287
2347 0.583463871921474
2348 0.583679170684033
2349 0.583752423007293
2350 0.583884156242787
2351 0.584134251157225
2352 0.584058087128306
2353 0.583998697818467
2354 0.583548738078753
2355 0.582305916528649
2356 0.581749619385412
2357 0.581506552417401
2358 0.580840814925699
2359 0.580281022182613
2360 0.579801522752479
2361 0.578653385698441
2362 0.578278661856784
2363 0.578679943970162
2364 0.578821077047615
2365 0.579315441792268
2366 0.579412638790421
2367 0.579294446528868
2368 0.579063671940309
2369 0.578634812035897
2370 0.578125411673255
2371 0.577387245954814
2372 0.576944973500745
2373 0.57657909668132
2374 0.57602226682438
2375 0.57547372355236
2376 0.574952764813804
2377 0.574362646705608
2378 0.573601816353194
2379 0.572562018760772
2380 0.572433728944499
2381 0.572850699357223
2382 0.572542028727127
2383 0.572468206088108
2384 0.57234367936969
2385 0.571307593200862
2386 0.570953734948271
2387 0.571794406367004
2388 0.571689534243105
2389 0.57082079246684
2390 0.570562377537665
2391 0.570099267952026
2392 0.570095276846784
2393 0.571063794246824
2394 0.571125565101045
2395 0.571250687752507
2396 0.570545352648812
2397 0.568678027907388
2398 0.567447404101145
2399 0.565693578265256
2400 0.564557437888336
2401 0.563738522757523
2402 0.563511639113904
2403 0.564109113516176
2404 0.564404082673811
2405 0.565296886018624
2406 0.565453992542605
2407 0.565102442754728
2408 0.564682033372476
2409 0.564012204855711
2410 0.563480676254825
2411 0.562593878893255
2412 0.562132761763608
2413 0.562088533849554
2414 0.561216819001059
2415 0.560102078184148
2416 0.559205867866716
2417 0.558530908796331
2418 0.556983281078762
2419 0.554578835029066
2420 0.553425274906448
2421 0.551775464941077
2422 0.550428625677654
2423 0.550359476862922
2424 0.549992526370646
2425 0.549040547992032
2426 0.549274983065583
2427 0.551584642144054
2428 0.551502672365587
2429 0.550099367895044
2430 0.549053492368219
2431 0.546511269828353
2432 0.545383838239472
2433 0.545629538209194
2434 0.544714040439224
2435 0.543711548806823
2436 0.542996802829684
2437 0.541788837390916
2438 0.541099441902839
2439 0.541555530185445
2440 0.539640375770758
2441 0.536107110292348
2442 0.534498950740159
2443 0.532272582381379
2444 0.531935070272407
2445 0.5333670499795
2446 0.532976709951736
2447 0.532705184263309
2448 0.533964926118055
2449 0.532343406578886
2450 0.530854239075808
2451 0.53253507090334
2452 0.531539334972785
2453 0.531728305171225
2454 0.533149898276903
2455 0.53155952216738
2456 0.531962718828044
2457 0.52919634392225
2458 0.524596482550121
2459 0.52388656484738
2460 0.522396658943055
2461 0.522156521867218
2462 0.523112008833472
2463 0.520819505226477
2464 0.518359271098084
2465 0.517071276290979
2466 0.516113461084786
2467 0.515964976895423
2468 0.51652623206501
2469 0.516929341633062
2470 0.51989019845363
2471 0.519740425483983
2472 0.516976194103828
2473 0.515192657973651
2474 0.512011893259117
2475 0.509392373919156
2476 0.506765255923052
2477 0.505774106345039
2478 0.505830119090473
2479 0.505072170719072
2480 0.505598652534195
2481 0.505167721042123
2482 0.503075049521906
2483 0.502311232578721
2484 0.503284608119394
2485 0.50256879548264
2486 0.500524686688854
2487 0.499476796688826
2488 0.497299069180458
2489 0.497435694249053
2490 0.500280167583263
2491 0.500888843620572
2492 0.500392188920661
2493 0.49836020105869
2494 0.496787683307077
2495 0.498929866982598
2496 0.500610044169443
2497 0.501998870887319
2498 0.503411577318981
2499 0.497694194391462
2500 0.494753508465303
