"Wavelength" "M011a_m2-w2"
350 0.0841157579802949
351 0.0810612681829186
352 0.081213675766288
353 0.0803550991309093
354 0.0718471993542436
355 0.069408807942463
356 0.0720837335354443
357 0.0777892188752065
358 0.0839265438936504
359 0.0793336260846592
360 0.069887950691674
361 0.0644620125837757
362 0.072945714367437
363 0.0715470634072604
364 0.0668787888290659
365 0.0697161208295768
366 0.0725825724799159
367 0.070896487713032
368 0.0670297334457486
369 0.0670902690999497
370 0.0714054870036091
371 0.0722601981917437
372 0.0682416816063218
373 0.0664267439898173
374 0.0687856780305761
375 0.0707592499422985
376 0.068695107999972
377 0.0643486212701451
378 0.0664876900813948
379 0.0700339755346323
380 0.0666823481297619
381 0.0667555687155761
382 0.0656616870725295
383 0.0640739816298026
384 0.0676888742714986
385 0.0640376841221621
386 0.0622280680019218
387 0.0668512417421525
388 0.0653477921596585
389 0.0648532532601549
390 0.0656258177472407
391 0.0658176238270993
392 0.0645489682347512
393 0.0632060607586871
394 0.0627546386041363
395 0.06357445836968
396 0.0641650943299049
397 0.0639969291865688
398 0.0636486247694523
399 0.0656651736460257
400 0.0652044212537986
401 0.0638529616905231
402 0.0640833433292245
403 0.0629549186840089
404 0.0625678191176924
405 0.0627784431620241
406 0.0618620390663702
407 0.0624260794891207
408 0.0633953719459411
409 0.0637085368786262
410 0.0632319338844842
411 0.0627990196188187
412 0.0631553375604515
413 0.064389838633676
414 0.0641046686757436
415 0.0635352268194046
416 0.0635039097313761
417 0.0642139256696833
418 0.0637752936395402
419 0.063179017086386
420 0.0633583026557886
421 0.0642487563509004
422 0.0648788321097198
423 0.0652117859369932
424 0.0654715828510315
425 0.0651285259130419
426 0.0649505192192549
427 0.0650424188468872
428 0.0648323582143648
429 0.0650675550485332
430 0.0656998249853358
431 0.0663475701004456
432 0.0661559442501448
433 0.066225316134349
434 0.0665216951743686
435 0.0665848329489126
436 0.0668983867794192
437 0.0671320054510303
438 0.067188202507635
439 0.0673339668703791
440 0.0674577402275484
441 0.0676275269266292
442 0.0678296779396533
443 0.0675976745441909
444 0.0678203884029656
445 0.0683692568350006
446 0.0685444786684085
447 0.0687064548803846
448 0.0690901243241622
449 0.0695123132460599
450 0.0690783885608413
451 0.0692941604314936
452 0.0695447035108503
453 0.0690758721385067
454 0.0696614133453721
455 0.0700923544436907
456 0.0700558067364083
457 0.0701085560737767
458 0.0705978598540427
459 0.070832692576274
460 0.0705140636612825
461 0.0706877483236972
462 0.0708292975961569
463 0.0708909518100627
464 0.0709998786666414
465 0.071110930368725
466 0.0713923767058727
467 0.0716237162119644
468 0.071100541955559
469 0.0712363018328192
470 0.0716349388669517
471 0.0717279984914079
472 0.072043835321314
473 0.0720453487695899
474 0.0718801678383001
475 0.072093012586225
476 0.0721538568720778
477 0.0722135475681388
478 0.072383064227952
479 0.0725323594998915
480 0.0725582030685434
481 0.072642668638077
482 0.0729643997201731
483 0.0730313120817234
484 0.0733136759096717
485 0.0737550757817577
486 0.0736981159261961
487 0.0739189719542318
488 0.0741665164209684
489 0.0741788829812189
490 0.0743736698675758
491 0.0746366778460887
492 0.0748516030480989
493 0.0749299623717591
494 0.0750853386871226
495 0.0752950292192544
496 0.0754978729626142
497 0.0755944436192591
498 0.0759759459402148
499 0.0764490031427545
500 0.0766750185723314
501 0.0767377399712733
502 0.0767971812466587
503 0.0769897136127395
504 0.077411883057048
505 0.0776632534975512
506 0.0778069617284842
507 0.0779974258941117
508 0.0783283478237871
509 0.0784988678278792
510 0.0785942561199853
511 0.0789071358323995
512 0.079049108018123
513 0.079205958968937
514 0.0794853808083466
515 0.0796873409765069
516 0.0799276861396942
517 0.0801380212143235
518 0.0802449367895882
519 0.0805455370240576
520 0.0809124668019403
521 0.0812197539290414
522 0.0813832650800888
523 0.0815261887347635
524 0.0817718651654481
525 0.0821499026132565
526 0.0823669299111521
527 0.0826398483696894
528 0.0829753036554975
529 0.0832203193578
530 0.0834559594287317
531 0.0837148453639672
532 0.083995722041733
533 0.0842417487744209
534 0.0844369433829832
535 0.0846427434907626
536 0.0849416747097423
537 0.0852734073072313
538 0.0855435542186229
539 0.0857715501634302
540 0.0861553827744162
541 0.0864971731288794
542 0.0867717687182516
543 0.0870188360404515
544 0.0873137326258312
545 0.0875646229731414
546 0.0878046862910557
547 0.0881895591187733
548 0.0885214557054975
549 0.0888200601759544
550 0.0891420918676709
551 0.0895040084088512
552 0.0899048902776855
553 0.0902702599466234
554 0.0905050143829079
555 0.0908761811540134
556 0.0912261674542492
557 0.0914670358422736
558 0.091785049052699
559 0.0921110686672219
560 0.0924634299231306
561 0.0928559046383995
562 0.0930545377248612
563 0.0933328283377508
564 0.0937293364784261
565 0.0939088289184312
566 0.0941332652354253
567 0.0943710698468072
568 0.094552938535631
569 0.0948004776805624
570 0.0950810239884459
571 0.095394461995412
572 0.0957703157384689
573 0.0961196737490754
574 0.0964216115058971
575 0.0966967190052412
576 0.0970528261383832
577 0.097261710880821
578 0.0974185921867336
579 0.0977746710332584
580 0.0980565625315248
581 0.0982424523276692
582 0.0983908293485404
583 0.0986497852337861
584 0.0988953295004802
585 0.0991108163666909
586 0.0993267080090251
587 0.0996092810551814
588 0.0998920304641355
589 0.10014867468746
590 0.100412614648995
591 0.100620375267867
592 0.100834104702333
593 0.101118806320322
594 0.101430544154324
595 0.101655730436047
596 0.101803211825838
597 0.101985858517782
598 0.102248864789681
599 0.102563083688446
600 0.102863463919091
601 0.103025563196901
602 0.103232151451563
603 0.103469830144805
604 0.10364290220192
605 0.103875368041332
606 0.104118931404588
607 0.104351388357659
608 0.104628565663394
609 0.104900574181203
610 0.105136034745884
611 0.105318640891366
612 0.105459456835949
613 0.105659505429003
614 0.105924260991591
615 0.106149723300223
616 0.10639105662616
617 0.106630639581635
618 0.106853976668858
619 0.107112764916916
620 0.10738551475366
621 0.107637732630497
622 0.107831723448267
623 0.107999639348889
624 0.108220504018623
625 0.108518798507607
626 0.108787049746422
627 0.108995106709142
628 0.109195695950032
629 0.109467355782068
630 0.109718502589065
631 0.110003207326407
632 0.11032065402871
633 0.110564748669829
634 0.110799754683046
635 0.111019785357559
636 0.111216475651068
637 0.111459640545058
638 0.111738449700243
639 0.112024425191688
640 0.112277335381528
641 0.112543841129955
642 0.112785704441186
643 0.112990669204153
644 0.113283103046242
645 0.113545596051914
646 0.113801812297451
647 0.114143441680903
648 0.114396334174701
649 0.114658939923216
650 0.114977734489753
651 0.115223078147649
652 0.115485895578524
653 0.115744858907419
654 0.115959950106456
655 0.116228453743431
656 0.116523368074979
657 0.116818706788643
658 0.117101073773856
659 0.117374639951753
660 0.117680246276963
661 0.118031006228751
662 0.118307390598883
663 0.11860261075872
664 0.118926574427701
665 0.119223030752839
666 0.119479051561352
667 0.119746732616142
668 0.120054246202925
669 0.120347559032149
670 0.120678981443477
671 0.12100635329604
672 0.121266465613796
673 0.121552403578587
674 0.121871719160174
675 0.122210119338235
676 0.122535573606216
677 0.122862267426634
678 0.123188719003823
679 0.123503961335475
680 0.123762297196777
681 0.124108138244741
682 0.124516069123442
683 0.124823009433538
684 0.125100935112873
685 0.1254029808242
686 0.125749069361349
687 0.126087921232927
688 0.126416835647754
689 0.126747552593363
690 0.127094695813724
691 0.127425478218864
692 0.127773273140864
693 0.128134828996152
694 0.128447778684698
695 0.128766844408329
696 0.129092540395896
697 0.129423986328037
698 0.129829536284442
699 0.130188535137081
700 0.13048936378564
701 0.130815553145548
702 0.131215115069959
703 0.131602445762095
704 0.131927276402137
705 0.132278269776599
706 0.132638530529606
707 0.133001232341307
708 0.133368338373284
709 0.133799868911414
710 0.134178722441467
711 0.13448302557887
712 0.134830099457744
713 0.135209591719277
714 0.135610170634177
715 0.136015631600053
716 0.136408667031852
717 0.13679423114926
718 0.137190495987326
719 0.137615903909415
720 0.137982555390635
721 0.13834392931717
722 0.138748541341024
723 0.139200578083183
724 0.139619157055041
725 0.140010396329205
726 0.140405832620418
727 0.140766680983033
728 0.141178964736103
729 0.14163403030131
730 0.142023706020678
731 0.14240517719687
732 0.142803529922689
733 0.14321646354763
734 0.143580270259834
735 0.143968258215876
736 0.144380628726479
737 0.14478126452876
738 0.145174613148912
739 0.145553397202526
740 0.145926883091299
741 0.146328160600793
742 0.146726902157403
743 0.147136642257132
744 0.147569094473165
745 0.147993192546112
746 0.148391621099437
747 0.148780635474251
748 0.149198183179552
749 0.149650365126557
750 0.150063490799891
751 0.150412766316034
752 0.150771849989752
753 0.1512020712339
754 0.151654816250453
755 0.152064117379636
756 0.152475853895611
757 0.152894232734222
758 0.153287449981537
759 0.153613164737184
760 0.15409273073782
761 0.154583705907496
762 0.154981656873601
763 0.15538674890803
764 0.155790281821871
765 0.156206653745676
766 0.156644392491146
767 0.157063883940308
768 0.157463983875878
769 0.157858547294549
770 0.158272320679395
771 0.158693096333218
772 0.159140968835537
773 0.159597969534777
774 0.159941642247499
775 0.160325139877758
776 0.160760214479128
777 0.161203701496532
778 0.161624270461114
779 0.162051419270618
780 0.1624881241287
781 0.162910167793361
782 0.163302183143997
783 0.163704483572586
784 0.164141188800096
785 0.164580169063653
786 0.164999099644673
787 0.165419892256205
788 0.165862683379742
789 0.166238641990935
790 0.166662648238115
791 0.16712220825572
792 0.167495396578425
793 0.167892073762362
794 0.168296424271667
795 0.16870148218979
796 0.169159914052131
797 0.169638714858893
798 0.170116287551815
799 0.170570671976398
800 0.170963709456132
801 0.171360661522044
802 0.171757198488464
803 0.172109064638448
804 0.172560800929034
805 0.173019560389262
806 0.173438277849213
807 0.17389872242551
808 0.174315825331582
809 0.174741202164298
810 0.175221501789976
811 0.175659201362891
812 0.17605194080696
813 0.176443635329039
814 0.176886763558527
815 0.177285223276271
816 0.177647090474927
817 0.178024848022959
818 0.178504256833447
819 0.179029183404951
820 0.179487785066849
821 0.179848653060173
822 0.180298279549344
823 0.180768996382941
824 0.181188983253515
825 0.181525790380124
826 0.181966335500169
827 0.182394455230345
828 0.18279058078814
829 0.183220242833613
830 0.183657069966406
831 0.184054049539317
832 0.184420087556141
833 0.184852491109344
834 0.185301787365121
835 0.185763621952722
836 0.186226733219813
837 0.186627038752398
838 0.186997897677171
839 0.187404394437168
840 0.187895363838472
841 0.188348323930568
842 0.188763434110226
843 0.189144654248796
844 0.189499850054838
845 0.189900715896864
846 0.190351651941776
847 0.190830765193451
848 0.191296793167967
849 0.191737071760622
850 0.192121187579193
851 0.19247313885761
852 0.192988866073209
853 0.193485244734897
854 0.193909655721303
855 0.194288556028336
856 0.194704149400491
857 0.19514521255602
858 0.195576817628469
859 0.19595287070591
860 0.196260934733214
861 0.196644462231025
862 0.197139443445937
863 0.197605725285072
864 0.198021327276069
865 0.198412919744466
866 0.198817174457329
867 0.199253717953953
868 0.1997225245638
869 0.200211801840863
870 0.200685319371815
871 0.201036855747077
872 0.201416054939895
873 0.201815052457902
874 0.202158180829355
875 0.202614246797105
876 0.20307604512415
877 0.203496600070743
878 0.203910574293643
879 0.204326602970569
880 0.204725001545044
881 0.205121523334251
882 0.20558705798233
883 0.205983364164727
884 0.206408965572127
885 0.206929621289373
886 0.207400712278079
887 0.20792227323548
888 0.208360401193825
889 0.208630845622348
890 0.2091046825217
891 0.209524878452986
892 0.209896745675765
893 0.210323518001989
894 0.210658260369606
895 0.211010727062386
896 0.211409813668943
897 0.211822806625401
898 0.212345816375253
899 0.212802784133177
900 0.213192740292539
901 0.213707429153855
902 0.214101381582677
903 0.214539699817277
904 0.215091061393118
905 0.215581409253654
906 0.215890443880072
907 0.216186333272792
908 0.216596562376901
909 0.217009056145441
910 0.217465495247174
911 0.217933409770357
912 0.218369207759752
913 0.218750498818924
914 0.219176887711842
915 0.219615748961547
916 0.220020138264333
917 0.220499592161197
918 0.220953905560561
919 0.22143983530638
920 0.222034341522896
921 0.222515788787821
922 0.222888193486937
923 0.223233318859821
924 0.223643266843125
925 0.223973837176086
926 0.224348654334463
927 0.22477538752798
928 0.225159024691917
929 0.225517538902183
930 0.225938357445108
931 0.226451772117089
932 0.227007772707443
933 0.227478397845671
934 0.227874917412267
935 0.228279273111031
936 0.228804149797035
937 0.229218942848972
938 0.229576279316427
939 0.2299616377473
940 0.230420855519363
941 0.23079325438151
942 0.231271870644375
943 0.231850338244573
944 0.232121658535042
945 0.232514178392159
946 0.23293447713292
947 0.23331444935051
948 0.23383903403472
949 0.234224548847326
950 0.234572004466336
951 0.234985473511666
952 0.235373785631558
953 0.235911714167579
954 0.236408770603933
955 0.236747561698886
956 0.237174271634208
957 0.237587933325319
958 0.237997019885562
959 0.238428103601659
960 0.23888932304372
961 0.239264027956371
962 0.239586302438102
963 0.239939082766306
964 0.240399061823483
965 0.240883609561411
966 0.241312282810726
967 0.241687385425156
968 0.24219660991361
969 0.242580140375668
970 0.242996994698027
971 0.243555178657965
972 0.243968443036291
973 0.244382711881348
974 0.244793995075545
975 0.245182874803336
976 0.245581910532569
977 0.245999130996162
978 0.24635753580039
979 0.246697928087079
980 0.247326879416335
981 0.247775494805491
982 0.248110312663769
983 0.248479426343524
984 0.248903635351965
985 0.24931680962143
986 0.249741513174527
987 0.250146050849327
988 0.250399054468989
989 0.250913419000599
990 0.251479627358326
991 0.251837855315219
992 0.251924206650444
993 0.25255571893994
994 0.253031972406258
995 0.253179212383214
996 0.253726561140303
997 0.254038708842545
998 0.254496070787136
999 0.255111480795507
1000 0.255448035108264
1001 0.253239232504818
1002 0.253640399396143
1003 0.254085532358279
1004 0.254492207221172
1005 0.254834765159697
1006 0.255197508462129
1007 0.255564354789521
1008 0.25595386889353
1009 0.256313649625445
1010 0.256680942270504
1011 0.257047820617655
1012 0.257422815005005
1013 0.257788824350339
1014 0.25818744037106
1015 0.258630217273786
1016 0.259038399851689
1017 0.259456210696144
1018 0.25993398755998
1019 0.260316628649142
1020 0.260667504263611
1021 0.260971148678945
1022 0.261216558371988
1023 0.261454460419384
1024 0.261803987482619
1025 0.26226879886381
1026 0.262731123268272
1027 0.263166337870851
1028 0.263537803337668
1029 0.263768521445052
1030 0.26407211105599
1031 0.264488219134876
1032 0.264897401605512
1033 0.2654132463801
1034 0.265844098850625
1035 0.266245477521199
1036 0.266619924893744
1037 0.266993145602739
1038 0.267400612928814
1039 0.267846336519433
1040 0.268237649478626
1041 0.268631441798193
1042 0.2689803084921
1043 0.269293556859946
1044 0.269680084905527
1045 0.2701076825867
1046 0.270510216757009
1047 0.270884802347946
1048 0.27126798370173
1049 0.271608135403039
1050 0.271922583229085
1051 0.272332565630864
1052 0.272787831657158
1053 0.273167091155457
1054 0.273482916590823
1055 0.273830521776365
1056 0.274182647922497
1057 0.274537972282163
1058 0.275023985796554
1059 0.27543554830891
1060 0.27565902232766
1061 0.275993546437116
1062 0.276348884649336
1063 0.276696799397795
1064 0.276977220462662
1065 0.277411445192033
1066 0.277793861146882
1067 0.278095575565432
1068 0.278439703761277
1069 0.278732980364542
1070 0.279049483268671
1071 0.279351250074661
1072 0.279670339293648
1073 0.280065502909612
1074 0.280445692253702
1075 0.280790239006288
1076 0.281130640337404
1077 0.281456955551376
1078 0.281794978417595
1079 0.282143696651153
1080 0.282524779319637
1081 0.282899687835318
1082 0.283206401483279
1083 0.283497403807602
1084 0.283832402632326
1085 0.284144114970768
1086 0.284477584393337
1087 0.284829059931049
1088 0.28502946074426
1089 0.285265380997802
1090 0.285602492283325
1091 0.285897478188935
1092 0.286160597697045
1093 0.286483127755596
1094 0.2868406060995
1095 0.287174309871058
1096 0.287500496002595
1097 0.287883141613813
1098 0.288231314455168
1099 0.288500751390038
1100 0.288749271797291
1101 0.288995361253471
1102 0.289255554724334
1103 0.289543602219077
1104 0.28988645607349
1105 0.290203118199637
1106 0.290496478831658
1107 0.290766247093207
1108 0.291047936772459
1109 0.291291431546888
1110 0.291608935595293
1111 0.29192753804656
1112 0.292200381590322
1113 0.292477525381588
1114 0.292720562654164
1115 0.293007868730061
1116 0.2933106466357
1117 0.293587888636455
1118 0.293911645205361
1119 0.294192537454963
1120 0.294441115434501
1121 0.294728244508101
1122 0.295046465620174
1123 0.295328472027555
1124 0.295611480409099
1125 0.29590031734122
1126 0.296180844623452
1127 0.296439068622676
1128 0.296733765946818
1129 0.297041483801913
1130 0.297338052647596
1131 0.297640302755394
1132 0.29794636809124
1133 0.298168807527417
1134 0.298373309433832
1135 0.298639157867953
1136 0.298882975509453
1137 0.299091960085219
1138 0.299373320604027
1139 0.299698974421816
1140 0.299995303094801
1141 0.300351086189571
1142 0.300637331152684
1143 0.300883357350258
1144 0.301105998645754
1145 0.301371345476396
1146 0.301622477653556
1147 0.301835852611986
1148 0.302081787213606
1149 0.302295249479707
1150 0.302488922256446
1151 0.30277355569527
1152 0.303070035174537
1153 0.30332106071759
1154 0.303534312890126
1155 0.303792314784054
1156 0.304054016569507
1157 0.304298406944879
1158 0.304559106020676
1159 0.304823222993497
1160 0.305072871852621
1161 0.305315682958486
1162 0.305583289599001
1163 0.305868422350019
1164 0.306140243896775
1165 0.30641898186575
1166 0.306715428042477
1167 0.306999524287864
1168 0.307268693327283
1169 0.307538513855594
1170 0.307820140611183
1171 0.308111510381593
1172 0.308393764507355
1173 0.308677676701008
1174 0.308961314606031
1175 0.30926690985105
1176 0.309524425166437
1177 0.309747585660246
1178 0.309983864806303
1179 0.310183037965595
1180 0.31040343181879
1181 0.310654798581632
1182 0.31092535946034
1183 0.311209247877762
1184 0.311443970625468
1185 0.311684066986016
1186 0.311981492825996
1187 0.312239335725527
1188 0.312491865989894
1189 0.312741544966794
1190 0.312968185517911
1191 0.313209209905695
1192 0.313468829275758
1193 0.313709361879979
1194 0.31393949690264
1195 0.314172166043417
1196 0.314410126291975
1197 0.314631920740426
1198 0.314848715164044
1199 0.315052260956752
1200 0.315257581433548
1201 0.315447438875058
1202 0.31566297257574
1203 0.315927315421633
1204 0.316165752322632
1205 0.31641993238562
1206 0.316645682490983
1207 0.316848788990663
1208 0.317061314238549
1209 0.317269884763982
1210 0.31747532189099
1211 0.317685303650907
1212 0.31788935081766
1213 0.318065723507437
1214 0.318274888770989
1215 0.318513148888502
1216 0.318729330432769
1217 0.318934417985814
1218 0.319170936541823
1219 0.319415521597409
1220 0.319648781119815
1221 0.319850068798014
1222 0.320044996907134
1223 0.320248776784268
1224 0.320416440072378
1225 0.32060472890947
1226 0.320821924668016
1227 0.321033496108912
1228 0.321237674355815
1229 0.321434020400243
1230 0.321657749472969
1231 0.32184699692385
1232 0.32196112447911
1233 0.322144627305079
1234 0.322369829005241
1235 0.322574557977246
1236 0.322786214323613
1237 0.323035283994933
1238 0.323246918270203
1239 0.3234588773382
1240 0.32369655669858
1241 0.323972289241021
1242 0.324206100974053
1243 0.324444552993205
1244 0.324650010818599
1245 0.324820712379477
1246 0.325004954725894
1247 0.325154415204195
1248 0.325351368781195
1249 0.325583027970479
1250 0.325793823798242
1251 0.326010985094376
1252 0.3262422704358
1253 0.326467825945142
1254 0.326701310794335
1255 0.326980171278143
1256 0.327219774422582
1257 0.327442317560313
1258 0.327659500597308
1259 0.327833328395154
1260 0.32795430612465
1261 0.32814163650316
1262 0.328320734847922
1263 0.328515680221854
1264 0.328759032500158
1265 0.328976919617783
1266 0.329161502902375
1267 0.329388229922246
1268 0.329660301599475
1269 0.329895561001435
1270 0.330133942774731
1271 0.33035869830931
1272 0.330556502348575
1273 0.330759248280902
1274 0.330953861574113
1275 0.331157768751207
1276 0.331359759811118
1277 0.331564976024332
1278 0.331773028150972
1279 0.332001080522245
1280 0.332196592292766
1281 0.332377755565611
1282 0.332564058556761
1283 0.332748488724275
1284 0.332903566609114
1285 0.333036288829331
1286 0.333196620585742
1287 0.333327809707042
1288 0.333502653610852
1289 0.333745045707004
1290 0.333928605414116
1291 0.334092240071204
1292 0.334260870978231
1293 0.334423759129569
1294 0.334562171231873
1295 0.334671539280053
1296 0.334811659603092
1297 0.334953551605885
1298 0.3350807497308
1299 0.33521591503074
1300 0.335364573974177
1301 0.335507860013135
1302 0.335618638685546
1303 0.335772635855181
1304 0.335960036726873
1305 0.336136123630093
1306 0.336328201663831
1307 0.336489310255486
1308 0.336652024023536
1309 0.336790699940259
1310 0.336888105223923
1311 0.337010931375899
1312 0.337143304593593
1313 0.337258173438971
1314 0.337371710970895
1315 0.33747892862734
1316 0.337540982732279
1317 0.337656363385746
1318 0.337810197116443
1319 0.33794843394407
1320 0.338130360298157
1321 0.33827255124117
1322 0.338389639852455
1323 0.338475116409757
1324 0.338601952770583
1325 0.338725556681215
1326 0.338860663501889
1327 0.339027867151006
1328 0.339163546303535
1329 0.33928921789663
1330 0.339405460865761
1331 0.33950597686953
1332 0.339618334061284
1333 0.339715307388012
1334 0.339837556060926
1335 0.339990834168384
1336 0.340116812462819
1337 0.340248576875683
1338 0.340361590494806
1339 0.340434306305816
1340 0.340541391430661
1341 0.340658566586101
1342 0.340777080659366
1343 0.340923426384903
1344 0.34105071295549
1345 0.341185964283264
1346 0.341290481326348
1347 0.341396007163865
1348 0.341459401285971
1349 0.341483366781005
1350 0.341456916181078
1351 0.341449454215621
1352 0.341394497853734
1353 0.341399197584167
1354 0.3414305861402
1355 0.341459572207659
1356 0.341496630957485
1357 0.341560086242788
1358 0.341640615465663
1359 0.341722933713015
1360 0.341834572757126
1361 0.341935153658412
1362 0.342031487953365
1363 0.342126517269101
1364 0.342253646331495
1365 0.342326217113965
1366 0.342351322219141
1367 0.342397873487304
1368 0.342410648244843
1369 0.342448349018867
1370 0.342521357593524
1371 0.342577659417651
1372 0.342636809547297
1373 0.342689981468896
1374 0.342706502868981
1375 0.342730248430052
1376 0.342721800463043
1377 0.342701794620107
1378 0.342623924902824
1379 0.342507486259996
1380 0.342386706983621
1381 0.342220626398262
1382 0.342054398484887
1383 0.341894838232948
1384 0.341703023100438
1385 0.341489117965554
1386 0.341245888630962
1387 0.34098917309153
1388 0.34069891292843
1389 0.340377837351354
1390 0.340027534459165
1391 0.339638133774076
1392 0.339247891291654
1393 0.338811547915192
1394 0.338397830946707
1395 0.337990865271048
1396 0.337583805340084
1397 0.33722239201365
1398 0.336792245326657
1399 0.33632787488033
1400 0.335849211266727
1401 0.335341520651177
1402 0.334783003116568
1403 0.334221285233799
1404 0.333658975039156
1405 0.33310868913553
1406 0.332523491570588
1407 0.332013605662516
1408 0.331531232624814
1409 0.331097302396211
1410 0.330689275445025
1411 0.330349076195628
1412 0.330031886214912
1413 0.329836983017728
1414 0.329686334078923
1415 0.329683020847213
1416 0.32979722093337
1417 0.330003409405326
1418 0.330362129859737
1419 0.330728056951966
1420 0.331222639923929
1421 0.33165041833697
1422 0.332091835010755
1423 0.332517354837082
1424 0.332946676100001
1425 0.333332024226963
1426 0.33370304868968
1427 0.334048061139004
1428 0.334316615519997
1429 0.334621520383691
1430 0.33493188415957
1431 0.335249922705046
1432 0.335580144837736
1433 0.335923632707509
1434 0.336248476355436
1435 0.336571995403597
1436 0.336907944140414
1437 0.337249735408629
1438 0.337574241118498
1439 0.337916445969502
1440 0.338211892291811
1441 0.338482663341648
1442 0.338736202615865
1443 0.338944173473084
1444 0.339194347973161
1445 0.339447710755604
1446 0.339696917251505
1447 0.339979208663838
1448 0.340219287784504
1449 0.34042715925077
1450 0.340637470267052
1451 0.340832130155972
1452 0.341034765095822
1453 0.341244028921395
1454 0.341435842616221
1455 0.341624689473637
1456 0.341800795731892
1457 0.341960085730005
1458 0.342113990495287
1459 0.342240239918218
1460 0.342397592958005
1461 0.342563376865925
1462 0.342731204787801
1463 0.342912429589271
1464 0.343108686400464
1465 0.343321849979437
1466 0.343518963392603
1467 0.343723398007317
1468 0.343929181012869
1469 0.344140150289035
1470 0.344311603041873
1471 0.344497936657065
1472 0.344699617572492
1473 0.344867778236349
1474 0.345062528130735
1475 0.345261557848487
1476 0.345464474146464
1477 0.345695824301081
1478 0.345948099445364
1479 0.346199850643652
1480 0.346480611109732
1481 0.346730391264535
1482 0.346980224068571
1483 0.347199170412758
1484 0.347384337000541
1485 0.347601969138306
1486 0.347805309789852
1487 0.34802955256105
1488 0.348285170403063
1489 0.348527614430998
1490 0.348775343333628
1491 0.349005409494892
1492 0.349237227619944
1493 0.349447721928199
1494 0.349631654619378
1495 0.34982387861141
1496 0.350006108473466
1497 0.350195496717573
1498 0.350394237865056
1499 0.350577694020644
1500 0.350728588416999
1501 0.350929595083555
1502 0.351138375225086
1503 0.351368851321109
1504 0.351675603570419
1505 0.351928305193442
1506 0.35217829612923
1507 0.352393834767279
1508 0.352552715494142
1509 0.352732768934154
1510 0.352899524025644
1511 0.353070793655488
1512 0.353246026324227
1513 0.353431744880872
1514 0.353628930146329
1515 0.35381474424637
1516 0.354007670987076
1517 0.354196755447299
1518 0.354377059478091
1519 0.354523456768273
1520 0.354678998069718
1521 0.354852856186633
1522 0.355021518447324
1523 0.355192384116179
1524 0.355358034312788
1525 0.355527662336194
1526 0.355686871874956
1527 0.35584603973141
1528 0.355982019545436
1529 0.356093616967606
1530 0.356231252547206
1531 0.356364175990252
1532 0.356497449539969
1533 0.356651101639077
1534 0.35678932705174
1535 0.356900346791612
1536 0.357046102446856
1537 0.357221108056278
1538 0.357364563705187
1539 0.357510163922978
1540 0.357642693394812
1541 0.357757019696942
1542 0.357865071533131
1543 0.357943372233309
1544 0.358076324095836
1545 0.35822048247368
1546 0.358373710294949
1547 0.358566268239853
1548 0.358758294396325
1549 0.358961930594783
1550 0.359141466026403
1551 0.359352549823417
1552 0.359505678427833
1553 0.359584102741066
1554 0.359705797067943
1555 0.359841973894551
1556 0.35994553042137
1557 0.360047751695346
1558 0.360141494598221
1559 0.360184500864229
1560 0.360266743541302
1561 0.36038355219158
1562 0.360479067075011
1563 0.36056916783619
1564 0.360668559587041
1565 0.360759498990769
1566 0.36086169963544
1567 0.360969098635564
1568 0.361094309632306
1569 0.361235193902767
1570 0.361374102525116
1571 0.361548017315874
1572 0.361687871849216
1573 0.361808563344687
1574 0.36192259782085
1575 0.361993564329966
1576 0.362102858638585
1577 0.362227134989959
1578 0.362355393476375
1579 0.362526211176914
1580 0.362664676376855
1581 0.362805520229055
1582 0.362909563315506
1583 0.36295771085493
1584 0.363033079556112
1585 0.363077513282715
1586 0.363157188103934
1587 0.363265379032716
1588 0.363391947053923
1589 0.36357164165362
1590 0.363713258701656
1591 0.363849496864197
1592 0.363985118884483
1593 0.364078259587076
1594 0.364197995940397
1595 0.364356735818941
1596 0.364492692064275
1597 0.364646644623835
1598 0.364762638364006
1599 0.364855268567706
1600 0.36490681138425
1601 0.364973265946575
1602 0.365044153578044
1603 0.365153374806883
1604 0.365251094361358
1605 0.365340428829021
1606 0.365414454488014
1607 0.365532925121584
1608 0.365667824597537
1609 0.365782516788013
1610 0.365920663708668
1611 0.366035371808374
1612 0.366120569357774
1613 0.366213890229113
1614 0.366317654717737
1615 0.366411776869677
1616 0.366498282034408
1617 0.366558603974754
1618 0.366610865714632
1619 0.366664495095487
1620 0.366667067147334
1621 0.366762084176268
1622 0.366905903754217
1623 0.367039814397449
1624 0.367208490602156
1625 0.367372645219377
1626 0.367537545760755
1627 0.367703045941486
1628 0.367901390863211
1629 0.36803735868787
1630 0.368146590172912
1631 0.368237281269432
1632 0.368289591688414
1633 0.368354543272002
1634 0.368408541858084
1635 0.368466313849931
1636 0.368517482123949
1637 0.368585184831556
1638 0.368647039346513
1639 0.368745768638784
1640 0.368866528255866
1641 0.368992281960069
1642 0.369161112159749
1643 0.369257385319916
1644 0.369331439658554
1645 0.369406913065912
1646 0.369432030435989
1647 0.369516748029704
1648 0.369635983471738
1649 0.369733976725604
1650 0.3698529246274
1651 0.369921628205159
1652 0.36994905684764
1653 0.370039281119051
1654 0.37011146732564
1655 0.370278786305406
1656 0.370467510242822
1657 0.370601039713326
1658 0.370734121763448
1659 0.370830503673024
1660 0.370898308389949
1661 0.370950670033313
1662 0.371025336854888
1663 0.371105277084543
1664 0.371143598638947
1665 0.37118216148574
1666 0.371236042055642
1667 0.371294312220603
1668 0.371367965278211
1669 0.371465968933777
1670 0.371589299089242
1671 0.371741877034718
1672 0.371929812193016
1673 0.372179530494723
1674 0.372407691219361
1675 0.372583232993332
1676 0.372716935227692
1677 0.372759953681052
1678 0.372798267777533
1679 0.372823007403433
1680 0.372851353793662
1681 0.372904483357648
1682 0.372962238800228
1683 0.373061011457146
1684 0.373155119783553
1685 0.373275154177534
1686 0.373436014057053
1687 0.373639550166172
1688 0.373878163147127
1689 0.374103580294065
1690 0.374259390870327
1691 0.374286221357678
1692 0.374254379048861
1693 0.374228123130423
1694 0.374259962181177
1695 0.374388381464472
1696 0.374525389345784
1697 0.374637239053726
1698 0.374733991075434
1699 0.374779669822972
1700 0.374837344858475
1701 0.37489935810425
1702 0.374953408711792
1703 0.37499782632165
1704 0.375058440738672
1705 0.37507806033647
1706 0.37516981282094
1707 0.37533977713648
1708 0.375450947414961
1709 0.375617787546596
1710 0.375716644010097
1711 0.375764808317105
1712 0.3757627154727
1713 0.375692019487374
1714 0.375639459022387
1715 0.375531150609373
1716 0.375446699253972
1717 0.375351983832752
1718 0.375319401733471
1719 0.375304865014617
1720 0.375338005704849
1721 0.375451976235136
1722 0.37555136994115
1723 0.375661714682742
1724 0.375753311111328
1725 0.3758719465908
1726 0.375972887031905
1727 0.376060283845304
1728 0.376143040565835
1729 0.376227241374474
1730 0.37627045520117
1731 0.37625959405415
1732 0.376290053664154
1733 0.376302145869609
1734 0.376346343842145
1735 0.37647745167576
1736 0.376512108081833
1737 0.376505223086216
1738 0.376524211208305
1739 0.376498627527701
1740 0.376486087017961
1741 0.376459583582419
1742 0.376479147962756
1743 0.37649419868813
1744 0.376463510580832
1745 0.376484020847791
1746 0.376510404606463
1747 0.376465659740157
1748 0.376442744017124
1749 0.376475549850841
1750 0.37644843949048
1751 0.376423184532513
1752 0.376460418495355
1753 0.376475520530878
1754 0.376420701244936
1755 0.376389903582714
1756 0.376429519636184
1757 0.376448728540665
1758 0.376536350651989
1759 0.376692651101235
1760 0.376837029359571
1761 0.376989889479509
1762 0.377119947428418
1763 0.377172515751304
1764 0.377161101513797
1765 0.377103852099236
1766 0.376990239661182
1767 0.376946735530093
1768 0.376932219933819
1769 0.376842323491576
1770 0.376808694981204
1771 0.376755029615341
1772 0.376611405341763
1773 0.376519959056897
1774 0.376407704957095
1775 0.37635576866942
1776 0.376348949003726
1777 0.376337213952926
1778 0.37637297639496
1779 0.376442706669346
1780 0.376519576400666
1781 0.376603628385424
1782 0.376654580249465
1783 0.376614844969926
1784 0.376619035481673
1785 0.376672958613363
1786 0.376721769826996
1787 0.376732484931127
1788 0.376756315811144
1789 0.376784360983144
1790 0.376773589021407
1791 0.376783937809424
1792 0.376807180074633
1793 0.376811867005619
1794 0.376825209007397
1795 0.376818170742389
1796 0.37682811241717
1797 0.376838402330147
1798 0.37679860877642
1799 0.376824586694462
1800 0.37687569569694
1801 0.379529982559535
1802 0.379672751256725
1803 0.3798178530767
1804 0.379807950421286
1805 0.379795282113686
1806 0.379690449196554
1807 0.379645075577382
1808 0.379536093839526
1809 0.379532695685058
1810 0.379589026290798
1811 0.379637657139475
1812 0.379744095753522
1813 0.3799256038113
1814 0.380051943169585
1815 0.38001475690233
1816 0.379958361550042
1817 0.379730954573806
1818 0.379651101924811
1819 0.379548473528905
1820 0.379565702920149
1821 0.379596700284293
1822 0.379735304236099
1823 0.379942992714901
1824 0.379992914333964
1825 0.380043324066369
1826 0.380082280721124
1827 0.380124730199326
1828 0.380084462292899
1829 0.38015828275669
1830 0.380350625532613
1831 0.38046642584238
1832 0.380514584054953
1833 0.380439086813883
1834 0.380295257031329
1835 0.380174829725399
1836 0.380114846754979
1837 0.380150483014473
1838 0.380132054363026
1839 0.380114832488746
1840 0.380082099024879
1841 0.380106331868615
1842 0.38005703482171
1843 0.380078863639385
1844 0.380172626616721
1845 0.380168004843392
1846 0.380214481614063
1847 0.380237395964968
1848 0.380279666323039
1849 0.380231500149242
1850 0.380200310987927
1851 0.380093084266685
1852 0.379979483214173
1853 0.379908980686426
1854 0.379862532280511
1855 0.379853740811882
1856 0.379714442715354
1857 0.379529963547642
1858 0.379356867059806
1859 0.379130916935927
1860 0.378868152546967
1861 0.37873235694825
1862 0.378476633882043
1863 0.378150246211134
1864 0.377842682230993
1865 0.377311282952262
1866 0.376820299667367
1867 0.376321398972505
1868 0.37576717787678
1869 0.375199171741375
1870 0.374775718736426
1871 0.374252915438942
1872 0.373863326507599
1873 0.373398330685872
1874 0.372776053847857
1875 0.372240455396012
1876 0.371567218490847
1877 0.370774070926878
1878 0.369914100684151
1879 0.368998562326651
1880 0.367981430795812
1881 0.366835372674847
1882 0.365590246603942
1883 0.364341983418397
1884 0.362985556368528
1885 0.361477330566177
1886 0.359877346796447
1887 0.358182499440329
1888 0.356406307608141
1889 0.354492290479278
1890 0.352553675190353
1891 0.350637797529186
1892 0.348636275156041
1893 0.346527086813207
1894 0.344170708557358
1895 0.341619917105268
1896 0.339064302439682
1897 0.336415314121756
1898 0.333770790673527
1899 0.331327454637536
1900 0.329016842715463
1901 0.326734856587429
1902 0.324519873538758
1903 0.322526548676702
1904 0.320514029947547
1905 0.318562615813441
1906 0.316925065545738
1907 0.315568848096529
1908 0.314363782375844
1909 0.313336340409743
1910 0.312444144618124
1911 0.311641894733391
1912 0.310994472128319
1913 0.310503126400755
1914 0.310251043094259
1915 0.310026855198993
1916 0.309842154958149
1917 0.309831804422248
1918 0.309889736049783
1919 0.309983184675398
1920 0.310170497019534
1921 0.310433870882876
1922 0.310786610089517
1923 0.311146750977069
1924 0.311580809875849
1925 0.312052258917835
1926 0.312512763448692
1927 0.312938934756909
1928 0.313347312136869
1929 0.313910026944962
1930 0.314479668724276
1931 0.314978961312081
1932 0.315505818549541
1933 0.316050014846634
1934 0.316564081383607
1935 0.317031579447814
1936 0.317604036346299
1937 0.318152531302626
1938 0.318608164039148
1939 0.319047646276349
1940 0.319446338084769
1941 0.319773069656528
1942 0.320236855082144
1943 0.320761935780246
1944 0.321355563725436
1945 0.321938313981001
1946 0.322660142528681
1947 0.323262286833368
1948 0.323788439405636
1949 0.324388030115588
1950 0.324930040237291
1951 0.325339170423322
1952 0.325794736250262
1953 0.326246664873476
1954 0.326720677841258
1955 0.327205769935443
1956 0.327714955552256
1957 0.328261756940965
1958 0.328781464236198
1959 0.329286240211111
1960 0.329843507886504
1961 0.33037071495776
1962 0.330846368600929
1963 0.331351352499909
1964 0.331899849137696
1965 0.332436684606227
1966 0.33300695164371
1967 0.333574599465481
1968 0.334173934728902
1969 0.334703594018203
1970 0.335236850236873
1971 0.335714688811137
1972 0.336114930142693
1973 0.336540305516865
1974 0.336904109412089
1975 0.337345510448137
1976 0.337893232737251
1977 0.338474333611332
1978 0.339017490266397
1979 0.339631872846329
1980 0.340166574289664
1981 0.340595895529727
1982 0.341094339578921
1983 0.341597055477375
1984 0.342143365676621
1985 0.342689334275602
1986 0.343338217534968
1987 0.343972470689462
1988 0.344595425351529
1989 0.345241491260453
1990 0.345760421151872
1991 0.346263514811406
1992 0.346679089354604
1993 0.34718663043705
1994 0.347674085563029
1995 0.348196502538907
1996 0.348831929555101
1997 0.349378654104681
1998 0.34987151210116
1999 0.350381133928588
2000 0.350875644369412
2001 0.351289484919741
2002 0.351754890757064
2003 0.352203864735895
2004 0.35268339120399
2005 0.353192371510895
2006 0.353723829786641
2007 0.354283367598769
2008 0.35484155951576
2009 0.35547229767906
2010 0.355985639323397
2011 0.3564899317229
2012 0.356903858005364
2013 0.357151541544351
2014 0.35746787550345
2015 0.357815004097579
2016 0.358120230313806
2017 0.358508411348965
2018 0.358997361671086
2019 0.359429230366212
2020 0.359889096292085
2021 0.360291935467427
2022 0.360644327255173
2023 0.361024381858849
2024 0.361359041077768
2025 0.36176724287337
2026 0.362144144876515
2027 0.362502430463621
2028 0.362850242248289
2029 0.363103440563704
2030 0.363396843598001
2031 0.36370475672497
2032 0.363988799860614
2033 0.364210415258787
2034 0.364527045325219
2035 0.364865790890958
2036 0.365234274112795
2037 0.365718570920779
2038 0.366117757933485
2039 0.366536374091453
2040 0.366874837472331
2041 0.367048885711649
2042 0.367295409652828
2043 0.367610530369597
2044 0.367916967549833
2045 0.368258723440787
2046 0.368751936044964
2047 0.36910090566178
2048 0.36935530594477
2049 0.369662748459954
2050 0.369955704938561
2051 0.370256541923657
2052 0.370611946261055
2053 0.370900867466109
2054 0.371107150501227
2055 0.371365722172393
2056 0.371652244747999
2057 0.371952946410745
2058 0.372165656396316
2059 0.372398833389035
2060 0.372585189722684
2061 0.372661515772015
2062 0.372793970991354
2063 0.372886184174664
2064 0.373099879591213
2065 0.373401322564993
2066 0.373649638713759
2067 0.37397595772915
2068 0.37432307466566
2069 0.374419852076623
2070 0.374408886238281
2071 0.374561461337073
2072 0.374706793168832
2073 0.3748742254539
2074 0.37517097278032
2075 0.375362903999586
2076 0.37543278305252
2077 0.375608544929615
2078 0.375832467460375
2079 0.376057129415116
2080 0.376353391351744
2081 0.376583920390897
2082 0.376780045775224
2083 0.376993594633623
2084 0.37716270353219
2085 0.377391026245719
2086 0.377560823333274
2087 0.377721497956063
2088 0.377855802326501
2089 0.377934449213864
2090 0.378044474685379
2091 0.378162976317231
2092 0.37829641756052
2093 0.378436035577732
2094 0.37858493190752
2095 0.378729294170024
2096 0.378899889411398
2097 0.379088129943569
2098 0.379279791385641
2099 0.379523444825971
2100 0.379740626214336
2101 0.379881392773293
2102 0.380002763635229
2103 0.380177703412918
2104 0.380320671770593
2105 0.380540041419439
2106 0.380868386659268
2107 0.381098124509772
2108 0.381351462026976
2109 0.381497644506803
2110 0.381476447412127
2111 0.38163070476152
2112 0.38175739236032
2113 0.381983076381528
2114 0.382498923725681
2115 0.382776999126302
2116 0.382965616696459
2117 0.383138087562621
2118 0.383129634242728
2119 0.383164386784585
2120 0.383339809080341
2121 0.383621033964864
2122 0.383853097326956
2123 0.384178361396733
2124 0.38445679443133
2125 0.384745587894091
2126 0.384940710315371
2127 0.385119468134464
2128 0.385252597913461
2129 0.385184018160575
2130 0.385292332229629
2131 0.385456137271637
2132 0.385669427669572
2133 0.386050557162906
2134 0.38636373524485
2135 0.386522086699013
2136 0.386699333928084
2137 0.38678158201049
2138 0.386753716053013
2139 0.386651443382725
2140 0.386499290325732
2141 0.386280784642835
2142 0.385852780127973
2143 0.385605516345703
2144 0.38542549743994
2145 0.385220620546129
2146 0.385065275125823
2147 0.384871268460729
2148 0.384643140648102
2149 0.384429455669418
2150 0.384245623333034
2151 0.384019753722582
2152 0.38374898643655
2153 0.383511156234035
2154 0.383223938565942
2155 0.382994126436998
2156 0.382662005749478
2157 0.382315684148839
2158 0.381892621724559
2159 0.381351035138688
2160 0.380874917925435
2161 0.38029948424184
2162 0.379923915265751
2163 0.379746451687935
2164 0.379387796685151
2165 0.37907828467416
2166 0.378715343903267
2167 0.378166846701933
2168 0.377691073342314
2169 0.377318834975077
2170 0.376863150225328
2171 0.376365688380656
2172 0.375844698639896
2173 0.375239879928155
2174 0.374643457219641
2175 0.374188946981137
2176 0.373768162727689
2177 0.373401477927929
2178 0.373235069707553
2179 0.372847675591285
2180 0.37236053873224
2181 0.371925525722246
2182 0.371459813078294
2183 0.370960328464629
2184 0.370484829419606
2185 0.369940957029539
2186 0.369305328012927
2187 0.368682016854131
2188 0.368009143823546
2189 0.367389049966664
2190 0.366773263933176
2191 0.366177606447141
2192 0.365650946118267
2193 0.365070888995298
2194 0.364587911156767
2195 0.363851964429784
2196 0.363068599719356
2197 0.362419889262641
2198 0.361746824804923
2199 0.361086506959008
2200 0.360364117304404
2201 0.359608343779668
2202 0.358953102845823
2203 0.35816618317677
2204 0.357660845438391
2205 0.357379001206843
2206 0.357106609365277
2207 0.356923260853648
2208 0.356863627602729
2209 0.356786381592823
2210 0.357021890460725
2211 0.357614621049993
2212 0.358117708445674
2213 0.358813375669955
2214 0.359492765324926
2215 0.360233832407897
2216 0.360827164087977
2217 0.36149766196513
2218 0.361958842923909
2219 0.362194466170881
2220 0.362604140218583
2221 0.362992709304925
2222 0.363404786810557
2223 0.363813963271905
2224 0.364286863449268
2225 0.364568855910944
2226 0.364768713490472
2227 0.365011010938013
2228 0.365122833394279
2229 0.365356530451144
2230 0.365764314772191
2231 0.365914049500695
2232 0.365962254628856
2233 0.366005654718573
2234 0.365885171317456
2235 0.365843633857556
2236 0.365851894526534
2237 0.365821534984241
2238 0.365722464464499
2239 0.365682626105462
2240 0.365594836385585
2241 0.365629947089289
2242 0.365872857092983
2243 0.36597729851064
2244 0.366072977631604
2245 0.366138234493479
2246 0.366380158868128
2247 0.366502617987294
2248 0.366431761026963
2249 0.366420440488534
2250 0.366394273334063
2251 0.366000572599491
2252 0.366139866477845
2253 0.36671883299762
2254 0.366985886806749
2255 0.367283232585753
2256 0.367557297943969
2257 0.367769953535286
2258 0.367923027544243
2259 0.368059097913292
2260 0.36823775030975
2261 0.368324283031565
2262 0.368509835243995
2263 0.368868343823771
2264 0.369063087932654
2265 0.369133741614379
2266 0.369230360274712
2267 0.369311661024403
2268 0.369380732557413
2269 0.36944317449484
2270 0.369546731470542
2271 0.369666052021154
2272 0.36972824673406
2273 0.369921398308564
2274 0.369870693910181
2275 0.36946960872313
2276 0.369311280298638
2277 0.369217294857451
2278 0.368934975393822
2279 0.369199004452703
2280 0.369274295933137
2281 0.369065253363682
2282 0.368816344786248
2283 0.368146609355125
2284 0.367567668322102
2285 0.367350572748579
2286 0.367352125717296
2287 0.367405855111917
2288 0.3678871415883
2289 0.367869088704186
2290 0.367565709979581
2291 0.367486792922794
2292 0.367425782911915
2293 0.367179472825414
2294 0.36696086050302
2295 0.366717410616192
2296 0.36612071255596
2297 0.36590809962769
2298 0.365916985271833
2299 0.365978080162845
2300 0.366344760303775
2301 0.36635733433159
2302 0.366380059316627
2303 0.366275292680631
2304 0.36570315416698
2305 0.365519316276996
2306 0.365602165981847
2307 0.365439469345626
2308 0.365243981329451
2309 0.365151651589889
2310 0.364999974467613
2311 0.364886703780588
2312 0.36491392642545
2313 0.364889026632119
2314 0.364824061046434
2315 0.36463964452329
2316 0.364521657817982
2317 0.364308406143672
2318 0.363969970898671
2319 0.363510754529439
2320 0.363024241991201
2321 0.362221710111982
2322 0.361626467690378
2323 0.360985768740787
2324 0.360546557363304
2325 0.3603390431839
2326 0.360262155343722
2327 0.360093784238101
2328 0.359777420087266
2329 0.359659041668827
2330 0.359761116205972
2331 0.359836001730697
2332 0.35972328463263
2333 0.359484032054235
2334 0.358534492691386
2335 0.357849112544346
2336 0.357901726302499
2337 0.358799988635516
2338 0.358699409428878
2339 0.35889461485019
2340 0.358427431980268
2341 0.356791106132357
2342 0.356201410217551
2343 0.355934815351293
2344 0.355548414637179
2345 0.355456378362977
2346 0.355191709241094
2347 0.354860215741066
2348 0.354673816010529
2349 0.354421554384054
2350 0.354388326740522
2351 0.354607377266694
2352 0.354493739246368
2353 0.354354329989295
2354 0.354357475008299
2355 0.354201560744721
2356 0.35426837747121
2357 0.354756091531984
2358 0.354681399044168
2359 0.354254128909162
2360 0.35407447524965
2361 0.353893832482923
2362 0.353522003608734
2363 0.353147623682545
2364 0.352744795034557
2365 0.35187154095458
2366 0.351607118114227
2367 0.352023508344762
2368 0.352003150648904
2369 0.352120816091696
2370 0.351567697565322
2371 0.350048129858142
2372 0.349406698650504
2373 0.348902506108111
2374 0.348674740010256
2375 0.3494921768478
2376 0.349250879747127
2377 0.348003930788681
2378 0.347817686163529
2379 0.347918526740395
2380 0.347795211730662
2381 0.348511312447974
2382 0.348511983196616
2383 0.3476071993885
2384 0.346980545808141
2385 0.345928429401625
2386 0.345705351782542
2387 0.346343067818127
2388 0.346220507901991
2389 0.346337191016593
2390 0.346156681509572
2391 0.344857482368828
2392 0.344323658775754
2393 0.344675170287863
2394 0.344479467775888
2395 0.343651980517457
2396 0.343816915618498
2397 0.344770959163903
2398 0.344834524552435
2399 0.345221741914344
2400 0.34507424119303
2401 0.343275634607585
2402 0.343006964064974
2403 0.343753803170071
2404 0.344059503822306
2405 0.345586063198973
2406 0.345397847555543
2407 0.343834666519997
2408 0.342577214511329
2409 0.339945140892755
2410 0.338714358114308
2411 0.338485222531275
2412 0.33823115491623
2413 0.338580070759879
2414 0.338640309410777
2415 0.338563797650156
2416 0.338297740240198
2417 0.338507148912501
2418 0.337876479818096
2419 0.336293020564244
2420 0.335474553609
2421 0.33420666523876
2422 0.333790307302888
2423 0.334561121910171
2424 0.334495418590952
2425 0.334139556689132
2426 0.334166734715775
2427 0.33439730495625
2428 0.333855882380221
2429 0.333376524114368
2430 0.333078493106502
2431 0.331937241944444
2432 0.331012080025329
2433 0.330808647712409
2434 0.330151407588483
2435 0.328765341099398
2436 0.327632502500866
2437 0.326501531470265
2438 0.325794667152687
2439 0.324991490874717
2440 0.324710672652322
2441 0.325849832045783
2442 0.324941279867806
2443 0.323978563584208
2444 0.323784758924765
2445 0.322883427027788
2446 0.323336543112039
2447 0.323903187309935
2448 0.321301978813329
2449 0.31809894996185
2450 0.316932578311838
2451 0.315937711166441
2452 0.315135654276816
2453 0.316059433456791
2454 0.316979791597532
2455 0.316553393468994
2456 0.318451435979151
2457 0.321839661082815
2458 0.322601955369488
2459 0.321922741918925
2460 0.320925334224956
2461 0.319207131705661
2462 0.317999566550331
2463 0.318576046235246
2464 0.32006190332272
2465 0.32041634906687
2466 0.320135033597336
2467 0.319119763756576
2468 0.317627378496802
2469 0.315589420066048
2470 0.311172971563353
2471 0.309821096951084
2472 0.30987719399089
2473 0.309529379930309
2474 0.311517451119437
2475 0.312075736370411
2476 0.311821373223051
2477 0.311186502855919
2478 0.309663006399377
2479 0.308977999072497
2480 0.30713953621071
2481 0.306997139279389
2482 0.309705011243437
2483 0.31014748865047
2484 0.310105216833517
2485 0.309597843206858
2486 0.3067714078846
2487 0.30686459097381
2488 0.309584203181632
2489 0.309603696082768
2490 0.309325905951169
2491 0.30826230785973
2492 0.305134986199646
2493 0.302101276133466
2494 0.303773688930915
2495 0.304463544918071
2496 0.303754774174878
2497 0.30669361834895
2498 0.308594530272214
2499 0.306616236996425
2500 0.306607877286152
