"Wavelength" "M011a_m2-w3"
350 0.0748713738151635
351 0.0753757390267568
352 0.0760876763804767
353 0.0742628783173674
354 0.0682539398564764
355 0.0635089743006832
356 0.0657939174501087
357 0.0715846157968393
358 0.0710339835200276
359 0.0700592398776976
360 0.0701268507675948
361 0.0714757702340966
362 0.0737245518114926
363 0.0712570493866926
364 0.0692568455788195
365 0.0718865984768037
366 0.0675827641452133
367 0.0659506540809187
368 0.0673205108344322
369 0.0670610343056777
370 0.0702198505666865
371 0.0692217665525033
372 0.0645285484364373
373 0.0674040001089189
374 0.0709440929651874
375 0.0697685873776015
376 0.063547715361771
377 0.0629413339469725
378 0.0637913929733779
379 0.0642327647014
380 0.0637655570290255
381 0.06454653490626
382 0.0637931447648605
383 0.0630836524602725
384 0.0675086634867228
385 0.064044555006541
386 0.0613213376082698
387 0.0645683695268963
388 0.0640491360199683
389 0.0648684685744963
390 0.0658413755536921
391 0.0645684006115288
392 0.0623819990652015
393 0.0612349053803246
394 0.0616742273284175
395 0.063020593428611
396 0.0637883763900942
397 0.0629144247365853
398 0.0612252621176588
399 0.0629180281681787
400 0.0634893634049319
401 0.0633668791607553
402 0.0638715811047651
403 0.0630831562267315
404 0.0632457591438369
405 0.0639771822418207
406 0.0630528000301534
407 0.062427969801633
408 0.0625502985959039
409 0.0631043889540416
410 0.0628155787497971
411 0.0625886491287267
412 0.0628740982712553
413 0.0636497302307337
414 0.0635045609474553
415 0.0633635255960846
416 0.0635887138685816
417 0.0639503793714214
418 0.0636718749736704
419 0.0635137393804889
420 0.0639572954074545
421 0.0644620202807487
422 0.0647118304778504
423 0.0646835661763375
424 0.0645692911231938
425 0.0649190415183039
426 0.0651431285773999
427 0.0651452326886088
428 0.0653580720686305
429 0.0654997882669376
430 0.0658524452945996
431 0.0665119840801485
432 0.0669204429446294
433 0.0669524693602254
434 0.0666312736670392
435 0.0662102836234884
436 0.0667920523277463
437 0.0672205003509379
438 0.0672304105436077
439 0.0678783848901639
440 0.0679904506585681
441 0.067772096345773
442 0.0676938020318803
443 0.0679067190491165
444 0.0684355351631773
445 0.0689146254651243
446 0.0688519914478521
447 0.0689426774550527
448 0.0691872423608779
449 0.0693915867412332
450 0.0691690862133075
451 0.0691945303259439
452 0.0694085512975256
453 0.0695999590913462
454 0.070034706602186
455 0.0703337681746896
456 0.0704930973265307
457 0.0708068786541585
458 0.0705993356408676
459 0.070568506965012
460 0.0710350366160244
461 0.0708381361117874
462 0.0710892601463711
463 0.0714378245244058
464 0.0711465044607173
465 0.0712451877303512
466 0.07164622204425
467 0.0719404534296328
468 0.0714549724001872
469 0.0713731641579192
470 0.0716794932132106
471 0.0720536363638771
472 0.0723143526749486
473 0.0723158671934129
474 0.0722250372724292
475 0.0723655580267516
476 0.0722664145427887
477 0.0723708318232339
478 0.0727979277819849
479 0.0728087380198028
480 0.0728365301946412
481 0.0730609516187626
482 0.073472737391603
483 0.0735079352209031
484 0.0735914741108375
485 0.0738509117730664
486 0.0740317568636566
487 0.0742523076535957
488 0.0744264949212869
489 0.0744976400096949
490 0.074595674450817
491 0.0748645041108267
492 0.075271355552577
493 0.0756445842977698
494 0.0756019257630419
495 0.0756747546790447
496 0.0760582450979845
497 0.0761086682355208
498 0.0763188876653983
499 0.0766719437162824
500 0.0769723458410612
501 0.0770272596250837
502 0.0772503557499054
503 0.0776465623628472
504 0.0777600368713516
505 0.0779970430635439
506 0.0782474081968798
507 0.078403263272085
508 0.078760129781411
509 0.0788907337597437
510 0.0789117705880145
511 0.0792373123671128
512 0.0794030039663723
513 0.0795730497939058
514 0.0798681278591499
515 0.0801703731573654
516 0.0803988513657846
517 0.0805904776090217
518 0.0808241139392516
519 0.0810915923072389
520 0.0813867651089797
521 0.0816536175713929
522 0.0817760761174468
523 0.0820464784787649
524 0.0823677330906481
525 0.0826151628090902
526 0.0829652831111893
527 0.0832396758430154
528 0.0834331802900249
529 0.0836753570035782
530 0.0839775303475934
531 0.0842910726391974
532 0.0845582872766888
533 0.0847210950271721
534 0.0848565232041688
535 0.0850888956634549
536 0.0855146806531064
537 0.0858610343018496
538 0.0861667322010003
539 0.0864675026927995
540 0.0867390777053126
541 0.0870934587270623
542 0.0874169654427756
543 0.0875956041805479
544 0.0878541374256152
545 0.0881250952631633
546 0.0883872181092098
547 0.0886771894854051
548 0.0890129145598226
549 0.0893773687024822
550 0.089746749856065
551 0.0901087199155
552 0.0904701658645441
553 0.0908091503146508
554 0.0910930866283502
555 0.0913945481713739
556 0.0916842789204469
557 0.0919668930889406
558 0.0923595102627584
559 0.0927161619528194
560 0.0930559805943178
561 0.0934387903001834
562 0.0937125231450312
563 0.0940000933797659
564 0.0943224627052542
565 0.094531455013563
566 0.0947568029795622
567 0.0949771799475507
568 0.095162998097361
569 0.0954263900790972
570 0.0957490327427292
571 0.0960932101589548
572 0.0964102584026132
573 0.0967435861907263
574 0.0970454005769619
575 0.0973045601305362
576 0.097682844313486
577 0.0979334103380445
578 0.0980922178279821
579 0.0983499813345825
580 0.0986067009671856
581 0.0988352303748312
582 0.0990394073938457
583 0.0992619435805374
584 0.0995216459872947
585 0.099784342991853
586 0.100009980256271
587 0.10025342152599
588 0.100518616967525
589 0.10079804221056
590 0.101075136655038
591 0.101288305037262
592 0.101530457613787
593 0.101865362085183
594 0.102079696510959
595 0.102287459595539
596 0.102503239385406
597 0.102665022237205
598 0.102953262194042
599 0.103272256892502
600 0.103525026872918
601 0.103741545841163
602 0.103933800430227
603 0.104132842726308
604 0.104371280820052
605 0.104608349863841
606 0.104845973276709
607 0.105083668194256
608 0.105304090367098
609 0.105577842779626
610 0.1058214166634
611 0.105948545310595
612 0.106151189104095
613 0.106378149563571
614 0.106620570505377
615 0.106932102447127
616 0.107215571580162
617 0.10743638106421
618 0.107609398119637
619 0.107850995314032
620 0.108098830882019
621 0.108339372316134
622 0.108593256163728
623 0.108800936322583
624 0.109034380155126
625 0.109326488461076
626 0.109576968622478
627 0.109754244356364
628 0.109946409853373
629 0.110268554626962
630 0.110547033756024
631 0.110801951285442
632 0.111065108722652
633 0.111359616507965
634 0.111575394955999
635 0.11174275551317
636 0.111937654115601
637 0.112206495938603
638 0.112512376281923
639 0.112812209903393
640 0.113063266132405
641 0.113287658026247
642 0.113528503631583
643 0.113811737213038
644 0.114109165592274
645 0.114364757143722
646 0.11459991033742
647 0.11487957866496
648 0.115162688501296
649 0.115465208083553
650 0.11578256600324
651 0.11605743120346
652 0.116299046507701
653 0.11654159317883
654 0.116816934030166
655 0.1170640157472
656 0.117321527964963
657 0.117617484835744
658 0.11795829880103
659 0.118274728732943
660 0.118552780189531
661 0.118808867299081
662 0.119104737381685
663 0.119399221691488
664 0.119684089208064
665 0.119976697036678
666 0.120288143509503
667 0.120608907175192
668 0.120917663568834
669 0.121160247250142
670 0.121497662159404
671 0.121859725693
672 0.122107286693894
673 0.122402954277871
674 0.122750840285977
675 0.12310699093824
676 0.123380065287204
677 0.123742792172241
678 0.124106115024394
679 0.124365358281478
680 0.124663036947086
681 0.124997470702855
682 0.125353718040771
683 0.125706532853339
684 0.126005837286227
685 0.126312360455725
686 0.126660476562543
687 0.126969431968858
688 0.127275286674715
689 0.127614188281815
690 0.128004116875505
691 0.128322463977238
692 0.128649691274296
693 0.129014211065739
694 0.129343714945073
695 0.129696548200419
696 0.130047968815948
697 0.130372792746033
698 0.13074541556796
699 0.131106844757511
700 0.131438006771391
701 0.131759809910969
702 0.132150062763189
703 0.132525534144387
704 0.132845302741231
705 0.133238383094862
706 0.133623442438007
707 0.13399308338791
708 0.134371170189593
709 0.134779647451988
710 0.135149787352649
711 0.135475240873632
712 0.135837897875803
713 0.136233693779971
714 0.1366270398622
715 0.136998637472889
716 0.137431825170996
717 0.137816077504305
718 0.138166693847046
719 0.138580308146518
720 0.138978061027997
721 0.139365118799104
722 0.139768965431048
723 0.140249061129438
724 0.140631614816124
725 0.140989641500157
726 0.141439113577763
727 0.141790874467838
728 0.142164993088413
729 0.142594084316445
730 0.143004694468425
731 0.143410942107824
732 0.143820135246141
733 0.144233463250858
734 0.144635596670755
735 0.14504181052168
736 0.145436124464574
737 0.145799416478435
738 0.146222264079357
739 0.146618992008664
740 0.146971791361005
741 0.147379653341409
742 0.147780601643197
743 0.148197779512815
744 0.148650369290043
745 0.149068934807992
746 0.149480611377109
747 0.149890428224077
748 0.15029251796535
749 0.150733926394663
750 0.151148800295724
751 0.1515113830837
752 0.151889288362009
753 0.152307294792015
754 0.152748594824493
755 0.153183882794998
756 0.153611563935202
757 0.15403626949297
758 0.154440393203136
759 0.154798649263474
760 0.155234536349784
761 0.155704530815882
762 0.156149461056509
763 0.156538744130899
764 0.156935632521105
765 0.1573547512508
766 0.157789151917146
767 0.158233516593349
768 0.158633970530261
769 0.159005072182502
770 0.159422578499049
771 0.159855149610463
772 0.160305068394872
773 0.160751377930851
774 0.161102889590997
775 0.161482452448958
776 0.161913105872344
777 0.162369636903782
778 0.162787707286615
779 0.163213085165881
780 0.163655621997495
781 0.164086250942117
782 0.164481360338622
783 0.164897911809617
784 0.165360562511102
785 0.165789828999226
786 0.166223408047804
787 0.166662947474131
788 0.167095430828574
789 0.167497978611913
790 0.16791369153893
791 0.168336509303003
792 0.168720246778049
793 0.16913662137325
794 0.169557137019328
795 0.169961324982646
796 0.170375889417418
797 0.170844134581609
798 0.171334851218115
799 0.171797378627451
800 0.17222940193502
801 0.172636072057097
802 0.173024371638912
803 0.173405263571419
804 0.173812613612262
805 0.174245270607565
806 0.174689922797045
807 0.175125075479922
808 0.17554764709797
809 0.175999903144431
810 0.176494089116075
811 0.17689779046991
812 0.177311170722398
813 0.177747395169242
814 0.178173590550197
815 0.178633820737075
816 0.179032662457417
817 0.179378458996903
818 0.179813214223623
819 0.180319611826482
820 0.180785594076007
821 0.181159127741706
822 0.181578287431258
823 0.182068545200733
824 0.182540000869425
825 0.182898189478533
826 0.183288032552395
827 0.183711604836712
828 0.184165021412059
829 0.184634151610735
830 0.185014474393961
831 0.185375658313311
832 0.185782253365357
833 0.186247328338316
834 0.186717156683801
835 0.187167670851356
836 0.187589668733636
837 0.187985720884732
838 0.188369410679239
839 0.188788477639964
840 0.189276500918043
841 0.189706559470262
842 0.190098076682112
843 0.190499610505156
844 0.190966490118283
845 0.191407416027345
846 0.191824746855429
847 0.192250328831892
848 0.19273783093545
849 0.193197761291973
850 0.193569667012142
851 0.193885624496385
852 0.194426168667689
853 0.194925181357517
854 0.19533865740287
855 0.195730337922197
856 0.196127070849414
857 0.196562932181294
858 0.197009155536335
859 0.197391973157372
860 0.197724785693362
861 0.198130911507457
862 0.198628129063371
863 0.199070861924616
864 0.199480276925373
865 0.199876399462171
866 0.2002828900633
867 0.200724244347058
868 0.201176855870642
869 0.201638397649005
870 0.202097132618375
871 0.202476766247142
872 0.202884362108906
873 0.203308620445764
874 0.203681295305559
875 0.204073462104736
876 0.204511779299896
877 0.204975649689381
878 0.205407037437613
879 0.20581113382131
880 0.206237374844642
881 0.206687879309736
882 0.20708722291628
883 0.207482229914494
884 0.207925901111598
885 0.208428160061807
886 0.20889652356828
887 0.209410735897369
888 0.209858164748286
889 0.210166804822944
890 0.210645649342762
891 0.211045147636411
892 0.211398954033981
893 0.2118420385163
894 0.212219564512441
895 0.212589376480195
896 0.213014278692277
897 0.213525159625287
898 0.213965740453938
899 0.214378860143942
900 0.214795705719811
901 0.21521058808455
902 0.215638793475397
903 0.216106238686251
904 0.216605594974244
905 0.217079413424159
906 0.21747220577067
907 0.217831800156816
908 0.218203415507894
909 0.218562085779358
910 0.219047693931535
911 0.219549904251228
912 0.219950873303619
913 0.220328699991931
914 0.220812199764658
915 0.221297223778887
916 0.221660431529772
917 0.222075233759923
918 0.222507643795037
919 0.223003549070302
920 0.223598680024022
921 0.224103143925832
922 0.224528687148242
923 0.224914767285414
924 0.225298835963437
925 0.225595575522423
926 0.226028411974592
927 0.226528739227734
928 0.226822244791715
929 0.227128389163269
930 0.227576907764326
931 0.228141956920148
932 0.228656647651269
933 0.22909684591794
934 0.229523833087236
935 0.229969612506884
936 0.230408843906697
937 0.230777719363143
938 0.23114395533208
939 0.231558093268448
940 0.232007739895436
941 0.232450040829409
942 0.232911401848179
943 0.233391309709961
944 0.233827471974706
945 0.234253261207456
946 0.234665084501391
947 0.235069604552152
948 0.235503456755196
949 0.235881081309044
950 0.236238955154702
951 0.236636350988379
952 0.237107726757573
953 0.237643587084208
954 0.238119051788369
955 0.238492625046785
956 0.238958910166926
957 0.239413005557913
958 0.239785393514338
959 0.240105175574197
960 0.240593543364536
961 0.241045091864291
962 0.24137460993627
963 0.241646381781078
964 0.242168007091286
965 0.242705000659685
966 0.243098003484908
967 0.243381440822616
968 0.243973127301792
969 0.244401646039425
970 0.244775465723327
971 0.24525971372919
972 0.245748461896393
973 0.246173390126249
974 0.246615296997214
975 0.247106153061847
976 0.247479474096546
977 0.247740630302298
978 0.248047799959369
979 0.248519774472834
980 0.249101277769933
981 0.249477349943214
982 0.249826027730308
983 0.250301428095544
984 0.250759644891823
985 0.251152067102294
986 0.25155247394753
987 0.25197448341294
988 0.252291807360013
989 0.252669394287113
990 0.253191111717985
991 0.253759429130956
992 0.254083934927021
993 0.254310467125651
994 0.254628410646244
995 0.255104645676697
996 0.255626323965628
997 0.256010606404614
998 0.256307704980682
999 0.256662514277179
1000 0.257212875809262
1001 0.254882778589308
1002 0.255301682911985
1003 0.255705463978929
1004 0.256131488722301
1005 0.256533923338633
1006 0.25690159043828
1007 0.257255859196543
1008 0.257650817004184
1009 0.258046916728802
1010 0.258479184227366
1011 0.258826607033831
1012 0.259231345026952
1013 0.259636171265034
1014 0.259966082950325
1015 0.260400925568623
1016 0.26086807604965
1017 0.261272720872345
1018 0.261641678570447
1019 0.262011772276317
1020 0.262383284100442
1021 0.262653212435453
1022 0.263021302710841
1023 0.263449193550091
1024 0.263809171015947
1025 0.264231785760267
1026 0.264644278809926
1027 0.264942056145816
1028 0.265281765235209
1029 0.265647747174967
1030 0.265949567360506
1031 0.266343570350079
1032 0.266751290445735
1033 0.267207977275522
1034 0.267623284588566
1035 0.268059747600244
1036 0.268478482777502
1037 0.268840672693332
1038 0.269197078583139
1039 0.269624629053618
1040 0.269985668423627
1041 0.270301288860909
1042 0.270749691224432
1043 0.271203280794153
1044 0.271611056366036
1045 0.272052067550117
1046 0.272393883788105
1047 0.272734024142083
1048 0.273000493213135
1049 0.273343582238582
1050 0.273702502776206
1051 0.274122739210225
1052 0.274590777554051
1053 0.274999689783615
1054 0.275328499070808
1055 0.275655380669274
1056 0.276010409240193
1057 0.27634255208456
1058 0.276706068328502
1059 0.277121747816138
1060 0.277500844637939
1061 0.277887725387636
1062 0.278288748056174
1063 0.278731255160789
1064 0.279125974011225
1065 0.279476662749932
1066 0.279797642726761
1067 0.280128973002834
1068 0.280436065911962
1069 0.280742890547776
1070 0.281117455158082
1071 0.28142298514899
1072 0.281703734968283
1073 0.282030895760018
1074 0.282359322625021
1075 0.282680953107143
1076 0.283025482210997
1077 0.283407711467396
1078 0.283791769957468
1079 0.284117925361952
1080 0.284493994792702
1081 0.284866641607763
1082 0.285155530508604
1083 0.285440529376076
1084 0.285738169207179
1085 0.286034322423941
1086 0.286365255552763
1087 0.286723349772223
1088 0.287033991082863
1089 0.287326232962664
1090 0.287593192501132
1091 0.287873098673565
1092 0.288155652076856
1093 0.288443446227744
1094 0.28869736226124
1095 0.289055254496376
1096 0.289448461243445
1097 0.289792394111686
1098 0.290153252294804
1099 0.290431349288308
1100 0.290646027189633
1101 0.290922484037541
1102 0.291273420161231
1103 0.2916075986015
1104 0.291890357182411
1105 0.292171034108227
1106 0.292480347718966
1107 0.292782688251723
1108 0.293072000786894
1109 0.293391571172957
1110 0.293701821054395
1111 0.293944678737956
1112 0.294174729300165
1113 0.294457372588159
1114 0.294749672490457
1115 0.295034726482983
1116 0.295332863567414
1117 0.295606013871592
1118 0.295861833248437
1119 0.296113751586693
1120 0.296382781792224
1121 0.296665480776794
1122 0.296976400295676
1123 0.297263434978341
1124 0.297537338349668
1125 0.297834223358409
1126 0.298133428576295
1127 0.298437498186972
1128 0.298763057700038
1129 0.299111064157812
1130 0.299402536948009
1131 0.299655904764554
1132 0.299918390569031
1133 0.300117665722506
1134 0.300323224416228
1135 0.300599685581224
1136 0.300876572275176
1137 0.301176200462714
1138 0.301464352975289
1139 0.30177212687883
1140 0.302067563855362
1141 0.302359907882222
1142 0.302641162019702
1143 0.302918820818118
1144 0.303186185046621
1145 0.303483191294853
1146 0.303764846660915
1147 0.304048420551815
1148 0.304329592109145
1149 0.304559181127122
1150 0.304781489690052
1151 0.305031794377141
1152 0.305276903598997
1153 0.305514094096156
1154 0.305734539105682
1155 0.30599045677867
1156 0.306253869122216
1157 0.306523072258749
1158 0.306852197160427
1159 0.307115288456405
1160 0.307337006860653
1161 0.307562990894089
1162 0.307813041758607
1163 0.308050166106955
1164 0.308339175330573
1165 0.308666313331065
1166 0.308964725487474
1167 0.309255832028017
1168 0.309535428274623
1169 0.309790014655807
1170 0.310072339605797
1171 0.310362172693177
1172 0.310645197834714
1173 0.310947712900135
1174 0.311235650162487
1175 0.311510717511992
1176 0.311771583557904
1177 0.312027038345695
1178 0.312278180805645
1179 0.312501904731323
1180 0.312745757142067
1181 0.313004330692018
1182 0.313255660217254
1183 0.313492270527931
1184 0.313721544793328
1185 0.313954897844058
1186 0.314189292620275
1187 0.314448579040725
1188 0.314738667356179
1189 0.315013276744234
1190 0.315311729006704
1191 0.315576364092937
1192 0.315834289132262
1193 0.316061431649189
1194 0.316231356496362
1195 0.316443321606982
1196 0.316656380912334
1197 0.316883679936431
1198 0.317149176016175
1199 0.317393846383366
1200 0.317631603217398
1201 0.317841604004888
1202 0.318059655134686
1203 0.318325535890781
1204 0.318565164155086
1205 0.318830323339407
1206 0.319043527213804
1207 0.319208638251013
1208 0.319402737963617
1209 0.319586071381184
1210 0.319780037320978
1211 0.319994635895454
1212 0.32020294344117
1213 0.32038823771996
1214 0.32059794895286
1215 0.320840583570349
1216 0.321062487483664
1217 0.321271492066337
1218 0.321506748967362
1219 0.321756221027345
1220 0.321976004098846
1221 0.322182047896097
1222 0.322392292493809
1223 0.322593376181808
1224 0.322753847663926
1225 0.322944995056106
1226 0.323162718625641
1227 0.32335910584967
1228 0.323537662489083
1229 0.323736805066219
1230 0.323948163252604
1231 0.324153127554455
1232 0.324361741628994
1233 0.324570627242857
1234 0.324770354438228
1235 0.32497835342789
1236 0.325180832717487
1237 0.325414111418389
1238 0.325638928166553
1239 0.325872597063127
1240 0.326145044585196
1241 0.326471581905134
1242 0.326723088651847
1243 0.326991696805984
1244 0.327202336978494
1245 0.327319241864616
1246 0.327506079720153
1247 0.327704700332211
1248 0.327899034224789
1249 0.32809936432603
1250 0.328317460760858
1251 0.328539617084904
1252 0.328769696428513
1253 0.329039492622447
1254 0.329283498852269
1255 0.329527603452912
1256 0.329744415721197
1257 0.329933765955185
1258 0.330131479318635
1259 0.330312011067438
1260 0.330460892006929
1261 0.330649715802948
1262 0.330838343834031
1263 0.331053956518614
1264 0.331295117559052
1265 0.331535684418916
1266 0.331803479233503
1267 0.332050865703251
1268 0.3323127085174
1269 0.332538479056916
1270 0.332737201726053
1271 0.332936344782181
1272 0.333091421547535
1273 0.333284124748099
1274 0.333499370468702
1275 0.33370678948449
1276 0.333947144161176
1277 0.334154927858046
1278 0.334335240688683
1279 0.334516155237111
1280 0.334691136768327
1281 0.334840981092156
1282 0.335020931598388
1283 0.33522009091198
1284 0.335394740823964
1285 0.33557392759907
1286 0.335737695137117
1287 0.335861905499099
1288 0.336031949092913
1289 0.336234392292619
1290 0.336406201650256
1291 0.336590594724244
1292 0.336755696067945
1293 0.336875137843837
1294 0.337025154729023
1295 0.337207144470973
1296 0.337357502587541
1297 0.337496621428525
1298 0.337637931609582
1299 0.337771879118967
1300 0.337875028778508
1301 0.338017256846991
1302 0.33817969998064
1303 0.338330706059419
1304 0.338480891301391
1305 0.338649010174718
1306 0.338836034505949
1307 0.338990975212792
1308 0.339167426708099
1309 0.339288511904158
1310 0.33934166822724
1311 0.339441497406626
1312 0.339526615487825
1313 0.339636992395682
1314 0.339793384928854
1315 0.339914332716661
1316 0.340023163791825
1317 0.340134447197774
1318 0.340229297238141
1319 0.340331679851437
1320 0.34042479782094
1321 0.340543459541896
1322 0.340683813298113
1323 0.340810287069991
1324 0.340961568543509
1325 0.341155578694416
1326 0.341283428638317
1327 0.341377639007814
1328 0.341512086543567
1329 0.341639601332006
1330 0.341760947965441
1331 0.341911965004444
1332 0.342035995763931
1333 0.342110496582704
1334 0.342230671046995
1335 0.342376513945308
1336 0.342516619010642
1337 0.342689080373803
1338 0.342817290617484
1339 0.342915167960544
1340 0.343029783688111
1341 0.343116173789288
1342 0.343226862890574
1343 0.343384444526786
1344 0.343504610867059
1345 0.343622456619941
1346 0.343718129081407
1347 0.343784191053642
1348 0.34384819817173
1349 0.343886518177934
1350 0.343906083655114
1351 0.343916172133628
1352 0.343895847509234
1353 0.343901698760225
1354 0.343901302078123
1355 0.343922291036325
1356 0.343950452258803
1357 0.344001308884324
1358 0.344071986617757
1359 0.344147740715524
1360 0.344237037002757
1361 0.344341814524159
1362 0.344462129063986
1363 0.344579967375379
1364 0.344743286014999
1365 0.344850279583963
1366 0.344942210269622
1367 0.345002649417672
1368 0.34498893780864
1369 0.345017463406023
1370 0.345030420029988
1371 0.345070887641992
1372 0.345151530614727
1373 0.345247885523631
1374 0.345279190465867
1375 0.345304591239142
1376 0.34528299790792
1377 0.345210277360114
1378 0.345121546643504
1379 0.345002418305546
1380 0.344886021557922
1381 0.344744464833953
1382 0.344588574565822
1383 0.344443851105611
1384 0.344253177602626
1385 0.344027106264108
1386 0.343780050243445
1387 0.343507893631181
1388 0.343220440736297
1389 0.342916184858648
1390 0.342581944061453
1391 0.342218892867128
1392 0.341847104656188
1393 0.341436443818383
1394 0.34103344435144
1395 0.340630951797028
1396 0.340219507134158
1397 0.339820200292447
1398 0.339380047769596
1399 0.338932103981741
1400 0.338446901901657
1401 0.337912767210944
1402 0.33736949764332
1403 0.3368132757692
1404 0.336232108922316
1405 0.335667867816929
1406 0.335079772031369
1407 0.334565650186537
1408 0.334066482818646
1409 0.333614954757612
1410 0.333192657573963
1411 0.332855331237151
1412 0.332535659748096
1413 0.33234337691697
1414 0.332221604320132
1415 0.332237208124176
1416 0.332361985413571
1417 0.332576359099968
1418 0.332942065517022
1419 0.33332653302929
1420 0.33383034791975
1421 0.33427771403106
1422 0.33477853182266
1423 0.335223734764314
1424 0.335638059728064
1425 0.336032593464061
1426 0.336407035796395
1427 0.336761704156793
1428 0.337068614081713
1429 0.337392045697445
1430 0.337706736235747
1431 0.338025461300372
1432 0.338345767206915
1433 0.338675233164871
1434 0.339010156313177
1435 0.339352972573589
1436 0.339688820174548
1437 0.340042837689805
1438 0.340356020635398
1439 0.340645709252387
1440 0.340943979841297
1441 0.341237361348925
1442 0.341508298927051
1443 0.341761012977017
1444 0.342032970555266
1445 0.34229710424382
1446 0.342554611243478
1447 0.342841210089707
1448 0.343084004153281
1449 0.343284951208034
1450 0.343498190982005
1451 0.343706969497205
1452 0.34390638162154
1453 0.3441075613565
1454 0.344287339398083
1455 0.344444158657643
1456 0.344603582788095
1457 0.344734574469309
1458 0.344895376610944
1459 0.345063015909476
1460 0.345248238057302
1461 0.345482076180762
1462 0.345673826660495
1463 0.345828985629062
1464 0.346025353158587
1465 0.346239220300641
1466 0.346428121530264
1467 0.346632441799432
1468 0.346836698201416
1469 0.347016733421361
1470 0.347186501667794
1471 0.347395027773061
1472 0.347603932722241
1473 0.347786941892619
1474 0.347978411820832
1475 0.348186457341366
1476 0.348388994164626
1477 0.348641319767729
1478 0.348936893712095
1479 0.349206580548657
1480 0.349500441494261
1481 0.349772105825417
1482 0.350040347378611
1483 0.350267827525612
1484 0.350469356192469
1485 0.350686201909546
1486 0.350867541981977
1487 0.351076610076004
1488 0.351319316394706
1489 0.351541333658153
1490 0.351746935357748
1491 0.351962867670106
1492 0.3521988536886
1493 0.352401309821435
1494 0.352589395484109
1495 0.352774415488176
1496 0.35290817678246
1497 0.353106739676824
1498 0.353356688805298
1499 0.353571405325491
1500 0.353800626111339
1501 0.354023415878717
1502 0.354210803314831
1503 0.354420823954272
1504 0.354667802515386
1505 0.354887858326112
1506 0.355110969797726
1507 0.355305402841546
1508 0.355464482762339
1509 0.355634253288866
1510 0.355765424368164
1511 0.355934494622629
1512 0.356152908554646
1513 0.356339393819681
1514 0.356514793313469
1515 0.356709232835374
1516 0.35690243428025
1517 0.357084829947572
1518 0.357276311611288
1519 0.3574753666899
1520 0.357637737749347
1521 0.357773344031714
1522 0.357949266127695
1523 0.358141653032962
1524 0.358316830864924
1525 0.358505949023918
1526 0.358677779890522
1527 0.358836360244316
1528 0.358984198452442
1529 0.359117943275006
1530 0.359271572688199
1531 0.359428772391113
1532 0.359561556423585
1533 0.359706321056515
1534 0.359825629236909
1535 0.359887110945521
1536 0.360010676909285
1537 0.360159052531523
1538 0.360304965761134
1539 0.360481039828278
1540 0.360632491408091
1541 0.360776112615637
1542 0.360917740348036
1543 0.361042011435697
1544 0.361190612021613
1545 0.361350571545617
1546 0.361504131857236
1547 0.361673102738635
1548 0.361827835475159
1549 0.361964404544768
1550 0.362116705731884
1551 0.362284209488512
1552 0.362430780096161
1553 0.362584222358389
1554 0.362707609930625
1555 0.362809393282517
1556 0.362897282370728
1557 0.362951459501426
1558 0.363024961353775
1559 0.363067693843913
1560 0.363162102925397
1561 0.363317243720434
1562 0.363423305691995
1563 0.36353326126809
1564 0.36363640478486
1565 0.363678073166551
1566 0.363780110317298
1567 0.363945368049015
1568 0.364068757648759
1569 0.364184692343234
1570 0.364314322275187
1571 0.36442934547414
1572 0.364549401025397
1573 0.364696992977533
1574 0.364830478344188
1575 0.364935874858708
1576 0.365062577838432
1577 0.365196523220686
1578 0.3653421705001
1579 0.365537843113677
1580 0.365675513337232
1581 0.365784027342407
1582 0.365894900820871
1583 0.365948669977159
1584 0.366036156887051
1585 0.366153212237768
1586 0.3662662254307
1587 0.366382191696102
1588 0.366505995670716
1589 0.366642617995061
1590 0.36677152025638
1591 0.366902618949714
1592 0.367033173470082
1593 0.367163732780633
1594 0.367284523595911
1595 0.367408267346341
1596 0.367519214701367
1597 0.367621719460371
1598 0.36770799815427
1599 0.367782766001225
1600 0.367834650273323
1601 0.367898556804616
1602 0.367976448995227
1603 0.368083425193581
1604 0.368200058859008
1605 0.368317670179645
1606 0.368443965548409
1607 0.368568186887809
1608 0.368700152649112
1609 0.368816069121956
1610 0.368923107784481
1611 0.369049312425344
1612 0.36918198669577
1613 0.369288391478604
1614 0.369401561986457
1615 0.369490896146011
1616 0.369555730940229
1617 0.369601212907262
1618 0.369630274279503
1619 0.369675758050895
1620 0.369679859090021
1621 0.369764152438285
1622 0.369890795324502
1623 0.37003509313841
1624 0.370216877929871
1625 0.370399800252199
1626 0.370620815475091
1627 0.370787295163922
1628 0.370949768771457
1629 0.371087001215579
1630 0.371192964158134
1631 0.371287115653894
1632 0.371371355530926
1633 0.37143349825298
1634 0.371463501651696
1635 0.371503022006495
1636 0.371528657144639
1637 0.371579799088213
1638 0.371619221147853
1639 0.37171263095442
1640 0.37183840013381
1641 0.371968089079069
1642 0.372148249519787
1643 0.372270231478864
1644 0.372382754084759
1645 0.372468751382391
1646 0.372506640772448
1647 0.372594876020933
1648 0.372695018435311
1649 0.372785355938094
1650 0.372895344375228
1651 0.372989770654993
1652 0.373053679746387
1653 0.373159969923321
1654 0.373283261649931
1655 0.373396850800049
1656 0.373564130040231
1657 0.373680613982938
1658 0.373788610814522
1659 0.37387842333424
1660 0.373920666115265
1661 0.37397371975625
1662 0.374071618706041
1663 0.374161946603616
1664 0.374246514806424
1665 0.37432216578221
1666 0.374384616426246
1667 0.374456163648522
1668 0.374530286382284
1669 0.374622798480543
1670 0.374740854094476
1671 0.374918187775713
1672 0.375126121538364
1673 0.375375570064123
1674 0.375612150364032
1675 0.375776943817418
1676 0.375904988620751
1677 0.37594642710849
1678 0.375968978710597
1679 0.375975172038329
1680 0.375985368985352
1681 0.376045434769767
1682 0.376118713878081
1683 0.376242039636215
1684 0.376357947520526
1685 0.376496950058767
1686 0.376656433728133
1687 0.376808141460359
1688 0.377017867177594
1689 0.377193515158425
1690 0.377324277558409
1691 0.377425183304293
1692 0.37745402219618
1693 0.37744377118822
1694 0.377478744602573
1695 0.37758106465479
1696 0.377688016213041
1697 0.377806412407555
1698 0.377909909361235
1699 0.377942293052157
1700 0.377993531191443
1701 0.37805754511809
1702 0.378111635318826
1703 0.378145527454892
1704 0.378215096946625
1705 0.378294762385942
1706 0.37839168041229
1707 0.378543016494575
1708 0.378624971703619
1709 0.378685957276892
1710 0.378727809760136
1711 0.378722748625379
1712 0.378731072969757
1713 0.378764741767832
1714 0.378747457090945
1715 0.378670805569555
1716 0.378630784397963
1717 0.37855544735754
1718 0.378512199487891
1719 0.378493692396035
1720 0.378529411189724
1721 0.378601802180989
1722 0.378680982518498
1723 0.378818319538524
1724 0.378918585835739
1725 0.378982948201045
1726 0.379102109356566
1727 0.379287417978447
1728 0.37940231438847
1729 0.379508045632043
1730 0.379592730984728
1731 0.379618052788854
1732 0.379661486714936
1733 0.379714528956463
1734 0.379739814462915
1735 0.379757995768812
1736 0.379768082799559
1737 0.379753238761728
1738 0.37976683277207
1739 0.37977805577521
1740 0.379736161268361
1741 0.379752193694519
1742 0.3797349795026
1743 0.379725449316963
1744 0.379709375065875
1745 0.37964331187768
1746 0.379627523377826
1747 0.379646612732879
1748 0.379693103102568
1749 0.379773092276387
1750 0.379808937657826
1751 0.379824887872049
1752 0.379829904854899
1753 0.379831727526558
1754 0.379835980261792
1755 0.379818930347701
1756 0.379831965389561
1757 0.3798585056165
1758 0.379890378359614
1759 0.379954569174121
1760 0.380048869500744
1761 0.380159490986711
1762 0.380268061184749
1763 0.380333139804625
1764 0.380283750541546
1765 0.380197649646178
1766 0.380140311600481
1767 0.380070413381219
1768 0.380053286232107
1769 0.380042000761346
1770 0.379969387549893
1771 0.379938615744597
1772 0.379848259791512
1773 0.379753995695644
1774 0.379629544977135
1775 0.379556451689856
1776 0.379470443395682
1777 0.379499981933463
1778 0.379645032964053
1779 0.379743612559564
1780 0.379903884513524
1781 0.379937654900886
1782 0.379979027000044
1783 0.380001207316855
1784 0.380020080073232
1785 0.380036190492047
1786 0.380051169403407
1787 0.380072794953088
1788 0.380114144781258
1789 0.380156312638838
1790 0.380179127083898
1791 0.380206169690661
1792 0.380228700947627
1793 0.380302907282467
1794 0.380346676329567
1795 0.380304460181602
1796 0.380312769331863
1797 0.380285368605569
1798 0.380260179012344
1799 0.380313939368058
1800 0.380270324212526
1801 0.382796522852302
1802 0.382906558772771
1803 0.383015479349493
1804 0.382992128646993
1805 0.383014448156978
1806 0.383107249564894
1807 0.383159484555457
1808 0.383151514087504
1809 0.383155768425663
1810 0.38317378371682
1811 0.383236382705318
1812 0.383165613396428
1813 0.383147671054763
1814 0.383241749937033
1815 0.383160770930947
1816 0.383114158686081
1817 0.383010639192441
1818 0.383029899182276
1819 0.383053019380581
1820 0.383140327660373
1821 0.383337098605656
1822 0.383482869625449
1823 0.383416415754763
1824 0.383414472403862
1825 0.383432206198836
1826 0.383442936442681
1827 0.383406122368381
1828 0.383360128606623
1829 0.383349720583492
1830 0.38329465775984
1831 0.383291417686205
1832 0.383371909922431
1833 0.383385115430191
1834 0.383350578055622
1835 0.383306795915105
1836 0.383286784274292
1837 0.38325303976344
1838 0.383260455357115
1839 0.383311892279314
1840 0.383357654514853
1841 0.383330966706815
1842 0.383332157989669
1843 0.383382147912501
1844 0.383416747142653
1845 0.383484352571643
1846 0.383509737919804
1847 0.38352791488589
1848 0.383493020697925
1849 0.383502095609403
1850 0.383566242475983
1851 0.383591448013876
1852 0.383654606423698
1853 0.3836228378743
1854 0.383377362484821
1855 0.383174358636872
1856 0.382958959289352
1857 0.382759396782626
1858 0.38256677941461
1859 0.382436489442149
1860 0.382269695078776
1861 0.382118231338371
1862 0.381843156645479
1863 0.381491288507499
1864 0.381123041020251
1865 0.380557091712356
1866 0.379962153701267
1867 0.379425696070308
1868 0.378884893586933
1869 0.378327423500062
1870 0.377816210711682
1871 0.377322062309133
1872 0.376838697761898
1873 0.376352127943833
1874 0.375884569566171
1875 0.375307293794595
1876 0.374652677278575
1877 0.373980872377008
1878 0.373153030362576
1879 0.372229145393962
1880 0.371196270183132
1881 0.36999130070274
1882 0.368676348489448
1883 0.367341520632261
1884 0.366003692904227
1885 0.364625202297474
1886 0.363100848950587
1887 0.361429133025349
1888 0.359648986926757
1889 0.357726457566961
1890 0.355697615373522
1891 0.353641630880502
1892 0.351542316743047
1893 0.349389639465843
1894 0.347138195708244
1895 0.344686167578473
1896 0.342137607682798
1897 0.33950971774226
1898 0.336857675076505
1899 0.334352953945969
1900 0.331867527661597
1901 0.329529961694894
1902 0.327288885523812
1903 0.325253093715861
1904 0.3232308868687
1905 0.321454994663116
1906 0.319846062292053
1907 0.318321738505116
1908 0.317083473170968
1909 0.316073675901648
1910 0.315204250552377
1911 0.314567871653065
1912 0.314010754173598
1913 0.31359606930403
1914 0.313307338946425
1915 0.31308710755371
1916 0.31288685592066
1917 0.312851386760507
1918 0.312895427014902
1919 0.312965296178748
1920 0.313155310841795
1921 0.313460299065867
1922 0.313907140163747
1923 0.314305550794796
1924 0.314774895911014
1925 0.315323286179732
1926 0.315834834061625
1927 0.316284510061226
1928 0.316798038632017
1929 0.317363995377149
1930 0.317858021097971
1931 0.318378937623359
1932 0.318918088441012
1933 0.319533396704449
1934 0.320053435544726
1935 0.320543442288128
1936 0.320997995182778
1937 0.321483952808801
1938 0.321922652040328
1939 0.322391890370114
1940 0.322939293802384
1941 0.323400901410664
1942 0.323879846378774
1943 0.324414843083249
1944 0.324972286640937
1945 0.325534027605837
1946 0.326179532391093
1947 0.326777661132462
1948 0.327384222051373
1949 0.327932368716749
1950 0.328449870505593
1951 0.328919379411786
1952 0.329305394467821
1953 0.329774340720355
1954 0.330268816196599
1955 0.330793278355767
1956 0.33131906622893
1957 0.331880461059725
1958 0.332426244989608
1959 0.332949652961173
1960 0.333572577287783
1961 0.334153183437391
1962 0.334634603774133
1963 0.335106538740106
1964 0.335597363727909
1965 0.336034593342053
1966 0.336562811639373
1967 0.33711992394749
1968 0.337743052940643
1969 0.3383008558725
1970 0.338885639574883
1971 0.339447317985643
1972 0.339993635688491
1973 0.340511694975791
1974 0.340982546526793
1975 0.341464030416377
1976 0.341936698354716
1977 0.342425499677002
1978 0.342946172926262
1979 0.343545065666948
1980 0.344083378007921
1981 0.344595074290846
1982 0.34512018187039
1983 0.345648525347029
1984 0.346173103162407
1985 0.346683219617301
1986 0.347201270125382
1987 0.347821037962395
1988 0.348409360982062
1989 0.349001441990874
1990 0.349603559455311
1991 0.350112720354678
1992 0.350475375245223
1993 0.350938574956345
1994 0.351389863602479
1995 0.3518934738691
1996 0.352459009633687
1997 0.353014039686674
1998 0.353616966410138
1999 0.354168684720176
2000 0.35467905074913
2001 0.35513313509292
2002 0.355597335513002
2003 0.355959024020528
2004 0.356456664944845
2005 0.35706611905887
2006 0.357586062079072
2007 0.358109848217342
2008 0.358659751584542
2009 0.359186264624681
2010 0.359671888075727
2011 0.360207986660564
2012 0.36070105096051
2013 0.360993118424043
2014 0.361378358385367
2015 0.361746984906696
2016 0.362040136004653
2017 0.362462347257181
2018 0.363015487719924
2019 0.363432558703711
2020 0.36384002194504
2021 0.364244529336118
2022 0.364559799693546
2023 0.364916456671144
2024 0.365265688963374
2025 0.365766096877176
2026 0.366100590100131
2027 0.366385540470673
2028 0.366686259764289
2029 0.366902742316013
2030 0.367231725280339
2031 0.367654040441046
2032 0.367971547771462
2033 0.36833245630404
2034 0.368607791893511
2035 0.36871137894036
2036 0.368937350281948
2037 0.369147817417424
2038 0.369442661156526
2039 0.369816719749979
2040 0.37026010862719
2041 0.370633211249158
2042 0.371052387919059
2043 0.371416104133707
2044 0.371702465530473
2045 0.372042132340966
2046 0.372427594198806
2047 0.372752715218766
2048 0.373045685706902
2049 0.373356884327499
2050 0.373667854206809
2051 0.373934767849326
2052 0.374189386272421
2053 0.374449618788322
2054 0.374725409373632
2055 0.374893675903731
2056 0.375074624420489
2057 0.375242485129755
2058 0.375427567736381
2059 0.375593919042925
2060 0.375749251928421
2061 0.375879728583626
2062 0.376068725668051
2063 0.376226935463696
2064 0.376454580791095
2065 0.376840856575082
2066 0.377125402779403
2067 0.377408322816151
2068 0.37761103203355
2069 0.377846065471267
2070 0.378038917136218
2071 0.378204247019816
2072 0.37836195601079
2073 0.378516786942985
2074 0.378559329728773
2075 0.378755408617477
2076 0.379036521727689
2077 0.3792898642528
2078 0.379655026811101
2079 0.379927192946638
2080 0.380168158805691
2081 0.380379696780661
2082 0.380512178733605
2083 0.38066870974934
2084 0.380820745378665
2085 0.380961501307327
2086 0.381081960149318
2087 0.381205834237147
2088 0.381328009867046
2089 0.381372211113178
2090 0.381545970014911
2091 0.381821070131433
2092 0.38202047668546
2093 0.382293579802701
2094 0.38245990355504
2095 0.382522032557851
2096 0.382617735952721
2097 0.382617509586444
2098 0.382743747999175
2099 0.382981151066387
2100 0.383129310095517
2101 0.383398397437173
2102 0.383634324661877
2103 0.383900758861588
2104 0.384186095687489
2105 0.384427699858857
2106 0.384706337300248
2107 0.384898042898672
2108 0.384986931618214
2109 0.385127213176151
2110 0.385191550948511
2111 0.385396521190385
2112 0.38574433933927
2113 0.385968739896397
2114 0.386232825789124
2115 0.386448642047848
2116 0.386533436547039
2117 0.386656181078589
2118 0.386817736485136
2119 0.387035765876741
2120 0.38723080355277
2121 0.387464399879484
2122 0.38761165536507
2123 0.387677000396596
2124 0.38784744423102
2125 0.388003660550143
2126 0.388212681279337
2127 0.38860855511979
2128 0.388814534877801
2129 0.388852492073297
2130 0.389021809256253
2131 0.389204752274503
2132 0.389355358032302
2133 0.389553105928
2134 0.389788743814701
2135 0.389918754450464
2136 0.390006544092421
2137 0.390003720475899
2138 0.389964879115108
2139 0.389855031272646
2140 0.389548737031482
2141 0.389429055083082
2142 0.389413889174689
2143 0.389294798083448
2144 0.389254904674492
2145 0.389049870692315
2146 0.388600204820545
2147 0.388329760888533
2148 0.388120206291567
2149 0.38784913088375
2150 0.387624117977773
2151 0.387387954228066
2152 0.387069223111747
2153 0.386775448223467
2154 0.386547292951505
2155 0.386294676335698
2156 0.385975833063337
2157 0.385576204740657
2158 0.385217263763994
2159 0.384871146171375
2160 0.384454056555359
2161 0.383993546148481
2162 0.383571181648847
2163 0.383061807634535
2164 0.382648643837239
2165 0.382341641414223
2166 0.381989003851241
2167 0.381691388857324
2168 0.381308032271424
2169 0.380869726622284
2170 0.380430767474743
2171 0.380037907191952
2172 0.379485541775025
2173 0.37881777410481
2174 0.378047647089508
2175 0.377547275965539
2176 0.377034398139702
2177 0.376568992646693
2178 0.376339950994611
2179 0.376017524890611
2180 0.375630248395343
2181 0.37521803896542
2182 0.374943480999664
2183 0.37447620795645
2184 0.373754442386352
2185 0.373175476260443
2186 0.372666428603307
2187 0.372047245967814
2188 0.371296408725992
2189 0.370724486021793
2190 0.370274336823251
2191 0.369667991649047
2192 0.369175668684997
2193 0.368545135268378
2194 0.367614196232929
2195 0.36674330237801
2196 0.366138064873259
2197 0.365443278664508
2198 0.364908838996801
2199 0.364632419410748
2200 0.364049628517813
2201 0.363348303591697
2202 0.362770282901459
2203 0.362050003236538
2204 0.36152292623206
2205 0.361174924365379
2206 0.360816445102019
2207 0.360394375054377
2208 0.360219139482856
2209 0.360188234697202
2210 0.360251066630159
2211 0.360495013832345
2212 0.360833583680706
2213 0.36119720465874
2214 0.361782197571134
2215 0.362800016391863
2216 0.363534183705756
2217 0.364266163346964
2218 0.365058246525643
2219 0.365436851267042
2220 0.365670319679111
2221 0.366086728031109
2222 0.366533026382704
2223 0.366849992716382
2224 0.36721522771926
2225 0.367448712847814
2226 0.367472042651721
2227 0.367618548392755
2228 0.367809471896207
2229 0.367954646648178
2230 0.367994851697573
2231 0.368220632692182
2232 0.368617898422136
2233 0.368802134580636
2234 0.369061083843679
2235 0.369158536062132
2236 0.368926815943064
2237 0.368922546000007
2238 0.369105805661372
2239 0.369060460611954
2240 0.368824895985426
2241 0.368770270161054
2242 0.368640613412866
2243 0.368613751079879
2244 0.36889215731403
2245 0.369063835631731
2246 0.368892302738079
2247 0.368718960232912
2248 0.368596185323697
2249 0.368723241484232
2250 0.368933747371572
2251 0.369475045882547
2252 0.369775129503381
2253 0.370088330097729
2254 0.370271386610956
2255 0.370371643593953
2256 0.370498292315994
2257 0.370479224031689
2258 0.370608860569442
2259 0.370812899011544
2260 0.371038324099907
2261 0.371285332415838
2262 0.371608078471656
2263 0.372135669629813
2264 0.372412098739514
2265 0.372599916004639
2266 0.37282076242421
2267 0.372939231810879
2268 0.372979080115153
2269 0.373014573039268
2270 0.37304370307645
2271 0.373002717010628
2272 0.372891586558994
2273 0.372585549454055
2274 0.372579273076172
2275 0.372777286679185
2276 0.372745715874218
2277 0.372809946072764
2278 0.372941561289151
2279 0.372710206568951
2280 0.372224725065064
2281 0.371909966432275
2282 0.371645439271096
2283 0.37126827804713
2284 0.370876256424892
2285 0.370783775549844
2286 0.370976433077878
2287 0.37090036096062
2288 0.37108541633248
2289 0.370760650932162
2290 0.369710777786109
2291 0.369501852861128
2292 0.369532536298465
2293 0.369419592045997
2294 0.369880685164159
2295 0.369754332496711
2296 0.368903753742006
2297 0.368727781103251
2298 0.368749211819068
2299 0.368798397087251
2300 0.369264484624012
2301 0.369467476687789
2302 0.369585017702477
2303 0.369596211815198
2304 0.369530491994911
2305 0.369350389719638
2306 0.368864700171256
2307 0.368695988396433
2308 0.368614213868584
2309 0.368554046165989
2310 0.368806862036261
2311 0.368764417220371
2312 0.368575109320184
2313 0.368349900830103
2314 0.368187272675132
2315 0.367653773349831
2316 0.366489306728934
2317 0.365901473582203
2318 0.365195586783267
2319 0.364772280834536
2320 0.365091640716154
2321 0.365267739859966
2322 0.364786484916462
2323 0.364410090262065
2324 0.363875070400321
2325 0.363566019930637
2326 0.363348137575519
2327 0.363015660402277
2328 0.363028831950625
2329 0.362857472810121
2330 0.362253421168752
2331 0.361834767562185
2332 0.361384207713542
2333 0.360648061407752
2334 0.360326307401694
2335 0.36054086188446
2336 0.360529665407218
2337 0.36032437752207
2338 0.360440188440015
2339 0.361220098046797
2340 0.360753540890476
2341 0.359665812556629
2342 0.359102527656791
2343 0.357674231756418
2344 0.357423436111971
2345 0.358401591926908
2346 0.35850396780714
2347 0.358598059277344
2348 0.358555580252645
2349 0.358329662716326
2350 0.357862247706287
2351 0.356997872448323
2352 0.356701335566515
2353 0.356365470340787
2354 0.356213482738762
2355 0.356836096222859
2356 0.356775502448323
2357 0.356222141318046
2358 0.35592586156607
2359 0.355443317116646
2360 0.3551726749256
2361 0.355077516485584
2362 0.354991835540417
2363 0.354923627415935
2364 0.355087663432402
2365 0.355586927303679
2366 0.355745646548536
2367 0.356139325795721
2368 0.35590986772435
2369 0.355187421063085
2370 0.354401366335789
2371 0.352805641406784
2372 0.352099392421187
2373 0.351679985749338
2374 0.351349254415842
2375 0.35184349380656
2376 0.351729493319895
2377 0.351292304122416
2378 0.35089187540674
2379 0.350219277983178
2380 0.349815652773771
2381 0.349683903728649
2382 0.349231171347653
2383 0.34861063358017
2384 0.348174076954777
2385 0.347494527568285
2386 0.346961508947571
2387 0.346823759463862
2388 0.346421792164787
2389 0.345838925574597
2390 0.345515268106257
2391 0.344922068293893
2392 0.345070244888703
2393 0.345957384755523
2394 0.346263282273244
2395 0.347060998468538
2396 0.347153033244341
2397 0.346465961386765
2398 0.34605669302839
2399 0.345260466973782
2400 0.345012313004486
2401 0.345065468165773
2402 0.344860999385998
2403 0.345013879486192
2404 0.34491652120814
2405 0.344684903046439
2406 0.344223528707274
2407 0.343510442288905
2408 0.342824929481424
2409 0.341626609107654
2410 0.340727339468508
2411 0.339995386525056
2412 0.339714822880541
2413 0.340284830442762
2414 0.339659912113232
2415 0.338502186924265
2416 0.337891051793627
2417 0.336541505474851
2418 0.335671559303813
2419 0.335717495341841
2420 0.335188029941369
2421 0.333950770896134
2422 0.333760586415507
2423 0.334211123099611
2424 0.334727634833082
2425 0.335971177286195
2426 0.336388941786388
2427 0.336804114777817
2428 0.33654358809029
2429 0.335250067999457
2430 0.334627519539307
2431 0.334218706629749
2432 0.333363379839544
2433 0.332625574924579
2434 0.33151730513893
2435 0.329392384525101
2436 0.328417181079545
2437 0.328156546453018
2438 0.327226735305285
2439 0.326223479832882
2440 0.325666147283832
2441 0.324937446225272
2442 0.32553923955466
2443 0.32584127749906
2444 0.325627874293865
2445 0.323984195508309
2446 0.323702983638368
2447 0.323664072879536
2448 0.321061649690434
2449 0.320598431900259
2450 0.321197629472985
2451 0.320811001328349
2452 0.32287665719536
2453 0.323871892504904
2454 0.321374823877979
2455 0.31997922784526
2456 0.318405958179989
2457 0.31682932246891
2458 0.318097699068168
2459 0.317898891720622
2460 0.31766875634685
2461 0.318798657578253
2462 0.316700958330213
2463 0.315027266755286
2464 0.314965717776404
2465 0.315469102376942
2466 0.31860496197335
2467 0.319258846997132
2468 0.319390091278919
2469 0.318578404112963
2470 0.314797895737798
2471 0.313733818730712
2472 0.313355829350475
2473 0.312932447712872
2474 0.314574232913272
2475 0.31489020875424
2476 0.314393696779993
2477 0.313550558446172
2478 0.311703787013422
2479 0.310627654947185
2480 0.309603639467115
2481 0.308999049109188
2482 0.309121946597391
2483 0.308560496380685
2484 0.308148984373444
2485 0.306911512022325
2486 0.304806175122006
2487 0.30354773133424
2488 0.302202536111999
2489 0.30089635837135
2490 0.299207022184963
2491 0.301002780587636
2492 0.302403273580848
2493 0.30351071781883
2494 0.306049126653025
2495 0.305715538315477
2496 0.304372753814164
2497 0.303702431269796
2498 0.301680013923664
2499 0.3014065932672
2500 0.299965588322083
