"Wavelength" "M013a_m2-w2"
350 0.0874226572333421
351 0.0846264499391644
352 0.0861536275020236
353 0.0889368410375917
354 0.0876081569023465
355 0.08173342475661
356 0.0843383170766461
357 0.0912257930488227
358 0.0857939868039347
359 0.0852760681346985
360 0.0852580860750713
361 0.0826821924090262
362 0.0824146219697269
363 0.0836418377021527
364 0.0835742832236146
365 0.0809489479461817
366 0.0826133744335864
367 0.0805985497961178
368 0.0770118513806075
369 0.0789990828658264
370 0.082681445802262
371 0.0809404512892787
372 0.075371638134847
373 0.0780078992669853
374 0.0789044606092571
375 0.0782919840713601
376 0.0778622343219992
377 0.0768104093913615
378 0.0772325917146987
379 0.0775089109394698
380 0.0754507076927296
381 0.0749212603220617
382 0.0761930472799539
383 0.0784021556977038
384 0.0797655664027136
385 0.0746098299201997
386 0.0724153378152869
387 0.0770072821687452
388 0.0750580905406605
389 0.0744157199582051
390 0.0747510194070237
391 0.0738720881833198
392 0.0738713765394591
393 0.0727461464174799
394 0.0714528080488073
395 0.0730293858157716
396 0.0745018415450599
397 0.0737110750841674
398 0.071384773849116
399 0.0733276324885176
400 0.0739563522699573
401 0.0735772317246463
402 0.0737848396669764
403 0.0734418835752229
404 0.0731678449864356
405 0.0729884096317254
406 0.0725350804724495
407 0.0733090430424536
408 0.0733317492827331
409 0.0722578942369498
410 0.0738332758724788
411 0.0734177555181992
412 0.0725104145567689
413 0.0734353299738377
414 0.0729576760883957
415 0.0732194981277638
416 0.074262635356558
417 0.074344559055092
418 0.0742498185008347
419 0.0739891121042673
420 0.0738060063331227
421 0.0748011556514562
422 0.0751281328730962
423 0.0751007795828939
424 0.0755238803793434
425 0.0753027305862436
426 0.0751163609013641
427 0.0752838644711391
428 0.0756543853337439
429 0.0757254721293232
430 0.0759139889880381
431 0.0765007822838374
432 0.0770213370774837
433 0.0772207500798636
434 0.0772235806139803
435 0.0773145035005095
436 0.0773727708953119
437 0.0777921126687066
438 0.0784146469985463
439 0.0783890586536854
440 0.0783705420420785
441 0.0785490149231226
442 0.078875340944781
443 0.0788796640589883
444 0.07917660431153
445 0.0796735527763148
446 0.0798953584161639
447 0.0802526857303138
448 0.0805427752190935
449 0.0805920719411148
450 0.0803550754135115
451 0.08060261166854
452 0.0809193975654662
453 0.0808145380297866
454 0.0812970447449468
455 0.0816495702025011
456 0.0816796391220955
457 0.0817054396742666
458 0.0819534049141081
459 0.0820936614697355
460 0.0820144682838635
461 0.0823688905399307
462 0.0827131973663848
463 0.0827830905638997
464 0.0825006794658373
465 0.0824359005902202
466 0.0825840910102335
467 0.0828054758306745
468 0.0828668650447124
469 0.0829967693799485
470 0.0831934374135078
471 0.0834398762553897
472 0.0839404082975588
473 0.0839452355844185
474 0.0837617996182129
475 0.0842663996885215
476 0.0841605616649014
477 0.0841220449460942
478 0.0845137581771863
479 0.0845782702045143
480 0.0846264223704258
481 0.0849023109862745
482 0.0854758032011848
483 0.0855419003325825
484 0.0856728440959691
485 0.0860158416873054
486 0.0861767878990075
487 0.0862981074007431
488 0.0864995069418346
489 0.0868074537136968
490 0.0869774113168275
491 0.0871353491272821
492 0.0872886487168381
493 0.0874005905475027
494 0.0877866722264426
495 0.0880754525748731
496 0.0881696011717458
497 0.0886469841311954
498 0.0889810785403224
499 0.0892312915389486
500 0.0895761813265035
501 0.0896775496492819
502 0.0898455834863145
503 0.0901738993680436
504 0.0904873057550231
505 0.09077857268764
506 0.0910312893765533
507 0.0912476411180206
508 0.091473248152885
509 0.0916770009876377
510 0.0918896955638141
511 0.0921792459334603
512 0.0925727580611211
513 0.0929177836211646
514 0.0931364879123447
515 0.0933231325346681
516 0.0936214209222621
517 0.0939817106359601
518 0.0942888966328183
519 0.0945526865763685
520 0.094893517699463
521 0.0952665816789566
522 0.0954212918912891
523 0.0956224720284101
524 0.095936606721538
525 0.0963284567951031
526 0.0965989468884247
527 0.0968953372684149
528 0.0972287278848763
529 0.0975062889558409
530 0.0977803208734356
531 0.0981098934401858
532 0.0985102213851179
533 0.0989095176281919
534 0.099225311803049
535 0.0994851434616473
536 0.0997733775393356
537 0.100139471927523
538 0.100510010376088
539 0.100847325956201
540 0.101188871804705
541 0.10147980242434
542 0.101750451078787
543 0.102051195217114
544 0.10238282772932
545 0.102773861435892
546 0.103185561074616
547 0.103517580436467
548 0.103897215984521
549 0.104327476830986
550 0.104784990319821
551 0.10526038571748
552 0.105756272398834
553 0.1062044790078
554 0.1065193585792
555 0.106980543670764
556 0.107420512500912
557 0.10774645382619
558 0.108164433515509
559 0.108536331633938
560 0.108879029954705
561 0.109251764328412
562 0.109564075465845
563 0.109900962271291
564 0.110246344417851
565 0.110426990760367
566 0.110626861247139
567 0.110848836037956
568 0.11107913339965
569 0.11145622681017
570 0.111903659888805
571 0.112388559591357
572 0.112919142708818
573 0.113338207129965
574 0.11374283134128
575 0.11421901090041
576 0.114681236854155
577 0.114968497886906
578 0.115161208926913
579 0.115468390383487
580 0.115768105569328
581 0.115963962248268
582 0.116062201478284
583 0.116246790905183
584 0.116498003507413
585 0.116785001834828
586 0.11707651729819
587 0.117413730062764
588 0.117749067743808
589 0.118062094759921
590 0.118370626155919
591 0.11872885853889
592 0.119100498432424
593 0.119443748638715
594 0.119800373689802
595 0.120159206594995
596 0.120469033354692
597 0.12066173509688
598 0.120954302637257
599 0.121296513073227
600 0.121603446459471
601 0.121832998948193
602 0.122040657113135
603 0.122247041068293
604 0.122458096758283
605 0.122701889485707
606 0.122992088459262
607 0.123294028336209
608 0.123484496959055
609 0.123775800691116
610 0.12409872688743
611 0.124324773770645
612 0.124560193829474
613 0.124840962021038
614 0.125161236291126
615 0.125474181268807
616 0.125741663935842
617 0.126009100008993
618 0.12631916147178
619 0.126628725892925
620 0.126934384669495
621 0.127229322154739
622 0.127504300746059
623 0.127724759347883
624 0.127998158409995
625 0.128367154446343
626 0.128679167655725
627 0.128938507037277
628 0.129193662456775
629 0.129506073066435
630 0.129817019673302
631 0.130131544625241
632 0.130454248957074
633 0.130781572889321
634 0.131061325280072
635 0.131330778359239
636 0.131640451093795
637 0.131953886687019
638 0.13225730717219
639 0.132575108869979
640 0.132962332877596
641 0.13327509355566
642 0.133546263717097
643 0.133840787714656
644 0.134207230220329
645 0.134508119000569
646 0.134785090759185
647 0.135173932646246
648 0.135539980833349
649 0.135864058853776
650 0.136164723818105
651 0.136503046764323
652 0.136823578903962
653 0.137152189738517
654 0.137528494104787
655 0.137885826188877
656 0.138224784739278
657 0.13855963995227
658 0.138914436484372
659 0.139218209370485
660 0.139540111614673
661 0.139940209496746
662 0.140314972560944
663 0.140694447050868
664 0.141079205711763
665 0.141446937006475
666 0.141814181594044
667 0.142170055997374
668 0.14251096768274
669 0.14285416298574
670 0.143235391799984
671 0.143626699910229
672 0.143985868700202
673 0.144397839257795
674 0.14480133012807
675 0.145177557972306
676 0.145584981222216
677 0.145961212025068
678 0.146316252926662
679 0.146682126573978
680 0.147085849476414
681 0.147544844671855
682 0.147998367333144
683 0.148335112941287
684 0.148719315957073
685 0.149115954199281
686 0.149488501856289
687 0.149885013868206
688 0.150294662775425
689 0.150730385457464
690 0.151200345687481
691 0.151610161383402
692 0.152004688108176
693 0.152410669932489
694 0.152810868759898
695 0.153206007345526
696 0.153620908867141
697 0.15406814090872
698 0.154485246165908
699 0.15491769724911
700 0.15536226420655
701 0.1557774142601
702 0.156218730049367
703 0.156690499066438
704 0.157171304729564
705 0.157601066500714
706 0.15803626582531
707 0.158495226007885
708 0.158972292191364
709 0.159427917408879
710 0.159858866257592
711 0.160285421891573
712 0.160751698122571
713 0.161268964490568
714 0.161770907678308
715 0.162213472140691
716 0.162713962061989
717 0.163162531676072
718 0.163597511431745
719 0.164141695634066
720 0.164588643562407
721 0.165034937101287
722 0.165554189612931
723 0.166095672801679
724 0.166590016947828
725 0.167064811170716
726 0.167569682149459
727 0.168043472719899
728 0.168520037243295
729 0.169017837824468
730 0.169532206074804
731 0.170024885166775
732 0.170501746059209
733 0.170980098179671
734 0.171475721750111
735 0.172019481545074
736 0.172536044174869
737 0.172929965961826
738 0.173401037921255
739 0.173880032139224
740 0.174334321028063
741 0.174819026340545
742 0.175345079761691
743 0.175882803520597
744 0.176401380255534
745 0.176919190150512
746 0.177390509147361
747 0.177870028667373
748 0.178459376991439
749 0.178992646642107
750 0.179490593847421
751 0.179982371747972
752 0.180466081485776
753 0.180953187759756
754 0.181451002332768
755 0.181959082998922
756 0.182454955246508
757 0.182950650323669
758 0.18345650673045
759 0.183983589811503
760 0.184597429004912
761 0.185161995518048
762 0.185617002151117
763 0.186125342346247
764 0.186623465891665
765 0.187130135297713
766 0.18767662596718
767 0.188233770481654
768 0.188741064807025
769 0.189205144790794
770 0.189694906495697
771 0.190200931004765
772 0.190788775250128
773 0.191433749275187
774 0.191881977598012
775 0.192322697113804
776 0.192835606368097
777 0.193432882099766
778 0.193988612907321
779 0.194525156549238
780 0.195062028082961
781 0.195607093144233
782 0.196114407988744
783 0.196649522842582
784 0.19722838509763
785 0.197708865823833
786 0.198210555367954
787 0.198756976212134
788 0.199323036360911
789 0.199833592655089
790 0.200350645171557
791 0.200880186883872
792 0.201379745305382
793 0.201948875572311
794 0.202497969708958
795 0.202986799005903
796 0.20353539497152
797 0.204083716041457
798 0.204638246612991
799 0.205220702318876
800 0.205833571276946
801 0.206415707137438
802 0.206924783586674
803 0.207359944958474
804 0.207942880681433
805 0.208566134001527
806 0.20913251700655
807 0.209639930028493
808 0.210221602016439
809 0.210825202297458
810 0.211368036800879
811 0.211870723102131
812 0.212363356332278
813 0.212852009632891
814 0.213339751009498
815 0.213927562028975
816 0.214488046173096
817 0.215017080935189
818 0.215673664657301
819 0.216264448215682
820 0.216722741743605
821 0.217112180833075
822 0.217743505498363
823 0.21835878699089
824 0.218869045289514
825 0.219298831227625
826 0.219877720076246
827 0.220502038012521
828 0.221080520997721
829 0.221564925483895
830 0.222100930542445
831 0.222602577061
832 0.223085131729154
833 0.223769381086892
834 0.224336901358314
835 0.224835315796664
836 0.225363986621599
837 0.225853213629268
838 0.226375849750729
839 0.226957260216113
840 0.22757714744945
841 0.22810801378551
842 0.228688403077806
843 0.229297519023226
844 0.229775891360404
845 0.23029990387795
846 0.23082011545336
847 0.231327961687898
848 0.231939062946374
849 0.232514686708285
850 0.233036764484351
851 0.233541122414386
852 0.234114768192227
853 0.234699646496908
854 0.235265190069963
855 0.235802277409201
856 0.23633823357998
857 0.23692482313327
858 0.237503588627215
859 0.237948237757432
860 0.238407137643598
861 0.238948408417267
862 0.23955758846018
863 0.240126218571034
864 0.240645996323345
865 0.241217306233391
866 0.241873710560112
867 0.242420601969443
868 0.243021567233637
869 0.243596968639216
870 0.244051824170465
871 0.244578803696784
872 0.245144182505975
873 0.24569210334402
874 0.246188389423778
875 0.246824358060759
876 0.247438853971775
877 0.247950012786
878 0.248393776401744
879 0.248875864536329
880 0.249398003646103
881 0.249957073070118
882 0.250569845701794
883 0.251160240384008
884 0.251768337753332
885 0.252405811229256
886 0.252946241291413
887 0.253549133644688
888 0.254108736877949
889 0.254529366696093
890 0.255080321562978
891 0.255636628221865
892 0.256221500114837
893 0.256878065552972
894 0.257347523976659
895 0.257840996602168
896 0.258400988935037
897 0.258936884468668
898 0.259552597063382
899 0.260115975611474
900 0.260618197337022
901 0.261193531406026
902 0.261696264311089
903 0.262301143802503
904 0.263017650953437
905 0.263546151901313
906 0.264001914741104
907 0.264524674798559
908 0.265153477782849
909 0.265702957293743
910 0.266252194864306
911 0.266836776355514
912 0.267440201704492
913 0.267923133574188
914 0.268439579703123
915 0.268999402658312
916 0.269562141082854
917 0.270122756815084
918 0.270676820191378
919 0.271289727225788
920 0.272018546408045
921 0.272730468390268
922 0.273312852622808
923 0.273793663361888
924 0.274282903725726
925 0.274743160874173
926 0.275325821214236
927 0.275963032768324
928 0.276436067960834
929 0.27689734421422
930 0.277417584603795
931 0.278002944602865
932 0.278595383537064
933 0.279121108243721
934 0.279651341973029
935 0.28026630120221
936 0.281000995505684
937 0.281500807511472
938 0.282033810157195
939 0.282669879213992
940 0.283078632454568
941 0.283729902030112
942 0.284451095499207
943 0.285052959422451
944 0.285546140127718
945 0.28616084381475
946 0.286709526175105
947 0.287137615208187
948 0.287791779318219
949 0.288285735922003
950 0.288734882684467
951 0.289275887016382
952 0.289830922324254
953 0.29045289464833
954 0.291048991299035
955 0.291580000184956
956 0.292201252207017
957 0.292690624707766
958 0.293191082999702
959 0.293818546140886
960 0.294396190460658
961 0.29490762703908
962 0.295401751507884
963 0.295940184125739
964 0.296555017948491
965 0.297132399953632
966 0.297664925136803
967 0.298202113928045
968 0.298843840798808
969 0.299399586664399
970 0.299867541121016
971 0.300339908469201
972 0.300969745152456
973 0.301657931144924
974 0.302359418191995
975 0.302987319037601
976 0.303345653559419
977 0.303813962201503
978 0.304364182769141
979 0.30489857637172
980 0.305427037951407
981 0.305931251310243
982 0.306418618037528
983 0.306933470724621
984 0.307565824370169
985 0.308402323012181
986 0.309031131298022
987 0.309323700403511
988 0.30978600022677
989 0.310413030104248
990 0.311098518040398
991 0.311688357316536
992 0.312050752743377
993 0.312484864050636
994 0.312883198309685
995 0.313317594324852
996 0.31408907028453
997 0.314592046086853
998 0.315094712543943
999 0.315693795074676
1000 0.316205422419758
1001 0.311915084899908
1002 0.312436757807919
1003 0.313101691736874
1004 0.313668823341879
1005 0.314193731779786
1006 0.314679742675691
1007 0.315126915578231
1008 0.315564667654515
1009 0.316042442714307
1010 0.316518080783283
1011 0.316983135469719
1012 0.31748757534722
1013 0.317972213018358
1014 0.31848560043469
1015 0.319036463389668
1016 0.319560715707674
1017 0.320090596512801
1018 0.320618904094638
1019 0.321111323325263
1020 0.321614020021936
1021 0.32207056636965
1022 0.322451317921887
1023 0.322869666979183
1024 0.323426845045161
1025 0.324057467539989
1026 0.324636427771005
1027 0.325156506524998
1028 0.325574219009221
1029 0.325938573472319
1030 0.326375810026406
1031 0.326946197752572
1032 0.327493416066663
1033 0.328064317690532
1034 0.328620248733034
1035 0.329186405646914
1036 0.329773160589913
1037 0.330311241751709
1038 0.330871994544377
1039 0.331397722715866
1040 0.331848311878004
1041 0.332332689146074
1042 0.332895543958782
1043 0.333529002190969
1044 0.334173272198299
1045 0.334739993632939
1046 0.3352769908547
1047 0.335790830129993
1048 0.336261413978651
1049 0.336661349745294
1050 0.337116855810066
1051 0.337614020618797
1052 0.338073146567756
1053 0.338597656516107
1054 0.339091868409797
1055 0.339551191189214
1056 0.340093366681123
1057 0.340574384831614
1058 0.34106906938326
1059 0.341590999321081
1060 0.342006370411166
1061 0.342416065443475
1062 0.342870454338307
1063 0.343342782190281
1064 0.34382408053569
1065 0.344276847882474
1066 0.344703520562707
1067 0.345092113377293
1068 0.345413267380526
1069 0.34579620466533
1070 0.346229714390474
1071 0.346608159681838
1072 0.346980619457399
1073 0.34733663260312
1074 0.347676180365468
1075 0.347991814560085
1076 0.348311548444513
1077 0.34862256055947
1078 0.348964531169492
1079 0.349278888033978
1080 0.349616025340697
1081 0.35000332038471
1082 0.35034136892123
1083 0.350627906981964
1084 0.350979735527905
1085 0.351328783963114
1086 0.35162313588488
1087 0.351946360805068
1088 0.352215063238381
1089 0.352449149028175
1090 0.352714315825386
1091 0.353010591648752
1092 0.353360633674974
1093 0.353676057360083
1094 0.35397862604731
1095 0.354322908124754
1096 0.354685819269479
1097 0.355053683410987
1098 0.35543507261286
1099 0.355752692680979
1100 0.356046265471695
1101 0.356336547995805
1102 0.356654415570429
1103 0.357029649247743
1104 0.357374618626335
1105 0.357681453390735
1106 0.358002012134659
1107 0.358306938215542
1108 0.358627184968288
1109 0.35893504004179
1110 0.359301066951472
1111 0.359706676010081
1112 0.360094814101377
1113 0.360479865993844
1114 0.360842507579343
1115 0.361210420483568
1116 0.361602362315994
1117 0.361974403354655
1118 0.36235905498429
1119 0.3627616457712
1120 0.363130516967109
1121 0.36353529036313
1122 0.364021180542605
1123 0.364440108759631
1124 0.364794893563436
1125 0.365209916392128
1126 0.365630258978954
1127 0.366063117805719
1128 0.366537371855893
1129 0.367046463757536
1130 0.367547221131556
1131 0.367988803468492
1132 0.368396818018983
1133 0.368800843610157
1134 0.369161496228817
1135 0.369541585787382
1136 0.36993719220576
1137 0.370322534949814
1138 0.370755653342031
1139 0.371244058069096
1140 0.371692202501259
1141 0.372177922107649
1142 0.372612112259243
1143 0.373009120234511
1144 0.373384783652662
1145 0.373778489671485
1146 0.374178978956255
1147 0.374576867090898
1148 0.374957423262032
1149 0.375305288083353
1150 0.375676868875493
1151 0.376122608674078
1152 0.376569276578808
1153 0.376974427968642
1154 0.377400666179176
1155 0.377781779367047
1156 0.378092127673869
1157 0.378426900716782
1158 0.378757394944522
1159 0.379102210273966
1160 0.379430817236266
1161 0.379796000379297
1162 0.38017603559958
1163 0.380561687846876
1164 0.380969214599309
1165 0.38136301384033
1166 0.381764276005884
1167 0.382161149722923
1168 0.382498975614424
1169 0.382861733965937
1170 0.383233613211109
1171 0.383601656410571
1172 0.383970637790101
1173 0.38436624555822
1174 0.384733592774331
1175 0.385098808942756
1176 0.385446408482678
1177 0.385760601712421
1178 0.386091774566614
1179 0.386413636081242
1180 0.386744065304043
1181 0.387090150699468
1182 0.387415865103393
1183 0.387681836479051
1184 0.387905346297536
1185 0.388140004000238
1186 0.388405335569365
1187 0.388678126927565
1188 0.388997526386599
1189 0.389287346892332
1190 0.389566003264425
1191 0.389843914237602
1192 0.390114146936248
1193 0.390393030825707
1194 0.390676049529565
1195 0.390951667664998
1196 0.391221875279065
1197 0.391510399475492
1198 0.391813206188067
1199 0.392103129919614
1200 0.392366057938452
1201 0.392624662142525
1202 0.392864971054361
1203 0.39311327003679
1204 0.393384461784189
1205 0.393718898464356
1206 0.39397505932747
1207 0.394188056677564
1208 0.394429002179707
1209 0.394636330917838
1210 0.394878477489692
1211 0.395171791375249
1212 0.395433704286209
1213 0.395661087244399
1214 0.39593231296729
1215 0.396225146964697
1216 0.396510754396189
1217 0.396807452298589
1218 0.397137973752358
1219 0.397456302638053
1220 0.39771934512223
1221 0.397989353470481
1222 0.398250322779636
1223 0.398524397841996
1224 0.398793357998094
1225 0.399054651699421
1226 0.399320561258839
1227 0.39958208547056
1228 0.399826209917937
1229 0.40007994106078
1230 0.400342783652557
1231 0.400607376211959
1232 0.40085936798992
1233 0.401128053726796
1234 0.401415994019544
1235 0.401703096009533
1236 0.401997686365632
1237 0.402291196891375
1238 0.402584936781254
1239 0.402882897332046
1240 0.403171397970337
1241 0.403464094037379
1242 0.4037347590343
1243 0.403990734874422
1244 0.404245006848206
1245 0.404467276022444
1246 0.404730112388999
1247 0.40501710239027
1248 0.405291156025987
1249 0.405577799611638
1250 0.405859892145012
1251 0.406117340990981
1252 0.406406071491274
1253 0.406716153023632
1254 0.407033450833336
1255 0.407391726717457
1256 0.407711642210128
1257 0.408017325726936
1258 0.408335842702572
1259 0.408604089298272
1260 0.408808391284005
1261 0.409099387126483
1262 0.409392830249553
1263 0.409713220810357
1264 0.410100503338499
1265 0.410449928489264
1266 0.410796480894605
1267 0.411127991559441
1268 0.411461824895955
1269 0.411776528973928
1270 0.412074979615693
1271 0.412355689576011
1272 0.412628235145577
1273 0.412878622058857
1274 0.413083122304048
1275 0.413306391162542
1276 0.413529198718604
1277 0.4137431810431
1278 0.413942324719681
1279 0.414176529348971
1280 0.414375764069752
1281 0.414560946147552
1282 0.414734374444172
1283 0.414881631693416
1284 0.415060649203008
1285 0.415242679869435
1286 0.41542259502838
1287 0.415623307888435
1288 0.415809321511493
1289 0.416008427746903
1290 0.416151600043225
1291 0.416267380851949
1292 0.416380261868973
1293 0.416451391246849
1294 0.416518645677591
1295 0.416599579924196
1296 0.416652170206715
1297 0.416655085635511
1298 0.416677155415609
1299 0.416690273171304
1300 0.416709786370012
1301 0.416757389651127
1302 0.416822532811678
1303 0.416887942572831
1304 0.416984433224284
1305 0.417043848710386
1306 0.417097852284128
1307 0.417131391522765
1308 0.417141395355933
1309 0.417155860614076
1310 0.417151586072499
1311 0.417162217346987
1312 0.417172904450866
1313 0.417192143174992
1314 0.417220558193891
1315 0.41724809748553
1316 0.417265538087124
1317 0.417310521033472
1318 0.417374630101754
1319 0.417435527546801
1320 0.417500858698839
1321 0.417587825286167
1322 0.417688210576257
1323 0.417779487692562
1324 0.417901713726985
1325 0.418055317414473
1326 0.418200394647679
1327 0.418340599714622
1328 0.418515606426799
1329 0.418703511636254
1330 0.418915147578463
1331 0.419157245757087
1332 0.41940021674703
1333 0.419654425485722
1334 0.419922694748096
1335 0.420237072687395
1336 0.420490769083818
1337 0.420747341676263
1338 0.420962146706794
1339 0.42108460050401
1340 0.42127433422533
1341 0.421467717482607
1342 0.421684551741
1343 0.421965663386673
1344 0.422208248624734
1345 0.422452937393359
1346 0.422676589880736
1347 0.42287845630674
1348 0.423075497134018
1349 0.42323561775204
1350 0.423365977236282
1351 0.423511764961562
1352 0.423625950582458
1353 0.423775460465507
1354 0.423965214611516
1355 0.424103908330732
1356 0.424188785483576
1357 0.424366709956475
1358 0.424559308104026
1359 0.424773702769444
1360 0.425061226173102
1361 0.425333234550853
1362 0.425605944754549
1363 0.425867668051063
1364 0.426176696117561
1365 0.426420911396537
1366 0.426605751264548
1367 0.426802451113588
1368 0.426977357980281
1369 0.427146966681484
1370 0.427315852726729
1371 0.427474519131823
1372 0.427623608418989
1373 0.427769159908862
1374 0.427886253323851
1375 0.427966911906032
1376 0.428015951222583
1377 0.428032125815458
1378 0.42800312338968
1379 0.427931641128515
1380 0.427854146320007
1381 0.427736642832007
1382 0.427604248805492
1383 0.427471665126447
1384 0.427298673637296
1385 0.427102785697197
1386 0.426853652538396
1387 0.426584111020118
1388 0.426251590464108
1389 0.425870891934642
1390 0.425432738807467
1391 0.424902074969215
1392 0.424402721674208
1393 0.423855220472283
1394 0.423324804758953
1395 0.422821254109466
1396 0.422298446450304
1397 0.421792941135825
1398 0.421224247317688
1399 0.420646482953367
1400 0.420012850217684
1401 0.419295137768893
1402 0.418577173639917
1403 0.41783825463563
1404 0.417079301297512
1405 0.416336620423516
1406 0.415571868795141
1407 0.414873582813208
1408 0.414172851730611
1409 0.413567749672445
1410 0.413015809909916
1411 0.412530430766348
1412 0.412070054282313
1413 0.411765175976978
1414 0.411515869993722
1415 0.411441845880857
1416 0.411517398085813
1417 0.411698433955983
1418 0.412037434799107
1419 0.412424968110643
1420 0.412983846843589
1421 0.413473551709167
1422 0.414018039892471
1423 0.414522004672485
1424 0.415021178759588
1425 0.415477723012113
1426 0.415923796377837
1427 0.416331044709276
1428 0.416650863293111
1429 0.41701288961777
1430 0.417350970398426
1431 0.41772831575993
1432 0.418144764251926
1433 0.418578705073312
1434 0.418985802452184
1435 0.419413190384331
1436 0.419824569937975
1437 0.420219904786156
1438 0.420616485315106
1439 0.421025722368244
1440 0.421406066220208
1441 0.421775467992011
1442 0.422118127657873
1443 0.422435681079884
1444 0.422755324498655
1445 0.423052944446957
1446 0.423356444274357
1447 0.423677371078064
1448 0.423958582181535
1449 0.42421325789238
1450 0.42446632105359
1451 0.424688235291895
1452 0.424932735550708
1453 0.425179990160709
1454 0.425434905776324
1455 0.425720218302533
1456 0.425963353482067
1457 0.42619570334241
1458 0.426416593845069
1459 0.426577437767533
1460 0.426790403907242
1461 0.427020940222184
1462 0.427263570252833
1463 0.427542857057848
1464 0.427816819078464
1465 0.428112609992995
1466 0.428381092844347
1467 0.428627437481152
1468 0.428887270768056
1469 0.429147394832503
1470 0.429386539779776
1471 0.429637771034314
1472 0.429913671753639
1473 0.430153185673197
1474 0.430416386917827
1475 0.430693668822324
1476 0.43097883277251
1477 0.431289272253688
1478 0.431628755502751
1479 0.431957245451042
1480 0.432302797541819
1481 0.432633709688598
1482 0.432967543808091
1483 0.433277312458033
1484 0.433567636262581
1485 0.433875978289245
1486 0.434185471325047
1487 0.43447074651644
1488 0.434761567547928
1489 0.435036414289569
1490 0.435272916890355
1491 0.435526501468574
1492 0.435778793422021
1493 0.436046374460661
1494 0.436318735976057
1495 0.436593638702957
1496 0.436869344818071
1497 0.43717671858349
1498 0.437510384232063
1499 0.437823958038704
1500 0.43816766736754
1501 0.438479876105515
1502 0.438767352059091
1503 0.439039836707051
1504 0.43930079452803
1505 0.439553250476127
1506 0.439777173166642
1507 0.440001018199601
1508 0.440218220008083
1509 0.440438457132564
1510 0.440645041298069
1511 0.440866749465237
1512 0.441091871421698
1513 0.441330951169031
1514 0.441587352674473
1515 0.441843121166351
1516 0.442125573030543
1517 0.442382864154988
1518 0.442633453685784
1519 0.442863697970462
1520 0.443074499141052
1521 0.443298316650753
1522 0.443540488589187
1523 0.443795087178422
1524 0.444044581459242
1525 0.444317601798688
1526 0.444556685667941
1527 0.444790145096272
1528 0.444986832802355
1529 0.445149861369694
1530 0.445327418897389
1531 0.445466593542007
1532 0.445657916865559
1533 0.445878130468823
1534 0.446098587615443
1535 0.446343924739508
1536 0.44657606016723
1537 0.446812447817615
1538 0.447037123044979
1539 0.447276060379161
1540 0.447462216933577
1541 0.447619450195825
1542 0.447771897470436
1543 0.447859266004063
1544 0.448015770257996
1545 0.448194516934105
1546 0.448387682370214
1547 0.448647836808965
1548 0.448835748197172
1549 0.448992404227197
1550 0.449163290748228
1551 0.44929705122828
1552 0.449457203521466
1553 0.449647440312319
1554 0.449819823342917
1555 0.449985188745038
1556 0.450149804062142
1557 0.450322087650004
1558 0.450476550871867
1559 0.450612503756781
1560 0.450756505277704
1561 0.450900441651585
1562 0.451031547123726
1563 0.451147970753593
1564 0.451285273916422
1565 0.451390171238509
1566 0.45155791833552
1567 0.45179973103803
1568 0.452002427063674
1569 0.45221904539913
1570 0.452432615033872
1571 0.452641921796073
1572 0.452825601125991
1573 0.453030397577266
1574 0.45318367615227
1575 0.453235061157658
1576 0.453359888844264
1577 0.453476683570301
1578 0.453639301922707
1579 0.453914014847547
1580 0.454112545209834
1581 0.454286375429354
1582 0.454461595696929
1583 0.454578358767032
1584 0.454730083197643
1585 0.454922616284198
1586 0.455094975771616
1587 0.4552488647415
1588 0.45542863847611
1589 0.455622429059681
1590 0.45580804318346
1591 0.456015929163956
1592 0.456212379791316
1593 0.456400015770028
1594 0.456572500079917
1595 0.456719447678238
1596 0.456889196324044
1597 0.457082557093209
1598 0.457237437689065
1599 0.45738599975273
1600 0.457530730621983
1601 0.457627975914749
1602 0.457744908006205
1603 0.457894467469031
1604 0.458011052583077
1605 0.458131110433946
1606 0.458223680965215
1607 0.458392776073603
1608 0.458596267939542
1609 0.458763976575077
1610 0.458962699185096
1611 0.45914431896586
1612 0.459292312983141
1613 0.459449819942457
1614 0.459635758223422
1615 0.459786965958049
1616 0.459908086997771
1617 0.460022307023272
1618 0.460127980341342
1619 0.460248492612706
1620 0.460333832493569
1621 0.460492620158905
1622 0.460705322130254
1623 0.460885685645461
1624 0.461079237145844
1625 0.461277838259978
1626 0.461465859597693
1627 0.461682774313193
1628 0.461949930553454
1629 0.462127785610068
1630 0.462292809350496
1631 0.462398046997258
1632 0.462431093078432
1633 0.462485293697176
1634 0.462501782352096
1635 0.462570062607488
1636 0.46263153787431
1637 0.462760960899139
1638 0.462931023092162
1639 0.463130780256396
1640 0.463385399787745
1641 0.463623424016366
1642 0.463907273039658
1643 0.464107093573711
1644 0.464288012726891
1645 0.464419311217093
1646 0.464469953553265
1647 0.464597595272398
1648 0.464727692282131
1649 0.464870919105252
1650 0.465061730859134
1651 0.465187631719469
1652 0.465271043601798
1653 0.465404738180702
1654 0.465532685731878
1655 0.465686220332646
1656 0.465839851084463
1657 0.465961037611526
1658 0.466142487017031
1659 0.466356395864633
1660 0.466587668793106
1661 0.466782094892201
1662 0.466930351625464
1663 0.467009699212072
1664 0.467084218197468
1665 0.467198831117237
1666 0.46730840216161
1667 0.467434692097798
1668 0.467539243271124
1669 0.467605553099352
1670 0.467692538514237
1671 0.467847539809265
1672 0.468042405746872
1673 0.468291140300622
1674 0.468563971893811
1675 0.468798828587153
1676 0.469012062011527
1677 0.46920728461291
1678 0.469369840375464
1679 0.469477233214322
1680 0.469601148978783
1681 0.469726005016929
1682 0.469861882736846
1683 0.470070319307367
1684 0.470233699149062
1685 0.470360808008295
1686 0.470490908342933
1687 0.470614960423419
1688 0.470778794416145
1689 0.470954455080549
1690 0.471124070973337
1691 0.471237505313598
1692 0.471288326084375
1693 0.471379996842587
1694 0.47150551550061
1695 0.471696096463693
1696 0.471902793727411
1697 0.472035756571013
1698 0.472140853233783
1699 0.472117106689335
1700 0.472178960169407
1701 0.472280686651647
1702 0.472379769802158
1703 0.472515486578986
1704 0.472664977525811
1705 0.472801913594155
1706 0.472975163994275
1707 0.473220452345437
1708 0.473399181122295
1709 0.473574740987222
1710 0.473716448087757
1711 0.473803639706527
1712 0.473895805089469
1713 0.473980501493599
1714 0.474053056616141
1715 0.474143180190375
1716 0.474159367655766
1717 0.474097513731026
1718 0.474080338425922
1719 0.473997146420587
1720 0.473999449506726
1721 0.474106545847112
1722 0.47415336943295
1723 0.474152960082317
1724 0.474241310325897
1725 0.474363933616319
1726 0.474487835158072
1727 0.474740490827768
1728 0.474860132337579
1729 0.474884850159113
1730 0.474918467844717
1731 0.474877534798436
1732 0.474915486012829
1733 0.474974361060424
1734 0.475039199601347
1735 0.475174801743955
1736 0.475224959194082
1737 0.475235188125498
1738 0.475272429230365
1739 0.475277555384356
1740 0.475329151554801
1741 0.47535884367823
1742 0.475401875175629
1743 0.475433719709862
1744 0.475449992407781
1745 0.475528992313371
1746 0.475697814971905
1747 0.475882535849896
1748 0.476105322157375
1749 0.476344613704036
1750 0.476446527881641
1751 0.476507691615611
1752 0.476563579055556
1753 0.476519335930589
1754 0.476484106252448
1755 0.476472400026892
1756 0.476448804099854
1757 0.476491907316184
1758 0.476580697431663
1759 0.476695826350297
1760 0.476875136613176
1761 0.477070244286268
1762 0.477249180901046
1763 0.477373029687015
1764 0.477390957760792
1765 0.477356213115483
1766 0.477332162369965
1767 0.477353996294923
1768 0.477394333405739
1769 0.477417983589489
1770 0.477453569104773
1771 0.477430566232238
1772 0.477400303681934
1773 0.477377995819925
1774 0.477301166738156
1775 0.477312215629394
1776 0.477370256397507
1777 0.477414050155165
1778 0.477486815369646
1779 0.477582179016357
1780 0.477693840824636
1781 0.477795039304537
1782 0.477904240014614
1783 0.477970170238079
1784 0.478025650266254
1785 0.478088606500904
1786 0.478179079128795
1787 0.47821391002588
1788 0.478266867520575
1789 0.478414724322479
1790 0.47856597286772
1791 0.478735994089131
1792 0.478887732529183
1793 0.479019512284135
1794 0.479093573239659
1795 0.479107381660637
1796 0.479230190797902
1797 0.479333350852769
1798 0.479402686665468
1799 0.479597021012296
1800 0.479754353022263
1801 0.478558285173971
1802 0.478610939306966
1803 0.478788037617127
1804 0.478861739677137
1805 0.47888692480967
1806 0.478827634393296
1807 0.478856707330302
1808 0.478793503588865
1809 0.47888219322746
1810 0.479125681853938
1811 0.479308147064545
1812 0.479375283994271
1813 0.47962224141983
1814 0.479793072740676
1815 0.479834916956254
1816 0.479890553896896
1817 0.479923387548438
1818 0.479983688831738
1819 0.480025984160843
1820 0.480041004347998
1821 0.480095049779482
1822 0.480186231993621
1823 0.480190010523866
1824 0.480247524826857
1825 0.480312724871751
1826 0.480437699108276
1827 0.480478359873097
1828 0.480418164124482
1829 0.480470771842963
1830 0.480586677554656
1831 0.48069962802089
1832 0.480642366136322
1833 0.480682110367654
1834 0.480655343775529
1835 0.480453504053138
1836 0.480324306819468
1837 0.480263559280374
1838 0.480187688244358
1839 0.480035435637225
1840 0.479961246802043
1841 0.480000068449314
1842 0.48003443089988
1843 0.480166057506103
1844 0.480320462726211
1845 0.480462746790906
1846 0.480589507504083
1847 0.480638519918994
1848 0.48060494196244
1849 0.480532467827259
1850 0.480505416457599
1851 0.480471421110787
1852 0.480453562046364
1853 0.480493327555633
1854 0.480436045076346
1855 0.480308202793894
1856 0.480146204866997
1857 0.480016962341078
1858 0.479861280619943
1859 0.479713722571008
1860 0.479509187695349
1861 0.479383565898213
1862 0.479098006328421
1863 0.478674318568224
1864 0.478297561435651
1865 0.477667673103844
1866 0.476990417283635
1867 0.476394720965308
1868 0.475810693329842
1869 0.475176508797761
1870 0.474627237790286
1871 0.474030067768345
1872 0.473342813828192
1873 0.47263305930681
1874 0.471904353692103
1875 0.471119947441189
1876 0.470235202756335
1877 0.469273687900928
1878 0.468212497353696
1879 0.467057872781848
1880 0.465770987522532
1881 0.464371082577205
1882 0.4628878501536
1883 0.461241137623479
1884 0.459507804547045
1885 0.457731903964032
1886 0.455765925596948
1887 0.453651680422322
1888 0.451415154897238
1889 0.449025180467177
1890 0.446508567013565
1891 0.443970592711952
1892 0.441330520167347
1893 0.438614219870352
1894 0.435694112174812
1895 0.432639522999992
1896 0.429611625633969
1897 0.426444372527921
1898 0.423259882249373
1899 0.420242293446907
1900 0.417206858763567
1901 0.414297786379428
1902 0.411455991389272
1903 0.40895393696122
1904 0.406467852269436
1905 0.404289334509987
1906 0.402452903723789
1907 0.400727481214764
1908 0.399153142828669
1909 0.397854518467376
1910 0.396761600373499
1911 0.3958226357998
1912 0.395142423431694
1913 0.39478906820695
1914 0.394528866088795
1915 0.394317479736078
1916 0.394278485989979
1917 0.394269128336802
1918 0.394396015278957
1919 0.394642125083854
1920 0.394975040513492
1921 0.395448989769336
1922 0.396120392491084
1923 0.396704797481869
1924 0.397345825701401
1925 0.398075525293931
1926 0.398742675011171
1927 0.399409686327301
1928 0.400130393990083
1929 0.400847391924931
1930 0.401548937971645
1931 0.402264578737113
1932 0.402974982622901
1933 0.403705527354133
1934 0.404444460972144
1935 0.405181645123419
1936 0.405913807793322
1937 0.406679620974993
1938 0.40733091342121
1939 0.408009112788397
1940 0.408680358235971
1941 0.409211048296967
1942 0.409800859336409
1943 0.410463327308579
1944 0.411120928288849
1945 0.411794985242687
1946 0.412637759270797
1947 0.413354930940348
1948 0.414035817014336
1949 0.414601178923608
1950 0.415189026033349
1951 0.415718619446724
1952 0.416176213843041
1953 0.416692538801896
1954 0.417249914514941
1955 0.417809033103703
1956 0.418448977831574
1957 0.419182614770234
1958 0.419891418174316
1959 0.420649012109544
1960 0.421407311727687
1961 0.422125065082254
1962 0.42266257815168
1963 0.423273731154063
1964 0.424002983984951
1965 0.424582484037617
1966 0.42534110445839
1967 0.426050710386493
1968 0.426690803151415
1969 0.427362923431564
1970 0.428173551148051
1971 0.428834210655015
1972 0.429420394601759
1973 0.43000973683734
1974 0.430561409799457
1975 0.43103934489412
1976 0.431605716343777
1977 0.432296412617529
1978 0.432899846860362
1979 0.433495209854411
1980 0.434114721371647
1981 0.434686225479602
1982 0.435287716478128
1983 0.435932747735904
1984 0.436588223692966
1985 0.437211440127269
1986 0.437948610768347
1987 0.438678537474309
1988 0.439353817574051
1989 0.440093371296
1990 0.440790688704451
1991 0.441448360397012
1992 0.442103840864168
1993 0.442716075910022
1994 0.44323497212814
1995 0.443815635663314
1996 0.444402976279941
1997 0.445001964353254
1998 0.4456440611242
1999 0.446209881096678
2000 0.44680858854241
2001 0.447498255894468
2002 0.448131271325734
2003 0.448769650960503
2004 0.449395791347025
2005 0.449996143971724
2006 0.45059493848168
2007 0.451175632169591
2008 0.451804305794983
2009 0.452527901507808
2010 0.453115718876623
2011 0.453672132164261
2012 0.454192697936095
2013 0.454611697335381
2014 0.454976013745602
2015 0.455442507357895
2016 0.455965432072169
2017 0.456454784162652
2018 0.457000746986821
2019 0.457471545993194
2020 0.457884324866766
2021 0.458309763036135
2022 0.458694694650818
2023 0.459108264608392
2024 0.459506511197393
2025 0.460007446166385
2026 0.460372087205689
2027 0.460660112648189
2028 0.460989101320334
2029 0.461281663665408
2030 0.461674270451422
2031 0.462236940028072
2032 0.462627748037352
2033 0.462991274425302
2034 0.463317285256505
2035 0.463467434727491
2036 0.463772167632941
2037 0.464169586227255
2038 0.464530249927618
2039 0.464907726450163
2040 0.465334974069136
2041 0.465776853643916
2042 0.466190579006994
2043 0.466625267449324
2044 0.467114281673327
2045 0.467582767103874
2046 0.468073389052355
2047 0.468470531059712
2048 0.468815053546869
2049 0.469205597435688
2050 0.469562637693989
2051 0.469883599060432
2052 0.470217666886522
2053 0.470556648349144
2054 0.470850275509393
2055 0.471135899516952
2056 0.471414796560249
2057 0.471754134513651
2058 0.472008248049105
2059 0.472136359979188
2060 0.472409707084068
2061 0.472776076333876
2062 0.473029849369038
2063 0.473268226917422
2064 0.473527363057543
2065 0.473734059349328
2066 0.473951251402216
2067 0.474178593289056
2068 0.474472803962688
2069 0.474725758060055
2070 0.474984033205016
2071 0.475205004274519
2072 0.475469625532749
2073 0.475650281909563
2074 0.475706848008258
2075 0.475853075184249
2076 0.476031011987519
2077 0.476190662054994
2078 0.476318271801547
2079 0.476524160290057
2080 0.476767605195205
2081 0.477010852260737
2082 0.47736515497184
2083 0.477641950361535
2084 0.477914172384531
2085 0.478075257431362
2086 0.478249854547245
2087 0.478374956630064
2088 0.478528585631777
2089 0.478669148051011
2090 0.478798583038088
2091 0.47889853602896
2092 0.479060149826732
2093 0.479231600074214
2094 0.479426890610683
2095 0.479670759975598
2096 0.479916043703636
2097 0.480209830089862
2098 0.48044712624447
2099 0.480715308694669
2100 0.480877901531293
2101 0.481100122687576
2102 0.48128175548483
2103 0.481481020164718
2104 0.481716159710814
2105 0.481953104357366
2106 0.482167655977997
2107 0.482381991939002
2108 0.482632863332702
2109 0.482847929507377
2110 0.482943432196879
2111 0.483210538534688
2112 0.483626276789109
2113 0.483933657053476
2114 0.48430877922324
2115 0.484633088053996
2116 0.484851637844336
2117 0.485046209709262
2118 0.48531373407308
2119 0.485734422765476
2120 0.486053900789043
2121 0.486399051185525
2122 0.486678494456102
2123 0.48690214891479
2124 0.487126799240431
2125 0.487377299704332
2126 0.487531367270548
2127 0.487630793228895
2128 0.487700989466865
2129 0.487581238019444
2130 0.48765829504172
2131 0.487818470873522
2132 0.487979828521495
2133 0.488319619959982
2134 0.48859335749661
2135 0.488487284636163
2136 0.488430055588671
2137 0.488402988186748
2138 0.48823061321897
2139 0.488131607209264
2140 0.488179168588166
2141 0.488110705485674
2142 0.487961970575732
2143 0.487775263143748
2144 0.487529270543242
2145 0.48735642574109
2146 0.487137018068377
2147 0.486933607306646
2148 0.486867592364839
2149 0.48669715367652
2150 0.486419023829656
2151 0.486162740439222
2152 0.485937945876875
2153 0.485652372851664
2154 0.485236425388746
2155 0.484791626472419
2156 0.484314264900761
2157 0.48369077382685
2158 0.483187936523231
2159 0.482769813881627
2160 0.48223984905169
2161 0.481607632383656
2162 0.481150234973268
2163 0.480827683415013
2164 0.480293569453212
2165 0.479722901450471
2166 0.479200823448074
2167 0.478501461215266
2168 0.477908470751387
2169 0.477574855493897
2170 0.477055793430906
2171 0.476386235482266
2172 0.47572262926426
2173 0.474900589960262
2174 0.474185088332158
2175 0.473708000565018
2176 0.473401938199814
2177 0.472996185635493
2178 0.472815713883672
2179 0.472404478149006
2180 0.471782497684535
2181 0.471291119380081
2182 0.470931287611592
2183 0.470318855982848
2184 0.469537561357632
2185 0.468851654126099
2186 0.468061635129625
2187 0.467297138589518
2188 0.466536432511053
2189 0.46588006331006
2190 0.465321866911256
2191 0.464643950226898
2192 0.464103911655169
2193 0.463388449320005
2194 0.462566375557613
2195 0.461391147858674
2196 0.460478775193836
2197 0.459697225683559
2198 0.458953171857878
2199 0.458334199285046
2200 0.457719615779513
2201 0.457151737190902
2202 0.456599497758169
2203 0.456096025012745
2204 0.455621342098821
2205 0.45508028838965
2206 0.45475489709094
2207 0.454553560251287
2208 0.45442322861292
2209 0.454353868420049
2210 0.454515943466714
2211 0.45487976219552
2212 0.455271722100563
2213 0.455826385493966
2214 0.456485511808085
2215 0.457312107258917
2216 0.458028558835207
2217 0.458861589968814
2218 0.459719036337867
2219 0.460155279763341
2220 0.460490893903042
2221 0.460890603751713
2222 0.461146348008929
2223 0.461525379973858
2224 0.462045296153419
2225 0.462386755655726
2226 0.462659457080662
2227 0.46290679143079
2228 0.462949509354711
2229 0.463291661266739
2230 0.46377994924496
2231 0.464228387549264
2232 0.464950866570163
2233 0.465349369341009
2234 0.465557891511835
2235 0.465759655807749
2236 0.46591495600009
2237 0.465905066118913
2238 0.465769686251549
2239 0.465580525952644
2240 0.465025228038894
2241 0.464775510861846
2242 0.464598114107619
2243 0.46455059923737
2244 0.46469053179371
2245 0.464969542353559
2246 0.465252831787675
2247 0.465394538799925
2248 0.465530646227566
2249 0.465681849346907
2250 0.465777782290411
2251 0.465832953471251
2252 0.465908050642286
2253 0.465887778033096
2254 0.466058764954221
2255 0.466306384034332
2256 0.466603600402073
2257 0.467182043781636
2258 0.467377517268868
2259 0.467388402034837
2260 0.46748244975323
2261 0.467393110187175
2262 0.467376720968283
2263 0.467456657539238
2264 0.467495931528493
2265 0.467400929308152
2266 0.467478982222898
2267 0.467715299320808
2268 0.467877966402648
2269 0.468055606008901
2270 0.468278322052942
2271 0.468642961060922
2272 0.468768342705051
2273 0.468903632517996
2274 0.468812918846013
2275 0.468211004657318
2276 0.467924787319489
2277 0.467657854482891
2278 0.467509818560207
2279 0.467526508424644
2280 0.467538303274499
2281 0.467650003534829
2282 0.467396256159575
2283 0.467002157392121
2284 0.466691519707333
2285 0.466503322271538
2286 0.466304559284655
2287 0.466176356957611
2288 0.466294381146843
2289 0.466180947247343
2290 0.465766596598598
2291 0.465694523293291
2292 0.465846618163078
2293 0.465776496898311
2294 0.465854052777295
2295 0.465758760731002
2296 0.465315753835168
2297 0.465190237311187
2298 0.465181839756263
2299 0.465144325120761
2300 0.465159955376271
2301 0.465252987458221
2302 0.465599323541801
2303 0.465489149211232
2304 0.465193377554726
2305 0.464993466063721
2306 0.464329193068113
2307 0.464054500911442
2308 0.46434948862077
2309 0.464191341294092
2310 0.463778690234713
2311 0.463570333862794
2312 0.46327362065042
2313 0.462933949755558
2314 0.462777319262455
2315 0.462461158755211
2316 0.461930039721917
2317 0.461505300063754
2318 0.46097314409411
2319 0.460692745893834
2320 0.460830001320701
2321 0.46039830950883
2322 0.460278225896437
2323 0.460198028638151
2324 0.459884206777888
2325 0.45961905871917
2326 0.459243052436534
2327 0.458793404909858
2328 0.458169717711844
2329 0.457761886103654
2330 0.45761038885568
2331 0.457418622941409
2332 0.457453919679942
2333 0.457177265492083
2334 0.456423206268181
2335 0.455690296265024
2336 0.455431019903557
2337 0.45533893671435
2338 0.455138042147794
2339 0.455448032702123
2340 0.455246439456822
2341 0.454609514798005
2342 0.45410105945325
2343 0.453563872009637
2344 0.452958768563094
2345 0.452045462326523
2346 0.451561472400107
2347 0.451340410743371
2348 0.451122783048858
2349 0.451176099693365
2350 0.451005000914506
2351 0.45061025668281
2352 0.450375078558063
2353 0.450201219017707
2354 0.450185624728537
2355 0.450588563294696
2356 0.450456432308079
2357 0.450045844883
2358 0.449550296313321
2359 0.448495519520561
2360 0.448078089037995
2361 0.448039077523813
2362 0.447920811439477
2363 0.447731898856673
2364 0.448071620884127
2365 0.449015262569439
2366 0.449301357881244
2367 0.449986886908211
2368 0.45008014058103
2369 0.449230593228839
2370 0.448638352552713
2371 0.447964218268166
2372 0.447184631572069
2373 0.445876236930562
2374 0.445457122881394
2375 0.445857341631739
2376 0.445531524111915
2377 0.445417242719383
2378 0.445070145083557
2379 0.444015281662399
2380 0.443259186945362
2381 0.442520681476115
2382 0.442155662657273
2383 0.441945861640019
2384 0.441699742931907
2385 0.442116541571198
2386 0.441851975660287
2387 0.440980426433647
2388 0.440245426391451
2389 0.439134157159384
2390 0.438555478277271
2391 0.438037362655174
2392 0.438110235623118
2393 0.439172685941226
2394 0.439323867562066
2395 0.439204636732353
2396 0.439295922281499
2397 0.439266610646024
2398 0.439068781563815
2399 0.439075392010984
2400 0.438892370673397
2401 0.437774510156068
2402 0.437353426892883
2403 0.437638833984871
2404 0.437638798630797
2405 0.438011247700212
2406 0.437864693352002
2407 0.437240895627453
2408 0.436607154332883
2409 0.435322124912612
2410 0.434934369429894
2411 0.43549686675092
2412 0.435179577806022
2413 0.434925464540877
2414 0.434010534286287
2415 0.431712553720727
2416 0.430797929805999
2417 0.430520669979425
2418 0.429918182362329
2419 0.42983662895082
2420 0.429149837637821
2421 0.427922734406607
2422 0.427054532302065
2423 0.426317174026528
2424 0.425838726991618
2425 0.425127359290752
2426 0.425099375434285
2427 0.425899609645378
2428 0.425515867096556
2429 0.424997070207237
2430 0.42460675508842
2431 0.423651225839426
2432 0.42292219583114
2433 0.422701132120663
2434 0.421991094979979
2435 0.420770730024604
2436 0.419444158359238
2437 0.417686788132639
2438 0.41699219959328
2439 0.416622183369352
2440 0.416254508159946
2441 0.417171672886918
2442 0.415358302845807
2443 0.412910985747656
2444 0.412468139178703
2445 0.412457446330627
2446 0.412312454131993
2447 0.414076216294804
2448 0.414620316801093
2449 0.41263095232982
2450 0.411287244017378
2451 0.410834945082641
2452 0.409451773972186
2453 0.409216285979846
2454 0.408626251494374
2455 0.406793763297911
2456 0.406068653756197
2457 0.404826978854477
2458 0.405354629179957
2459 0.405493859793964
2460 0.404906507512586
2461 0.406174979207832
2462 0.405406948190514
2463 0.405030222675104
2464 0.406017413268081
2465 0.406197922655296
2466 0.408620535545664
2467 0.408515117185441
2468 0.405973171398364
2469 0.403538708800699
2470 0.398328156799726
2471 0.396678135913247
2472 0.396119036296417
2473 0.39618443217209
2474 0.400210243655978
2475 0.401574177584359
2476 0.401813543313145
2477 0.402280053529277
2478 0.402307606585407
2479 0.400717523512424
2480 0.397075885954658
2481 0.396146416160301
2482 0.395549616829201
2483 0.395115897493403
2484 0.397551131172834
2485 0.397341361612586
2486 0.394571939377691
2487 0.393322337182234
2488 0.391958362589014
2489 0.391472587742828
2490 0.391557264891439
2491 0.392929713067537
2492 0.394856760230578
2493 0.39536558887221
2494 0.394310600383997
2495 0.392448425866684
2496 0.38830958042283
2497 0.383389492815107
2498 0.382455495119549
2499 0.383064358988252
2500 0.384512109992423
