"Wavelength" "M013a_m5-w1"
350 0.0827494232080384
351 0.0723155726114596
352 0.0729988200126939
353 0.0787927282059847
354 0.0742300099889653
355 0.0663658768749391
356 0.0704466490185316
357 0.0815177636526024
358 0.079932610608323
359 0.0771128071584308
360 0.0724277682712547
361 0.0680142739620001
362 0.0740304576522527
363 0.0762045022687234
364 0.0754036602141484
365 0.0754267471051815
366 0.0736304580893626
367 0.0703061657482901
368 0.068113160947959
369 0.0700731482185223
370 0.0709212133691944
371 0.0716579600205485
372 0.0716108557922368
373 0.0674513560008965
374 0.0696234471069802
375 0.0723274333213843
376 0.0705461141046828
377 0.070945221375345
378 0.0707893181294137
379 0.0693640056988828
380 0.0672879881925375
381 0.0675376688053392
382 0.068985368113013
383 0.0692826048120528
384 0.0657406433759774
385 0.0640471663956216
386 0.0659283113480331
387 0.0696064054883488
388 0.0676773102412213
389 0.0671255208065511
390 0.067962315583602
391 0.0679559986328368
392 0.0658094995434447
393 0.0656877270270146
394 0.0663856326286588
395 0.0630880461744676
396 0.0645430483608344
397 0.0659780773061291
398 0.0646124644305406
399 0.064854277698482
400 0.065564315303857
401 0.066385247167984
402 0.0668221764583867
403 0.0647280851705828
404 0.0646874839539323
405 0.0660364888593392
406 0.064502522425586
407 0.0652980984399304
408 0.0653741887364815
409 0.0636533884818218
410 0.0649215778987979
411 0.0652817859388542
412 0.0651124155520282
413 0.0656558321574655
414 0.0657150611671378
415 0.066248548527836
416 0.0670221894301513
417 0.0668469446139022
418 0.0661272924179186
419 0.0657968736104916
420 0.0662496768543854
421 0.0666836250281916
422 0.0670875274996361
423 0.0674038046232814
424 0.0675728758364084
425 0.067396576627313
426 0.0674941682775106
427 0.0677719467965965
428 0.0674545169283009
429 0.067243086854745
430 0.0676945271754458
431 0.0687406645090145
432 0.0689164604264583
433 0.0687445384183351
434 0.0687095617604589
435 0.0691231308861366
436 0.0690292127621551
437 0.0692475780075092
438 0.0699221072249765
439 0.0702055444855839
440 0.0704665702844419
441 0.0706095313190516
442 0.0705316242811483
443 0.0703396926064412
444 0.0707095339173201
445 0.0713468641286946
446 0.071433409617594
447 0.071349045279514
448 0.0715296771418035
449 0.0719165853298575
450 0.0715966462126749
451 0.0717332542033993
452 0.0719816134446759
453 0.0718443392578326
454 0.0724299878363603
455 0.0724271542994873
456 0.0721154113447588
457 0.0730511682199693
458 0.0733347298391399
459 0.0732448319367932
460 0.0732164266816923
461 0.0730469594624827
462 0.0734812135996537
463 0.0739594014179097
464 0.0736349743520087
465 0.0737728930377013
466 0.0742037936892566
467 0.0744690661777456
468 0.0739153289131813
469 0.0740971098413229
470 0.074491268633959
471 0.074407106374439
472 0.0744529060763581
473 0.074471570503777
474 0.074584428896353
475 0.0750203164008671
476 0.0750198724899954
477 0.0750178710538821
478 0.0752496121608573
479 0.0752330943677661
480 0.0752918590828437
481 0.0755502261374703
482 0.0759823459123737
483 0.0761573766000766
484 0.0763590463197467
485 0.0766145873987359
486 0.0766373083816024
487 0.0767276794146695
488 0.0769640059134463
489 0.0772792336176324
490 0.0773141466194219
491 0.0775123804956031
492 0.0778723571417351
493 0.0781111200435116
494 0.0780626304644845
495 0.0781474484809518
496 0.0785409462589725
497 0.0788545247357115
498 0.0791162237029644
499 0.0793942160212854
500 0.0797303962909672
501 0.0798790141979487
502 0.0799688622572429
503 0.0801518828646605
504 0.0805702297287689
505 0.0807796690177184
506 0.0808474389523498
507 0.0809801026567963
508 0.0814563267266049
509 0.0816987623355445
510 0.0817423528326254
511 0.0819888694340336
512 0.0821613325212713
513 0.0823901752408772
514 0.0827327906053161
515 0.0830086197212438
516 0.0832643156312154
517 0.0834495026981536
518 0.0835430383121168
519 0.0838762257849823
520 0.0842380488883994
521 0.0844881388554027
522 0.0846179480228467
523 0.0849160669440429
524 0.0852591266851426
525 0.0855004478352332
526 0.0858350663969078
527 0.0861186957905691
528 0.0863387806153488
529 0.0865864428031174
530 0.0868754195774037
531 0.0871592832325647
532 0.0874144835561349
533 0.0877083676078815
534 0.0879070854216848
535 0.0880922968190608
536 0.0884204754502901
537 0.0887926712944772
538 0.0891126466819699
539 0.0893686918805652
540 0.089671081615341
541 0.0900102123209448
542 0.0903323609164007
543 0.0905927698062467
544 0.0908662371029077
545 0.0911229857590022
546 0.0913975113542349
547 0.0917842630212839
548 0.092049904367665
549 0.0923322526341041
550 0.0927424029082981
551 0.0930393760113397
552 0.0934266014966122
553 0.0938830414268337
554 0.0942484366359951
555 0.0945873369021829
556 0.0948905149423135
557 0.0951791197600394
558 0.0955624692425197
559 0.0959218314335054
560 0.0962740366920115
561 0.096661511507706
562 0.0969084245909552
563 0.0971721062673049
564 0.097484132801749
565 0.0976680517176992
566 0.0978764035646665
567 0.0981013889567808
568 0.0983137030805112
569 0.0985774956448712
570 0.0989582548590221
571 0.0993844559158131
572 0.0996707450970363
573 0.100010517371812
574 0.100371950762908
575 0.10070878846201
576 0.101081692062302
577 0.101342860287857
578 0.101543807163568
579 0.101835915897926
580 0.102058666007863
581 0.102276712679846
582 0.102517733174645
583 0.102680241035947
584 0.102893519756572
585 0.103125668821735
586 0.10331761107113
587 0.103620625083176
588 0.103923381888048
589 0.104171302856592
590 0.104398652280217
591 0.10463437378923
592 0.104893012069432
593 0.105175532185641
594 0.105462088415758
595 0.105712994237183
596 0.105933213662604
597 0.106166712292972
598 0.106456259535324
599 0.106768256862697
600 0.107050189751505
601 0.10722921947395
602 0.107449322169555
603 0.107687750846263
604 0.107852993403183
605 0.108047794278716
606 0.108302797632854
607 0.108593708241919
608 0.108818259081115
609 0.109030047430761
610 0.109231062884263
611 0.109418183695125
612 0.109633596452065
613 0.109905764653146
614 0.110207437150748
615 0.110453553324349
616 0.110690099372068
617 0.110948329660085
618 0.111231960539057
619 0.111459913822721
620 0.111699343449126
621 0.111954985017452
622 0.112186263008587
623 0.11240120330115
624 0.112643371316103
625 0.11292461425035
626 0.113174714945547
627 0.113381770685007
628 0.113586429802241
629 0.113853137561492
630 0.114209082394388
631 0.114501244918246
632 0.114691022853985
633 0.114938596624874
634 0.115179923164316
635 0.115435490739688
636 0.115728707632509
637 0.115985717622767
638 0.116248689343066
639 0.116533666135154
640 0.116824650621026
641 0.117094770914697
642 0.117357030517925
643 0.117631136919832
644 0.117931717256656
645 0.118223848505233
646 0.118516399195503
647 0.118836925731241
648 0.119098703765053
649 0.119377653998058
650 0.119696563247148
651 0.119928973820674
652 0.120155986376396
653 0.120428793776908
654 0.120765279586462
655 0.121047253614584
656 0.121328736507678
657 0.12163429599918
658 0.12193761799321
659 0.122215364161242
660 0.122514002988181
661 0.122852054393927
662 0.12306613816991
663 0.123380369130825
664 0.123785382409547
665 0.124096553482708
666 0.124353283576929
667 0.124654109170724
668 0.12503498583542
669 0.125368158360735
670 0.12568963482974
671 0.126006803692425
672 0.126318162809288
673 0.126619021768915
674 0.126940813897517
675 0.127286663166719
676 0.127617302678258
677 0.127963823617969
678 0.128316083519972
679 0.128655245551821
680 0.128972722327241
681 0.129312157643337
682 0.129664603869122
683 0.129980229692243
684 0.130304041669302
685 0.130661690792554
686 0.131049434076564
687 0.131405782660737
688 0.131733746576686
689 0.132050472692512
690 0.132383255736579
691 0.132762781599098
692 0.13314090033049
693 0.133491059360685
694 0.133829628874736
695 0.134161348339849
696 0.134510189203211
697 0.134887025091034
698 0.135230827503765
699 0.135611755562927
700 0.136012534809552
701 0.136351094686515
702 0.136763947298055
703 0.137181835754779
704 0.137546585861027
705 0.137906144427802
706 0.138292470389407
707 0.138697968638418
708 0.139097704140033
709 0.139508238433964
710 0.139878466237941
711 0.14021073904463
712 0.14058048172343
713 0.141024753618175
714 0.141461345294396
715 0.141827121603955
716 0.142250925316467
717 0.142667795503822
718 0.143064048632339
719 0.143465248891809
720 0.14389486652518
721 0.144322752928661
722 0.144735665882003
723 0.145173916499396
724 0.14556269040378
725 0.145960403076817
726 0.146437044952435
727 0.146852195603022
728 0.147227834801101
729 0.147611561923033
730 0.148061967139725
731 0.148491847239593
732 0.148915475108465
733 0.149346756472022
734 0.149732489460027
735 0.150153233485734
736 0.150598394642735
737 0.151015739545099
738 0.151434702968716
739 0.151827863970558
740 0.152203272485208
741 0.152624156647595
742 0.153047375498298
743 0.153498985765746
744 0.153993078399909
745 0.154447436920565
746 0.154852329931545
747 0.155248022586495
748 0.155699651621979
749 0.156149978694821
750 0.156568166703943
751 0.156956373421682
752 0.157364709468792
753 0.157828288028343
754 0.158304972807249
755 0.158743237757839
756 0.159178410408797
757 0.159636346458698
758 0.160086850185034
759 0.16046860239487
760 0.160955552735512
761 0.161416681627131
762 0.161786496656958
763 0.162242589321929
764 0.162663659602554
765 0.163066014822429
766 0.16350968459555
767 0.164028634680781
768 0.164504073059557
769 0.164909376789184
770 0.1653135602673
771 0.165769075081029
772 0.166264310432155
773 0.166740780961247
774 0.167051423462575
775 0.167443968869318
776 0.167944772343253
777 0.168473670802612
778 0.168884570949879
779 0.169301607561758
780 0.169763542390858
781 0.170216447610762
782 0.170681085804288
783 0.171132918385406
784 0.171556585715722
785 0.171963019439501
786 0.172431483867693
787 0.172925790554289
788 0.173375173127876
789 0.173785310966341
790 0.17422023355038
791 0.17467629774712
792 0.175091781042677
793 0.175511309247298
794 0.175956897997608
795 0.176424503692135
796 0.176866330729393
797 0.177344991468359
798 0.177845962426506
799 0.178332493901132
800 0.178801415937931
801 0.179226162376679
802 0.179608728147067
803 0.179983761966654
804 0.180471723677265
805 0.180973233296525
806 0.181420914367052
807 0.181851008510586
808 0.18230800833462
809 0.182789259570046
810 0.183271090967659
811 0.18372323223498
812 0.184158513830893
813 0.18457470975999
814 0.184968224854927
815 0.18538285431009
816 0.185830390336831
817 0.186317334498948
818 0.186843503521058
819 0.187308435149938
820 0.187693212131496
821 0.188050126394908
822 0.18855568564113
823 0.189040303642463
824 0.189480570259633
825 0.18991232882826
826 0.190364910291802
827 0.190798809407206
828 0.191236215351367
829 0.191735358843546
830 0.192151272562659
831 0.192556971859312
832 0.193025827970969
833 0.193580717631348
834 0.194071323509593
835 0.194470912363856
836 0.194828219300152
837 0.195300409739574
838 0.195720383428917
839 0.19613010026061
840 0.196634386804562
841 0.197082783054447
842 0.197548490806735
843 0.19802657181589
844 0.198441061049861
845 0.198895481742076
846 0.199347452687836
847 0.199778104492408
848 0.20024515262154
849 0.200681420253077
850 0.201107116600628
851 0.201555314750452
852 0.202024684760235
853 0.202480042481287
854 0.202924799378068
855 0.203379059474406
856 0.203848527331147
857 0.204281424099137
858 0.204682199844979
859 0.205104167911188
860 0.205573796527936
861 0.206056517444213
862 0.206524835868554
863 0.206976581555703
864 0.207439251954613
865 0.207863876749705
866 0.208241210274863
867 0.208697307885215
868 0.209176386005157
869 0.209663929024715
870 0.210139528521865
871 0.210513691767344
872 0.210906669446115
873 0.211345075969836
874 0.211796003975934
875 0.212269511763903
876 0.212747973802346
877 0.213202981839545
878 0.213606702721103
879 0.214019108134255
880 0.214456099245654
881 0.214915308986456
882 0.21537932558737
883 0.215801217485956
884 0.216276987793831
885 0.216830412944342
886 0.217230826835629
887 0.217743541249128
888 0.218202942034774
889 0.218472437910537
890 0.219060756954716
891 0.219556966009807
892 0.219966671397563
893 0.220467206627124
894 0.220922424701938
895 0.221309760617925
896 0.221677158340997
897 0.222108815878061
898 0.222569475240027
899 0.223029782239539
900 0.223489848813472
901 0.22397525428383
902 0.224404430111139
903 0.224892355239425
904 0.225458227117441
905 0.225935057608731
906 0.226304505608043
907 0.226627438963778
908 0.226987792299552
909 0.227461280656415
910 0.228003156253199
911 0.228491130001823
912 0.228856919180998
913 0.229230833998267
914 0.229777342298259
915 0.230322181181966
916 0.2306747671949
917 0.231128789190133
918 0.23152619047621
919 0.23196345470126
920 0.232587783694031
921 0.233148049382001
922 0.233607884822192
923 0.234019604957587
924 0.23446805353318
925 0.234870209063039
926 0.235307628935787
927 0.235753615577479
928 0.236110489494617
929 0.236521211787832
930 0.236993630874965
931 0.237491362955888
932 0.237953975002664
933 0.238389681054677
934 0.23885067408076
935 0.239349438864901
936 0.239844008604444
937 0.24032712358643
938 0.240762474394445
939 0.241148534692546
940 0.241537261691738
941 0.242043344801996
942 0.242548104975246
943 0.242960157782583
944 0.243320191541758
945 0.243872969538383
946 0.244377079976239
947 0.244738312137632
948 0.245321345652331
949 0.245676199880752
950 0.245976908954955
951 0.246417678430179
952 0.246910630750468
953 0.247515691533184
954 0.248054788421595
955 0.24842942325337
956 0.24883953394541
957 0.24917077422048
958 0.249588139241687
959 0.250167449034074
960 0.250625421121157
961 0.251096397043865
962 0.251451574434506
963 0.251675624456295
964 0.252159962806189
965 0.25273201420111
966 0.253148462026166
967 0.253397166655017
968 0.25403825807356
969 0.254629070123821
970 0.255110034148828
971 0.25554028526994
972 0.255986108705001
973 0.256315922251542
974 0.25669661029008
975 0.257219917355187
976 0.257636499167772
977 0.258061310657966
978 0.258447486214053
979 0.258801731319468
980 0.259308467382472
981 0.25981638682722
982 0.260279351355599
983 0.260716649123146
984 0.26121237125376
985 0.261846312523172
986 0.262253166196347
987 0.262423597487716
988 0.263038677106923
989 0.263464449402186
990 0.263828176293528
991 0.264273596072405
992 0.264729703838201
993 0.265018468081965
994 0.265369038818652
995 0.26586638190506
996 0.266328509791445
997 0.266731423966729
998 0.26724357476533
999 0.267825349978635
1000 0.268241782547392
1001 0.261667520124819
1002 0.262073420214253
1003 0.262444073817299
1004 0.262845668909233
1005 0.263268652914812
1006 0.263664442603178
1007 0.264070600176525
1008 0.264460176252106
1009 0.264786066360844
1010 0.26513507220849
1011 0.265512446173952
1012 0.2659245145572
1013 0.266372817135099
1014 0.266771509708935
1015 0.267162402476724
1016 0.267541433885735
1017 0.267930994601398
1018 0.268356859736258
1019 0.268752321824103
1020 0.269155408495819
1021 0.26947251006265
1022 0.269815373527385
1023 0.27016322629192
1024 0.2705945102491
1025 0.271061401489491
1026 0.271479511119595
1027 0.271898916267185
1028 0.272241941452352
1029 0.272558070895647
1030 0.272953334488043
1031 0.273398247976952
1032 0.273811895102987
1033 0.274208329972441
1034 0.274640863481058
1035 0.275089044509624
1036 0.275539268915436
1037 0.275998076348425
1038 0.276425598335159
1039 0.276793397489813
1040 0.277124464165853
1041 0.277452581731666
1042 0.277832240607627
1043 0.278302923028704
1044 0.278783369558116
1045 0.279175224701765
1046 0.279567563832207
1047 0.279961060280275
1048 0.28033423771369
1049 0.2806624647434
1050 0.281028088835485
1051 0.281415387981233
1052 0.28180728055681
1053 0.282172091007209
1054 0.282525293771101
1055 0.282910032907017
1056 0.283335952681663
1057 0.283759368929389
1058 0.28415471220418
1059 0.284542401508337
1060 0.284876459945017
1061 0.285179823677302
1062 0.285506624937613
1063 0.285849615246697
1064 0.286203140183425
1065 0.286572003211811
1066 0.286915542228352
1067 0.287261488952942
1068 0.287617542037139
1069 0.28788595234776
1070 0.288197552108518
1071 0.288547331302214
1072 0.288831101382519
1073 0.289180695735127
1074 0.289511981295661
1075 0.289734217010664
1076 0.290017179333633
1077 0.290314686841228
1078 0.29062471941326
1079 0.290946986801663
1080 0.291357788889211
1081 0.291728557505291
1082 0.291996509933985
1083 0.292241458359349
1084 0.292493825259338
1085 0.292747100696728
1086 0.293053992326892
1087 0.293375428815685
1088 0.293602395391686
1089 0.293863154521132
1090 0.294192167803465
1091 0.294495128296002
1092 0.294842617840712
1093 0.295136359157926
1094 0.295402720402815
1095 0.295636510956368
1096 0.295880703392746
1097 0.296174360558766
1098 0.296487735347803
1099 0.296743469618818
1100 0.297018498301454
1101 0.297321580961669
1102 0.297645402135165
1103 0.298010847744813
1104 0.29835129419446
1105 0.298672471359034
1106 0.298973623998335
1107 0.299218932142058
1108 0.29950794726987
1109 0.299812400512908
1110 0.300109211343398
1111 0.30038771585873
1112 0.300706098989292
1113 0.300975768054223
1114 0.301235588918066
1115 0.301545293451249
1116 0.301884198297888
1117 0.302248111389949
1118 0.302573415734706
1119 0.302880041016514
1120 0.303163329243872
1121 0.30346047706078
1122 0.303750719471485
1123 0.304060460885169
1124 0.304381733819013
1125 0.304711741188323
1126 0.305049867196292
1127 0.305367316187733
1128 0.30575121776926
1129 0.306143705780693
1130 0.306491019443287
1131 0.306824665651128
1132 0.307114848338759
1133 0.30737478996326
1134 0.307651428318286
1135 0.307960440694186
1136 0.308271954517183
1137 0.3085862623425
1138 0.308906812817089
1139 0.30925931995883
1140 0.309587138023614
1141 0.309914319226832
1142 0.31023100033904
1143 0.31054804921905
1144 0.31081431358473
1145 0.311103926221506
1146 0.311433816090878
1147 0.311725502465169
1148 0.312020964575872
1149 0.312341097972229
1150 0.312602483823399
1151 0.312899291894366
1152 0.313253451947767
1153 0.313550192759251
1154 0.313825408483664
1155 0.314109051292805
1156 0.314354400294081
1157 0.314620445860875
1158 0.314902349537049
1159 0.315193378559346
1160 0.315490578517937
1161 0.315795992709017
1162 0.316106999460427
1163 0.316406886829134
1164 0.316697300512541
1165 0.317019363209449
1166 0.317346602448443
1167 0.317652259882623
1168 0.317942649683193
1169 0.318224174308324
1170 0.318510188930072
1171 0.318776696302282
1172 0.31906765069942
1173 0.319390663187925
1174 0.319681274865916
1175 0.319968409966485
1176 0.320249612739621
1177 0.320513111091859
1178 0.320770040605116
1179 0.321004249310647
1180 0.321262729412126
1181 0.321582085814414
1182 0.321865770004795
1183 0.322141280415256
1184 0.322431192132287
1185 0.322659804404561
1186 0.322880246522828
1187 0.323121542894924
1188 0.323389321193818
1189 0.323637278292482
1190 0.323879201795901
1191 0.324123160457475
1192 0.324361983721847
1193 0.32459679944992
1194 0.324833643839105
1195 0.32506578304762
1196 0.325294217957314
1197 0.325529635420661
1198 0.325778597031674
1199 0.325993659497918
1200 0.326227352034596
1201 0.326429202732231
1202 0.32663077281391
1203 0.326879940762259
1204 0.327117398126623
1205 0.327385833015012
1206 0.327602012948621
1207 0.327781884832659
1208 0.327991409490634
1209 0.32818467161682
1210 0.32839248482948
1211 0.328651910604341
1212 0.328863975724139
1213 0.329009816226244
1214 0.329216254587663
1215 0.329455223148951
1216 0.329670582335652
1217 0.32988776712629
1218 0.330145443144413
1219 0.330370590011653
1220 0.330590207414464
1221 0.33081189043385
1222 0.331048638412834
1223 0.331275717376419
1224 0.331487952067734
1225 0.331706205359057
1226 0.331926469832502
1227 0.332158182961265
1228 0.33240050069852
1229 0.332624503509985
1230 0.332870674900441
1231 0.333081223837079
1232 0.333226985418046
1233 0.333424654113134
1234 0.333646129132628
1235 0.333852060899695
1236 0.334060543971866
1237 0.334293193836608
1238 0.334521741050411
1239 0.334723414243676
1240 0.334980544881239
1241 0.335302046001672
1242 0.335552921172792
1243 0.33581379617347
1244 0.336025312409832
1245 0.336164829474556
1246 0.336350116709946
1247 0.336523304752705
1248 0.336718805098576
1249 0.336942862081317
1250 0.337156558551021
1251 0.337360525169097
1252 0.337588087685828
1253 0.337833168607973
1254 0.338076663901661
1255 0.338347364399976
1256 0.338596814834572
1257 0.338844191696018
1258 0.339070977465787
1259 0.339291720807654
1260 0.339502154254452
1261 0.339712773954917
1262 0.339901141255165
1263 0.340122974040559
1264 0.340345353304672
1265 0.340593212904424
1266 0.340881518728594
1267 0.341139707244186
1268 0.341407654758782
1269 0.341660258257121
1270 0.341883084494405
1271 0.342126788291457
1272 0.342390099656125
1273 0.342624691307355
1274 0.342844629260538
1275 0.343073663555986
1276 0.343305590755441
1277 0.343511108094985
1278 0.343715021379073
1279 0.343906419711585
1280 0.344075367343346
1281 0.34420215076954
1282 0.344346392173033
1283 0.344479728309405
1284 0.344631972599926
1285 0.344785910177112
1286 0.344944127577991
1287 0.345127329461434
1288 0.345285050937772
1289 0.345447292484498
1290 0.345572178000641
1291 0.34564918354372
1292 0.345761949798929
1293 0.345880778016516
1294 0.345977550840501
1295 0.346104212823482
1296 0.34619043807491
1297 0.34621316812953
1298 0.34625806657648
1299 0.346292983581158
1300 0.346337848833733
1301 0.346395042531305
1302 0.34645527112248
1303 0.346543648627601
1304 0.346662936771142
1305 0.346752641383754
1306 0.346845963809671
1307 0.34694429758449
1308 0.347043552415375
1309 0.347115879112003
1310 0.347179568608487
1311 0.347256214860184
1312 0.34728938489845
1313 0.347374228298866
1314 0.347515830474149
1315 0.347630046653233
1316 0.34774793299742
1317 0.347863026071686
1318 0.347965075766211
1319 0.348078493816416
1320 0.348203548544472
1321 0.348322016137125
1322 0.348425407241278
1323 0.348544850211091
1324 0.348705895141197
1325 0.348893529886258
1326 0.349055258326054
1327 0.349244541253292
1328 0.349417484177573
1329 0.349551164597611
1330 0.349726780661295
1331 0.349938351244897
1332 0.350129808594963
1333 0.350323804939287
1334 0.350507784675205
1335 0.350699934649854
1336 0.350864516420441
1337 0.351005812151666
1338 0.351152640980554
1339 0.351264645260295
1340 0.351415532053086
1341 0.351585927312634
1342 0.351762414403274
1343 0.351983437624811
1344 0.352167486876349
1345 0.352345677119864
1346 0.352506943582372
1347 0.352635679548053
1348 0.352770972373198
1349 0.352891874000712
1350 0.353006956410538
1351 0.353105251552995
1352 0.353193616330052
1353 0.353265585298927
1354 0.353310061099521
1355 0.35337808765118
1356 0.353426285410882
1357 0.353517034265402
1358 0.353628965646636
1359 0.353758894889524
1360 0.353914492443375
1361 0.354079339501171
1362 0.354278732717016
1363 0.35445297787117
1364 0.354647332211686
1365 0.354802624347939
1366 0.354926695875221
1367 0.355047211841877
1368 0.355144094273937
1369 0.355239073526957
1370 0.355324874439501
1371 0.355409791449888
1372 0.355503912729012
1373 0.355576296167204
1374 0.355609927267495
1375 0.355629630510278
1376 0.355645488361396
1377 0.355639883231755
1378 0.355605001686883
1379 0.355568691034522
1380 0.355502376393111
1381 0.355397003835235
1382 0.355268468905791
1383 0.355132946772744
1384 0.354966053249518
1385 0.354760614011535
1386 0.354530556313012
1387 0.354277864946139
1388 0.354012322260675
1389 0.353744090104661
1390 0.353407903258622
1391 0.353020618076431
1392 0.352640362653105
1393 0.352184778203462
1394 0.351767012904504
1395 0.351392828922465
1396 0.350989258124248
1397 0.350594548157063
1398 0.350158099968809
1399 0.349699168498829
1400 0.349216533153072
1401 0.348704223830769
1402 0.348160325651689
1403 0.347603812832461
1404 0.347045859740251
1405 0.346488379981829
1406 0.345909615162758
1407 0.345369828413884
1408 0.344820381631193
1409 0.344347236179229
1410 0.343885881058898
1411 0.343525678866288
1412 0.343221468813047
1413 0.343011421905989
1414 0.3428526293518
1415 0.342830602858466
1416 0.342894682954424
1417 0.343085977352093
1418 0.343445115130577
1419 0.343813832007156
1420 0.344317518748612
1421 0.344769999522739
1422 0.345263242664756
1423 0.345714003533897
1424 0.346160976981344
1425 0.346577907564126
1426 0.346962017459459
1427 0.347337703341031
1428 0.347692373146206
1429 0.348034483228445
1430 0.348349645604248
1431 0.348679288375911
1432 0.349010422190758
1433 0.349331785606737
1434 0.349655098121285
1435 0.349968194803908
1436 0.350284226189034
1437 0.350582318892423
1438 0.350903913812071
1439 0.351245700818841
1440 0.35156860650338
1441 0.351911555927377
1442 0.352189338134076
1443 0.352426922898698
1444 0.352680632927352
1445 0.352903871743793
1446 0.353131485838422
1447 0.353376200109965
1448 0.353597091640984
1449 0.353780704204618
1450 0.353989650086887
1451 0.354204455996868
1452 0.354424966231996
1453 0.354655598464217
1454 0.354882504377952
1455 0.35512396608396
1456 0.355341331386678
1457 0.355554445154898
1458 0.355748830572157
1459 0.355900581467092
1460 0.356089277777538
1461 0.356285997435222
1462 0.356481096060964
1463 0.356694259956441
1464 0.356908593528394
1465 0.357122291702546
1466 0.357331608556824
1467 0.357552238235417
1468 0.357763884202641
1469 0.357957990840403
1470 0.358155936285763
1471 0.358360810115734
1472 0.358587490554692
1473 0.358804678309975
1474 0.35902827980988
1475 0.359272391569409
1476 0.359515240669268
1477 0.359796451782982
1478 0.360120916227364
1479 0.360418804404313
1480 0.360736722170478
1481 0.361019446131392
1482 0.361288301865493
1483 0.361541226237269
1484 0.361758150147027
1485 0.362014097658587
1486 0.362277961291134
1487 0.362527406055763
1488 0.362798858852444
1489 0.363044684376494
1490 0.363265627548768
1491 0.363484359167687
1492 0.363699298940109
1493 0.363906884582068
1494 0.36409739803777
1495 0.36429134696989
1496 0.364476434005677
1497 0.36467718477086
1498 0.36486737548675
1499 0.365090533583627
1500 0.365354286310632
1501 0.365593017438108
1502 0.3658515129571
1503 0.366080779023771
1504 0.366282597509018
1505 0.366486215764958
1506 0.366670876855146
1507 0.366867830284931
1508 0.367067692193232
1509 0.367262406675061
1510 0.367464338078917
1511 0.367659417044287
1512 0.367843837584231
1513 0.36803237221507
1514 0.368225249509199
1515 0.368411492091753
1516 0.368601565799013
1517 0.368774753640478
1518 0.368950176492914
1519 0.369108691227793
1520 0.369273080539587
1521 0.369460947887639
1522 0.369660699804403
1523 0.369886773048287
1524 0.370084148693716
1525 0.370290688512491
1526 0.370468666841376
1527 0.370615391514784
1528 0.370785403418797
1529 0.370946658370081
1530 0.371130275840305
1531 0.371338271980186
1532 0.371518000454284
1533 0.371700335997997
1534 0.371868936411232
1535 0.372011253109795
1536 0.372176302829914
1537 0.372343079943009
1538 0.372519938839365
1539 0.372720216120119
1540 0.372886905803031
1541 0.373059555276828
1542 0.373193785142654
1543 0.373266231175003
1544 0.373398804370944
1545 0.373542431870411
1546 0.373682667691214
1547 0.373858532729701
1548 0.374008615995523
1549 0.374124079790399
1550 0.37427116748132
1551 0.374438028916381
1552 0.374596171996368
1553 0.374771377134819
1554 0.374919565232489
1555 0.375042064830576
1556 0.375183987521792
1557 0.375332837472911
1558 0.375462380298246
1559 0.375574929129488
1560 0.375718439382047
1561 0.375858862979014
1562 0.376005676894058
1563 0.376196340817499
1564 0.376359414759465
1565 0.376486426771952
1566 0.376643867995105
1567 0.376847143667316
1568 0.376989380022132
1569 0.37710086192186
1570 0.377223758689787
1571 0.377304487376675
1572 0.377403352999774
1573 0.377547753335642
1574 0.377651653732752
1575 0.377695173880436
1576 0.377792915918474
1577 0.377888081114314
1578 0.378017598219186
1579 0.378205384177596
1580 0.378387329687316
1581 0.378615605771262
1582 0.378791091458103
1583 0.378955970906311
1584 0.379094483208879
1585 0.379162717344929
1586 0.37925962707535
1587 0.379330990458724
1588 0.379449911651476
1589 0.379618212090552
1590 0.379773282839992
1591 0.37997469560623
1592 0.380139760151541
1593 0.380260452904253
1594 0.380399323200561
1595 0.38053403169997
1596 0.380667928398198
1597 0.380823294835414
1598 0.380958852481273
1599 0.381085369516438
1600 0.381194973115793
1601 0.381271021919679
1602 0.381366509611967
1603 0.381477651427975
1604 0.381569433918886
1605 0.381684090258488
1606 0.38181085307669
1607 0.381967815817269
1608 0.382144750443898
1609 0.382301197253448
1610 0.382480886430451
1611 0.382644069517921
1612 0.382794989132405
1613 0.382908521500218
1614 0.383013283855781
1615 0.383120796234664
1616 0.383177876695989
1617 0.38328922693109
1618 0.383448981450903
1619 0.383568421466743
1620 0.383667592928121
1621 0.383796953160241
1622 0.383926414432759
1623 0.384074186483513
1624 0.38426721547381
1625 0.384378844438495
1626 0.384451746666551
1627 0.384570020402215
1628 0.384668785443874
1629 0.384769044341874
1630 0.384918396666694
1631 0.384998076141953
1632 0.385015991906048
1633 0.385067450215511
1634 0.385112366443983
1635 0.38517857250063
1636 0.385247937584695
1637 0.385336662972685
1638 0.385433928093077
1639 0.385569531392983
1640 0.385730632888076
1641 0.38588972919894
1642 0.38609309548588
1643 0.386250262532956
1644 0.386393321275793
1645 0.386511915228586
1646 0.386598007495661
1647 0.38671688139782
1648 0.386830142442974
1649 0.386955332338336
1650 0.387113708643931
1651 0.387221704053349
1652 0.387302643908726
1653 0.387395667523653
1654 0.387476931471183
1655 0.387558313744934
1656 0.387625404140686
1657 0.387681280945437
1658 0.387787481688908
1659 0.387944268119562
1660 0.388095234246755
1661 0.388252710192774
1662 0.388414426404159
1663 0.388514275166511
1664 0.38859534542534
1665 0.388699174318118
1666 0.38880031999734
1667 0.388899073984779
1668 0.389005780335644
1669 0.389085513686927
1670 0.389135226643274
1671 0.38923658825584
1672 0.38940501683043
1673 0.389614921330923
1674 0.389803625450745
1675 0.38996337278869
1676 0.390097411110775
1677 0.390169716271271
1678 0.390253210287979
1679 0.390322754734535
1680 0.390350186505359
1681 0.390403021274008
1682 0.3904737972566
1683 0.390547963807482
1684 0.39066209573507
1685 0.390791842197449
1686 0.390916698495195
1687 0.391086914467919
1688 0.391280254980402
1689 0.391441371297281
1690 0.391580558715799
1691 0.391701990788253
1692 0.391776678272647
1693 0.391880335941734
1694 0.392048862038779
1695 0.392245454636944
1696 0.392424183729852
1697 0.392536366269851
1698 0.392618903522516
1699 0.392647929705698
1700 0.392717528269406
1701 0.392846886267157
1702 0.392934663669774
1703 0.392996377895321
1704 0.39307324820848
1705 0.393127602880579
1706 0.393206823763604
1707 0.393330391728353
1708 0.393403512460688
1709 0.393469338997255
1710 0.393524420665145
1711 0.393533739417599
1712 0.393559600411353
1713 0.393592105319324
1714 0.393619787322918
1715 0.393639444115576
1716 0.393680681579732
1717 0.393739622692757
1718 0.393766561361319
1719 0.393786830415467
1720 0.39381449562774
1721 0.39382063834766
1722 0.393853087020046
1723 0.393901901693825
1724 0.393947375423178
1725 0.393990921194483
1726 0.394060822730731
1727 0.394169772258677
1728 0.394248318470403
1729 0.394322309398175
1730 0.394378169923783
1731 0.39439928494363
1732 0.394442037702953
1733 0.394496839793716
1734 0.394558660796575
1735 0.394639721277198
1736 0.394703295193626
1737 0.394762189458166
1738 0.394796902419123
1739 0.394824395050959
1740 0.394790159146162
1741 0.394758650879481
1742 0.394722585032995
1743 0.39466750522539
1744 0.394598210947082
1745 0.39458014307687
1746 0.394619777222615
1747 0.394689520005166
1748 0.394818949487237
1749 0.394917279440887
1750 0.394968356158385
1751 0.394988495144636
1752 0.39499519504994
1753 0.395053047143508
1754 0.395083034735048
1755 0.395113697120084
1756 0.395150005112513
1757 0.395132774276154
1758 0.395169219778836
1759 0.395254517637097
1760 0.395369409670327
1761 0.395522074841448
1762 0.395686743090262
1763 0.395797827982182
1764 0.395818505508809
1765 0.395872451908984
1766 0.395867129257658
1767 0.395795713993089
1768 0.3958497596077
1769 0.395828785087532
1770 0.395715463734379
1771 0.39573056595441
1772 0.395679667480083
1773 0.39560995860159
1774 0.395556222907971
1775 0.395513267098393
1776 0.39541117815399
1777 0.3953918142827
1778 0.395448542087567
1779 0.395530019079757
1780 0.395658576592127
1781 0.395730032085967
1782 0.395871790102004
1783 0.395996562057615
1784 0.396106149254284
1785 0.396310513082088
1786 0.39641877946287
1787 0.396373081889512
1788 0.396372280958845
1789 0.396336689495552
1790 0.396294710208218
1791 0.396376548173145
1792 0.396498699938233
1793 0.396668872670691
1794 0.396777153869029
1795 0.396808490457274
1796 0.396861903116592
1797 0.396877431943002
1798 0.396969634883146
1799 0.397113410909771
1800 0.39715951309946
1801 0.395437401555512
1802 0.395496103724555
1803 0.395574773280383
1804 0.39567966198365
1805 0.395721080904626
1806 0.395710749245152
1807 0.395711765789099
1808 0.395594658707952
1809 0.395673874127719
1810 0.395868443838393
1811 0.396022890752134
1812 0.396182160558225
1813 0.396468676642009
1814 0.396595209444742
1815 0.39650424525014
1816 0.396529391925685
1817 0.396564346276228
1818 0.396585371255956
1819 0.396550871899943
1820 0.39665801277181
1821 0.39678248928115
1822 0.396837668575605
1823 0.396863998126071
1824 0.39693915491832
1825 0.396974831870501
1826 0.396940016491602
1827 0.396929040331547
1828 0.396900139165442
1829 0.396943509659822
1830 0.397015910608804
1831 0.397118092750526
1832 0.397196267107365
1833 0.397300287014601
1834 0.397395628740091
1835 0.397338089441617
1836 0.397299842858524
1837 0.397266309228652
1838 0.397229968524264
1839 0.397107805829302
1840 0.397063126414126
1841 0.397109638457783
1842 0.397131470597583
1843 0.397191913861146
1844 0.39733914219792
1845 0.397510242635744
1846 0.397626237001775
1847 0.397689322275188
1848 0.397703717112361
1849 0.397671520278862
1850 0.397694053934791
1851 0.397667167882978
1852 0.397577569549353
1853 0.397548556386429
1854 0.397411387291905
1855 0.39725593104573
1856 0.397093362989619
1857 0.396902232472834
1858 0.39672819930141
1859 0.396562155439503
1860 0.396323337346949
1861 0.39617239341282
1862 0.395994801313304
1863 0.395672005274987
1864 0.395370270744438
1865 0.39497978232905
1866 0.39451485861036
1867 0.394044810005135
1868 0.393553217243824
1869 0.393038947890235
1870 0.392499105425698
1871 0.391951112800408
1872 0.391420031581597
1873 0.390835258985365
1874 0.390192455903288
1875 0.389459667016624
1876 0.388724269057115
1877 0.388015185464412
1878 0.387151844783752
1879 0.386224644380856
1880 0.38521292177275
1881 0.384043471618727
1882 0.3826931901748
1883 0.381318235392734
1884 0.379841024288536
1885 0.378267157051472
1886 0.376680737258306
1887 0.375029095127234
1888 0.3732662088192
1889 0.371456881473603
1890 0.369513101435563
1891 0.367441214248316
1892 0.365217439593475
1893 0.362864349664803
1894 0.360480594167668
1895 0.357926444030852
1896 0.355286052587031
1897 0.352676044779731
1898 0.349919776085953
1899 0.347325540292732
1900 0.344752483574659
1901 0.342316879039001
1902 0.339906649562642
1903 0.337819963913312
1904 0.335806409247747
1905 0.333969739969244
1906 0.332325777696971
1907 0.330829189610984
1908 0.329520435068443
1909 0.328383703747055
1910 0.327445514194393
1911 0.326734233122841
1912 0.326090278642041
1913 0.325592033786012
1914 0.325317931965982
1915 0.324976589628139
1916 0.324781069116391
1917 0.3247834515869
1918 0.324829860074419
1919 0.325039342572587
1920 0.325379798309711
1921 0.325727355743984
1922 0.326154078360254
1923 0.326539069022501
1924 0.326932455965522
1925 0.327382237413528
1926 0.327773827499751
1927 0.328310717763472
1928 0.328918390509161
1929 0.32942791267928
1930 0.329975605491832
1931 0.330538087208455
1932 0.331075036006706
1933 0.331570963303306
1934 0.332119898019215
1935 0.332717321394083
1936 0.333227390814253
1937 0.333771974075751
1938 0.334412344035763
1939 0.335013815590589
1940 0.335619415842883
1941 0.336236390794485
1942 0.336778535122481
1943 0.33734605572287
1944 0.337921915649957
1945 0.338502162007612
1946 0.339072621782779
1947 0.33964398843448
1948 0.3402614616437
1949 0.340786112371592
1950 0.341249186861799
1951 0.341717137636393
1952 0.342187306506271
1953 0.342648911555107
1954 0.343170989282024
1955 0.343779222126158
1956 0.344385695640182
1957 0.3450382613052
1958 0.345623895025923
1959 0.346225337351338
1960 0.346772061724624
1961 0.347251315245707
1962 0.347714252638963
1963 0.348263127718479
1964 0.348899160324646
1965 0.349583564421195
1966 0.350326245402072
1967 0.350953664536879
1968 0.351510298756313
1969 0.352097383468999
1970 0.352668554485161
1971 0.353173838612825
1972 0.353695999281581
1973 0.354152838099825
1974 0.354476872726181
1975 0.354867950137167
1976 0.355344402082374
1977 0.355948256593063
1978 0.356470571814913
1979 0.357022266937749
1980 0.357537552026433
1981 0.357975617292606
1982 0.358470732260469
1983 0.35902735610412
1984 0.359557437243809
1985 0.36006980451181
1986 0.360609843885854
1987 0.361184894375361
1988 0.361699816564619
1989 0.3622681958105
1990 0.362855737908152
1991 0.36340061341203
1992 0.363905847896383
1993 0.364436454392465
1994 0.364933210230816
1995 0.365482851047055
1996 0.36608366160365
1997 0.366678623047577
1998 0.367286789269771
1999 0.367907963580365
2000 0.36860615281249
2001 0.369171177035242
2002 0.369702714222838
2003 0.370175405563929
2004 0.370708380440572
2005 0.371183142103523
2006 0.371719525262734
2007 0.372394787112248
2008 0.372955085319156
2009 0.373455494006842
2010 0.373927904201157
2011 0.374426952918809
2012 0.374763805784154
2013 0.375054723485279
2014 0.375338767861956
2015 0.375638562036095
2016 0.375833415365037
2017 0.376247896966728
2018 0.376840426295321
2019 0.377289913087549
2020 0.377783658014109
2021 0.378218962880411
2022 0.378540112831047
2023 0.378917661471693
2024 0.379296029943855
2025 0.379782294281037
2026 0.380136057260904
2027 0.38040990170033
2028 0.38079877352509
2029 0.381130788188138
2030 0.381503450447824
2031 0.381958418510301
2032 0.38234931152153
2033 0.382707884501833
2034 0.383067150314468
2035 0.383447757857312
2036 0.383761275329001
2037 0.383943425157497
2038 0.384259128946632
2039 0.38459123288701
2040 0.384974208990574
2041 0.385444825950804
2042 0.385940775688923
2043 0.386292944349312
2044 0.386513889815053
2045 0.386831401607792
2046 0.387120101092598
2047 0.38742048143275
2048 0.387824444714046
2049 0.388120758700952
2050 0.388303799028478
2051 0.388529788355013
2052 0.388770230282122
2053 0.388948058461964
2054 0.389046668706457
2055 0.389233641237324
2056 0.389445872539115
2057 0.389640657459683
2058 0.389877266959257
2059 0.390235207209742
2060 0.390470738894354
2061 0.390619560467013
2062 0.390807848697634
2063 0.39094993505218
2064 0.391186378973369
2065 0.391506167232613
2066 0.391776853547928
2067 0.392127702934224
2068 0.392369588634165
2069 0.392550936354272
2070 0.392733863097815
2071 0.392922595002708
2072 0.393131345013514
2073 0.393270314623623
2074 0.393347018679833
2075 0.39348728578537
2076 0.393608016625965
2077 0.39372876241483
2078 0.393826826950794
2079 0.394046955180987
2080 0.394345964350513
2081 0.394585335650709
2082 0.394968470246639
2083 0.395233326649038
2084 0.395379727993733
2085 0.395498510558091
2086 0.395616280654429
2087 0.39565808614481
2088 0.395837500328197
2089 0.396074604260045
2090 0.396275219391419
2091 0.396554103510626
2092 0.396778025731058
2093 0.396914851709833
2094 0.397111416072065
2095 0.397396611230874
2096 0.39759825353054
2097 0.397772283792971
2098 0.397926729080829
2099 0.398075240250644
2100 0.39810775595281
2101 0.398120017775219
2102 0.398277383677332
2103 0.398455908047993
2104 0.398682225377916
2105 0.39890289890281
2106 0.399192268062664
2107 0.399442887875447
2108 0.399690174732574
2109 0.39991517528714
2110 0.400131489900426
2111 0.400355458453837
2112 0.400527324156611
2113 0.400750340542341
2114 0.401094803022722
2115 0.40130918080775
2116 0.401425287922945
2117 0.401590506787295
2118 0.401661407282822
2119 0.401921448914025
2120 0.402164015206133
2121 0.402553142815546
2122 0.402766750174814
2123 0.402902280435541
2124 0.403091266534916
2125 0.403284271957583
2126 0.403420670988021
2127 0.403539489590844
2128 0.40366459404157
2129 0.403673977640452
2130 0.403787105789173
2131 0.403993689505788
2132 0.404184365203072
2133 0.404359194711493
2134 0.404652889543729
2135 0.404863430404352
2136 0.405011188015689
2137 0.405006646839485
2138 0.404831033383668
2139 0.404745233609288
2140 0.404613814836537
2141 0.404415913586441
2142 0.404232153972616
2143 0.404000175916064
2144 0.403576116093672
2145 0.4032977791362
2146 0.403097699402413
2147 0.402888171237828
2148 0.402729014680587
2149 0.402558396742138
2150 0.402405041683778
2151 0.402228380416882
2152 0.402014393250508
2153 0.401844703313768
2154 0.401668592623169
2155 0.401473740649896
2156 0.401151742930159
2157 0.400729661992051
2158 0.400361148185874
2159 0.399924925540094
2160 0.399488909231548
2161 0.399100900209698
2162 0.39867622111267
2163 0.398198517745278
2164 0.397682792054322
2165 0.39706893470512
2166 0.396617325649991
2167 0.396216796460392
2168 0.395782350014532
2169 0.395483269319012
2170 0.395134915299995
2171 0.394736444023656
2172 0.394283619919148
2173 0.393845835166959
2174 0.393339203326695
2175 0.392849075585867
2176 0.392205636903194
2177 0.39180861907829
2178 0.391583319141145
2179 0.391224315292812
2180 0.390920670893386
2181 0.390573917296571
2182 0.390203381527572
2183 0.38972653154733
2184 0.38923530056158
2185 0.388672507794491
2186 0.387952368688588
2187 0.387262346265248
2188 0.38655153398936
2189 0.385851018824657
2190 0.38518336647952
2191 0.384408322082042
2192 0.383525569992875
2193 0.382715207266467
2194 0.381808684226956
2195 0.380949020874889
2196 0.380238276660395
2197 0.379787194084265
2198 0.379320693133515
2199 0.379025047703531
2200 0.378591622177095
2201 0.378197606144319
2202 0.377704288275907
2203 0.377047332996576
2204 0.37658656995793
2205 0.376192782653416
2206 0.375784785497522
2207 0.375323079242408
2208 0.375151260461
2209 0.374922186971505
2210 0.375091480959348
2211 0.375820977872951
2212 0.37637543988438
2213 0.37710621523932
2214 0.377789939965726
2215 0.378436332905667
2216 0.379103618545036
2217 0.379912609909753
2218 0.380564073091432
2219 0.38105991919963
2220 0.381395971668108
2221 0.381847138893653
2222 0.382202641570336
2223 0.382550663406661
2224 0.383018669805674
2225 0.383316273287947
2226 0.383414224933585
2227 0.383590470213627
2228 0.383752895162304
2229 0.383932762697949
2230 0.384124072630188
2231 0.384280663933012
2232 0.384476247654648
2233 0.384579777191693
2234 0.3845816014319
2235 0.384595079717184
2236 0.384522374148442
2237 0.38456142409935
2238 0.384733799595943
2239 0.384733483058171
2240 0.384682951936972
2241 0.384651027605401
2242 0.384342883246446
2243 0.38432083865014
2244 0.384521855179785
2245 0.384736061965849
2246 0.385069881772559
2247 0.385465395893592
2248 0.385501098635555
2249 0.385352646093808
2250 0.385373235256728
2251 0.38521505518591
2252 0.385297166206218
2253 0.385682345295339
2254 0.385810413720721
2255 0.385814566476416
2256 0.385933131047953
2257 0.386052093888919
2258 0.386131261459286
2259 0.386296300496866
2260 0.386375140331519
2261 0.386303824577581
2262 0.386357952012697
2263 0.386384944728902
2264 0.386559819303141
2265 0.386983489639047
2266 0.387147342765442
2267 0.387229006914507
2268 0.387384588228343
2269 0.387387514211718
2270 0.387490621028598
2271 0.387977996042514
2272 0.38803966882639
2273 0.387659018035721
2274 0.387543748244339
2275 0.387316169493504
2276 0.387184312417389
2277 0.387440884035389
2278 0.387382905100122
2279 0.387236835019053
2280 0.387109815629952
2281 0.38677938477071
2282 0.386731640677209
2283 0.386788753353661
2284 0.386480473577487
2285 0.386432368857887
2286 0.386555714668494
2287 0.386467413178523
2288 0.386420897373934
2289 0.386153478209517
2290 0.385469712429578
2291 0.385340016677727
2292 0.385443072597573
2293 0.385324920541578
2294 0.385456287595754
2295 0.385383997292493
2296 0.384836944238052
2297 0.384743439933465
2298 0.385020571017638
2299 0.385098976980847
2300 0.385266737109696
2301 0.385330769941695
2302 0.385326017863605
2303 0.385181753840881
2304 0.384834983453221
2305 0.384730982478248
2306 0.384587906897063
2307 0.384486634099354
2308 0.384756098987406
2309 0.384647880483598
2310 0.384177589510261
2311 0.384026912553931
2312 0.383955614581088
2313 0.383697225840981
2314 0.383622338770659
2315 0.383274474337075
2316 0.382406861334457
2317 0.381906480904086
2318 0.381449137477391
2319 0.381127505994575
2320 0.381138196954997
2321 0.381024967300397
2322 0.380631138735419
2323 0.380469958254432
2324 0.380646942627944
2325 0.380703822857941
2326 0.380770876861154
2327 0.380624734218053
2328 0.380121303363164
2329 0.3794849442457
2330 0.378833157539354
2331 0.378211080898845
2332 0.377383801196828
2333 0.376499307425421
2334 0.376321174945196
2335 0.376544673608609
2336 0.376655392785241
2337 0.377356329169698
2338 0.377325519683261
2339 0.376842743382986
2340 0.376712384138512
2341 0.376470474462337
2342 0.37620046650557
2343 0.376184002554316
2344 0.375616498870983
2345 0.374492169585049
2346 0.373955594982732
2347 0.373370159638712
2348 0.373064502705028
2349 0.373398468483532
2350 0.373129561869503
2351 0.372461295896595
2352 0.372245093174796
2353 0.371889160357251
2354 0.371964820843919
2355 0.372997342234038
2356 0.37291582608982
2357 0.372202616851381
2358 0.37198923602893
2359 0.37131129179394
2360 0.371084928412114
2361 0.371888143671693
2362 0.371710363229013
2363 0.370546820721822
2364 0.370456092831807
2365 0.370467260510966
2366 0.370645530143875
2367 0.372085729508895
2368 0.37232724547148
2369 0.372144086610875
2370 0.371438426223403
2371 0.369333946246507
2372 0.368543221391273
2373 0.368009968069914
2374 0.367484850426235
2375 0.368055943859699
2376 0.367830735887559
2377 0.36692277976624
2378 0.366233023034755
2379 0.36526359044021
2380 0.364740194011432
2381 0.364466639665805
2382 0.364064814262267
2383 0.364273623584955
2384 0.363844054042475
2385 0.362227989205759
2386 0.36196250737039
2387 0.362292527735983
2388 0.362458961950277
2389 0.364083461251206
2390 0.364083173681081
2391 0.362228025449126
2392 0.361768980874384
2393 0.361265852792181
2394 0.361294971108351
2395 0.362636460131394
2396 0.363471402176593
2397 0.364325791079697
2398 0.364528248321674
2399 0.364593278247623
2400 0.364324617084207
2401 0.363159908337017
2402 0.362421276961207
2403 0.361401481841836
2404 0.361319829618427
2405 0.362127012834087
2406 0.362109314609575
2407 0.362254134910458
2408 0.362141775069794
2409 0.361361955233448
2410 0.360573434229417
2411 0.360308865600335
2412 0.359623505019142
2413 0.358122096227653
2414 0.356856666464524
2415 0.355143472695759
2416 0.354236270842923
2417 0.353744511277047
2418 0.353266933907701
2419 0.353919612228976
2420 0.35349666228092
2421 0.352113659542515
2422 0.351560956146332
2423 0.350845346304193
2424 0.350556340473735
2425 0.350846005627425
2426 0.350991054276515
2427 0.351681321904822
2428 0.351497192881597
2429 0.350971277867483
2430 0.35035770369615
2431 0.349129089391394
2432 0.347887305273765
2433 0.346187132375148
2434 0.34575214063421
2435 0.346260450718478
2436 0.345533986043915
2437 0.344876239582427
2438 0.344152799229948
2439 0.342123375638473
2440 0.340863896029077
2441 0.340773606069649
2442 0.340088333296914
2443 0.339435173921574
2444 0.34097445682078
2445 0.341800370340237
2446 0.342702775945253
2447 0.342934235575855
2448 0.340817508655316
2449 0.33891263849286
2450 0.338155867785173
2451 0.337339970281174
2452 0.335590616976121
2453 0.335181077660294
2454 0.334862322548953
2455 0.333055067068603
2456 0.33286371253128
2457 0.333780781053182
2458 0.3339314433504
2459 0.334427660460048
2460 0.335981738507535
2461 0.336075931379495
2462 0.334041662217239
2463 0.331365255115028
2464 0.330878029687363
2465 0.330854002905801
2466 0.333790143074411
2467 0.334800885000819
2468 0.334084680725097
2469 0.333559567324538
2470 0.332484130385976
2471 0.331895481836119
2472 0.332104644250143
2473 0.330810631871448
2474 0.32785660787574
2475 0.326870421564332
2476 0.325448062347032
2477 0.325453150448252
2478 0.328669530774198
2479 0.329228718576389
2480 0.328897439966701
2481 0.329088209124917
2482 0.328814243747415
2483 0.327338714494666
2484 0.324895216198337
2485 0.323919563845142
2486 0.322597107725472
2487 0.321570494873388
2488 0.322380168294107
2489 0.321648282575825
2490 0.31925652759668
2491 0.3202039355458
2492 0.319303213010506
2493 0.319932605337391
2494 0.319272301610718
2495 0.3173880497
2496 0.319072413481554
2497 0.320712585195038
2498 0.320221871469052
2499 0.320557567492376
2500 0.320262372837921
