"Wavelength" "M015a_m4-w3"
350 0.102771655720288
351 0.100983109261711
352 0.0999015421799887
353 0.0994241416145766
354 0.0977209910998213
355 0.0933822707036443
356 0.092470400708404
357 0.0955744608008277
358 0.0985688193810654
359 0.0991530988873935
360 0.0975571233823361
361 0.0962595203687145
362 0.100890977525243
363 0.0999092357591086
364 0.0965804608003636
365 0.0959609305017132
366 0.0928868134107821
367 0.0918806430188415
368 0.0935423481156435
369 0.0957239765735518
370 0.0958729551205661
371 0.0941935521581645
372 0.0921995880706868
373 0.0924099541967406
374 0.0934436086500899
375 0.0931872470497563
376 0.091510181708956
377 0.0939571655474124
378 0.0936234045030521
379 0.0901580154540327
380 0.0866968218063841
381 0.0881264806752914
382 0.0907552253451472
383 0.0919932092210536
384 0.0910292222873962
385 0.087369585147371
386 0.0869047733447048
387 0.0910904714072666
388 0.0901162019557932
389 0.0904745077864458
390 0.0912890190743096
391 0.0900086344233273
392 0.0876026409734426
393 0.0870001257754347
394 0.0879083117877505
395 0.087662919413739
396 0.0876693036650397
397 0.0879422738559435
398 0.0882206117508368
399 0.0880578892542074
400 0.087915145600536
401 0.0886223186168606
402 0.0901257470834263
403 0.0880301295316027
404 0.0873464488910896
405 0.0884697703766998
406 0.0882392911690388
407 0.0884016406749778
408 0.0884265161532244
409 0.0883458179556871
410 0.0899997212504115
411 0.0900292810927639
412 0.0894328526697983
413 0.0899261890655376
414 0.0897303082338063
415 0.089652723473559
416 0.0900477672708703
417 0.090741258224911
418 0.0905288459666697
419 0.0904719804162809
420 0.0912060736049807
421 0.091771394164082
422 0.0922536365391145
423 0.0926389236437615
424 0.0929106327815629
425 0.0930197871962755
426 0.0933727412384073
427 0.0936975067417802
428 0.0931334385043733
429 0.0932977037229174
430 0.0938654062012049
431 0.0944199191212203
432 0.0954407211359074
433 0.0957531938949601
434 0.0956018883512793
435 0.0958056190230422
436 0.0961109186955583
437 0.0966283931320516
438 0.0972405206208993
439 0.0975393749209372
440 0.0983131313156592
441 0.0987362799868574
442 0.0982329997167322
443 0.0982209949745851
444 0.0985281697631274
445 0.0990439034472921
446 0.0996371747388406
447 0.0997566090229979
448 0.0999755511232392
449 0.100441079828602
450 0.100334652151412
451 0.100713534325912
452 0.101043630903889
453 0.100732584583316
454 0.10122903587561
455 0.101662878491533
456 0.101862935316949
457 0.102298675572108
458 0.10265629980153
459 0.102716970751964
460 0.102570063662098
461 0.102964905420434
462 0.103583085810198
463 0.10392903540511
464 0.103648181099929
465 0.103866663993312
466 0.104242929813611
467 0.104477750844637
468 0.104481274838423
469 0.104643735506113
470 0.105020998837842
471 0.105502000887646
472 0.105792333105221
473 0.105786350823133
474 0.105834273006209
475 0.106455165872193
476 0.106448822948497
477 0.106413958707774
478 0.10674725803493
479 0.107005076658582
480 0.106991351278709
481 0.107226669849892
482 0.108158376978542
483 0.108277270547139
484 0.108396026230242
485 0.108819596877559
486 0.109154579756685
487 0.109486496316585
488 0.109744600873347
489 0.109885166544546
490 0.109978807261233
491 0.110352543171624
492 0.11090538387975
493 0.111289167256596
494 0.111584796874248
495 0.111769994513898
496 0.111940065784426
497 0.112425842700804
498 0.113009789066833
499 0.113474454054342
500 0.113686436256243
501 0.113946842352719
502 0.114269343599968
503 0.114650302722046
504 0.115088238843312
505 0.11549439787715
506 0.115891026982522
507 0.116302984252898
508 0.116682665633264
509 0.116964236621156
510 0.117242593258204
511 0.117692299340226
512 0.118149971385222
513 0.118578914869482
514 0.118953784734163
515 0.119221035313256
516 0.11952509197851
517 0.119916277360459
518 0.120386889527381
519 0.120838030897879
520 0.121285909432605
521 0.121733264088384
522 0.122156016533446
523 0.122495349533071
524 0.122906718010324
525 0.123475000928551
526 0.123829455098325
527 0.124221618593119
528 0.124670936172002
529 0.125023809839309
530 0.125450744612138
531 0.125927676768024
532 0.126410825798251
533 0.126899275930791
534 0.127320166039812
535 0.127722117937285
536 0.128192898688925
537 0.128634226104117
538 0.129081324119623
539 0.129544663961953
540 0.129974743207165
541 0.130474831161827
542 0.13097170603024
543 0.131383630746805
544 0.131851584046905
545 0.132350548460445
546 0.132849181980141
547 0.13332078455233
548 0.133908733519967
549 0.13450798665702
550 0.13504622524651
551 0.135738375929884
552 0.136428143749214
553 0.137061598377724
554 0.137651295823086
555 0.138165482433117
556 0.138579504945292
557 0.138950361497179
558 0.139511567781148
559 0.140058503467617
560 0.140551913591095
561 0.141022817881549
562 0.141503595535484
563 0.142023436580454
564 0.142539412433451
565 0.14291190771136
566 0.143253401319852
567 0.143604675092793
568 0.144002523883727
569 0.144551046502746
570 0.145126163418879
571 0.145728049336551
572 0.146471571148398
573 0.147228966572354
574 0.147917967087592
575 0.148498650795503
576 0.149016735260889
577 0.149456957593491
578 0.149848946969099
579 0.150234322880182
580 0.150478094979458
581 0.150695107431845
582 0.150957159010298
583 0.151189026485076
584 0.151501162358069
585 0.151847819446484
586 0.152155344671375
587 0.152543585107254
588 0.15297812479578
589 0.153435232313959
590 0.153916683888653
591 0.154403322652897
592 0.154955393368791
593 0.155590132035622
594 0.156103670193055
595 0.156445567959081
596 0.156743286807269
597 0.157246063226279
598 0.157692973788534
599 0.158103741135408
600 0.158500747565767
601 0.158771943512403
602 0.159014213286483
603 0.159254291188297
604 0.159493239299651
605 0.159819337945905
606 0.16018934555424
607 0.160546209966061
608 0.160826667986104
609 0.161177804828355
610 0.161567885660949
611 0.161913441081556
612 0.162204108291508
613 0.162569486007873
614 0.163039822638466
615 0.163526401488431
616 0.16386994095872
617 0.164157877330382
618 0.164515685000389
619 0.164970360316575
620 0.165384665561892
621 0.165751278473698
622 0.166155834144376
623 0.166502093397884
624 0.166880927927854
625 0.167324814964889
626 0.167657734418257
627 0.167986991324562
628 0.168359868876445
629 0.168787332673092
630 0.169209532916437
631 0.169654882985595
632 0.170113770285987
633 0.170503755378527
634 0.170882169831813
635 0.17125160799621
636 0.171601920376566
637 0.171926615937853
638 0.172324647441435
639 0.172800862923911
640 0.173262477586076
641 0.173674686950713
642 0.174079379086254
643 0.174514027037343
644 0.174952116647797
645 0.175343996219167
646 0.175747161016467
647 0.176262550421556
648 0.176692626522514
649 0.177097945530276
650 0.177530316642411
651 0.177954831325753
652 0.178372086427445
653 0.178781241056687
654 0.179189299250117
655 0.179639596336457
656 0.180091956146443
657 0.180551630037203
658 0.181085302239429
659 0.181502095689432
660 0.181900982875228
661 0.182387991261567
662 0.182804255520146
663 0.183243916370305
664 0.183738580577597
665 0.184261933604289
666 0.184733007652557
667 0.185187283408782
668 0.185661134475539
669 0.186141885382719
670 0.186659031755814
671 0.187159084573035
672 0.187580324814895
673 0.188079907826449
674 0.188567354646174
675 0.189022037968658
676 0.189549705342531
677 0.190124914681921
678 0.190649032808588
679 0.191064188784483
680 0.191553431373849
681 0.192112769814292
682 0.192672403134962
683 0.193123765224079
684 0.193592175512865
685 0.194119710916423
686 0.194688303160767
687 0.195171203273629
688 0.195662729218543
689 0.196205850321858
690 0.196798436290664
691 0.19729770752721
692 0.197772882528723
693 0.198286043897775
694 0.198862206210385
695 0.199410178285615
696 0.19993663244122
697 0.2004738879809
698 0.201032131055909
699 0.201600434097432
700 0.202153924831432
701 0.202665653187571
702 0.203265237506319
703 0.203897017077452
704 0.204492082653636
705 0.205024605018064
706 0.205581998545614
707 0.206172391496706
708 0.206768984365006
709 0.207392807512021
710 0.207949688906384
711 0.20843757943232
712 0.208981048102853
713 0.209598783266655
714 0.210236258139524
715 0.210840454731623
716 0.211454286786661
717 0.212037367313054
718 0.212615512427722
719 0.213250333839238
720 0.213838184185744
721 0.214434337695866
722 0.215077807871175
723 0.215737482163893
724 0.216345200938226
725 0.216943247461624
726 0.217593540065707
727 0.218220479584673
728 0.218788399361165
729 0.21934666019809
730 0.220019738490977
731 0.220657656130214
732 0.221270587394695
733 0.221882223191122
734 0.222448302484094
735 0.223073697195289
736 0.223740864717737
737 0.224369768034481
738 0.224946466995137
739 0.225513243546416
740 0.226105041403648
741 0.226738842268875
742 0.227359435509414
743 0.227973102581324
744 0.22860191905414
745 0.229260471212088
746 0.22992585546158
747 0.230581869477644
748 0.231225775698875
749 0.231934006503426
750 0.232590169975487
751 0.233164999214547
752 0.233825704461532
753 0.234494622409707
754 0.235131653046617
755 0.235730790637383
756 0.236395138663351
757 0.237018953282355
758 0.237603637475588
759 0.238245265153793
760 0.239003043905619
761 0.239699968514473
762 0.240255746178039
763 0.240865870077501
764 0.241516647575007
765 0.242169351279181
766 0.242786426526959
767 0.243429735092247
768 0.244045445354221
769 0.24465434240392
770 0.24534081589177
771 0.245965040331204
772 0.246680816952583
773 0.247513083930235
774 0.24808221781387
775 0.24863077428839
776 0.249253687104373
777 0.249961588885351
778 0.250600420382193
779 0.251218755622408
780 0.251858313775568
781 0.252538514473327
782 0.253168040428086
783 0.253794891181995
784 0.254457132345201
785 0.255111156195129
786 0.25577591322329
787 0.256457118026589
788 0.257138964282673
789 0.257715893144933
790 0.258385762392038
791 0.259119954713848
792 0.259699173771082
793 0.260341753773812
794 0.260999552264006
795 0.2616387139255
796 0.262343458720363
797 0.263056306841126
798 0.263748753549499
799 0.264409920573684
800 0.2650673372377
801 0.265670631898638
802 0.266245348755009
803 0.266871965837314
804 0.267552740920415
805 0.26822388248777
806 0.268860827411537
807 0.26951721898961
808 0.270230254466326
809 0.270986548826953
810 0.271727946754823
811 0.272322172754333
812 0.272830746858178
813 0.273382580271127
814 0.274093337450238
815 0.274694345529292
816 0.275327337914763
817 0.276080176151314
818 0.276917719850693
819 0.277627491999451
820 0.278188791207622
821 0.278689282203545
822 0.279352103610347
823 0.280047198535107
824 0.280676822629589
825 0.281209658528772
826 0.281881976891048
827 0.282602928879198
828 0.283298318564055
829 0.283929073930942
830 0.284541179182438
831 0.285112410880013
832 0.285686945278801
833 0.286421729683062
834 0.287132899432118
835 0.287772701240268
836 0.288361818322153
837 0.289006681891462
838 0.289591914786507
839 0.290184186471566
840 0.290899688088543
841 0.291620061002755
842 0.292259644904565
843 0.292835786118034
844 0.293454670681589
845 0.294101128601553
846 0.294697715207248
847 0.295250152546783
848 0.295914459315121
849 0.296605693326097
850 0.297268286658966
851 0.297888852456065
852 0.298555387631086
853 0.299253196345546
854 0.299923837022716
855 0.300511628833305
856 0.301086396627617
857 0.301725335574835
858 0.302392429075377
859 0.302973909763123
860 0.303575674240939
861 0.304237065427327
862 0.30493028860537
863 0.305553150653706
864 0.306201490836252
865 0.306833593019694
866 0.307423640300401
867 0.308049900603985
868 0.308793745730243
869 0.309522304489963
870 0.310093904102758
871 0.31067099185492
872 0.31127467048996
873 0.311869227138323
874 0.312424478198497
875 0.313190328772007
876 0.313939389528577
877 0.314562806861616
878 0.315115914358751
879 0.315671084959923
880 0.316266692245373
881 0.316893253419953
882 0.317486588814507
883 0.318158692668403
884 0.318844694052306
885 0.319504984743262
886 0.320262529218082
887 0.321029082721359
888 0.321648523674755
889 0.32209194349027
890 0.322856632603318
891 0.323566492747511
892 0.324177034744552
893 0.324799606975909
894 0.325378536254799
895 0.325970287796385
896 0.326560008521194
897 0.327097409415043
898 0.327726309803682
899 0.328388652468776
900 0.329033037450514
901 0.329647539830642
902 0.330299139753542
903 0.330998668569715
904 0.331718064045034
905 0.332389733882522
906 0.333006124097391
907 0.333639487139391
908 0.334316346272175
909 0.334923904753896
910 0.335578433343056
911 0.336271549316452
912 0.336940615509745
913 0.337472060043363
914 0.338052533613107
915 0.338697763112951
916 0.339360026694232
917 0.340034058585921
918 0.34065265976136
919 0.341312182096835
920 0.342130091144335
921 0.342908396891311
922 0.343663908762622
923 0.344337680277184
924 0.344856689188498
925 0.345357699167198
926 0.34599759225689
927 0.346714318923673
928 0.347299093328683
929 0.347884177703234
930 0.348533321929067
931 0.349210328194337
932 0.349813364029822
933 0.350606340455892
934 0.351330776177401
935 0.351912840573293
936 0.352577859782782
937 0.353250329151314
938 0.353906972460122
939 0.354566932236824
940 0.355291732349915
941 0.356051716800363
942 0.356708546625434
943 0.357239400525529
944 0.357832162781075
945 0.358532430420589
946 0.359212416203397
947 0.359835346048284
948 0.360600891135774
949 0.361136710674429
950 0.361595984199929
951 0.362200419503265
952 0.363022521444267
953 0.363772704232475
954 0.364428644948888
955 0.365049112321895
956 0.365690952373193
957 0.366247172946172
958 0.366852347864301
959 0.367589292807751
960 0.368279518403857
961 0.368850382032917
962 0.369376319447424
963 0.369959825244032
964 0.37064510783319
965 0.371312503816186
966 0.371925967102772
967 0.372514893952402
968 0.373193613325344
969 0.373803675138239
970 0.374390090585592
971 0.375046074863728
972 0.375824414762844
973 0.376654713165777
974 0.377360003598667
975 0.377878921473458
976 0.378449666361426
977 0.379037227097794
978 0.379588158874135
979 0.380124632624514
980 0.38082993226121
981 0.38153313549844
982 0.382244077296311
983 0.382949804252213
984 0.383524403489056
985 0.384249025033561
986 0.384948142429837
987 0.385482263259854
988 0.385962867073419
989 0.38660286090088
990 0.387354682066742
991 0.388100374857181
992 0.388735662253803
993 0.389373612877711
994 0.389876209906132
995 0.390268070364094
996 0.390792960171991
997 0.391260254844987
998 0.392013493281492
999 0.392980567217274
1000 0.393663380980689
1001 0.383330846436737
1002 0.383893606525121
1003 0.384459152261193
1004 0.385043737908087
1005 0.3856559556101
1006 0.386229293405601
1007 0.386786689969705
1008 0.387349087937007
1009 0.387909822978953
1010 0.388412815262891
1011 0.388917288919494
1012 0.389476332254288
1013 0.389943404528433
1014 0.390457234750455
1015 0.391104235530182
1016 0.391673889662261
1017 0.392241401683688
1018 0.392883612535487
1019 0.393442149083735
1020 0.393921458443099
1021 0.394402793141389
1022 0.394940204398886
1023 0.395488438048386
1024 0.396032536146411
1025 0.396579820090976
1026 0.397145489649096
1027 0.397666119742225
1028 0.398136908778736
1029 0.39868115870457
1030 0.39929102154701
1031 0.399911407847655
1032 0.400544139159038
1033 0.401270750587447
1034 0.401936423872106
1035 0.40254842381894
1036 0.403200077401318
1037 0.403892506754166
1038 0.404536170239379
1039 0.405218602256918
1040 0.405897024078812
1041 0.40651199688736
1042 0.407146085467723
1043 0.407801124735257
1044 0.408494860547789
1045 0.409182294975239
1046 0.409846854532388
1047 0.410465093298009
1048 0.411040661765659
1049 0.411540368113136
1050 0.412100038052054
1051 0.412678686513878
1052 0.413271473933781
1053 0.413878855941752
1054 0.414389153101184
1055 0.414963059445195
1056 0.415625542943332
1057 0.416173650477827
1058 0.416767646057326
1059 0.417330391215317
1060 0.417690837239446
1061 0.418165000598902
1062 0.418656696620688
1063 0.41917396904993
1064 0.41961699941425
1065 0.420111259940141
1066 0.420484997665592
1067 0.420776058911994
1068 0.421072375604977
1069 0.421421803000357
1070 0.421812522564683
1071 0.422066247741683
1072 0.422342861456463
1073 0.422667607621663
1074 0.422944670530631
1075 0.423252413770697
1076 0.423527844938362
1077 0.423806674805961
1078 0.424017824954023
1079 0.424227397743865
1080 0.424486609552381
1081 0.424743872611295
1082 0.424960753662752
1083 0.425188194392754
1084 0.425416242406037
1085 0.425632043217261
1086 0.425862349368675
1087 0.426032070348603
1088 0.426117939401835
1089 0.426263560603821
1090 0.426454481198927
1091 0.426622668744962
1092 0.426796391577634
1093 0.42699668045005
1094 0.427197075435466
1095 0.42739638476495
1096 0.4276335248481
1097 0.427925414317957
1098 0.428215525164279
1099 0.428477615588752
1100 0.428721419735064
1101 0.428918413386629
1102 0.429094342014374
1103 0.429292444073616
1104 0.429590080056674
1105 0.429953220777383
1106 0.430302005165439
1107 0.430712778753834
1108 0.431099981061899
1109 0.431460235623327
1110 0.43183526531981
1111 0.432258926577948
1112 0.432694559222194
1113 0.43313561232532
1114 0.43357696140446
1115 0.434052035518706
1116 0.434551435369879
1117 0.435033213090888
1118 0.43552748853042
1119 0.436028054342922
1120 0.436485479769363
1121 0.436975702171921
1122 0.437491468400475
1123 0.43799914659494
1124 0.438497944520658
1125 0.439037642570487
1126 0.439594882821188
1127 0.440138154498762
1128 0.440746964199421
1129 0.441382343997835
1130 0.442012319508529
1131 0.442588087658876
1132 0.4431330694059
1133 0.443641401706521
1134 0.44410556113894
1135 0.444673752878379
1136 0.445231393498337
1137 0.445781395797878
1138 0.446373768731937
1139 0.447031994953138
1140 0.447624247506207
1141 0.448228177028762
1142 0.448826279301443
1143 0.44940626991806
1144 0.449936156694201
1145 0.45053681913153
1146 0.451125059456976
1147 0.451625622742942
1148 0.45216060613858
1149 0.45266695852033
1150 0.453146460952455
1151 0.453736384817182
1152 0.454306121479799
1153 0.454805681306361
1154 0.455251524532257
1155 0.45575417999441
1156 0.456219423368851
1157 0.456701179674323
1158 0.457240023642892
1159 0.457753211817127
1160 0.458237330007756
1161 0.458728378584543
1162 0.459216357362798
1163 0.45973391159388
1164 0.460258716277035
1165 0.460739673615058
1166 0.46122125862961
1167 0.461699948033261
1168 0.462130933905713
1169 0.462581601746637
1170 0.463034609308224
1171 0.463524518118519
1172 0.463948335791021
1173 0.464322954709303
1174 0.464731225978827
1175 0.465133496631054
1176 0.465526945940091
1177 0.465965499672518
1178 0.466345544905454
1179 0.466669404028678
1180 0.466986856487176
1181 0.467359489858815
1182 0.467689791505911
1183 0.46799059234605
1184 0.468278408144091
1185 0.468533948170128
1186 0.46879784691136
1187 0.469082737297856
1188 0.469415305159297
1189 0.469719246027756
1190 0.470029717689343
1191 0.470300603156058
1192 0.470556344864978
1193 0.470798507936517
1194 0.471000217808378
1195 0.471211312452752
1196 0.4714069231431
1197 0.471629110696693
1198 0.471845674583914
1199 0.472094696004849
1200 0.472371629888451
1201 0.472619984569821
1202 0.472859683049361
1203 0.473126378896044
1204 0.47340109791985
1205 0.473703599048792
1206 0.473962157242537
1207 0.474202981009635
1208 0.474461795180552
1209 0.474693179012302
1210 0.474951558990115
1211 0.4752607993449
1212 0.475539833500703
1213 0.475786882516757
1214 0.476057484785334
1215 0.476346079104964
1216 0.476620283588688
1217 0.476879124589661
1218 0.477178687979809
1219 0.477471392077651
1220 0.477733885092818
1221 0.477995892377885
1222 0.478239875407979
1223 0.478534045721473
1224 0.478844791879206
1225 0.47913748164511
1226 0.47945512048298
1227 0.479764801035908
1228 0.480045636969084
1229 0.480348405688059
1230 0.48068814420459
1231 0.481009414216248
1232 0.481330745978916
1233 0.481627930614399
1234 0.481889279794811
1235 0.482186073825107
1236 0.482479365550482
1237 0.482774501904639
1238 0.483109967714195
1239 0.483483674979711
1240 0.483846058356183
1241 0.484239164048041
1242 0.484561612575443
1243 0.484865719972836
1244 0.485160390724344
1245 0.485378496745118
1246 0.485673984222061
1247 0.486013029142007
1248 0.486331825819003
1249 0.486661900503641
1250 0.486999296190098
1251 0.48732553530526
1252 0.487677102753074
1253 0.488047827856944
1254 0.488434188048075
1255 0.488836641566961
1256 0.489243655878583
1257 0.489659279624183
1258 0.490120288655209
1259 0.490531797100104
1260 0.490932269952518
1261 0.491346895892602
1262 0.491733949111078
1263 0.492162869564841
1264 0.492617093943931
1265 0.493078387036262
1266 0.493573150604307
1267 0.494034319804958
1268 0.494509755044055
1269 0.494951716122248
1270 0.495371969997207
1271 0.495766156013939
1272 0.496137660367041
1273 0.496488329908764
1274 0.496814294178582
1275 0.497114289112336
1276 0.497394428599944
1277 0.497647741149969
1278 0.49786213539645
1279 0.498070259749235
1280 0.498242903483774
1281 0.498375663708471
1282 0.498528524755162
1283 0.498671297738715
1284 0.49879297210412
1285 0.498936152402363
1286 0.499010451117864
1287 0.499014930754134
1288 0.499053258974983
1289 0.499109502187297
1290 0.499088630078126
1291 0.499048950148059
1292 0.49897536823579
1293 0.498837565193254
1294 0.498676534016854
1295 0.498496353096552
1296 0.49829651232337
1297 0.498043114135016
1298 0.497788369922468
1299 0.497512214192343
1300 0.497241731013358
1301 0.497008182426799
1302 0.496773404659455
1303 0.496558352594308
1304 0.49639628335876
1305 0.496191267118255
1306 0.495951134256667
1307 0.495760725086816
1308 0.495602594952237
1309 0.495411240835767
1310 0.495215717682629
1311 0.495042720632617
1312 0.494849531789733
1313 0.494684957415048
1314 0.4945704047639
1315 0.494432983143502
1316 0.494235821055844
1317 0.494135457610556
1318 0.494082606759821
1319 0.494045766027123
1320 0.494060509553727
1321 0.49410560778871
1322 0.494153782209873
1323 0.494240710184159
1324 0.494386383598085
1325 0.494598785075754
1326 0.494808025261283
1327 0.495048675154365
1328 0.495308445762999
1329 0.495590985231802
1330 0.495884556438557
1331 0.496191680315372
1332 0.496534079190417
1333 0.496878872592737
1334 0.497280950851462
1335 0.497775134023797
1336 0.498201174129929
1337 0.498647174699437
1338 0.499055241269843
1339 0.499380357968952
1340 0.499772319849413
1341 0.500185028938972
1342 0.500605281147369
1343 0.501071303649663
1344 0.501516142026428
1345 0.501961936346085
1346 0.502395519233278
1347 0.502817374566632
1348 0.503243067712551
1349 0.503650240573654
1350 0.504042379026566
1351 0.504437573576142
1352 0.504818914731789
1353 0.505220151157603
1354 0.505641633576288
1355 0.506030966930775
1356 0.506387573728161
1357 0.506809091144935
1358 0.507233806810077
1359 0.507684669218568
1360 0.508206827334821
1361 0.508693197675759
1362 0.50917006623157
1363 0.509638475552437
1364 0.510113330534214
1365 0.510568862638782
1366 0.51099428509751
1367 0.511429357942478
1368 0.511873098779087
1369 0.512289663479961
1370 0.512705243118999
1371 0.513094270038091
1372 0.513463245828369
1373 0.513813543588697
1374 0.514118067181074
1375 0.514392318444278
1376 0.514625107585472
1377 0.514819762505031
1378 0.514961390791199
1379 0.515051082639656
1380 0.515140739980116
1381 0.51518296508308
1382 0.515220930452315
1383 0.515279987590614
1384 0.515262285399692
1385 0.515207471303908
1386 0.515095264993656
1387 0.514928704328599
1388 0.514725444507418
1389 0.514503368325338
1390 0.514186846316761
1391 0.513777006094869
1392 0.513372615350596
1393 0.512876939860673
1394 0.512414935043283
1395 0.511998571493657
1396 0.511520424490523
1397 0.511042472268218
1398 0.510489507290908
1399 0.509874443818711
1400 0.509227475646001
1401 0.508523495725193
1402 0.507787102165139
1403 0.507027110529065
1404 0.506244186664933
1405 0.505488903430357
1406 0.504710058048774
1407 0.503990172352531
1408 0.50327790716565
1409 0.502653307341149
1410 0.502054388271473
1411 0.50155518947826
1412 0.501098250398227
1413 0.500799110929576
1414 0.500558464167833
1415 0.50051743738236
1416 0.500640050674796
1417 0.500875162611763
1418 0.501290579862353
1419 0.501750366883251
1420 0.502391998412053
1421 0.502954139059218
1422 0.503577337498107
1423 0.504146833131106
1424 0.504676346136139
1425 0.50520535583679
1426 0.505737664860534
1427 0.506235463234381
1428 0.506705062913564
1429 0.507162618860334
1430 0.507567156464004
1431 0.508007069831273
1432 0.50845922614694
1433 0.508911316375188
1434 0.509365220726948
1435 0.509857573056643
1436 0.51032880467988
1437 0.510796116561145
1438 0.511260004012553
1439 0.511729803580861
1440 0.512185330983604
1441 0.512650681224588
1442 0.513059326454252
1443 0.513444946394976
1444 0.513803784674371
1445 0.514124363094053
1446 0.514424517905584
1447 0.514700017741091
1448 0.514968304321487
1449 0.515179875195952
1450 0.515441571381457
1451 0.51570198753238
1452 0.516007473497436
1453 0.516369529246787
1454 0.516701572645646
1455 0.517078954231762
1456 0.51738971566012
1457 0.51764634163485
1458 0.517918504016761
1459 0.518143126701719
1460 0.518413166746393
1461 0.518727539470897
1462 0.519009797907058
1463 0.519257322322079
1464 0.519567717590824
1465 0.519903930204458
1466 0.520237475419521
1467 0.520648658687318
1468 0.521008744922809
1469 0.521351086082024
1470 0.521639368879041
1471 0.521920767096189
1472 0.522203535719187
1473 0.522432433891316
1474 0.522709795277537
1475 0.523049346091958
1476 0.523415762168471
1477 0.523829605029044
1478 0.524337894847526
1479 0.524786942379922
1480 0.525265048640203
1481 0.525662809890007
1482 0.526035145313111
1483 0.526365912591269
1484 0.526613479356768
1485 0.526912366029413
1486 0.527194240086337
1487 0.527509008619248
1488 0.527845576596065
1489 0.528188128032529
1490 0.528564021494495
1491 0.528903610827412
1492 0.529243194278983
1493 0.529563074135266
1494 0.529851412783476
1495 0.530148050357633
1496 0.530418223874358
1497 0.530733102716992
1498 0.531081118539403
1499 0.531407843651688
1500 0.531755831709369
1501 0.532088020523473
1502 0.532416079993847
1503 0.532705781711671
1504 0.532959534201541
1505 0.533242218874101
1506 0.533503493473893
1507 0.533772668376484
1508 0.534087397402549
1509 0.534366475054724
1510 0.534618418418661
1511 0.534865067242007
1512 0.535077541775763
1513 0.535321425851288
1514 0.53556001374895
1515 0.535822617097695
1516 0.5361028089649
1517 0.536428426041297
1518 0.536749762128538
1519 0.537042417829983
1520 0.537357809489349
1521 0.537652794680959
1522 0.537964519064172
1523 0.538293504631775
1524 0.53858012396248
1525 0.538861531756406
1526 0.539121737643172
1527 0.539353507377456
1528 0.53957220848818
1529 0.539759708362312
1530 0.539987410548727
1531 0.540195525383221
1532 0.540451236833322
1533 0.54077099716547
1534 0.541040908323947
1535 0.541305180958212
1536 0.541569362557495
1537 0.541822456177952
1538 0.542071822890895
1539 0.542332644620731
1540 0.542563260636743
1541 0.542771480447969
1542 0.542975156379893
1543 0.54314100277055
1544 0.54335614551637
1545 0.543590550869759
1546 0.543818552119491
1547 0.544070337877066
1548 0.544316401971221
1549 0.54453904592649
1550 0.544795308129881
1551 0.545100179447922
1552 0.545358977066048
1553 0.545623706723804
1554 0.545848883285706
1555 0.546048585386732
1556 0.54621160517455
1557 0.546310039229316
1558 0.54645649837951
1559 0.546559735246398
1560 0.546732964447349
1561 0.546994558877566
1562 0.547205358951459
1563 0.547405341916927
1564 0.547636535393358
1565 0.547869532960418
1566 0.548102634466027
1567 0.548390923221054
1568 0.548627017113797
1569 0.548809838750947
1570 0.549014868994113
1571 0.54921392278218
1572 0.549411872909454
1573 0.549636312410476
1574 0.549822744189242
1575 0.549959709182887
1576 0.550131796058308
1577 0.550266507361367
1578 0.550466382580143
1579 0.550767138147952
1580 0.551003088027076
1581 0.551244965270878
1582 0.551470916051474
1583 0.551639796710031
1584 0.551825488114628
1585 0.551994702915252
1586 0.55220879357973
1587 0.552460738925572
1588 0.552694462990064
1589 0.552975734091966
1590 0.553219927362277
1591 0.553410717513082
1592 0.553619042214172
1593 0.553844127819988
1594 0.554038598718197
1595 0.554205853608095
1596 0.554389305353544
1597 0.554551154738727
1598 0.554725830198834
1599 0.55493717448545
1600 0.555127194255595
1601 0.555296600658214
1602 0.555493303752082
1603 0.555708477307861
1604 0.555904754868449
1605 0.556098559355576
1606 0.556285579702903
1607 0.556523344833637
1608 0.556769210838556
1609 0.557017973068958
1610 0.557312514105652
1611 0.557577580197958
1612 0.557827443378407
1613 0.558050820374419
1614 0.558280443328889
1615 0.558480248704571
1616 0.55863273213152
1617 0.558799435843248
1618 0.558948786286129
1619 0.559166885386222
1620 0.559389906253291
1621 0.559647211005889
1622 0.559993355109692
1623 0.560235564722198
1624 0.560440313266903
1625 0.560658378731554
1626 0.560840166913446
1627 0.561060746468027
1628 0.561304705839694
1629 0.561529179024242
1630 0.561774183206475
1631 0.561943908202964
1632 0.562081278742819
1633 0.562207572812084
1634 0.562266827180347
1635 0.562395639644789
1636 0.562537775516337
1637 0.562707474080355
1638 0.562899919445543
1639 0.563126639017643
1640 0.563382282266212
1641 0.5636476203739
1642 0.563955629303516
1643 0.564232647897016
1644 0.564518851431735
1645 0.564763357674543
1646 0.564974964235527
1647 0.565218970110418
1648 0.565462963469416
1649 0.565687187993508
1650 0.565942688900141
1651 0.566108414155266
1652 0.566189831055294
1653 0.566353233649803
1654 0.566501145976235
1655 0.566717040623779
1656 0.566947025393985
1657 0.567153155432204
1658 0.567371396911848
1659 0.56768226217828
1660 0.567964246659504
1661 0.568182991814643
1662 0.568489858965428
1663 0.568654683610034
1664 0.568756565631751
1665 0.568984805720168
1666 0.569167173149087
1667 0.569343738380522
1668 0.569578090547485
1669 0.56976541364876
1670 0.569908550948497
1671 0.570124557230905
1672 0.57040780842367
1673 0.570729868659297
1674 0.5710672253352
1675 0.571428553357864
1676 0.571776239557517
1677 0.572005704642418
1678 0.572210582140935
1679 0.572386604949789
1680 0.572536507079888
1681 0.572757544678212
1682 0.573011351878405
1683 0.573298339105927
1684 0.573560848224255
1685 0.573800550653348
1686 0.574109818914977
1687 0.57443483616572
1688 0.574768282590703
1689 0.57510841071332
1690 0.575375489534664
1691 0.57558477155509
1692 0.575741316639475
1693 0.575885341234981
1694 0.576125379260884
1695 0.576394318115609
1696 0.576625982800036
1697 0.576848598090385
1698 0.577041925109535
1699 0.577232037714072
1700 0.577433673678408
1701 0.577683976201677
1702 0.577908942332689
1703 0.578092775769687
1704 0.578314585204423
1705 0.578522308507647
1706 0.578796915862924
1707 0.579202663771842
1708 0.579435705176211
1709 0.579619370927399
1710 0.57980453426478
1711 0.57983633028479
1712 0.579969170425599
1713 0.58022560370038
1714 0.580380438590429
1715 0.580475478728473
1716 0.58060193017464
1717 0.580702812000357
1718 0.580800784440922
1719 0.580929680262667
1720 0.58104950501885
1721 0.581114674117093
1722 0.581240138887148
1723 0.58136955102761
1724 0.581557115985801
1725 0.581810126785167
1726 0.582079441581112
1727 0.582472335028006
1728 0.582700426356863
1729 0.582868623513147
1730 0.582996651253396
1731 0.582978952217291
1732 0.583048460861109
1733 0.583140253945708
1734 0.583218068018329
1735 0.583331227352926
1736 0.583431667953231
1737 0.58350583268283
1738 0.583618733369202
1739 0.583724992919792
1740 0.583854237255988
1741 0.583999038827815
1742 0.584122224181482
1743 0.584247483179592
1744 0.584294240165261
1745 0.584425972579495
1746 0.584649960685988
1747 0.584903900630176
1748 0.585257149968706
1749 0.585538865991752
1750 0.58572812743847
1751 0.585892025557621
1752 0.586021191573404
1753 0.586216408843353
1754 0.586449948279751
1755 0.586614018927294
1756 0.586739455645988
1757 0.58688137362952
1758 0.587010547130626
1759 0.587152778604449
1760 0.587386319661038
1761 0.587629422821282
1762 0.587853200040068
1763 0.588089378255949
1764 0.588250737470319
1765 0.588323852507694
1766 0.588381943714706
1767 0.58846070331985
1768 0.588575708692272
1769 0.588705180679683
1770 0.588812482758942
1771 0.588896286269343
1772 0.588920659373325
1773 0.588962361862421
1774 0.588968610229256
1775 0.589036343035744
1776 0.5891217581552
1777 0.589252787212895
1778 0.589446880973269
1779 0.589641264636133
1780 0.589850951814105
1781 0.590119633964555
1782 0.590403434912479
1783 0.590688229632644
1784 0.590984032589385
1785 0.591280528749534
1786 0.591534132276143
1787 0.591725288227923
1788 0.591941040390458
1789 0.592134054325809
1790 0.592279699086093
1791 0.592566520457159
1792 0.59294967535404
1793 0.593342693900338
1794 0.593671108541629
1795 0.593865487370207
1796 0.594040575852449
1797 0.594237338965868
1798 0.594510592225868
1799 0.594839639137947
1800 0.595142108023923
1801 0.59779783811989
1802 0.597903389512013
1803 0.598161717663262
1804 0.598241133920363
1805 0.598320896410907
1806 0.598375213281245
1807 0.598481598616701
1808 0.598480256328704
1809 0.598662575377654
1810 0.599035436819805
1811 0.59927350722588
1812 0.599527263001146
1813 0.599789811605633
1814 0.599881917821312
1815 0.599906298448893
1816 0.599958438177921
1817 0.599900452262876
1818 0.599959992926021
1819 0.600090006352423
1820 0.600218867838595
1821 0.600240969489907
1822 0.600375161513211
1823 0.600442307860836
1824 0.600542869129722
1825 0.600666628869989
1826 0.600881676891026
1827 0.600988504034675
1828 0.601031393406559
1829 0.601129235117481
1830 0.601247109981838
1831 0.601379618124163
1832 0.601411933285418
1833 0.601391874446413
1834 0.601333309647393
1835 0.601226220122796
1836 0.601205911840295
1837 0.601266653071351
1838 0.601320450542547
1839 0.601376470460032
1840 0.601492148302577
1841 0.601624726359345
1842 0.601685441920802
1843 0.601760578268767
1844 0.601879971839468
1845 0.601916466766879
1846 0.601981953947494
1847 0.602039401679425
1848 0.602100689036021
1849 0.602051762079647
1850 0.602119600327963
1851 0.602090441484263
1852 0.60200035592378
1853 0.60202980327897
1854 0.601956103317392
1855 0.601881803172891
1856 0.601773749923914
1857 0.601576383682095
1858 0.601385708779823
1859 0.601151123392215
1860 0.600951406814565
1861 0.600793208567915
1862 0.600469066227028
1863 0.600032918691514
1864 0.599502480110013
1865 0.598767835910787
1866 0.598107035496039
1867 0.597490355331099
1868 0.59688383782072
1869 0.596292738426737
1870 0.595787846084012
1871 0.595199402024753
1872 0.59467650355456
1873 0.594077156445404
1874 0.593360717893153
1875 0.5926159267588
1876 0.591702957694045
1877 0.590746681677864
1878 0.589638053522305
1879 0.588451233279172
1880 0.587039106479394
1881 0.585459837537619
1882 0.583742495928729
1883 0.581874991308768
1884 0.57991514101596
1885 0.577861275670757
1886 0.575579570210987
1887 0.573169579408245
1888 0.570693964534681
1889 0.568130663734743
1890 0.565412769927701
1891 0.562583151794417
1892 0.559565632108714
1893 0.556399261662781
1894 0.553056197734247
1895 0.549476061899324
1896 0.545910360312678
1897 0.542294642792977
1898 0.538623679865971
1899 0.535199375789871
1900 0.531944074753837
1901 0.528764161822876
1902 0.525662514993542
1903 0.52281480524905
1904 0.520063560263533
1905 0.517586988183799
1906 0.515384588507173
1907 0.513443062755701
1908 0.511792914583349
1909 0.510416949963048
1910 0.509240627537892
1911 0.508287045095759
1912 0.507584373087347
1913 0.507160956683748
1914 0.506887143634027
1915 0.50677435866787
1916 0.506695854109257
1917 0.506669190361026
1918 0.506868574371907
1919 0.507240311764491
1920 0.507807639355037
1921 0.508456225850934
1922 0.509354011197325
1923 0.510119345911039
1924 0.510904811737373
1925 0.511739280097231
1926 0.512534269429916
1927 0.513274818825598
1928 0.514051615252899
1929 0.514877488648157
1930 0.515667438536217
1931 0.516477474444973
1932 0.517289681499363
1933 0.518080003203274
1934 0.518910316316421
1935 0.519774786526565
1936 0.52063339764977
1937 0.521491396984157
1938 0.522364168747162
1939 0.523206835585254
1940 0.523966854108509
1941 0.524725461093117
1942 0.525517236562869
1943 0.526320588501513
1944 0.527142229051055
1945 0.527968626384716
1946 0.528813225558512
1947 0.529643937124067
1948 0.530494798913416
1949 0.531294211816693
1950 0.532059676159711
1951 0.532780380155559
1952 0.533443793089526
1953 0.534128825934436
1954 0.534846090622408
1955 0.535592206654467
1956 0.536371153780685
1957 0.537190349648575
1958 0.537974401161159
1959 0.538782718910753
1960 0.539589085550082
1961 0.540323817277262
1962 0.540981399439065
1963 0.541661390558722
1964 0.542473149815709
1965 0.543259643369818
1966 0.544142890268074
1967 0.545004407301617
1968 0.545885188679923
1969 0.546715456505573
1970 0.547594339786618
1971 0.548376857108212
1972 0.549105529557292
1973 0.549806340837012
1974 0.550423415983701
1975 0.551062249487481
1976 0.551767979129054
1977 0.552564277062437
1978 0.55330960712895
1979 0.554120005257017
1980 0.554837793789641
1981 0.555447047285653
1982 0.55613536631358
1983 0.556839692854835
1984 0.557545476206113
1985 0.558216586056961
1986 0.559018566465239
1987 0.55988785769954
1988 0.560692295993037
1989 0.561565051939528
1990 0.562396667375366
1991 0.563171579015769
1992 0.56382297368102
1993 0.564566178568252
1994 0.565295880994845
1995 0.566083864441141
1996 0.566937343541996
1997 0.567769159178294
1998 0.568682788524342
1999 0.569508839930439
2000 0.570219043846236
2001 0.570864406086211
2002 0.571518347077634
2003 0.57202275870226
2004 0.572724365983005
2005 0.573564140307025
2006 0.574291073232095
2007 0.575072466906216
2008 0.575778662938018
2009 0.576409477328509
2010 0.577026364571401
2011 0.577656098862199
2012 0.578200882896333
2013 0.578661746831754
2014 0.579071322260542
2015 0.57954732814729
2016 0.579986155184792
2017 0.580505222255976
2018 0.581078756231783
2019 0.581676600533301
2020 0.5823592319376
2021 0.582943470719574
2022 0.583543575476731
2023 0.584098496160418
2024 0.584550872527591
2025 0.585051327871314
2026 0.585514865816617
2027 0.586024580626746
2028 0.586592970810977
2029 0.587100834539023
2030 0.587567350402736
2031 0.588025774498768
2032 0.588446150596967
2033 0.588750562398513
2034 0.589156795786332
2035 0.589633937143087
2036 0.590075661578975
2037 0.59050001540938
2038 0.590946830054723
2039 0.591390522138475
2040 0.59181877370177
2041 0.592315507485588
2042 0.592930216220522
2043 0.593453205949609
2044 0.593983428522518
2045 0.594483377305125
2046 0.59499924219081
2047 0.595400535427546
2048 0.595748415893696
2049 0.596070884510234
2050 0.596249592951627
2051 0.596477832691842
2052 0.596677666567777
2053 0.596959604003347
2054 0.597298294058542
2055 0.597616224883834
2056 0.597966281462687
2057 0.598422691339865
2058 0.598741725722464
2059 0.598990077953866
2060 0.599293567035852
2061 0.599534178528304
2062 0.599832135531544
2063 0.600199261750224
2064 0.600528972438467
2065 0.600876518831738
2066 0.601200033738751
2067 0.601522345273372
2068 0.601792550012732
2069 0.602060418529995
2070 0.602359883479784
2071 0.602675022462155
2072 0.603042874141189
2073 0.603318678638403
2074 0.60352546384034
2075 0.603826250348677
2076 0.604133940100685
2077 0.604426115874085
2078 0.60477194259431
2079 0.605118416036087
2080 0.60543400905381
2081 0.605754544647542
2082 0.606156923449749
2083 0.60648761205628
2084 0.606863678210491
2085 0.607028967644144
2086 0.60715344417546
2087 0.607146233733368
2088 0.607289014995759
2089 0.60734719919965
2090 0.607543764433672
2091 0.607927981754556
2092 0.608203574064372
2093 0.60844708393174
2094 0.60871883833276
2095 0.609009771827161
2096 0.609278709395898
2097 0.609578271841435
2098 0.609839391828328
2099 0.610040163607345
2100 0.610283584106135
2101 0.610540786599004
2102 0.610681653874067
2103 0.610867662896361
2104 0.611030212816096
2105 0.611243605367232
2106 0.611479082885198
2107 0.61168282318139
2108 0.611895534472087
2109 0.612134102763278
2110 0.612323925487047
2111 0.612597120644918
2112 0.612967622325183
2113 0.613297896429944
2114 0.613653480233243
2115 0.613987265794929
2116 0.614297554362935
2117 0.614596821262141
2118 0.614889321908978
2119 0.61539211230021
2120 0.615837566610449
2121 0.616432954389637
2122 0.61677222148956
2123 0.616958942663455
2124 0.61725181979408
2125 0.617494875677519
2126 0.617709889296282
2127 0.618041470954175
2128 0.618229732216039
2129 0.618187788532187
2130 0.618278178514083
2131 0.618347130408934
2132 0.618496107276489
2133 0.618716988043022
2134 0.619021442661989
2135 0.619193939351372
2136 0.61926262201605
2137 0.61933554498246
2138 0.619306524623783
2139 0.619242103564421
2140 0.619199819880425
2141 0.61906871573857
2142 0.61877645198652
2143 0.618568501879063
2144 0.618387549657365
2145 0.618152303129345
2146 0.617933608570127
2147 0.61762990385559
2148 0.617211095206535
2149 0.616861008723015
2150 0.61649880546545
2151 0.616127394476717
2152 0.615749155807939
2153 0.615449337309902
2154 0.615092356805192
2155 0.614654414037381
2156 0.614185665474626
2157 0.613681496050378
2158 0.613154529167071
2159 0.612650828124133
2160 0.611920199128462
2161 0.611000352131203
2162 0.610222853380074
2163 0.609287231763778
2164 0.608493863227223
2165 0.607843150176527
2166 0.607223198071399
2167 0.606660082168393
2168 0.606053462197816
2169 0.605545496367304
2170 0.604985183285585
2171 0.604343293509875
2172 0.603694400397213
2173 0.603132287915089
2174 0.602349256417404
2175 0.601737364177858
2176 0.601161466497103
2177 0.600521592917707
2178 0.599945885470477
2179 0.599254204778164
2180 0.598377568423171
2181 0.597686380087649
2182 0.59709822743648
2183 0.596411018390017
2184 0.595825953436703
2185 0.595046960604248
2186 0.59409944170331
2187 0.593163745071928
2188 0.591951011914533
2189 0.591083552018063
2190 0.590543556199527
2191 0.589745592944576
2192 0.589008712447678
2193 0.588232088342745
2194 0.5873149748652
2195 0.586222525256786
2196 0.585215119040815
2197 0.584483960142165
2198 0.58366832573938
2199 0.582812914823488
2200 0.582014902031039
2201 0.581294505265323
2202 0.580611048887659
2203 0.579907796436442
2204 0.579293250566765
2205 0.5786658789874
2206 0.578320415648557
2207 0.578118860685244
2208 0.578032309224251
2209 0.578178365253368
2210 0.578420779117362
2211 0.578639680101901
2212 0.579182665922414
2213 0.580085923331835
2214 0.580994428003356
2215 0.582336544432377
2216 0.583333177408626
2217 0.584199506656704
2218 0.585057634662197
2219 0.585623056333003
2220 0.586158052114757
2221 0.586851138725846
2222 0.587690734012348
2223 0.588197730472798
2224 0.588640149158306
2225 0.589046774627748
2226 0.589182638292841
2227 0.589476063275428
2228 0.589875643636412
2229 0.59024673482042
2230 0.590582359333255
2231 0.590886315848504
2232 0.591214138025864
2233 0.591550967314753
2234 0.591913748810739
2235 0.592128642064429
2236 0.59243601655499
2237 0.592468234923092
2238 0.592126736344774
2239 0.591906847468206
2240 0.59140406256604
2241 0.591275281811778
2242 0.591532969513579
2243 0.591547475491698
2244 0.591693265137343
2245 0.591720400994353
2246 0.591413219464198
2247 0.591338212123647
2248 0.591437417097418
2249 0.591449289097756
2250 0.591680969970788
2251 0.592111855177531
2252 0.59236162960714
2253 0.59263557911002
2254 0.592985587165352
2255 0.593322845651764
2256 0.593584910116478
2257 0.59409718174886
2258 0.594133894818478
2259 0.593615511796981
2260 0.593602335571498
2261 0.593594360258321
2262 0.593637130185155
2263 0.594106852912016
2264 0.594222321855093
2265 0.593959076307397
2266 0.594007882417642
2267 0.594102679377434
2268 0.594241022170879
2269 0.594640798949573
2270 0.594870338376722
2271 0.595128385270627
2272 0.595198493404209
2273 0.595036721063017
2274 0.59497757313275
2275 0.594682829242303
2276 0.594632291634207
2277 0.595062651835157
2278 0.594968432100673
2279 0.594881747272019
2280 0.594944798092059
2281 0.594531886495235
2282 0.594102347813886
2283 0.594088555667965
2284 0.593978954318712
2285 0.59387644888157
2286 0.593999526896114
2287 0.593862068501808
2288 0.593572503845671
2289 0.59318967585761
2290 0.592534110091539
2291 0.592332805204515
2292 0.592307621800922
2293 0.592010721805788
2294 0.591950170622948
2295 0.591675906582547
2296 0.59076299774805
2297 0.590572101080717
2298 0.590829831617857
2299 0.590954736004177
2300 0.591292947287574
2301 0.591642727110479
2302 0.59228614650581
2303 0.592335308295796
2304 0.592155811100868
2305 0.591963045393356
2306 0.591130493244659
2307 0.590735711042936
2308 0.590823606077206
2309 0.590568526560015
2310 0.589919348440291
2311 0.589803668838951
2312 0.589970440474507
2313 0.589872012580262
2314 0.590293044103098
2315 0.590174150789767
2316 0.589316054041387
2317 0.588828465613077
2318 0.58818224103678
2319 0.587755710532889
2320 0.587905907823306
2321 0.587449839299531
2322 0.586845772462448
2323 0.586223084683307
2324 0.585451666893444
2325 0.585124994136648
2326 0.584746367685373
2327 0.584526835775928
2328 0.583960342555315
2329 0.583429707966793
2330 0.583147355575439
2331 0.582819334374285
2332 0.582618794807671
2333 0.581884814242607
2334 0.581832260503791
2335 0.581962877570445
2336 0.581934907063197
2337 0.582439743470345
2338 0.582161052975293
2339 0.581220727390932
2340 0.580702126087602
2341 0.580111271649146
2342 0.579411316460667
2343 0.578762234999968
2344 0.578078741468777
2345 0.577041321348298
2346 0.576489091746123
2347 0.576079183909532
2348 0.576150950655128
2349 0.577015438523229
2350 0.576893580897426
2351 0.576517528310329
2352 0.576422208303601
2353 0.575878152863982
2354 0.575624751823111
2355 0.576269105013141
2356 0.575830450908622
2357 0.574154802956577
2358 0.573733095977972
2359 0.573551546640252
2360 0.573423144885327
2361 0.574289163154638
2362 0.574233643312855
2363 0.573082370767786
2364 0.573352329494735
2365 0.574397535056063
2366 0.574803678338639
2367 0.576010491937624
2368 0.576190737785138
2369 0.57539818655209
2370 0.574576031497879
2371 0.573170764968175
2372 0.572197052626892
2373 0.570993570553286
2374 0.569983188445535
2375 0.569485236316494
2376 0.568870957483444
2377 0.56809265904944
2378 0.56748936321241
2379 0.566956125251607
2380 0.56652782232496
2381 0.566156094563002
2382 0.565932999582673
2383 0.566374993272613
2384 0.5660286876711
2385 0.564942249503403
2386 0.564393982026524
2387 0.563557994014654
2388 0.563106141889203
2389 0.563558194815641
2390 0.563377520774713
2391 0.562418186293183
2392 0.562521937003331
2393 0.563245909960899
2394 0.563543555695439
2395 0.564464599400443
2396 0.564979014728317
2397 0.565095137839076
2398 0.564959674802636
2399 0.564879632381165
2400 0.564065698492908
2401 0.561971785028789
2402 0.560700734575923
2403 0.559316878089385
2404 0.558910624987625
2405 0.55986803480191
2406 0.559565410396558
2407 0.559187308142719
2408 0.55821728317268
2409 0.555613025603558
2410 0.554701438507516
2411 0.554815867351877
2412 0.554609216026538
2413 0.555408729075601
2414 0.554748087363411
2415 0.552778803655789
2416 0.55216676225164
2417 0.552192144939442
2418 0.55085332948362
2419 0.548977107985281
2420 0.547568794280802
2421 0.544631010217979
2422 0.543696252904092
2423 0.544850913083059
2424 0.545628513073815
2425 0.546904809278428
2426 0.547508335733373
2427 0.548687214828314
2428 0.54840194339922
2429 0.547172863681167
2430 0.545710194904574
2431 0.543165681236957
2432 0.541606505300153
2433 0.539352676693655
2434 0.538416172417133
2435 0.539435168561014
2436 0.538063837079817
2437 0.535992298684771
2438 0.534686698429984
2439 0.531776542576769
2440 0.530841691094312
2441 0.532726341564232
2442 0.530671252409903
2443 0.528314327358899
2444 0.528394566773129
2445 0.526454958634347
2446 0.526585513976598
2447 0.528418374864341
2448 0.525241675064883
2449 0.522324884842371
2450 0.521369060521635
2451 0.520561639065887
2452 0.52132980359275
2453 0.521841713311482
2454 0.520816942782225
2455 0.518998465782944
2456 0.519652677572786
2457 0.521024460592755
2458 0.521156163998181
2459 0.521394614715199
2460 0.520431174623411
2461 0.518809207561324
2462 0.517823379635186
2463 0.51727647422789
2464 0.515884428594547
2465 0.515627323871879
2466 0.517173182690293
2467 0.517117459004399
2468 0.5170277687349
2469 0.516302390350706
2470 0.513974721263052
2471 0.512790119266205
2472 0.511072934790741
2473 0.510560030135716
2474 0.512457529035223
2475 0.511521495530616
2476 0.509736883658818
2477 0.509273514426659
2478 0.506262871479728
2479 0.506089693815867
2480 0.509875854547436
2481 0.510096155928681
2482 0.510216061095652
2483 0.508725691696017
2484 0.503936662516862
2485 0.50154878236777
2486 0.499006480864745
2487 0.497686746910025
2488 0.498665687234031
2489 0.498448396127088
2490 0.498457728001589
2491 0.495253132307636
2492 0.492664682037743
2493 0.493382797809183
2494 0.492446204938229
2495 0.493920818198362
2496 0.495003418401544
2497 0.491110366650529
2498 0.488547147296369
2499 0.486702125252372
2500 0.486703671832466
