"Wavelength" "M015a_m2-w1"
350 0.0895324690486393
351 0.0868181116723899
352 0.0855267049765934
353 0.0862273070773125
354 0.0869995624286108
355 0.0822603223286929
356 0.0858505606963668
357 0.0928143227671522
358 0.0846783779870783
359 0.084012841281542
360 0.0824929360073278
361 0.0770663227690802
362 0.0818192394372504
363 0.0871566454678562
364 0.0879805922397381
365 0.0830023277610848
366 0.0784332610348699
367 0.0786247283058609
368 0.0823036557048919
369 0.0845972534738526
370 0.0817880632484493
371 0.0791694803151604
372 0.0786241263931293
373 0.0767141499686578
374 0.0793438843731364
375 0.0814269827568253
376 0.0794479519742212
377 0.080014498603934
378 0.0808335249201675
379 0.080011021721668
380 0.0767975536739713
381 0.0754623989102177
382 0.0769106353613063
383 0.0788009715983244
384 0.0764802283715325
385 0.0723927518135639
386 0.0717268034586456
387 0.0756088567286741
388 0.0760167271711947
389 0.0777437836500006
390 0.0785852562978815
391 0.0759373879923379
392 0.075937737525618
393 0.075523945317165
394 0.0742377281897035
395 0.0739540837835965
396 0.0745987496156349
397 0.0746887204315763
398 0.0742493088422046
399 0.0767940065715701
400 0.0761275058139428
401 0.0744818805656966
402 0.0752511848154712
403 0.0750147725460097
404 0.0742806113863854
405 0.0739074646823314
406 0.0746781233604098
407 0.0745341752336812
408 0.0739529916010115
409 0.0738364022098378
410 0.0753794598852185
411 0.0753291042979084
412 0.0748077035757493
413 0.0755955689567163
414 0.0757510689894967
415 0.0753145454258559
416 0.0752008541568484
417 0.0766731464737564
418 0.0759115240120032
419 0.0751209160890459
420 0.0758924496169473
421 0.0766450630553934
422 0.0770131005620102
423 0.0773537248317336
424 0.0779928146414537
425 0.0771814362797313
426 0.0772765674484311
427 0.0782136288765508
428 0.0775097330055573
429 0.0775668092469258
430 0.0780211374042864
431 0.0783700341469019
432 0.0792601546329448
433 0.0792113870907507
434 0.0790217058101918
435 0.0801077959047175
436 0.0804389285690362
437 0.0804051743046927
438 0.0803880428081182
439 0.0804899588971974
440 0.0807245570493367
441 0.0809890984800349
442 0.081188048007623
443 0.0813376893805206
444 0.0816081652511335
445 0.0819625278307803
446 0.0822566141686306
447 0.0826819557439044
448 0.0830840310188251
449 0.0832273541370435
450 0.0827494368624894
451 0.083047648370755
452 0.0835115962391857
453 0.0833185854508093
454 0.0837825005503423
455 0.084060644354848
456 0.0840987428469788
457 0.0845340094214717
458 0.0848391019708688
459 0.0849637172048876
460 0.08495252268741
461 0.0847980294019036
462 0.085145317421386
463 0.0855615316436496
464 0.0853567505231358
465 0.0855009317803365
466 0.0858664032630245
467 0.0861170093785203
468 0.0857825116252761
469 0.0858980238138383
470 0.0863239566712025
471 0.0867092155446072
472 0.0871261204221785
473 0.0872586979378405
474 0.0872647893367497
475 0.087559972133613
476 0.087638265816614
477 0.0875891774150596
478 0.0876069461552427
479 0.0879524537880119
480 0.0881788715742188
481 0.0884442728219105
482 0.0889657208883027
483 0.0890177996981568
484 0.0891016510325334
485 0.0894182374189617
486 0.0897644206525273
487 0.090151944227284
488 0.0903409485988694
489 0.090258379940745
490 0.0904359573844956
491 0.0908536266427719
492 0.0912855067053389
493 0.0914205893319278
494 0.0914671016925868
495 0.0916436912773346
496 0.0920170491052299
497 0.0923859749412226
498 0.0928877214110992
499 0.0932786492186512
500 0.0933390612134578
501 0.0936743730237674
502 0.0939765782596302
503 0.0941376808862255
504 0.0943233115612801
505 0.0947048750492695
506 0.0951374609582397
507 0.095456714164555
508 0.0956908533888051
509 0.0958177943578229
510 0.0960256288438172
511 0.0965689417452237
512 0.0968710707857651
513 0.097129584990245
514 0.0974921472424753
515 0.0977949802070518
516 0.0980756361135526
517 0.0983205089017484
518 0.0985403464693258
519 0.0989774154563595
520 0.0994202087003253
521 0.0997259738331878
522 0.0998736671303019
523 0.100077755513314
524 0.100415745909651
525 0.100864834815427
526 0.101212273913399
527 0.101568751289909
528 0.101937135871326
529 0.102241716158565
530 0.102588723655413
531 0.102987399193398
532 0.103406378162199
533 0.103767027045744
534 0.104075838400672
535 0.104366609748359
536 0.104684596376232
537 0.105031591557182
538 0.105379202235274
539 0.105737804567041
540 0.106187295339915
541 0.106573332962332
542 0.106906734785372
543 0.107247255163177
544 0.107608648798879
545 0.107992570420725
546 0.108386223813535
547 0.108764349699169
548 0.109133062799843
549 0.109545653407434
550 0.110033460915839
551 0.110548312282105
552 0.110979361210116
553 0.111367561967565
554 0.111843502849176
555 0.112303846899297
556 0.11273751281189
557 0.11315935704637
558 0.113617512530142
559 0.114002029321826
560 0.114367522238638
561 0.114803331279871
562 0.115128342337773
563 0.115487493165472
564 0.115892614650987
565 0.11613758119021
566 0.116467653040719
567 0.116796359392945
568 0.117019093075839
569 0.117359003482569
570 0.117781782645369
571 0.118232845422595
572 0.118650991817016
573 0.119121006006879
574 0.119565830173048
575 0.119934236527305
576 0.120345637055803
577 0.120723400659074
578 0.121027992272804
579 0.121256834212781
580 0.121527376880644
581 0.12178526727885
582 0.122006592032137
583 0.122260855632822
584 0.122622119050943
585 0.122992903888179
586 0.123256810979322
587 0.123605063809489
588 0.123955479756887
589 0.124278164840012
590 0.12462842126928
591 0.12490041212296
592 0.125192222593052
593 0.125585730000813
594 0.125886421718045
595 0.126173086187768
596 0.126489330695316
597 0.126839304377802
598 0.127124569723387
599 0.127455371606123
600 0.127866330961171
601 0.128098144925179
602 0.128306915470169
603 0.128555288539781
604 0.128853938275632
605 0.129171344089776
606 0.129478591372508
607 0.129763164588458
608 0.13003626734572
609 0.130302086702925
610 0.130549192821079
611 0.130780230205268
612 0.131092450624552
613 0.131452985847615
614 0.131811406311738
615 0.13210974200464
616 0.132368242699236
617 0.132625090658197
618 0.132920019122829
619 0.133287115617628
620 0.133636244828384
621 0.133936566034828
622 0.134205988458168
623 0.134445947758509
624 0.134723031713492
625 0.135066820286309
626 0.135408449502087
627 0.135708556178689
628 0.136000093894078
629 0.136341794201485
630 0.136679919184606
631 0.137027936810714
632 0.137383451300169
633 0.137711090812193
634 0.137994083888362
635 0.138284111381792
636 0.138624859906124
637 0.138900974465231
638 0.139234039922749
639 0.13962020885685
640 0.139925917384196
641 0.140216171612138
642 0.140518658750126
643 0.14084434611072
644 0.141181531301594
645 0.141498677308417
646 0.141824683393768
647 0.142216562010217
648 0.142599547052387
649 0.142984540978818
650 0.143367578906985
651 0.143691484165731
652 0.143971318100065
653 0.144283475259807
654 0.144692647567324
655 0.14503844952768
656 0.145369623479837
657 0.145725210292584
658 0.146113529264656
659 0.146454522416276
660 0.146791073637835
661 0.147172188767417
662 0.147550079549902
663 0.14790307263055
664 0.148267667868613
665 0.148711327551548
666 0.14910980970412
667 0.149467881039693
668 0.149822873241254
669 0.150235039485119
670 0.150664913201316
671 0.15105189247033
672 0.15135093519655
673 0.15169261319447
674 0.152068155099141
675 0.152464569644169
676 0.152882483965348
677 0.153332968439686
678 0.153748331084192
679 0.154086454781321
680 0.154489644886787
681 0.154929602465004
682 0.15536231269549
683 0.155739630538335
684 0.1560986144957
685 0.156517185451657
686 0.15700687119472
687 0.157405162021391
688 0.157786402391147
689 0.158184091023546
690 0.158609116368687
691 0.15903107462322
692 0.159461454849065
693 0.159898606180387
694 0.16031881621468
695 0.160728193878519
696 0.161136063141795
697 0.16155168182208
698 0.161975204781931
699 0.162442887449727
700 0.162928589770849
701 0.163359772293135
702 0.163797530575974
703 0.164239686233221
704 0.164688251284558
705 0.165190042506485
706 0.165650595526816
707 0.166088808755547
708 0.166562360044776
709 0.167022720823527
710 0.167466427060211
711 0.167897645925378
712 0.168324108727902
713 0.168827325735568
714 0.169355317902463
715 0.16984685739577
716 0.170351173568365
717 0.170821337679473
718 0.171276935749933
719 0.171775461757476
720 0.17222328125324
721 0.172698834608905
722 0.173237292179065
723 0.17374719189992
724 0.174202000372578
725 0.174670730984573
726 0.175222123640245
727 0.17570978183919
728 0.176156368081543
729 0.176604146986632
730 0.177101647287767
731 0.177611488315743
732 0.17810683784253
733 0.178578042561406
734 0.179050349709604
735 0.179558244222839
736 0.180079595473612
737 0.18056503596939
738 0.181015266244918
739 0.181474529540423
740 0.181957132308974
741 0.182430848851184
742 0.182950595558991
743 0.183448649107902
744 0.183893059060737
745 0.184510108298427
746 0.185056646504095
747 0.185514266435983
748 0.186017972166178
749 0.186545506179019
750 0.187019882273307
751 0.187441304975431
752 0.187959907024356
753 0.188470982605383
754 0.18897550858878
755 0.189499577925701
756 0.190038982139533
757 0.19053188787221
758 0.190988666502013
759 0.191480538901524
760 0.192033115838451
761 0.19256836562462
762 0.193036457354977
763 0.193476961049958
764 0.193984310131525
765 0.194528759720515
766 0.195043324282529
767 0.195549575809831
768 0.19604777940299
769 0.196554164252423
770 0.197093367550813
771 0.197556106205813
772 0.19804458038667
773 0.198614558191648
774 0.199137232764553
775 0.19963558020924
776 0.200138417862962
777 0.200669794789055
778 0.201188902336155
779 0.20165642432317
780 0.202123585787076
781 0.202711017820796
782 0.203225994627758
783 0.203723003966722
784 0.204242319584773
785 0.204681683710014
786 0.205185016712643
787 0.205749169372072
788 0.206305942799258
789 0.206767716104441
790 0.207281651225114
791 0.20784399200354
792 0.208316625836518
793 0.208774070456064
794 0.209269709894113
795 0.209813628715447
796 0.210339665677103
797 0.210877584232432
798 0.211443717894687
799 0.212024244347993
800 0.212499487345138
801 0.212936285842804
802 0.213381307722226
803 0.213860063902784
804 0.21439432369748
805 0.2149486662663
806 0.215488238182221
807 0.21599441291983
808 0.216512888022639
809 0.217070461327991
810 0.217650228812558
811 0.218115786441301
812 0.218585303762416
813 0.219096112485644
814 0.219625839494363
815 0.220102855812331
816 0.220587889190948
817 0.221104934403498
818 0.221616916357444
819 0.222144926993618
820 0.222628030264982
821 0.22305928072021
822 0.223601471280902
823 0.224173961781589
824 0.224687161203322
825 0.225099788746832
826 0.225637070765186
827 0.226144604912092
828 0.226599532821471
829 0.227093696994171
830 0.227591007456086
831 0.228029191030176
832 0.228449216638106
833 0.229053538415043
834 0.229579410424277
835 0.230065377697242
836 0.230592187225186
837 0.231116850742202
838 0.231561152532297
839 0.232009013895393
840 0.232575343827679
841 0.233072034795646
842 0.233523957632771
843 0.23396744228887
844 0.234438245704483
845 0.234980721499041
846 0.235482439757012
847 0.235928411413579
848 0.23650318532083
849 0.236995281089405
850 0.237454338283049
851 0.237969045480948
852 0.238525750375455
853 0.239047733382577
854 0.239549266038469
855 0.240063223273174
856 0.240463461206069
857 0.240898379228324
858 0.241411622829517
859 0.241934743027069
860 0.242339079951473
861 0.242825104065482
862 0.243425041470182
863 0.243881757014715
864 0.244349988814262
865 0.24480680536299
866 0.245242833465877
867 0.245769845722134
868 0.24638714510202
869 0.24692470747451
870 0.247262096499495
871 0.247726081886151
872 0.248219286070007
873 0.248696536637395
874 0.249163119898419
875 0.249719184062627
876 0.250279702389535
877 0.250795356235875
878 0.251271196422087
879 0.251724668792176
880 0.25217292106195
881 0.252624601110275
882 0.253076590223451
883 0.253552831226863
884 0.254094693282177
885 0.254678804541637
886 0.25512493057496
887 0.255607730467278
888 0.256071945282228
889 0.256470006032231
890 0.257078069652554
891 0.257588200341777
892 0.258041218910873
893 0.258594220561638
894 0.25899297595468
895 0.259386326649284
896 0.259856135287821
897 0.260396758284991
898 0.260899351597397
899 0.261386041809233
900 0.261873408718108
901 0.262356829481075
902 0.262862801167692
903 0.263385855112485
904 0.263900882911477
905 0.264364893991988
906 0.264819741814324
907 0.265301615070161
908 0.265819961432698
909 0.266333060074208
910 0.266819646321255
911 0.267306303818044
912 0.267797875371672
913 0.268181909222318
914 0.268608824546107
915 0.269098535185267
916 0.269607604595407
917 0.270065102549956
918 0.270516400454614
919 0.271064083101658
920 0.271780535922888
921 0.272500823790544
922 0.273039695103816
923 0.273382899571124
924 0.273662634447209
925 0.274083490764911
926 0.274617341894069
927 0.27511724894029
928 0.275417675318884
929 0.275812971803906
930 0.276334584372898
931 0.276907050881396
932 0.277394589904185
933 0.277866848523076
934 0.27833391676832
935 0.278832727444405
936 0.279418087017165
937 0.279817574254656
938 0.280232856951093
939 0.280780657607458
940 0.281339055660549
941 0.28191638670231
942 0.282422508158431
943 0.282847991006006
944 0.283330518717372
945 0.283808072771646
946 0.284197655232771
947 0.284554542221444
948 0.285172463445328
949 0.285714153815101
950 0.286169256187532
951 0.286609805979968
952 0.287094940797105
953 0.287603923193578
954 0.288051587630884
955 0.288451279629143
956 0.289057181955041
957 0.289516965229392
958 0.289867964680327
959 0.290244425762559
960 0.290727159956274
961 0.291228581892754
962 0.29172400001411
963 0.292205616569393
964 0.292660386268412
965 0.293153064130082
966 0.293619756317211
967 0.29402049117809
968 0.294456906657712
969 0.295002625601544
970 0.295507687579416
971 0.295913023441531
972 0.296516390260066
973 0.297066783910439
974 0.297529553162452
975 0.297969754808264
976 0.298524289460152
977 0.298930003199596
978 0.299255702018649
979 0.299660401287514
980 0.300273296530824
981 0.300718610157676
982 0.301166016569765
983 0.301719248216768
984 0.302105316064025
985 0.302587813417084
986 0.303188347363122
987 0.303726703057079
988 0.303849824071231
989 0.30430088739242
990 0.304848526493326
991 0.305287631963719
992 0.305758141485285
993 0.306206513582296
994 0.306535470245071
995 0.30686297414926
996 0.30750387791484
997 0.30795898898932
998 0.308451193162768
999 0.308994085260643
1000 0.30932964843212
1001 0.304739243518326
1002 0.30523157380862
1003 0.305776145978058
1004 0.306251621485997
1005 0.306729636453801
1006 0.307140733937551
1007 0.307509924646509
1008 0.307808639186073
1009 0.308156889335957
1010 0.308566650768782
1011 0.308983263887102
1012 0.30947722567338
1013 0.309961547712933
1014 0.31039611871775
1015 0.310845032049783
1016 0.31126291266175
1017 0.311672919940931
1018 0.312027890614483
1019 0.312451684970615
1020 0.312917317091097
1021 0.313355330077988
1022 0.313744704825151
1023 0.314084562072496
1024 0.314404892386702
1025 0.314747539726642
1026 0.31518347622834
1027 0.315666209897162
1028 0.316066895969421
1029 0.316476330409545
1030 0.316921046733237
1031 0.317308201379358
1032 0.31770983126651
1033 0.318146928891431
1034 0.318545838032909
1035 0.318889542633241
1036 0.319323890081255
1037 0.319688425478682
1038 0.320024601551242
1039 0.320472493309416
1040 0.320869116548277
1041 0.321300990211586
1042 0.321830370785324
1043 0.322306368077368
1044 0.322750995321813
1045 0.323242240940802
1046 0.323689333416329
1047 0.324087582263621
1048 0.324433231389127
1049 0.324785535811415
1050 0.32515237892151
1051 0.325567754882847
1052 0.326080959681051
1053 0.326582149153233
1054 0.326938311822312
1055 0.327331108056974
1056 0.327760312915811
1057 0.328143835737596
1058 0.328662342835616
1059 0.329122270937501
1060 0.329418385920457
1061 0.329776783107663
1062 0.330162696066934
1063 0.330538254522519
1064 0.330930744668381
1065 0.331386065617279
1066 0.331810944240637
1067 0.332177133007665
1068 0.332510625983414
1069 0.332852713897544
1070 0.333208272762095
1071 0.333532451498429
1072 0.333848827566074
1073 0.33420581231782
1074 0.334562499525308
1075 0.334916241657098
1076 0.335256018639762
1077 0.335616838438303
1078 0.335925364835617
1079 0.336223166618519
1080 0.336547076755622
1081 0.336850099834072
1082 0.337176249352674
1083 0.337514764887053
1084 0.337821426447345
1085 0.338159086522281
1086 0.338524147685579
1087 0.338820911733259
1088 0.339071529205234
1089 0.339361631915581
1090 0.339653400407658
1091 0.339954659712675
1092 0.340302153797786
1093 0.340619396340039
1094 0.340914461353381
1095 0.341230378612202
1096 0.341550239866832
1097 0.341843212273618
1098 0.342153699302655
1099 0.34241477699707
1100 0.342606357565792
1101 0.342862797838116
1102 0.343154921314013
1103 0.343429615676835
1104 0.343768542265346
1105 0.344077912743331
1106 0.344374760543723
1107 0.344664503654973
1108 0.344944298017702
1109 0.345197901430755
1110 0.34547808733265
1111 0.345759589786189
1112 0.346033059334644
1113 0.346318344357213
1114 0.346591535897331
1115 0.346905269745389
1116 0.347231389141244
1117 0.347555649333929
1118 0.347924481620576
1119 0.348248465871815
1120 0.348495683366675
1121 0.34879025025177
1122 0.349093507955806
1123 0.349388614650061
1124 0.349686315995411
1125 0.35002095169681
1126 0.350378636120395
1127 0.350694530710884
1128 0.351033731879562
1129 0.351381413083446
1130 0.351679106811907
1131 0.351957549717865
1132 0.352290937229995
1133 0.352598437813457
1134 0.35284741439107
1135 0.353138967079388
1136 0.353426861320927
1137 0.35366272413585
1138 0.353959053249891
1139 0.354336868867683
1140 0.35464994598512
1141 0.354955610208367
1142 0.355258832496037
1143 0.355545821791697
1144 0.355801505027991
1145 0.356093984347288
1146 0.356416484987811
1147 0.356728488798147
1148 0.357029237173492
1149 0.357311160431623
1150 0.357559512565538
1151 0.357862720834055
1152 0.358169409357517
1153 0.358456424938037
1154 0.358770899045752
1155 0.359062373170719
1156 0.359298539525636
1157 0.359572224412103
1158 0.359876931340147
1159 0.360145129071899
1160 0.360392475461401
1161 0.360668159369743
1162 0.360936868303602
1163 0.361225792894146
1164 0.361506472926608
1165 0.361802514357321
1166 0.362111825931539
1167 0.362377393623869
1168 0.362663493694161
1169 0.362982838055153
1170 0.363280550806749
1171 0.363574807173315
1172 0.36385685817708
1173 0.364127872768975
1174 0.364398963362422
1175 0.364649988979423
1176 0.364921401077895
1177 0.365209342025493
1178 0.365485463101336
1179 0.365757186269572
1180 0.366036562216985
1181 0.366333343817628
1182 0.366616383732581
1183 0.366874800667103
1184 0.367127922126268
1185 0.36736843814182
1186 0.367617728925809
1187 0.367854804696509
1188 0.368113084739538
1189 0.368338944722203
1190 0.368517560349032
1191 0.368736882040625
1192 0.368967004734567
1193 0.369188061461238
1194 0.369428158319019
1195 0.369657244503959
1196 0.369867734469587
1197 0.370096905038323
1198 0.370357242043408
1199 0.370568946004253
1200 0.370782917402913
1201 0.370996168846901
1202 0.371158149415716
1203 0.371358624399502
1204 0.371575285114705
1205 0.371808856507931
1206 0.372033653179369
1207 0.372275316182266
1208 0.372505117894699
1209 0.372722942647424
1210 0.372951897646656
1211 0.373211625888909
1212 0.373436514522064
1213 0.373623941415706
1214 0.373838003537772
1215 0.374050470946503
1216 0.374263488062383
1217 0.374492258856757
1218 0.374727191824914
1219 0.374941971299543
1220 0.375156421151756
1221 0.375354596655014
1222 0.375539657493241
1223 0.375741388968717
1224 0.37593190258205
1225 0.376134078387262
1226 0.376358120693175
1227 0.376562483268671
1228 0.376750689215594
1229 0.376959760984676
1230 0.377179134848957
1231 0.377392840147305
1232 0.377617260073282
1233 0.377828950102233
1234 0.378016914956216
1235 0.378230456624777
1236 0.378446012146043
1237 0.37868314748604
1238 0.378923732774156
1239 0.379161959471835
1240 0.379419368319449
1241 0.379690379591011
1242 0.379942302900309
1243 0.380223992070441
1244 0.380449561449511
1245 0.380625205030357
1246 0.38082613422734
1247 0.381003186247082
1248 0.381204566371951
1249 0.381427283772463
1250 0.381641408348115
1251 0.381844196548741
1252 0.38207533572424
1253 0.382344301265092
1254 0.382578386723283
1255 0.382823027553697
1256 0.383045545390171
1257 0.383232955427401
1258 0.383413067392872
1259 0.383591416585501
1260 0.383760619317772
1261 0.383951234289541
1262 0.384134653890502
1263 0.384338681175375
1264 0.384559674183724
1265 0.384796743734806
1266 0.385049068625394
1267 0.385298915694437
1268 0.385583321953256
1269 0.385835730567615
1270 0.38605661488111
1271 0.386303112163554
1272 0.386554660195659
1273 0.386801581748238
1274 0.387078274964625
1275 0.387319732797336
1276 0.387524638790869
1277 0.38774120090313
1278 0.387954271808134
1279 0.388152802439039
1280 0.388347146605285
1281 0.388536630767798
1282 0.388742056518563
1283 0.38894273749494
1284 0.389141026832742
1285 0.389345094396444
1286 0.389564406881598
1287 0.38978255451958
1288 0.390001721690309
1289 0.390278816345562
1290 0.390473613526814
1291 0.39061769832767
1292 0.390759859356201
1293 0.390839329803571
1294 0.390960206669106
1295 0.391110782483119
1296 0.391234008287119
1297 0.391380695968192
1298 0.391482889028143
1299 0.391548865024655
1300 0.391586896902539
1301 0.391643136915758
1302 0.391661784464006
1303 0.391754904355567
1304 0.391883657400082
1305 0.392009740267048
1306 0.392165559027157
1307 0.392323841374491
1308 0.392521397530408
1309 0.392639862418724
1310 0.392758567874742
1311 0.392826352371471
1312 0.392790627122367
1313 0.392814546469725
1314 0.392836938044618
1315 0.392877182665812
1316 0.392929973126083
1317 0.392996303972934
1318 0.393069485521986
1319 0.393163102503399
1320 0.393280089944392
1321 0.393401079079666
1322 0.393537339223116
1323 0.393674595738884
1324 0.39383597336829
1325 0.394016676963323
1326 0.394178874960152
1327 0.394360377383001
1328 0.394512295013695
1329 0.394650112840807
1330 0.394767889916532
1331 0.394859675900647
1332 0.394971680464199
1333 0.395054976628348
1334 0.395180349645281
1335 0.395355530205923
1336 0.395492610223177
1337 0.395619423588811
1338 0.395759158634599
1339 0.39587981941424
1340 0.396022264481846
1341 0.396194423177528
1342 0.396356311576532
1343 0.396548079644797
1344 0.396692091506394
1345 0.39680478157358
1346 0.396921640326977
1347 0.397024258814565
1348 0.397095079082926
1349 0.397175394708821
1350 0.397262299348114
1351 0.397337486175887
1352 0.397391742335038
1353 0.397463008181162
1354 0.397546586786624
1355 0.397617097027661
1356 0.397668174867986
1357 0.397755882982778
1358 0.397850045635245
1359 0.397960940313875
1360 0.398091641251463
1361 0.398242385015687
1362 0.398417225478679
1363 0.398580705927529
1364 0.398791551772779
1365 0.39894474270832
1366 0.39906412004907
1367 0.399172005566644
1368 0.39924689847795
1369 0.399318689351249
1370 0.39936323244408
1371 0.399426997134667
1372 0.39952562780078
1373 0.399571266218027
1374 0.399590216936219
1375 0.399609842799715
1376 0.399610086247036
1377 0.399565367092778
1378 0.399534971000922
1379 0.399521680055031
1380 0.399469757172715
1381 0.399396685561258
1382 0.399294668608515
1383 0.399183013848247
1384 0.399034100055804
1385 0.398861573188958
1386 0.398638857015169
1387 0.398372911553006
1388 0.398088213430361
1389 0.397778701944293
1390 0.397418917438753
1391 0.397010310637936
1392 0.396605832887965
1393 0.396127808577381
1394 0.395697578440136
1395 0.395298747428773
1396 0.394891243209789
1397 0.394529361985879
1398 0.39410161404373
1399 0.393660861679668
1400 0.393175380511133
1401 0.392619936145142
1402 0.392065223674975
1403 0.391481446153091
1404 0.390879668282455
1405 0.390283431460341
1406 0.389648648939476
1407 0.389100073057689
1408 0.388562625864341
1409 0.388092459753116
1410 0.387676862962891
1411 0.387310440603098
1412 0.386948560484274
1413 0.386730474669021
1414 0.386569797258139
1415 0.38655496785038
1416 0.38665617657376
1417 0.386870365953268
1418 0.387228903587132
1419 0.38763233600493
1420 0.388205951620181
1421 0.388699165394655
1422 0.389234412495654
1423 0.389733034565233
1424 0.390224178122139
1425 0.390669235125762
1426 0.391090116270155
1427 0.391489605667304
1428 0.391813910777126
1429 0.392168809828872
1430 0.392540518514743
1431 0.392894804886775
1432 0.393229111665443
1433 0.393594529853299
1434 0.393940962893718
1435 0.39429880424035
1436 0.394674142076032
1437 0.395077448622485
1438 0.395452532345588
1439 0.395840544653205
1440 0.396187619209803
1441 0.396522120148188
1442 0.396822920010477
1443 0.397080895497067
1444 0.397352439461553
1445 0.397617879519946
1446 0.397852585448558
1447 0.398090592848333
1448 0.398284830148706
1449 0.39840238971673
1450 0.398583392101493
1451 0.398756425718899
1452 0.398964572590748
1453 0.399229720229085
1454 0.399466365628539
1455 0.399718063628592
1456 0.399942011606965
1457 0.400150142543087
1458 0.400346628871453
1459 0.40051628339036
1460 0.400698999284913
1461 0.400873301905706
1462 0.401057598802216
1463 0.401241280333043
1464 0.401441693412857
1465 0.40166312580381
1466 0.401876824797492
1467 0.40209951404007
1468 0.40231829193466
1469 0.402542070724273
1470 0.402742354618716
1471 0.402924399795406
1472 0.403149333900945
1473 0.403337444114002
1474 0.403542055360217
1475 0.40377014782218
1476 0.4040028786758
1477 0.404287303513869
1478 0.404618384456917
1479 0.404929080080301
1480 0.40528640282817
1481 0.405579541288733
1482 0.405862879842415
1483 0.406083719096071
1484 0.406249993535433
1485 0.406425578394905
1486 0.406526247588426
1487 0.406709625112785
1488 0.406929283559162
1489 0.407151112353347
1490 0.407426465836856
1491 0.407651059790469
1492 0.407857514914586
1493 0.408063485142876
1494 0.40823945113537
1495 0.408440560160449
1496 0.408638689568497
1497 0.408868100102126
1498 0.409136005618266
1499 0.409376334449604
1500 0.409623243174591
1501 0.409868071332713
1502 0.410105035539061
1503 0.410326724790104
1504 0.410561614247112
1505 0.410769198572804
1506 0.410952288342456
1507 0.411116565590748
1508 0.411266547178507
1509 0.411397234215661
1510 0.411464264458373
1511 0.411579374513055
1512 0.411693808559958
1513 0.411837226319397
1514 0.412023192588822
1515 0.41221650363059
1516 0.412427865639989
1517 0.412648077241579
1518 0.412886282391619
1519 0.413110521911125
1520 0.413352651744884
1521 0.413570343893936
1522 0.413764866207485
1523 0.41394313888308
1524 0.414117742674056
1525 0.414261348151978
1526 0.414430454879788
1527 0.414616714164857
1528 0.414774211543818
1529 0.414909206606052
1530 0.415081089246241
1531 0.415263258912186
1532 0.415424203785909
1533 0.415613136150361
1534 0.415756551351738
1535 0.415833652443071
1536 0.415983557205278
1537 0.416152908767029
1538 0.416325635218521
1539 0.416532170770141
1540 0.416726860904648
1541 0.416925076859783
1542 0.417106319375289
1543 0.417294647126533
1544 0.417460485008867
1545 0.417597528482814
1546 0.41774165211292
1547 0.417886576858405
1548 0.41801802457511
1549 0.418131738664267
1550 0.418258460239245
1551 0.4183868727908
1552 0.418506848046597
1553 0.418635083657139
1554 0.418747730311746
1555 0.418841316261658
1556 0.418938646597232
1557 0.419029158169326
1558 0.419126022273901
1559 0.419201280040858
1560 0.4193221753811
1561 0.419480752655639
1562 0.419620635080227
1563 0.419790380680395
1564 0.419937312067797
1565 0.420053394590589
1566 0.42018600527129
1567 0.420326118286338
1568 0.420461190862235
1569 0.420599847217855
1570 0.420731223438862
1571 0.420872988453093
1572 0.420984395878682
1573 0.421086784263929
1574 0.421164187720876
1575 0.421161979213891
1576 0.421233891040895
1577 0.42129705849212
1578 0.421425544629315
1579 0.42166373714081
1580 0.421861343670719
1581 0.422108402784308
1582 0.422297188272399
1583 0.422423682324159
1584 0.422569206577026
1585 0.422712198401166
1586 0.422826400360352
1587 0.422912066173419
1588 0.423024403126911
1589 0.423097199865254
1590 0.42321609791479
1591 0.423407043078202
1592 0.423573931722695
1593 0.423753782784743
1594 0.423921611983329
1595 0.424088817148761
1596 0.42423102058514
1597 0.424344981918318
1598 0.424467315671002
1599 0.424577014461835
1600 0.424682934849788
1601 0.424771535578025
1602 0.424883640257519
1603 0.424976020917472
1604 0.425042127222495
1605 0.425143499821624
1606 0.425247884853446
1607 0.425398832313869
1608 0.425590498519861
1609 0.425734774403738
1610 0.42589727310635
1611 0.426032149583145
1612 0.426120672947514
1613 0.426252386869783
1614 0.426410736882531
1615 0.426538491622442
1616 0.426665841639279
1617 0.426765153710504
1618 0.42683537622693
1619 0.426932197629199
1620 0.427019481174448
1621 0.427126901637329
1622 0.427249715511641
1623 0.427383891479265
1624 0.42751777276163
1625 0.427687848690059
1626 0.427893109083791
1627 0.428078280874057
1628 0.428294835488458
1629 0.428437980373152
1630 0.428550847401699
1631 0.428648602174232
1632 0.428699179697612
1633 0.428773164959518
1634 0.428848181782487
1635 0.42891099499714
1636 0.428961822888583
1637 0.429023190119751
1638 0.429064543216411
1639 0.429169338998815
1640 0.429298170956591
1641 0.429454526505257
1642 0.429679870270917
1643 0.429819234080298
1644 0.429948618874671
1645 0.430048306250588
1646 0.430076164293623
1647 0.430187538103899
1648 0.430333253534366
1649 0.430451628601494
1650 0.430590835555881
1651 0.430718596263299
1652 0.430812875359186
1653 0.430950465160878
1654 0.431125011160283
1655 0.4312687551461
1656 0.431397545827536
1657 0.431512691941039
1658 0.431636961854864
1659 0.4317711213571
1660 0.431868264487804
1661 0.431952113634344
1662 0.43206474950727
1663 0.432137633487539
1664 0.432218873007154
1665 0.43234353029371
1666 0.432429596804485
1667 0.432497959283393
1668 0.432589096034321
1669 0.432668897413897
1670 0.432736220329025
1671 0.432869608891738
1672 0.433037657091666
1673 0.433186659782669
1674 0.433351123270178
1675 0.433503124294426
1676 0.433635739591522
1677 0.433742128612913
1678 0.433831645862502
1679 0.433934083983974
1680 0.434033491519347
1681 0.434138974412132
1682 0.434260200854732
1683 0.434366479894255
1684 0.434455009159052
1685 0.434595276954226
1686 0.434762843251866
1687 0.434942794315704
1688 0.435142561702119
1689 0.4352894102669
1690 0.435403590415569
1691 0.435507511503788
1692 0.435582028994044
1693 0.435650164664213
1694 0.435762583818612
1695 0.435900987564359
1696 0.436031110791595
1697 0.436180484109646
1698 0.436324301148918
1699 0.436439790929083
1700 0.436549619705371
1701 0.436691093840655
1702 0.436772097700367
1703 0.43675656694443
1704 0.436842986776692
1705 0.436924872640868
1706 0.437057203394497
1707 0.437360349732474
1708 0.437486282473524
1709 0.437538024592577
1710 0.437573344171946
1711 0.437473928174358
1712 0.437461598515432
1713 0.437513434389211
1714 0.43752144981344
1715 0.437514975899473
1716 0.437521944313946
1717 0.437498984201018
1718 0.437497857688294
1719 0.43751157450806
1720 0.437569148101555
1721 0.437667566920563
1722 0.437736141687031
1723 0.437801697209284
1724 0.437898749230379
1725 0.437994539376768
1726 0.438109659710842
1727 0.4383241271324
1728 0.438418054818709
1729 0.43844410545298
1730 0.438458273854538
1731 0.438388183020894
1732 0.438387527392963
1733 0.4383966105897
1734 0.438414556302469
1735 0.438488718290263
1736 0.438513373998046
1737 0.438508155259475
1738 0.438526096816985
1739 0.438519098088046
1740 0.438524504560486
1741 0.438568507975154
1742 0.438551931149836
1743 0.438602216520589
1744 0.438672186878238
1745 0.438717573695732
1746 0.438833024361248
1747 0.438890593631442
1748 0.438934067893345
1749 0.439013778194302
1750 0.439040608527626
1751 0.439107784737983
1752 0.439193402791667
1753 0.439244957595546
1754 0.439288609285473
1755 0.439284121156085
1756 0.439319444504974
1757 0.439382787550839
1758 0.439415603839358
1759 0.439530509396935
1760 0.439644564143489
1761 0.439683981932224
1762 0.439767868506285
1763 0.439816663344714
1764 0.439811932398355
1765 0.439797670785756
1766 0.439716991996596
1767 0.439693218954898
1768 0.439710574680593
1769 0.439651293598579
1770 0.439618804125463
1771 0.43957595085896
1772 0.439368265762292
1773 0.43928113286881
1774 0.439234394363025
1775 0.439218482812647
1776 0.439279976031042
1777 0.439333686493391
1778 0.439398438218732
1779 0.439495579653626
1780 0.439612378717637
1781 0.439686688545031
1782 0.439822030678393
1783 0.440006516437287
1784 0.44011292624005
1785 0.440189613875528
1786 0.440313078116731
1787 0.440302077140343
1788 0.4403292657754
1789 0.440421600392009
1790 0.440436652854466
1791 0.440482112717105
1792 0.44053886735158
1793 0.440652629395797
1794 0.440701272885304
1795 0.440671257352733
1796 0.440745185727668
1797 0.440722106434493
1798 0.440689009400706
1799 0.440798321550847
1800 0.440817892864137
1801 0.439446270736388
1802 0.439560378720796
1803 0.439643239018131
1804 0.439742907205609
1805 0.439845133473597
1806 0.439879442475093
1807 0.439960554692631
1808 0.440079316189352
1809 0.440218320771771
1810 0.440354143720305
1811 0.440510973552302
1812 0.440682034571898
1813 0.440890428767038
1814 0.441023911768286
1815 0.441079789570414
1816 0.44114283499386
1817 0.441155822432342
1818 0.441176732244866
1819 0.441176176562819
1820 0.441201203845828
1821 0.441223891389188
1822 0.441375419318152
1823 0.441475761971225
1824 0.441527836086232
1825 0.441605209891005
1826 0.441639778046073
1827 0.441683540295219
1828 0.441752951248132
1829 0.441842494195611
1830 0.441930300196195
1831 0.442056549472028
1832 0.442114986275489
1833 0.442119735783887
1834 0.442118475366366
1835 0.442008295251163
1836 0.441952958667101
1837 0.441936451376561
1838 0.441934106748476
1839 0.441895566461959
1840 0.441939263824622
1841 0.442071968182072
1842 0.442069560745181
1843 0.442097362445722
1844 0.442080797389237
1845 0.442049044169493
1846 0.442167089186818
1847 0.442252804726526
1848 0.44236102944607
1849 0.442504246680861
1850 0.442643771621126
1851 0.442702920628211
1852 0.442760991957997
1853 0.442742173583562
1854 0.442640299827728
1855 0.442489176551461
1856 0.442303745573383
1857 0.442235747261899
1858 0.442142924644033
1859 0.442109192853121
1860 0.441989637283263
1861 0.441876451962811
1862 0.441569096285542
1863 0.441187070189121
1864 0.440864932185691
1865 0.440415807165009
1866 0.439993176624376
1867 0.439539851027429
1868 0.439042341421135
1869 0.438543260481989
1870 0.438092290327108
1871 0.437626085900913
1872 0.437287040435794
1873 0.43685293791781
1874 0.436311309612813
1875 0.435710895750591
1876 0.435008262685092
1877 0.434298208029749
1878 0.433503801200366
1879 0.432669039208329
1880 0.431770598692763
1881 0.430771181057833
1882 0.429618420089311
1883 0.428429693403093
1884 0.427146423922789
1885 0.42567660872504
1886 0.424105285691112
1887 0.422461728721358
1888 0.420718923999131
1889 0.418862330354373
1890 0.416932297714848
1891 0.414955548109233
1892 0.412905886473177
1893 0.410787867619945
1894 0.408487436141388
1895 0.406010251656251
1896 0.403497443264232
1897 0.400848097060122
1898 0.398148549293066
1899 0.395637107126849
1900 0.3931951035512
1901 0.390787868610649
1902 0.388393866082912
1903 0.386326930459738
1904 0.384258084463779
1905 0.382431406206573
1906 0.380900246234594
1907 0.379529250443939
1908 0.378299283042669
1909 0.37722072279945
1910 0.376306995653345
1911 0.375484458316242
1912 0.374902078885264
1913 0.374548392157903
1914 0.374356706894653
1915 0.374258042359325
1916 0.374189067998345
1917 0.374161838997826
1918 0.374220051842732
1919 0.374388067662323
1920 0.374747178978387
1921 0.375155086985114
1922 0.375764538015403
1923 0.37623992477697
1924 0.376714337207818
1925 0.377206278160116
1926 0.377688454371344
1927 0.378236724214393
1928 0.378968041955598
1929 0.379661367179987
1930 0.380253942870274
1931 0.380825652768632
1932 0.381411709053255
1933 0.381954114484664
1934 0.382525444913737
1935 0.38311228747882
1936 0.383720343468496
1937 0.384397000776547
1938 0.384928667225208
1939 0.385480964807523
1940 0.386039596769408
1941 0.386458439243112
1942 0.386882618627474
1943 0.387355464517543
1944 0.387833629385387
1945 0.38836562605485
1946 0.388944417491135
1947 0.389526262447122
1948 0.390153512985002
1949 0.390774225108511
1950 0.391405976869523
1951 0.392015292720623
1952 0.392531434177092
1953 0.393042457357094
1954 0.393552161881025
1955 0.39396849951318
1956 0.394478634181914
1957 0.395092125617392
1958 0.395631658149939
1959 0.396138549970263
1960 0.396709290437593
1961 0.397222920259315
1962 0.397565826286253
1963 0.39808558307048
1964 0.398707977862486
1965 0.399312592305021
1966 0.400016626148376
1967 0.40062696266424
1968 0.401160579132857
1969 0.401717368072602
1970 0.402280637651859
1971 0.40280977373819
1972 0.40334459430839
1973 0.40380966841213
1974 0.404241964577472
1975 0.404747521313518
1976 0.405325778756465
1977 0.405976638721012
1978 0.406553282473058
1979 0.407164706047956
1980 0.407720235239698
1981 0.408187594250685
1982 0.408694916553965
1983 0.409194062177082
1984 0.409729838759445
1985 0.410267471125584
1986 0.41084701980637
1987 0.411420433175978
1988 0.412024711328536
1989 0.412660565085995
1990 0.413193238420334
1991 0.413679480955074
1992 0.414079153120435
1993 0.414578362969897
1994 0.414991792167549
1995 0.41554284136977
1996 0.416319057597816
1997 0.416929500744455
1998 0.417522389439676
1999 0.418074782032165
2000 0.418555000590937
2001 0.418942528617176
2002 0.41937888246691
2003 0.419773760582815
2004 0.420236878370972
2005 0.420751605268314
2006 0.421237802591563
2007 0.421737631327523
2008 0.42226047603625
2009 0.422837825674221
2010 0.423292804060193
2011 0.42373003000135
2012 0.424130593097777
2013 0.424392548096123
2014 0.424615617392062
2015 0.424991694332724
2016 0.425446358911969
2017 0.425882200300629
2018 0.426448745356555
2019 0.426887629925315
2020 0.427228938592767
2021 0.427611242369178
2022 0.427963536501831
2023 0.428335347710916
2024 0.428729359565369
2025 0.429180737053417
2026 0.429400858062736
2027 0.42962731642634
2028 0.42983286108285
2029 0.429943214952662
2030 0.430249751156669
2031 0.430748208886317
2032 0.431105277372366
2033 0.431540357640755
2034 0.431867276193485
2035 0.432072354614627
2036 0.432317724732047
2037 0.432475625422243
2038 0.432732797150402
2039 0.433051693890048
2040 0.433378151265138
2041 0.433696680309704
2042 0.434060562357458
2043 0.434393125303262
2044 0.434683396823205
2045 0.435004779923722
2046 0.435411494534144
2047 0.435668005432115
2048 0.435828116974686
2049 0.436026412299379
2050 0.436075533520912
2051 0.4362900554649
2052 0.4366690820648
2053 0.436947914170334
2054 0.437247238674914
2055 0.437564552642321
2056 0.437810348958973
2057 0.437985300145165
2058 0.4381495526077
2059 0.438278604700715
2060 0.438442463692284
2061 0.438558980456438
2062 0.438709868475479
2063 0.438849737747863
2064 0.439079155828294
2065 0.439405830779828
2066 0.439656624382229
2067 0.439986812749228
2068 0.440262288863824
2069 0.440296774683914
2070 0.440376026614877
2071 0.440497001433865
2072 0.440577244375483
2073 0.440746588266154
2074 0.440967534746047
2075 0.441222360901319
2076 0.441583413215996
2077 0.4418202617985
2078 0.4420373540327
2079 0.442281185383767
2080 0.442444054951827
2081 0.442644701923434
2082 0.442968408897701
2083 0.443194339388678
2084 0.443374348810164
2085 0.443505324046767
2086 0.443590750175886
2087 0.443551588124961
2088 0.443677218262434
2089 0.44383225298281
2090 0.443996502789028
2091 0.444249475599789
2092 0.44447571054813
2093 0.44468080638399
2094 0.44489003773292
2095 0.445173316058793
2096 0.445381787348211
2097 0.445560389785068
2098 0.4456880194091
2099 0.445763601844297
2100 0.445802867995818
2101 0.445872254108098
2102 0.445864630572282
2103 0.445947589085342
2104 0.446051602447243
2105 0.446245427046897
2106 0.446554276505768
2107 0.446743636385677
2108 0.446913118567082
2109 0.447126087169567
2110 0.447261648096635
2111 0.447492615325221
2112 0.447878744607468
2113 0.448180797216732
2114 0.448462807467822
2115 0.448732405613701
2116 0.448963758033875
2117 0.449197956870011
2118 0.449477744137645
2119 0.449845160150735
2120 0.450100825494472
2121 0.450417793423789
2122 0.450544650795991
2123 0.450458455721061
2124 0.450518102811532
2125 0.450511617793485
2126 0.450606743396053
2127 0.450819961339619
2128 0.451000783719869
2129 0.451195515195513
2130 0.451394954575744
2131 0.451674543038153
2132 0.451842733160593
2133 0.451964504042279
2134 0.452046788008161
2135 0.452096134958749
2136 0.452109149208261
2137 0.452138618409889
2138 0.452222429793341
2139 0.452167904889198
2140 0.452092319278263
2141 0.451869171084547
2142 0.451483027055849
2143 0.451173371841183
2144 0.450669131988163
2145 0.450409674315736
2146 0.450346156201368
2147 0.450158672717828
2148 0.450128181286452
2149 0.449929132194289
2150 0.449521445384268
2151 0.449202739216041
2152 0.448898388087635
2153 0.448494916123007
2154 0.448253262548271
2155 0.447943510258799
2156 0.447595429758525
2157 0.447219688577625
2158 0.446842137792124
2159 0.446460373592143
2160 0.445965804471934
2161 0.445356759655817
2162 0.444882134287833
2163 0.444405626752998
2164 0.443890350789717
2165 0.443407029742264
2166 0.442980272350969
2167 0.442547132156823
2168 0.442069545118801
2169 0.441704253086205
2170 0.441252432683985
2171 0.440584642049258
2172 0.440040937911693
2173 0.439580255641734
2174 0.439112903272661
2175 0.438677067256829
2176 0.438324646180817
2177 0.437880248208413
2178 0.437453803099201
2179 0.436904767027076
2180 0.436200589885147
2181 0.435649003536923
2182 0.435118097121394
2183 0.434537100552049
2184 0.434103498296788
2185 0.433449953681007
2186 0.432552257089583
2187 0.431789852157281
2188 0.430968208023018
2189 0.430223324095172
2190 0.429596727332977
2191 0.428922829643608
2192 0.428155613923208
2193 0.427517824828116
2194 0.42706629184808
2195 0.426405507590034
2196 0.425748570763708
2197 0.425328121952851
2198 0.424746116689751
2199 0.424092132984696
2200 0.423399161581709
2201 0.422645891674627
2202 0.421994473582523
2203 0.421263147357337
2204 0.420664780608767
2205 0.420133516288262
2206 0.419772677853118
2207 0.419473798898417
2208 0.419320571351513
2209 0.419340901616277
2210 0.419506745822253
2211 0.419820746824857
2212 0.420231706959355
2213 0.420884933451264
2214 0.42152762924969
2215 0.42226099471127
2216 0.422946448174544
2217 0.423636844513931
2218 0.424403938615189
2219 0.42515039812117
2220 0.425776225491449
2221 0.426316437107083
2222 0.426802061054916
2223 0.427208479624389
2224 0.427469852302829
2225 0.427787506044653
2226 0.428080337730642
2227 0.428366017542211
2228 0.428623616096934
2229 0.428883195687791
2230 0.429202313394268
2231 0.429387881313544
2232 0.42946923646434
2233 0.429575074800416
2234 0.429594252125828
2235 0.429649531731731
2236 0.42973484003498
2237 0.429829318435241
2238 0.430077622653563
2239 0.430024333277913
2240 0.429615405669094
2241 0.429538771876662
2242 0.429343672982714
2243 0.429332713661239
2244 0.429787766376583
2245 0.43013415518294
2246 0.430035377176491
2247 0.430067736446588
2248 0.430069540744723
2249 0.4300996429363
2250 0.430216078633764
2251 0.430537829871945
2252 0.430766844449831
2253 0.430986238434123
2254 0.431137028102199
2255 0.431294068958332
2256 0.431458299018971
2257 0.4316322853459
2258 0.431593593296086
2259 0.431422940221106
2260 0.431411294105623
2261 0.431143002229376
2262 0.4312170567897
2263 0.431803294212256
2264 0.431974758278879
2265 0.431978673346377
2266 0.432077460391222
2267 0.43204232500983
2268 0.432080834182554
2269 0.432273401142857
2270 0.432400765004716
2271 0.432493494512643
2272 0.432540773527862
2273 0.432508715937824
2274 0.432571140069176
2275 0.432627645934073
2276 0.432681358083502
2277 0.432942353653678
2278 0.432955752390069
2279 0.432882705303684
2280 0.43289739714908
2281 0.432629180949281
2282 0.432349812089406
2283 0.432116550977485
2284 0.431625476294176
2285 0.431510094605451
2286 0.431663228215572
2287 0.431617112937267
2288 0.431775281594884
2289 0.431606477156809
2290 0.430941396249099
2291 0.43086990570208
2292 0.431060108423101
2293 0.430944460992609
2294 0.431117304286385
2295 0.43103756256046
2296 0.430357531927017
2297 0.430258743820063
2298 0.430446924103556
2299 0.430591535584275
2300 0.431087399217787
2301 0.431210669234565
2302 0.431403344008343
2303 0.431154033662001
2304 0.430347891892163
2305 0.429789387889425
2306 0.428698968648855
2307 0.42832824401986
2308 0.428613049017191
2309 0.428673076643015
2310 0.429143622576355
2311 0.429258748498088
2312 0.429161236094899
2313 0.428850092805151
2314 0.428212654933462
2315 0.427792353603589
2316 0.427160900825966
2317 0.426829500242859
2318 0.426876625133134
2319 0.426702949114677
2320 0.426708493771775
2321 0.42631811231848
2322 0.425823877383779
2323 0.425716896546359
2324 0.425515141930886
2325 0.425396920706186
2326 0.425263740803957
2327 0.425120177091242
2328 0.424859684669367
2329 0.424397579550582
2330 0.423918875682674
2331 0.42346179031961
2332 0.423026642148732
2333 0.422735824240636
2334 0.42247329096433
2335 0.422506875653924
2336 0.422617259112535
2337 0.423167134740075
2338 0.42300662429022
2339 0.42261998871901
2340 0.422304529837889
2341 0.42168878936398
2342 0.421136044521049
2343 0.420658668374176
2344 0.420100131358631
2345 0.419173383323529
2346 0.418828360453823
2347 0.418792136207555
2348 0.418866834916277
2349 0.419420080603345
2350 0.419465079055143
2351 0.41952282958946
2352 0.419264330438406
2353 0.418368896326269
2354 0.418100745689403
2355 0.418184932454237
2356 0.417858343843692
2357 0.417439929588322
2358 0.417278196155621
2359 0.416888832349839
2360 0.416706960232043
2361 0.417235462519961
2362 0.417097599711438
2363 0.416033050810896
2364 0.416248206503307
2365 0.417114616092161
2366 0.417440628046236
2367 0.418606246215734
2368 0.418974499120927
2369 0.418618800556366
2370 0.41798807609068
2371 0.416753031871379
2372 0.415786995818142
2373 0.414197192493781
2374 0.413484002767051
2375 0.413696952971474
2376 0.413676879775718
2377 0.413856155007495
2378 0.413720619918439
2379 0.41346452828225
2380 0.413144036633152
2381 0.41256912340676
2382 0.412241402103787
2383 0.411957466159209
2384 0.411994176918566
2385 0.41257494342009
2386 0.412354571551458
2387 0.411806239426321
2388 0.411385185513143
2389 0.410241890633211
2390 0.409906084877409
2391 0.41044642689161
2392 0.410483626831005
2393 0.410555444995092
2394 0.410490484926893
2395 0.410053925899263
2396 0.409870227930013
2397 0.409664565095294
2398 0.409947944767733
2399 0.411257339712782
2400 0.410857462595999
2401 0.409313460518372
2402 0.408657989613013
2403 0.407550055547048
2404 0.406825431915111
2405 0.407069914599049
2406 0.406882691019675
2407 0.405899200126757
2408 0.405266413754799
2409 0.405241489270662
2410 0.405044871929749
2411 0.404559199832491
2412 0.404414864351629
2413 0.404780964458043
2414 0.404693630598061
2415 0.404403130588401
2416 0.404057999657527
2417 0.40367586558247
2418 0.402852808826458
2419 0.401557683346414
2420 0.400890748657374
2421 0.400145993629689
2422 0.399345997769506
2423 0.399092758515469
2424 0.398512226611913
2425 0.396623747828377
2426 0.397099284758194
2427 0.399798991567464
2428 0.399914881076857
2429 0.400292503379492
2430 0.39995565835722
2431 0.397383101858377
2432 0.396306270192451
2433 0.395874742174818
2434 0.39557683354553
2435 0.395758242990152
2436 0.394398056874774
2437 0.393035297648596
2438 0.391187711907523
2439 0.387044108640485
2440 0.386312375530469
2441 0.387921677170206
2442 0.387369707604957
2443 0.385795252382834
2444 0.384669321015324
2445 0.383959215885152
2446 0.383611338843705
2447 0.384118848675649
2448 0.383063506964635
2449 0.381559674522171
2450 0.381560210356401
2451 0.383015133808135
2452 0.384313711518042
2453 0.384778265208997
2454 0.384207376447648
2455 0.381968472946925
2456 0.380936255841687
2457 0.38069618184195
2458 0.380542831389968
2459 0.381485930778794
2460 0.382095671002109
2461 0.381312284128684
2462 0.380084702501645
2463 0.379813878174197
2464 0.376934192644476
2465 0.376246769707347
2466 0.377469544083413
2467 0.37789054319432
2468 0.380749980966565
2469 0.380494262884664
2470 0.376497504431437
2471 0.375887464983923
2472 0.375034955078872
2473 0.374452012131477
2474 0.377250371969478
2475 0.377394521012987
2476 0.37535614247526
2477 0.374673457190563
2478 0.374402952128359
2479 0.373089588705837
2480 0.370633342417322
2481 0.370010859942659
2482 0.369414698765898
2483 0.369286464955403
2484 0.371641882405831
2485 0.371210722023513
2486 0.369168046579358
2487 0.36842532940945
2488 0.366413972591656
2489 0.367586947294189
2490 0.371615263429617
2491 0.369239453107668
2492 0.368564394127595
2493 0.367739894283821
2494 0.367543166946035
2495 0.367661602815267
2496 0.368538176683845
2497 0.366487629078371
2498 0.363273383009209
2499 0.363289175452006
2500 0.36447527667896
