"Wavelength" "M017a_m1-w1"
350 0.0839330960604945
351 0.0831753818526239
352 0.0814321417067893
353 0.0796407139296506
354 0.0800143027131346
355 0.0765652988643094
356 0.0780609569848745
357 0.0828548444543563
358 0.0811762544011452
359 0.079018145289734
360 0.0759197983012938
361 0.0739866457730576
362 0.0817284403801166
363 0.0859806329044194
364 0.0839597207079641
365 0.0776437170769802
366 0.0727798098452067
367 0.0732753205297949
368 0.0761446913576983
369 0.0755111539541423
370 0.0778288343631864
371 0.0778833028054314
372 0.0740044213512724
373 0.0701293204979751
374 0.0718174705333672
375 0.0738357800834733
376 0.0723612329229312
377 0.0739590891419221
378 0.0743546190966229
379 0.0737736582890819
380 0.0739426052118946
381 0.073393007233805
382 0.074100957745518
383 0.0753027758005822
384 0.0737372149642984
385 0.0704704645195769
386 0.069056943057853
387 0.0709432929609012
388 0.0728189059631516
389 0.0723164432127496
390 0.0708547118441797
391 0.0704653732077948
392 0.0688283001268712
393 0.0672174028222175
394 0.0670338205805267
395 0.0692894150085612
396 0.0700212033047384
397 0.0698260974353529
398 0.0694930512558976
399 0.0686186815784361
400 0.0688276786408288
401 0.069188862737314
402 0.0684974778746517
403 0.067972949702056
404 0.0675799094342999
405 0.0672948058778626
406 0.0671712687756426
407 0.0678452312010779
408 0.0684322340886362
409 0.0684892960195766
410 0.0687799688368651
411 0.068598528198612
412 0.0686048890351285
413 0.0693213098707008
414 0.0686730625349986
415 0.0683699452837243
416 0.0687750630422762
417 0.0690307979432166
418 0.069128443535203
419 0.0688063364878819
420 0.0682868748240159
421 0.068864160541295
422 0.0695632440282754
423 0.0699373617555292
424 0.0698495346893606
425 0.0696761422793952
426 0.0699374583535504
427 0.0703414925562737
428 0.0698932040229277
429 0.0699979356878757
430 0.0704153259582894
431 0.0707890341649667
432 0.0713563868142106
433 0.0717727566820219
434 0.0716937573777028
435 0.0710749709286971
436 0.0717654960923589
437 0.0722657070588231
438 0.072138426465996
439 0.0725929786663255
440 0.0728161655556508
441 0.0729264098807499
442 0.0730960275516857
443 0.0728811744301954
444 0.0731220431464171
445 0.0736154991147238
446 0.0736142829590601
447 0.0738380214934116
448 0.0741758419725166
449 0.0744069851924127
450 0.0742750863207567
451 0.0744262895397891
452 0.0745847055090249
453 0.0744248700804383
454 0.0747620329828157
455 0.0752132941523525
456 0.0755004817225755
457 0.0755095487733427
458 0.0757303342735116
459 0.0758827816740066
460 0.0758216417039263
461 0.0760449490752009
462 0.0762771900396645
463 0.0763864673926075
464 0.0763308154085227
465 0.0762340344082668
466 0.0763154513666985
467 0.0765344955058797
468 0.0765353951878119
469 0.0765230036340936
470 0.076686413087444
471 0.0770533880191824
472 0.077138888958637
473 0.0772391306121186
474 0.0773753411642059
475 0.0773877019967121
476 0.0772710740854827
477 0.0773571811750112
478 0.0777212316012835
479 0.0778725071834271
480 0.0780147367248789
481 0.0783724372402166
482 0.0789791517921849
483 0.0787287718052166
484 0.0786977372336627
485 0.0790874977762648
486 0.079037503094858
487 0.0793175888505697
488 0.0796682035885525
489 0.0797841607069268
490 0.0799105082916098
491 0.0801226724869891
492 0.0803845190463058
493 0.0805901295930922
494 0.080707347624778
495 0.0808186868587015
496 0.0810174350436111
497 0.0814036076346567
498 0.0817867017996211
499 0.082060556198614
500 0.0821939181887221
501 0.0823357741541
502 0.0825640660856527
503 0.0828361954710471
504 0.0829947863757322
505 0.0833355725682438
506 0.0836349089448579
507 0.0837369652297869
508 0.0840954635132706
509 0.0842243686536128
510 0.0842020841595378
511 0.0844434676830975
512 0.0847923236487245
513 0.0850573456742486
514 0.0851955402899019
515 0.0854682998160784
516 0.0857137445957399
517 0.0859336809756302
518 0.0861899435540476
519 0.0865568002222971
520 0.0868224028975622
521 0.0869505422551757
522 0.0871352864035503
523 0.087381739076915
524 0.087703238226802
525 0.0880649019648309
526 0.0882680664219847
527 0.0885608445162801
528 0.0888978174155221
529 0.0890289520428485
530 0.089268311396103
531 0.0895432019870308
532 0.0897942613897868
533 0.0901714027195335
534 0.0904124346058584
535 0.0906185302793942
536 0.0910061107858517
537 0.0912582784475496
538 0.0915350410672891
539 0.0919021387285527
540 0.0922144664157469
541 0.0925480344880376
542 0.0928554520290575
543 0.0930887352036566
544 0.0933617135420286
545 0.0936336186209269
546 0.0939000731518363
547 0.0941974275803494
548 0.0944759236685999
549 0.0947829165394373
550 0.0951478503975738
551 0.0954780923218097
552 0.0958564186924862
553 0.0962591542139334
554 0.0965993217859577
555 0.0969216409220229
556 0.0972694205395008
557 0.0976374884007451
558 0.0979057764776076
559 0.0982420673911948
560 0.0986326689221982
561 0.0989897376968388
562 0.0992622256209375
563 0.0996168058480017
564 0.100028686925419
565 0.100186391939096
566 0.100500871983721
567 0.100835933036917
568 0.101000492874608
569 0.101265068539358
570 0.101525031354224
571 0.10175965515642
572 0.102034348693538
573 0.102345634163399
574 0.10263655647869
575 0.102882290870881
576 0.103192353966746
577 0.103423564496483
578 0.10363201917771
579 0.103963790915089
580 0.104180013308264
581 0.104412366223729
582 0.104715860803198
583 0.104900066208059
584 0.105213360281721
585 0.105557143997131
586 0.10576079729083
587 0.106025354117837
588 0.106307543718964
589 0.106573366369765
590 0.106820176437953
591 0.106973308251969
592 0.107153578097841
593 0.107461217509296
594 0.107712507443044
595 0.107953234599596
596 0.108189368364302
597 0.10839640990569
598 0.108668647883459
599 0.108919390990968
600 0.109109583965836
601 0.109409255189483
602 0.109686797856056
603 0.109935529163691
604 0.110200324006145
605 0.110376834856827
606 0.110603732449823
607 0.110910455884532
608 0.111092778984983
609 0.111326225930669
610 0.111578928339277
611 0.111777215479543
612 0.112004997160836
613 0.112297277979907
614 0.11261784226106
615 0.112858118486867
616 0.113130385253835
617 0.113375362581281
618 0.11354871487285
619 0.113793810357936
620 0.114075762541828
621 0.114363248389416
622 0.114628839244197
623 0.114847466993525
624 0.11507212705022
625 0.115327256053483
626 0.115535467676133
627 0.115776068062906
628 0.11602216095878
629 0.116221967494674
630 0.1165427488981
631 0.116845274247778
632 0.117085785759032
633 0.117415814882981
634 0.11766946768179
635 0.117880176465407
636 0.118133568386976
637 0.118445260213623
638 0.118746280481316
639 0.119017740658905
640 0.119292990493033
641 0.119537296996686
642 0.119792590047767
643 0.120088778235959
644 0.120380572690232
645 0.12063317945184
646 0.120878025634995
647 0.121178499980227
648 0.121451341717865
649 0.121740289931905
650 0.122064871380878
651 0.122370692299395
652 0.122604386267717
653 0.122852845634295
654 0.123214800310457
655 0.123500454173938
656 0.123748670053321
657 0.124016326484573
658 0.1243604651755
659 0.124654026449225
660 0.12493333949758
661 0.12524556613931
662 0.125507648724834
663 0.12582328968532
664 0.126170232206752
665 0.126439221503168
666 0.126747402158728
667 0.127102707012358
668 0.127471308371134
669 0.127761228937286
670 0.128072285985092
671 0.128397841560586
672 0.128695133512884
673 0.129012577775572
674 0.129352940722683
675 0.129694327952983
676 0.129985368077244
677 0.130352104863827
678 0.130727496879955
679 0.131026284008282
680 0.131321547929877
681 0.131646468787583
682 0.131995310415505
683 0.132331925523553
684 0.132675355052637
685 0.133017436369265
686 0.133353690586262
687 0.133699692853502
688 0.134037852993083
689 0.134378989591866
690 0.134734955556117
691 0.135011843385524
692 0.135360678882666
693 0.13580533765615
694 0.136161331755994
695 0.136512177639121
696 0.136845152467557
697 0.137149051295513
698 0.137517838666512
699 0.137896505292036
700 0.138259517376287
701 0.13861317173971
702 0.139027832636543
703 0.139444738580051
704 0.139816240761502
705 0.140171395443998
706 0.140540269100439
707 0.140936239649596
708 0.141353351774912
709 0.141733822417193
710 0.142092056278887
711 0.142452168219352
712 0.142840920657311
713 0.143236317907413
714 0.143625887373247
715 0.144007905260126
716 0.144412943525057
717 0.14478808000682
718 0.145166238947293
719 0.14562548141533
720 0.146012660846357
721 0.146407516273998
722 0.146853730268924
723 0.147259692888455
724 0.147635003237372
725 0.148023942498299
726 0.148464230538049
727 0.148872484211244
728 0.149271562784564
729 0.149684963469719
730 0.150127716367132
731 0.150551614842808
732 0.15094784734702
733 0.151329556096222
734 0.151739532671695
735 0.152181891506947
736 0.152627522624032
737 0.15303780901027
738 0.153463112052736
739 0.153846998771454
740 0.154205312593691
741 0.154665923874975
742 0.155122437266151
743 0.15553553377287
744 0.15591116760303
745 0.156346086443471
746 0.156786723936401
747 0.157215827046902
748 0.157641899099583
749 0.15805576104001
750 0.158436967659762
751 0.158803731127133
752 0.159246084744015
753 0.159669106787332
754 0.160077383752915
755 0.16050469948863
756 0.160971232687848
757 0.161393441945914
758 0.16176798736428
759 0.162163553765538
760 0.162642428437363
761 0.163092827734307
762 0.163461977337765
763 0.163881370786701
764 0.164284933506964
765 0.164695990532901
766 0.165153109929028
767 0.165621748764776
768 0.166073004869886
769 0.166504527998472
770 0.166936796778524
771 0.167327360061601
772 0.167745691521748
773 0.168206226277655
774 0.168545462757039
775 0.168984417526431
776 0.169481722900217
777 0.169920582574403
778 0.170348693398079
779 0.170766384856832
780 0.17119248620914
781 0.171660214096404
782 0.172111162102573
783 0.172545549010652
784 0.172968191284093
785 0.173364503217132
786 0.17376463604876
787 0.174199244631078
788 0.174677330688442
789 0.175112917014964
790 0.175542344347454
791 0.175966265043735
792 0.176354189308079
793 0.176772075179859
794 0.177200481767047
795 0.177625429035365
796 0.178074153577686
797 0.178543719653933
798 0.179009861209136
799 0.179452318800577
800 0.179906739719291
801 0.18033699175917
802 0.180733542186695
803 0.181118496404541
804 0.181596521490869
805 0.182077481436812
806 0.18251047548823
807 0.182954447376074
808 0.183352961427634
809 0.183788095250029
810 0.18431140987297
811 0.184743235639975
812 0.185156368699475
813 0.185583977345982
814 0.186027496831696
815 0.18643972281893
816 0.186825387024569
817 0.187224643382981
818 0.187705225040114
819 0.188134148127316
820 0.188546920043809
821 0.188992594393937
822 0.18946023185003
823 0.18991483072834
824 0.190352222513183
825 0.190782010274991
826 0.191209824474405
827 0.191621531965651
828 0.192031699963671
829 0.192471693983188
830 0.192883009951848
831 0.193309670584216
832 0.193758494129331
833 0.19415647599035
834 0.19462081814652
835 0.195093178186094
836 0.195511619898325
837 0.195957466584754
838 0.196332315678146
839 0.19669028217051
840 0.197134700914752
841 0.197603346730349
842 0.198030615854779
843 0.198439757377575
844 0.198924395870439
845 0.199384606103022
846 0.199789353352564
847 0.200166653231427
848 0.200619553942609
849 0.201053184033256
850 0.201469541346509
851 0.201901180411352
852 0.202397725837754
853 0.202842170895206
854 0.203245322712559
855 0.20366397148778
856 0.204035923809248
857 0.204488295966503
858 0.204972952942022
859 0.20531613682076
860 0.2056914397605
861 0.206123758196761
862 0.20658407353438
863 0.207000988102612
864 0.207422786523758
865 0.207840469721745
866 0.208246867626477
867 0.208663230789044
868 0.209154475826626
869 0.20965755055121
870 0.210082838502813
871 0.210437740870967
872 0.210841105970443
873 0.211261832645951
874 0.211616858323927
875 0.212138977873451
876 0.212604541454316
877 0.212979405562414
878 0.213432899213679
879 0.213865296586677
880 0.214240932933871
881 0.214589321713776
882 0.215017125776215
883 0.215477288379119
884 0.21593635134964
885 0.216373943871815
886 0.216791570692547
887 0.217268668484094
888 0.217699720892044
889 0.218024861773909
890 0.218593169535559
891 0.219056031755821
892 0.219436236623943
893 0.219896145682611
894 0.220234662777901
895 0.22058227759983
896 0.220991862137296
897 0.221434516268586
898 0.22184576259339
899 0.222318672857256
900 0.222809624368774
901 0.223136899542079
902 0.223500177415676
903 0.223961877297216
904 0.224487968291459
905 0.22494260196523
906 0.225294705005948
907 0.225682804369127
908 0.226168289905334
909 0.226564341520802
910 0.227006937574392
911 0.227470862834958
912 0.227897790527422
913 0.228269757852009
914 0.228653451303302
915 0.229054994224322
916 0.229462566546294
917 0.229894187090187
918 0.230324524542963
919 0.230835137658973
920 0.231486993388329
921 0.232003607278552
922 0.232357680729336
923 0.232664508312308
924 0.233084701925361
925 0.233487183626087
926 0.233889794556712
927 0.234302010506832
928 0.234713985483393
929 0.235081409191651
930 0.235477947087621
931 0.235925933947749
932 0.23637749912366
933 0.2367715400116
934 0.237225660519358
935 0.23772677585141
936 0.23809758146583
937 0.238507194317843
938 0.238925974578411
939 0.239345533014359
940 0.239824710181591
941 0.240252850779898
942 0.240625168177266
943 0.240964003103614
944 0.241298447063795
945 0.241783059888745
946 0.242289747377472
947 0.242732825599398
948 0.243226321433025
949 0.243562042692566
950 0.243894936203941
951 0.244341895435017
952 0.244760770932807
953 0.245198267853797
954 0.245630346739304
955 0.246026987024917
956 0.24637975761104
957 0.246792981675049
958 0.247213985652752
959 0.247610955344146
960 0.248106826297754
961 0.248494541489583
962 0.24880530496498
963 0.249148066645551
964 0.249635818044201
965 0.25000335192517
966 0.2503437327357
967 0.250788691418636
968 0.251303825760276
969 0.251673319672418
970 0.252047353944593
971 0.252545911939438
972 0.252954634883107
973 0.253554224682677
974 0.254020951418099
975 0.254218936075705
976 0.254777242778126
977 0.255073621542474
978 0.255311390720156
979 0.255755978113244
980 0.256323921710751
981 0.256740982746948
982 0.257174673054517
983 0.257706028554193
984 0.258048628538619
985 0.258521172320732
986 0.258857132542684
987 0.259035752342827
988 0.259604665111414
989 0.259850794298672
990 0.260158466175699
991 0.260725218656641
992 0.261172097957338
993 0.26171886926439
994 0.261988822162191
995 0.262064815318378
996 0.262609866710569
997 0.26304951611335
998 0.263416110203069
999 0.263863542938333
1000 0.264499506159902
1001 0.26162923472898
1002 0.261989306855519
1003 0.262417446142556
1004 0.262792406414716
1005 0.263082456223704
1006 0.263433287728815
1007 0.263814077277408
1008 0.26420064299918
1009 0.264526614363854
1010 0.26487524830142
1011 0.265156767419786
1012 0.265476388714438
1013 0.265893018326058
1014 0.266352076181912
1015 0.266832207995746
1016 0.267222995631445
1017 0.267610289224606
1018 0.267958385459252
1019 0.268329345905948
1020 0.268729838525743
1021 0.269027212084217
1022 0.269278750208265
1023 0.269580725612664
1024 0.26993155614687
1025 0.270354665060273
1026 0.270781023740817
1027 0.271127383185676
1028 0.271416723980377
1029 0.271656113282671
1030 0.271946010225362
1031 0.272290360861355
1032 0.272627936358001
1033 0.272959046179734
1034 0.273328177682557
1035 0.273740971164018
1036 0.27411815168463
1037 0.274494323146532
1038 0.27482844361949
1039 0.275188099142933
1040 0.275559538582901
1041 0.275874050936648
1042 0.276194555110203
1043 0.276577199760358
1044 0.276932367229562
1045 0.277285166586391
1046 0.277658707145248
1047 0.278019617366457
1048 0.278343269681884
1049 0.27867849514529
1050 0.278970772551206
1051 0.279303037300883
1052 0.279699585583737
1053 0.280007234072258
1054 0.280335127779205
1055 0.280695830601018
1056 0.281037147612737
1057 0.281419344849198
1058 0.281830665330145
1059 0.282236678269476
1060 0.282560020416032
1061 0.282853284997074
1062 0.283209118364116
1063 0.283598791927818
1064 0.284013146646255
1065 0.28443814861759
1066 0.284832994959878
1067 0.285171083928731
1068 0.285440422714738
1069 0.285698544398414
1070 0.286046599348193
1071 0.286402698632778
1072 0.28678891452158
1073 0.287274279709387
1074 0.287743678346525
1075 0.288117168599354
1076 0.28849931319079
1077 0.288891500665179
1078 0.289246967277573
1079 0.289507917447127
1080 0.289865289041256
1081 0.29025579140371
1082 0.29058206208352
1083 0.290947380799026
1084 0.291317680362139
1085 0.291685635661804
1086 0.292052934652298
1087 0.292401563948996
1088 0.292728215037373
1089 0.2930255679988
1090 0.293316547984935
1091 0.293623613547058
1092 0.293935245465552
1093 0.294279322859734
1094 0.294656896298312
1095 0.294999324329232
1096 0.29531310558359
1097 0.295649991178623
1098 0.29592052087393
1099 0.296147921304643
1100 0.296441368492543
1101 0.29670979198398
1102 0.296994798527799
1103 0.297346243458313
1104 0.29764930955009
1105 0.297895786427221
1106 0.298154717671927
1107 0.298361600800689
1108 0.298619586274245
1109 0.298891489296429
1110 0.29920401597433
1111 0.299509599855054
1112 0.299808358595033
1113 0.300072656153417
1114 0.300296691101506
1115 0.30055251361119
1116 0.3008294522652
1117 0.301071874047502
1118 0.301343076327431
1119 0.301616918499582
1120 0.301825533934292
1121 0.302069394050621
1122 0.302358665785507
1123 0.302594814111418
1124 0.30279582181201
1125 0.303029123733566
1126 0.30325746115333
1127 0.303466111248039
1128 0.303735808935689
1129 0.304028053425636
1130 0.304259729927283
1131 0.30448534633049
1132 0.304688019162517
1133 0.304833231250599
1134 0.304984074505305
1135 0.305165953089202
1136 0.305353485793238
1137 0.30552748867709
1138 0.305747017565505
1139 0.306007942472289
1140 0.30625644908489
1141 0.306540189556257
1142 0.306798216711011
1143 0.307045522110825
1144 0.307285393106224
1145 0.307535287438921
1146 0.307759102847067
1147 0.307960782086191
1148 0.308159870607391
1149 0.308350778280338
1150 0.308549956206989
1151 0.308775433382267
1152 0.308986953380506
1153 0.30917841792944
1154 0.309342115685186
1155 0.309532070710551
1156 0.309698303525449
1157 0.309909291136709
1158 0.31015775708705
1159 0.310389092458511
1160 0.310630864193322
1161 0.310889362152938
1162 0.311108993736097
1163 0.311368021832704
1164 0.311622731839107
1165 0.31185544244935
1166 0.31207767721362
1167 0.31228528882344
1168 0.31248685148146
1169 0.3126828680019
1170 0.312919396489677
1171 0.313201674337666
1172 0.313444512356887
1173 0.3136924217756
1174 0.313938606316913
1175 0.314157473989179
1176 0.314395731418181
1177 0.314664840139696
1178 0.314910558266592
1179 0.315144025135474
1180 0.315375509431918
1181 0.315619800616641
1182 0.315842102770815
1183 0.316059317893289
1184 0.316261427353484
1185 0.316467000374567
1186 0.316693319880563
1187 0.316933482768581
1188 0.317215123582593
1189 0.317475337635983
1190 0.317741749586351
1191 0.317986016629411
1192 0.318219303123415
1193 0.318441545347343
1194 0.318638690131109
1195 0.318853227332591
1196 0.31907981051572
1197 0.319295271524103
1198 0.319512414635898
1199 0.319713210644625
1200 0.319930161998606
1201 0.320129265945175
1202 0.32033681648172
1203 0.320576544447954
1204 0.320797732729973
1205 0.321016879568414
1206 0.321233173056893
1207 0.32143969204804
1208 0.321656771904338
1209 0.321883451067587
1210 0.32209424381424
1211 0.322317729252829
1212 0.322520981784193
1213 0.322681445521286
1214 0.322870484792944
1215 0.323063784217262
1216 0.323264814264256
1217 0.323466230737717
1218 0.323714398553864
1219 0.323950721996158
1220 0.324137676015588
1221 0.324332027430038
1222 0.32451388881304
1223 0.324698950570748
1224 0.32487028492348
1225 0.325061698138241
1226 0.325259454858304
1227 0.32545061645883
1228 0.325665293086659
1229 0.325849754961013
1230 0.32601010894088
1231 0.326181042112396
1232 0.326325334149029
1233 0.326496219554412
1234 0.326697401575309
1235 0.326883242145489
1236 0.327045320890373
1237 0.327248493268926
1238 0.327495942857896
1239 0.327735270636328
1240 0.327997642668363
1241 0.328343686395506
1242 0.32857475669903
1243 0.328763117108979
1244 0.328941617524977
1245 0.329061473084684
1246 0.329208745250236
1247 0.329350903662861
1248 0.329494828670734
1249 0.329609767308463
1250 0.329780644646868
1251 0.329991634520274
1252 0.330187562280169
1253 0.330436643035978
1254 0.330643795972162
1255 0.330805898952868
1256 0.330982153462425
1257 0.331166419889839
1258 0.331333688563084
1259 0.33147527367681
1260 0.331597339529689
1261 0.331749114418534
1262 0.331871322488021
1263 0.33203901189634
1264 0.332265685127994
1265 0.332447977232654
1266 0.332604152334883
1267 0.332797234756031
1268 0.33300250536264
1269 0.333203852346854
1270 0.333439224881404
1271 0.333646100634948
1272 0.33382100125111
1273 0.334011569768438
1274 0.334198895231476
1275 0.334395081782081
1276 0.334593025398442
1277 0.334803276414379
1278 0.335028095069468
1279 0.335246438506602
1280 0.335476888946758
1281 0.335715767384368
1282 0.335964126788334
1283 0.33621738529959
1284 0.336477759142944
1285 0.336761483223415
1286 0.337018673509853
1287 0.337260344816311
1288 0.33752039510964
1289 0.337793432107813
1290 0.338036265700295
1291 0.33829230321066
1292 0.338511134838861
1293 0.338661618559623
1294 0.338855391158015
1295 0.339058740572596
1296 0.33925845221094
1297 0.339483340915002
1298 0.339689115595465
1299 0.339878765499204
1300 0.340050914095543
1301 0.340271705102907
1302 0.340505029415295
1303 0.340742810497493
1304 0.341020362931068
1305 0.341260604273741
1306 0.341475817455926
1307 0.341714394870091
1308 0.341975112478257
1309 0.342191217455612
1310 0.342406409640275
1311 0.342592100328129
1312 0.342724920492827
1313 0.342879645282059
1314 0.343042575841896
1315 0.343183509144989
1316 0.343301329707435
1317 0.343436484859629
1318 0.343568139474896
1319 0.343697144302111
1320 0.343839684806835
1321 0.343975519473649
1322 0.344100370689985
1323 0.344223615851822
1324 0.344345089874531
1325 0.344472944796461
1326 0.344581952338494
1327 0.34468059059373
1328 0.344775558945087
1329 0.344868238373649
1330 0.344941471922552
1331 0.344996755519868
1332 0.345060914395996
1333 0.345103768803291
1334 0.345172253705182
1335 0.34526595687656
1336 0.345340811680769
1337 0.345430950573944
1338 0.345489762362115
1339 0.345512007471262
1340 0.345556470791301
1341 0.345602546521793
1342 0.345638509807977
1343 0.345683866799129
1344 0.345720795979447
1345 0.345726793297371
1346 0.345754269899384
1347 0.345798013064619
1348 0.345847954285683
1349 0.345866572102856
1350 0.34588966879825
1351 0.345875949628981
1352 0.34581166751405
1353 0.345793123334261
1354 0.345767047323889
1355 0.345769589950891
1356 0.345788272217819
1357 0.345833871992922
1358 0.345912702547409
1359 0.345975802397136
1360 0.346070489779395
1361 0.34613338153686
1362 0.346179226070373
1363 0.346215116769465
1364 0.346245773717396
1365 0.346258928503315
1366 0.346252531710492
1367 0.346238861970572
1368 0.346194073884893
1369 0.346171416702774
1370 0.346147920124748
1371 0.346132204757798
1372 0.346135271688184
1373 0.346154103248704
1374 0.346101831347838
1375 0.346046460670793
1376 0.345974976018802
1377 0.345869463222385
1378 0.345755854778918
1379 0.345643267191217
1380 0.345504608066563
1381 0.345343382909554
1382 0.345150933149044
1383 0.344947504738009
1384 0.344712806891249
1385 0.344429524034247
1386 0.344151190425945
1387 0.343868560894567
1388 0.343563016726123
1389 0.343254881323942
1390 0.342905061927707
1391 0.342503410271642
1392 0.342123335650398
1393 0.34171680630961
1394 0.341323517530744
1395 0.340958267055163
1396 0.340568313639674
1397 0.340176168195232
1398 0.339758402996739
1399 0.339357501157949
1400 0.338889792589092
1401 0.338362939771341
1402 0.337821102243307
1403 0.337266160031317
1404 0.336689609355355
1405 0.33614023195969
1406 0.335602074264168
1407 0.335092512195718
1408 0.334577237135484
1409 0.334115730495722
1410 0.33366293448613
1411 0.333320256282677
1412 0.333012658835104
1413 0.332811518740205
1414 0.332695540486093
1415 0.332682398482172
1416 0.33275165482364
1417 0.332906775970007
1418 0.333186352970299
1419 0.333502609965945
1420 0.333935178893472
1421 0.334319997550992
1422 0.334746356934507
1423 0.335159710636515
1424 0.335570558479587
1425 0.335959496863268
1426 0.336373497258671
1427 0.336737663430098
1428 0.33704357162583
1429 0.337352356119862
1430 0.337630394777212
1431 0.337921746460497
1432 0.338213473983019
1433 0.338500443370129
1434 0.338801282710838
1435 0.339113370022466
1436 0.339411085440788
1437 0.339710738002624
1438 0.339997454184973
1439 0.340267182032718
1440 0.340556594356488
1441 0.340859739950879
1442 0.341134887268883
1443 0.341402797104508
1444 0.341676198066068
1445 0.34193968120069
1446 0.342189866325972
1447 0.342455061760497
1448 0.342689423638468
1449 0.342896288769405
1450 0.343087784798302
1451 0.343261784485473
1452 0.343433219877081
1453 0.343572830513518
1454 0.343733227101481
1455 0.343912461329315
1456 0.3440676426392
1457 0.344226396871641
1458 0.344361897022421
1459 0.344438230263654
1460 0.344577875571878
1461 0.344743003534416
1462 0.344899186986198
1463 0.345088411920281
1464 0.345277105780294
1465 0.345460587801191
1466 0.345636137119138
1467 0.345818284322452
1468 0.346002930267968
1469 0.346186005606391
1470 0.346347768145907
1471 0.346525625997721
1472 0.346717756572648
1473 0.346856642637178
1474 0.347033224767965
1475 0.347228719058828
1476 0.347427566507168
1477 0.347667541436511
1478 0.347951420703949
1479 0.348223443627019
1480 0.34853229278764
1481 0.348785417427472
1482 0.349041429960103
1483 0.34923915592171
1484 0.349371670079971
1485 0.349536739871559
1486 0.34966038634671
1487 0.349839414951687
1488 0.350054695897841
1489 0.35026251908725
1490 0.350499042581268
1491 0.350709052630877
1492 0.350906445177852
1493 0.35111020382451
1494 0.35130194766832
1495 0.351508554378957
1496 0.351731040355038
1497 0.351941801205142
1498 0.352170738234826
1499 0.35236316646157
1500 0.35251806216555
1501 0.352695509415559
1502 0.352850902388013
1503 0.353027720762539
1504 0.353238836445874
1505 0.353434315865746
1506 0.353625704173607
1507 0.353821391417442
1508 0.354026339124885
1509 0.354212674525679
1510 0.354392180024583
1511 0.354565160915057
1512 0.354713714664436
1513 0.354872959472782
1514 0.35502749479043
1515 0.355198918382222
1516 0.35538292004407
1517 0.355574132213175
1518 0.3557638500786
1519 0.355936608586294
1520 0.356121984810232
1521 0.35628046504545
1522 0.356448425795418
1523 0.356625493912332
1524 0.356786871775813
1525 0.356937064136832
1526 0.357086350916406
1527 0.357225572673772
1528 0.357380086804004
1529 0.357526369053446
1530 0.357697321903218
1531 0.35789518207821
1532 0.358072643143667
1533 0.358265086506714
1534 0.358423249538337
1535 0.358557129250531
1536 0.358698378250987
1537 0.358832118840876
1538 0.358950352228995
1539 0.359052135897602
1540 0.359173604148448
1541 0.359287544279605
1542 0.359405246641773
1543 0.359537146777745
1544 0.359672806197681
1545 0.359811077674207
1546 0.359935224132757
1547 0.360065523373487
1548 0.360192577940649
1549 0.360287143402071
1550 0.360414870253499
1551 0.360573681222599
1552 0.360718248875776
1553 0.360866269424758
1554 0.36101168408789
1555 0.361170139337531
1556 0.36129367781306
1557 0.361382150948719
1558 0.361504539674469
1559 0.361615755216219
1560 0.361741148786361
1561 0.361942850188403
1562 0.362050440435987
1563 0.362073352492293
1564 0.362154193356357
1565 0.362173508006324
1566 0.362283881336646
1567 0.362511235738386
1568 0.362680431692909
1569 0.362876941039633
1570 0.363037180658491
1571 0.363153010911988
1572 0.363275870633983
1573 0.36339122267668
1574 0.363500969309069
1575 0.363584577555346
1576 0.363696897707742
1577 0.363812450409797
1578 0.363944000756094
1579 0.364145362209766
1580 0.364275784006366
1581 0.364390560071306
1582 0.364469574875704
1583 0.36444811181189
1584 0.364482559227502
1585 0.364508549775094
1586 0.364570802840166
1587 0.364675523164841
1588 0.364793622888336
1589 0.364945975139028
1590 0.365094147749717
1591 0.365276610736774
1592 0.365429122502115
1593 0.365565619799402
1594 0.36569507919384
1595 0.365793401753579
1596 0.365905332586197
1597 0.366035713765079
1598 0.366143261643771
1599 0.366263724216225
1600 0.366341089757532
1601 0.366373253100787
1602 0.366434028454812
1603 0.366555271605759
1604 0.366654514951109
1605 0.366755889573649
1606 0.366887969295904
1607 0.367008484190707
1608 0.367099524824261
1609 0.367219531497536
1610 0.367384752295074
1611 0.367483050209914
1612 0.367548328269789
1613 0.36762785077686
1614 0.367678010254382
1615 0.367776775654219
1616 0.367895314013699
1617 0.368020309028549
1618 0.368168124062845
1619 0.368312859273905
1620 0.368466057415257
1621 0.368606893949673
1622 0.368758955212626
1623 0.368871785451086
1624 0.368949193803354
1625 0.369073492212836
1626 0.369199118883909
1627 0.369325824275243
1628 0.369485074646279
1629 0.369613753428684
1630 0.369733416437474
1631 0.369805187330966
1632 0.369869597646349
1633 0.369882557809932
1634 0.369805250448373
1635 0.369833150240369
1636 0.369879787975415
1637 0.369933110635441
1638 0.370024637240548
1639 0.370128743761942
1640 0.370223530449134
1641 0.370357317301506
1642 0.370553348467032
1643 0.370700375166366
1644 0.370849248864175
1645 0.370954921329293
1646 0.371023219031127
1647 0.371132380208789
1648 0.371231042985806
1649 0.371338041402462
1650 0.371493231467558
1651 0.37155932462262
1652 0.371566211065935
1653 0.371618335533821
1654 0.371647129183926
1655 0.371711403467093
1656 0.371790929303637
1657 0.371850882894712
1658 0.371946355424057
1659 0.372066201137655
1660 0.372139803627915
1661 0.372213637892644
1662 0.372308516523113
1663 0.372371457606643
1664 0.37244418508841
1665 0.372544090607432
1666 0.372624048471554
1667 0.37266920428594
1668 0.372710343497828
1669 0.372722076427028
1670 0.372684694502499
1671 0.372719105365697
1672 0.372828849827864
1673 0.372947500654695
1674 0.373079215658661
1675 0.373215950799793
1676 0.373323644335709
1677 0.373390204336292
1678 0.373458748058994
1679 0.373482045513306
1680 0.373477681690015
1681 0.373512251266612
1682 0.373567987127782
1683 0.373666480167735
1684 0.373765369325002
1685 0.37385069177082
1686 0.37397026105881
1687 0.374080393233402
1688 0.37419256783068
1689 0.374349682689318
1690 0.374487108956703
1691 0.374621963091428
1692 0.374764954076261
1693 0.374834146655932
1694 0.374911814999057
1695 0.375013003417295
1696 0.375058885788531
1697 0.375131397662423
1698 0.375197092136681
1699 0.375168100782064
1700 0.375166605098028
1701 0.375165646940391
1702 0.37515819549343
1703 0.375135810463652
1704 0.375153607683605
1705 0.37515302656421
1706 0.375220010555177
1707 0.375391718888288
1708 0.375479318398722
1709 0.375592774689148
1710 0.37564984303711
1711 0.375627076921733
1712 0.375608977086222
1713 0.375548305170219
1714 0.375524963243799
1715 0.375506311243765
1716 0.375491381784629
1717 0.375496123825791
1718 0.375505855497122
1719 0.375495691621176
1720 0.375531759760563
1721 0.375609209752748
1722 0.375677355428433
1723 0.375758317132479
1724 0.37583259992257
1725 0.375930499371401
1726 0.376015538600014
1727 0.376132414360183
1728 0.376165187201538
1729 0.37611570072939
1730 0.376084563346384
1731 0.376010201132575
1732 0.375952950397105
1733 0.375898542251187
1734 0.375894587970195
1735 0.37590146282269
1736 0.375926612902734
1737 0.376030963755003
1738 0.376069711068784
1739 0.376081635992666
1740 0.376051492536353
1741 0.375965605800476
1742 0.375910985589601
1743 0.375888863686783
1744 0.375856583685086
1745 0.375858373981647
1746 0.375872066375903
1747 0.375915133374323
1748 0.376012539703784
1749 0.376105006497058
1750 0.376120620060642
1751 0.376099553584454
1752 0.376095674415918
1753 0.376099335595666
1754 0.376097165245325
1755 0.37608700954805
1756 0.376040256938244
1757 0.375959210906026
1758 0.375900430709525
1759 0.375897119806072
1760 0.375939046938748
1761 0.375986726926761
1762 0.376052703672049
1763 0.376070845819965
1764 0.376016152233905
1765 0.375931198160381
1766 0.375828194017824
1767 0.375790911435694
1768 0.375795873208151
1769 0.375779755213537
1770 0.375762318851801
1771 0.375706928334229
1772 0.375577962918131
1773 0.375489056375055
1774 0.375429968822313
1775 0.375353540383079
1776 0.375212956939752
1777 0.375192148014734
1778 0.375235218233179
1779 0.375266304938179
1780 0.375401616972597
1781 0.375429438372566
1782 0.375434012205592
1783 0.375459288171129
1784 0.375478965854254
1785 0.375505375203222
1786 0.375580101337851
1787 0.375614345614278
1788 0.375638611152774
1789 0.375707362782613
1790 0.375740551735658
1791 0.375792104478188
1792 0.375873752042154
1793 0.375901229177204
1794 0.375926718871753
1795 0.375932081139025
1796 0.37589076140749
1797 0.375861179405103
1798 0.375770389010718
1799 0.375663337620276
1800 0.375604911534691
1801 0.373438293009116
1802 0.37352395412596
1803 0.373802944745612
1804 0.373862638974724
1805 0.374012612356911
1806 0.374259108418379
1807 0.374449021794018
1808 0.374571198876498
1809 0.374784714997869
1810 0.375139325427268
1811 0.375286783814016
1812 0.375407248313985
1813 0.37557760808051
1814 0.375633006895381
1815 0.375663449391699
1816 0.375738133826098
1817 0.375845957761486
1818 0.37590495150724
1819 0.375942468824995
1820 0.376007648978157
1821 0.376036243082607
1822 0.376115226780702
1823 0.37629687002221
1824 0.376476662549968
1825 0.376609644226686
1826 0.376742163393412
1827 0.376862476681025
1828 0.376965594064897
1829 0.377049390159639
1830 0.377117616131674
1831 0.377237404874294
1832 0.377311399706635
1833 0.377238297940663
1834 0.377203127341375
1835 0.377143815597413
1836 0.377110742969493
1837 0.377074782699672
1838 0.377093564933201
1839 0.377163252356185
1840 0.37716927918015
1841 0.377253124893742
1842 0.377309765929179
1843 0.37738173107156
1844 0.377509132153971
1845 0.377589284952389
1846 0.377650694205992
1847 0.377670245080544
1848 0.377637875578074
1849 0.377596146318315
1850 0.377635085307823
1851 0.377540267993026
1852 0.377463201264475
1853 0.377489676645479
1854 0.377353078861855
1855 0.377278175450179
1856 0.377190664938375
1857 0.376968162599441
1858 0.376808505851389
1859 0.376655843731716
1860 0.376511372039879
1861 0.376416370992016
1862 0.37631041547048
1863 0.376092758139016
1864 0.37584387414572
1865 0.375509066347906
1866 0.3751237183852
1867 0.374771729918672
1868 0.374438274229909
1869 0.374099696573961
1870 0.373696557384389
1871 0.373270970392508
1872 0.372861696692428
1873 0.372289933291266
1874 0.371642487613428
1875 0.37097167182511
1876 0.370197809394653
1877 0.36944697531999
1878 0.368646527299293
1879 0.367838182781101
1880 0.366963627963485
1881 0.365990550171172
1882 0.364857960851801
1883 0.363631245308567
1884 0.362339135131482
1885 0.360977101415565
1886 0.359602198987107
1887 0.358204202727298
1888 0.356677877806249
1889 0.355068705144884
1890 0.353385928095941
1891 0.351581892237953
1892 0.349604113624189
1893 0.347567657437876
1894 0.345314726798785
1895 0.342940727718626
1896 0.340611783189939
1897 0.338201296535278
1898 0.335805191304963
1899 0.333519751904477
1900 0.331277220583295
1901 0.329080990006823
1902 0.326926771473041
1903 0.324915866440307
1904 0.322970204123276
1905 0.321249563286006
1906 0.319674338073455
1907 0.318288090824418
1908 0.31712218833142
1909 0.316051048173592
1910 0.315144856922378
1911 0.314464015342757
1912 0.313849783483059
1913 0.313357478353198
1914 0.312974865414795
1915 0.312673965451493
1916 0.312319307129808
1917 0.312070460631783
1918 0.311999475099316
1919 0.312024448696007
1920 0.312205328931493
1921 0.312403883905332
1922 0.31272036326772
1923 0.313004655412492
1924 0.313314834306744
1925 0.313635101679139
1926 0.313990754942843
1927 0.314323476916168
1928 0.314735458512382
1929 0.315202925976382
1930 0.315607434544596
1931 0.316070728214134
1932 0.316536622023122
1933 0.316972582207399
1934 0.317416633053848
1935 0.317888760909092
1936 0.318406057243105
1937 0.318841715750436
1938 0.319278451661725
1939 0.319790396603694
1940 0.320206352168913
1941 0.32058966324055
1942 0.32106325394642
1943 0.321535788813022
1944 0.322022042564
1945 0.322509940900648
1946 0.323049420091476
1947 0.323523875785477
1948 0.323960433662191
1949 0.324376287398039
1950 0.324888145905959
1951 0.325364583843014
1952 0.325738915980571
1953 0.326195742719331
1954 0.326667493540372
1955 0.327077257169055
1956 0.327585657353431
1957 0.328224902037513
1958 0.328785010493868
1959 0.329351133064276
1960 0.329877319738078
1961 0.330354417553771
1962 0.33080670907012
1963 0.331338756327149
1964 0.331881318994358
1965 0.332483065722296
1966 0.333240450599086
1967 0.333822049409661
1968 0.334319365751119
1969 0.334817008308373
1970 0.335222346465062
1971 0.335656200165676
1972 0.33611206899819
1973 0.336541488498155
1974 0.336892765889633
1975 0.337285190225336
1976 0.33775327245541
1977 0.338299128618379
1978 0.338797177703411
1979 0.339372835819903
1980 0.339857160654039
1981 0.340235160708626
1982 0.340693474940698
1983 0.341190373071072
1984 0.341680477998195
1985 0.342165371992056
1986 0.342669704474108
1987 0.34321541151201
1988 0.343815875270223
1989 0.344448724598693
1990 0.344977487805035
1991 0.345495081686566
1992 0.345939780796685
1993 0.346425140286686
1994 0.346909254077226
1995 0.347393261016996
1996 0.347871841015771
1997 0.348346644139858
1998 0.348813217934831
1999 0.349278563740187
2000 0.349761577954031
2001 0.350283140063898
2002 0.350754179527114
2003 0.351193438609703
2004 0.351685167060415
2005 0.352167779780099
2006 0.352665652926794
2007 0.353251859378066
2008 0.353753950927332
2009 0.354178151584239
2010 0.354639649257391
2011 0.355127721412694
2012 0.355561435916385
2013 0.355908839642883
2014 0.356368425536508
2015 0.35670084717714
2016 0.356876933738736
2017 0.357208835157941
2018 0.357565802954203
2019 0.357934503410902
2020 0.358400733414868
2021 0.358787069782787
2022 0.359115992782264
2023 0.359494462356958
2024 0.35985168462642
2025 0.360285688147986
2026 0.360708826416901
2027 0.361040658353218
2028 0.361291995134339
2029 0.361515328140734
2030 0.361862680871036
2031 0.362307937355509
2032 0.362634279127012
2033 0.363025217190927
2034 0.363329298735509
2035 0.363494438265571
2036 0.363672129445329
2037 0.363795726307098
2038 0.364003642814731
2039 0.36417559051331
2040 0.364414266988331
2041 0.364819129819563
2042 0.365233421465124
2043 0.365547049700563
2044 0.365825854473998
2045 0.366125826249062
2046 0.366361595187005
2047 0.36663292843478
2048 0.366938991848468
2049 0.367244697028143
2050 0.367559134689262
2051 0.367834476159781
2052 0.368127671730107
2053 0.36838442528769
2054 0.36857927279275
2055 0.368786790574606
2056 0.368982595958713
2057 0.36916733390556
2058 0.369366975889416
2059 0.369555076458067
2060 0.369758209500614
2061 0.37000079358403
2062 0.37018331281404
2063 0.370297136335004
2064 0.370493153264236
2065 0.370738459862508
2066 0.370928498609238
2067 0.371130148566593
2068 0.371350817132953
2069 0.371464090214777
2070 0.37157738895181
2071 0.371793087995356
2072 0.372090435496844
2073 0.372333363944621
2074 0.372623393695992
2075 0.372868339219905
2076 0.373090963731462
2077 0.373275454607575
2078 0.373428461928905
2079 0.373600227066993
2080 0.373690412213562
2081 0.373880282554513
2082 0.374204290359042
2083 0.374417302802649
2084 0.374625696540284
2085 0.374818785195547
2086 0.374929808780429
2087 0.374856490273445
2088 0.375047218743266
2089 0.375368655881741
2090 0.375541092651152
2091 0.375812491973191
2092 0.375960627608581
2093 0.375914616696514
2094 0.375968512831083
2095 0.376006924906724
2096 0.376122963867201
2097 0.376333856862587
2098 0.376458977913263
2099 0.376554610550339
2100 0.376726901887272
2101 0.37694658448626
2102 0.376970825409906
2103 0.377104039241616
2104 0.377303980729234
2105 0.377503422514092
2106 0.377709371450789
2107 0.377873410319309
2108 0.378078415681398
2109 0.378240712932978
2110 0.378228085716416
2111 0.378413334647542
2112 0.378758664857856
2113 0.379010491058471
2114 0.379395836578754
2115 0.379632029063659
2116 0.379737502461109
2117 0.379792011386481
2118 0.37983076371253
2119 0.379953073438764
2120 0.380202523718416
2121 0.380626147763975
2122 0.380886610752352
2123 0.381234573211906
2124 0.381440618197366
2125 0.381467159520432
2126 0.381597116965879
2127 0.381717772912233
2128 0.381855931945594
2129 0.381979856570602
2130 0.382167622452654
2131 0.382423865218214
2132 0.382653019296821
2133 0.382989782429876
2134 0.383223955218165
2135 0.38326715282251
2136 0.383242334273666
2137 0.383175412982431
2138 0.382924816744358
2139 0.382786916837666
2140 0.382681431751145
2141 0.382540342889103
2142 0.38239962220695
2143 0.382231675428346
2144 0.382046650332497
2145 0.381834519405684
2146 0.381529671068032
2147 0.38132080901994
2148 0.381230775484183
2149 0.381004678490133
2150 0.380734254781259
2151 0.380482165927198
2152 0.380154284560769
2153 0.379814031337297
2154 0.379465030381132
2155 0.37915714609385
2156 0.3787493933938
2157 0.378200920961024
2158 0.377754118309106
2159 0.377301606276101
2160 0.376898525017028
2161 0.376482695766768
2162 0.376196848540816
2163 0.376103854240713
2164 0.375828715478487
2165 0.375524196267939
2166 0.375238997039031
2167 0.374858775043971
2168 0.374496937478211
2169 0.374241885669068
2170 0.373910490645765
2171 0.373526924748554
2172 0.373066178659517
2173 0.372498184827563
2174 0.371936831311003
2175 0.371540806685818
2176 0.371186716133878
2177 0.37080138888898
2178 0.370579416615819
2179 0.370224514754811
2180 0.369704864635805
2181 0.369297616674637
2182 0.369023566706361
2183 0.368574882939496
2184 0.367996441270159
2185 0.367517295705619
2186 0.367012401148509
2187 0.366512260336748
2188 0.366145052508228
2189 0.365624262182282
2190 0.364974008448694
2191 0.364333384282036
2192 0.36359791937076
2193 0.362915373559669
2194 0.362221793924725
2195 0.361578359707637
2196 0.360956185808634
2197 0.360337350982992
2198 0.359812685540728
2199 0.359382876537076
2200 0.358877293551964
2201 0.358399169205792
2202 0.357911565528462
2203 0.357327756817405
2204 0.35688182192976
2205 0.356531781296831
2206 0.356191379761875
2207 0.355840439285501
2208 0.355648619693614
2209 0.355404746739328
2210 0.355490525041084
2211 0.355886041684452
2212 0.356295800579936
2213 0.356963801614167
2214 0.357606787720243
2215 0.358338625136725
2216 0.358994786562108
2217 0.359637055285625
2218 0.360377443684821
2219 0.360890227214185
2220 0.361357980201615
2221 0.3618305072599
2222 0.362294311442976
2223 0.362566990569731
2224 0.362724511587962
2225 0.362968830508513
2226 0.363084187904179
2227 0.363267979720792
2228 0.363571422931399
2229 0.363800711546117
2230 0.36396869561335
2231 0.364115736579339
2232 0.364257204214349
2233 0.364408824967183
2234 0.364553880586007
2235 0.364608569711482
2236 0.364677095047524
2237 0.364677373085232
2238 0.364497018795368
2239 0.364399805086858
2240 0.364346031224629
2241 0.364267036322519
2242 0.364143040644031
2243 0.364075850048596
2244 0.364061076491734
2245 0.364043440880237
2246 0.363832892327281
2247 0.363676981342029
2248 0.363648684503421
2249 0.363545671262936
2250 0.363663728787412
2251 0.364094245168468
2252 0.364336837237882
2253 0.364559011982821
2254 0.364763965313646
2255 0.364989113362421
2256 0.365145646222987
2257 0.365265171140495
2258 0.365353225668314
2259 0.365427555893084
2260 0.365377827531337
2261 0.365218382858533
2262 0.365099876789837
2263 0.364791188119267
2264 0.3647468944856
2265 0.364773813097696
2266 0.364950997413723
2267 0.365487314535806
2268 0.365749171246266
2269 0.366074245074076
2270 0.366245415873333
2271 0.366131898882449
2272 0.366138338113252
2273 0.366150475052025
2274 0.366117532172428
2275 0.366043394918478
2276 0.366013261769343
2277 0.36620116227963
2278 0.365885535834901
2279 0.365747303550038
2280 0.365867453801921
2281 0.365539059985496
2282 0.365487875777747
2283 0.36540318150177
2284 0.3650477976838
2285 0.364883153774161
2286 0.364846727188681
2287 0.364590897487643
2288 0.364219642745536
2289 0.364062440213815
2290 0.363769000695621
2291 0.363806998246128
2292 0.364227449736957
2293 0.364361347823369
2294 0.364593576699821
2295 0.364557727166357
2296 0.364367316188506
2297 0.364121455662903
2298 0.363533073930776
2299 0.363383028751013
2300 0.36331924617981
2301 0.363316691891767
2302 0.363736123448164
2303 0.363787893252698
2304 0.363676381021757
2305 0.363570861240249
2306 0.363334798289076
2307 0.363128177282758
2308 0.362939461702132
2309 0.362671172155582
2310 0.362189753463584
2311 0.361946228352387
2312 0.361823434627308
2313 0.361680542862696
2314 0.361820728677973
2315 0.361695952444425
2316 0.361441182902935
2317 0.361078165828613
2318 0.360206045758067
2319 0.359844302943016
2320 0.359788090805791
2321 0.359613337837399
2322 0.359337819862905
2323 0.359657293204111
2324 0.359696114687191
2325 0.359284637500315
2326 0.359310570525965
2327 0.359221614640586
2328 0.358834838808449
2329 0.358778044554041
2330 0.358713970121131
2331 0.358540995305813
2332 0.358280726754983
2333 0.357871577424861
2334 0.357618530180094
2335 0.357238542267473
2336 0.357260114332473
2337 0.357814981379066
2338 0.357732842855986
2339 0.35761739058156
2340 0.35735645731307
2341 0.356602245510409
2342 0.356049615435941
2343 0.355541690625701
2344 0.355137168889679
2345 0.354773815223305
2346 0.354349435656366
2347 0.353933117075264
2348 0.353723793939867
2349 0.353597231855751
2350 0.35327478840573
2351 0.35296436297886
2352 0.352818713028421
2353 0.352497136973304
2354 0.352459805243106
2355 0.352957994747603
2356 0.353162628714861
2357 0.353394133482217
2358 0.35315800718435
2359 0.352479133950099
2360 0.352171297428918
2361 0.35165309260311
2362 0.351401117363398
2363 0.351488374870374
2364 0.351650352438495
2365 0.351831091202595
2366 0.352005621885793
2367 0.352769044736293
2368 0.352868390546154
2369 0.352555625595756
2370 0.352168311926103
2371 0.351072974705546
2372 0.350538850598052
2373 0.35002825648094
2374 0.349968673801962
2375 0.351040650779474
2376 0.350980369808728
2377 0.35052983752946
2378 0.349943946651403
2379 0.34804138469909
2380 0.347436242755955
2381 0.348018404210406
2382 0.34778969492588
2383 0.347855782922179
2384 0.34735116007042
2385 0.345619338439234
2386 0.344905870319694
2387 0.344804420297476
2388 0.344265101845704
2389 0.343849022859858
2390 0.343341621054187
2391 0.342059327069571
2392 0.342023997891461
2393 0.343036916514755
2394 0.343647923588688
2395 0.344737970537047
2396 0.345531618626852
2397 0.346360170169499
2398 0.346489190236681
2399 0.346527251200599
2400 0.345915789266715
2401 0.343684801025532
2402 0.342833906094997
2403 0.342335205335654
2404 0.342187149909399
2405 0.343158204892191
2406 0.34309753352545
2407 0.342739382694775
2408 0.342139792607615
2409 0.340949765319124
2410 0.340259332520217
2411 0.339760350654646
2412 0.339140645240109
2413 0.338120830778889
2414 0.337843893887955
2415 0.337737837276111
2416 0.338022234533711
2417 0.33975474360471
2418 0.340021134678989
2419 0.339586866213849
2420 0.339134625153573
2421 0.337933427971848
2422 0.337418900649965
2423 0.337201233083
2424 0.337116184784589
2425 0.33715804388048
2426 0.336564399350387
2427 0.335742981869868
2428 0.335506917675282
2429 0.335827652008407
2430 0.334688810484224
2431 0.33289842920572
2432 0.331884300346897
2433 0.32988205187316
2434 0.328770142885195
2435 0.329243588530669
2436 0.328839598844963
2437 0.32742879986978
2438 0.326813445972168
2439 0.326690101420948
2440 0.326672010351308
2441 0.327524052507947
2442 0.326495102951828
2443 0.325262105260454
2444 0.3247431041082
2445 0.3227497893018
2446 0.32282254194322
2447 0.324576290067284
2448 0.326029679158972
2449 0.326489388797117
2450 0.32596074912697
2451 0.325300708377625
2452 0.322572207301435
2453 0.321330436822103
2454 0.321564421891619
2455 0.320063685046033
2456 0.319872553249388
2457 0.320260712691273
2458 0.321257795534266
2459 0.322674076433447
2460 0.322272264215121
2461 0.321170046770554
2462 0.319249108339823
2463 0.317737384397123
2464 0.318814671021552
2465 0.318678869437883
2466 0.31799258803624
2467 0.317126833013464
2468 0.315673820159355
2469 0.314049385374426
2470 0.311135464409976
2471 0.310165337317552
2472 0.31003612260289
2473 0.310420327891499
2474 0.313388367478435
2475 0.314681156656496
2476 0.315935170219914
2477 0.315900867655111
2478 0.313785058977759
2479 0.312721515943638
2480 0.310750990494815
2481 0.310182811978102
2482 0.311020190467961
2483 0.311363517359679
2484 0.312419969544144
2485 0.312495748295243
2486 0.311911046769574
2487 0.311766837649907
2488 0.311624391902683
2489 0.311207137768849
2490 0.311496272651975
2491 0.308992438490431
2492 0.306057725355494
2493 0.306233343180286
2494 0.304232914230864
2495 0.306378621139292
2496 0.310407789525973
2497 0.308639480130842
2498 0.309257574795585
2499 0.310689246300181
2500 0.307844127780402
