"Wavelength" "M017a_m4-w2"
350 0.07641438617744
351 0.0813727340943566
352 0.0810334112397566
353 0.0768308272077605
354 0.0750739253672654
355 0.0745785389016083
356 0.0758790938159828
357 0.0789672498084269
358 0.0830267396155031
359 0.0808647238091027
360 0.0768383477627852
361 0.0751795935536911
362 0.0769955167132094
363 0.0750826627005048
364 0.0717692655792148
365 0.0706739323032752
366 0.0692421420089357
367 0.069490851773181
368 0.0715720971010411
369 0.0741660603220688
370 0.0748693635215388
371 0.0739808146611383
372 0.0720549778708138
373 0.0695320289945398
374 0.0728790363449436
375 0.0743868530308489
376 0.0694067465260815
377 0.0689709469077406
378 0.0682754910393179
379 0.0680650008141024
380 0.0701386167633349
381 0.0689092663962973
382 0.0695403520209825
383 0.0715626980741664
384 0.0690351819032827
385 0.064663461307397
386 0.0644190218174739
387 0.0692075570797351
388 0.068611663598523
389 0.0681370154269114
390 0.0683995040953944
391 0.0684298770896519
392 0.067260349974176
393 0.0665478083564539
394 0.0664055250552058
395 0.0657425020380911
396 0.0654461654009213
397 0.0656191065801963
398 0.0660184632705207
399 0.0659686626869233
400 0.0663158164626286
401 0.0664454647480085
402 0.0656960140623316
403 0.0650898166107633
404 0.0645651804981354
405 0.0643987859387442
406 0.0650601883846086
407 0.0659544055032868
408 0.0662019404451698
409 0.0656765449496542
410 0.065611042002902
411 0.0653635310805725
412 0.06546155639586
413 0.0662686296397172
414 0.0658388327557776
415 0.065689172504407
416 0.0663107198469575
417 0.0671345906910136
418 0.0662430985786877
419 0.0657723235844794
420 0.066702452607881
421 0.0662098492454487
422 0.0663870458935269
423 0.0670986069138904
424 0.0674690730051832
425 0.0670036134390638
426 0.0671984826236641
427 0.0678393217318938
428 0.0670747140076743
429 0.0670806305644867
430 0.0673245242167312
431 0.0673910106436913
432 0.0686918323177071
433 0.0688284952502832
434 0.0683193333770553
435 0.0687629446212398
436 0.069156342628773
437 0.0693410118710123
438 0.0693643525453767
439 0.0694405987841944
440 0.069578602982485
441 0.0697367563016451
442 0.0698736670561408
443 0.0699778097933504
444 0.0703560816524863
445 0.0708778528870667
446 0.0711440264910618
447 0.0709624622524411
448 0.0710317559605815
449 0.0714858198482327
450 0.0713309026822536
451 0.0715899171438139
452 0.0717834390698624
453 0.0713907083619326
454 0.0718632741329683
455 0.0720939432718787
456 0.0720929113885421
457 0.072802592683212
458 0.0728670850853112
459 0.0725893738786867
460 0.0724678127808571
461 0.0727744961965172
462 0.0730860931847751
463 0.0731002300392419
464 0.0727647709383323
465 0.0732122866068739
466 0.0737312435708815
467 0.0738272512467198
468 0.0734660314880897
469 0.0733503659153659
470 0.0734682342637852
471 0.0736370187675278
472 0.0738429458568571
473 0.0738015303215219
474 0.0737547279766004
475 0.074186599931821
476 0.0740467465897194
477 0.0740604776036114
478 0.0745324427062995
479 0.0744979445681189
480 0.0743294511126246
481 0.0745104126430276
482 0.0752864541043851
483 0.0752973157151935
484 0.0753788920557621
485 0.0757501242820409
486 0.0758313575031977
487 0.0759371620222057
488 0.0760899706494691
489 0.0762812769599944
490 0.076620129300166
491 0.0768790740327436
492 0.0770277951344943
493 0.0771647228428189
494 0.0773360999064099
495 0.0775058796180819
496 0.0776768776099625
497 0.0779414282041778
498 0.0783373288936931
499 0.0786368603331541
500 0.0786336034038699
501 0.0787407591721041
502 0.0788932374957452
503 0.0791000571230892
504 0.0794762841399573
505 0.0796689876646844
506 0.0798040499318899
507 0.0800628251257271
508 0.0804736221488178
509 0.0806408347013608
510 0.0806298052304619
511 0.0807867476843312
512 0.0809976356742556
513 0.0812331428623599
514 0.0814747171869428
515 0.0817084159748244
516 0.081972511492937
517 0.0821928398620418
518 0.0823018251669647
519 0.0825131282292705
520 0.0828757829008973
521 0.0832593881289796
522 0.0833381638822628
523 0.0835634745408101
524 0.0838561930070609
525 0.0840691426430706
526 0.0843313168890642
527 0.0845714465477044
528 0.0847906273012297
529 0.0850458989546195
530 0.0853417062300719
531 0.085661157636299
532 0.0859638747501602
533 0.086156016860269
534 0.086363407188872
535 0.0866263137076183
536 0.0869295367193413
537 0.0871621016947178
538 0.0874501057217834
539 0.0878153230931991
540 0.0880887103978442
541 0.0883550770568028
542 0.0886204655115715
543 0.0888688961853845
544 0.0890749251514862
545 0.0893287526464089
546 0.0896336207056518
547 0.089905010094014
548 0.0902179535052624
549 0.0905569611812671
550 0.0908909150566807
551 0.0912012269301507
552 0.091537232915808
553 0.0918743834099763
554 0.0921533353842299
555 0.0925246494765686
556 0.0928603397419099
557 0.0931078967823225
558 0.0934650614603753
559 0.0937429612013844
560 0.0940345744914076
561 0.0944811754427601
562 0.0947346863733344
563 0.0950395620423432
564 0.0954489509293995
565 0.0956934056030272
566 0.0958903820480628
567 0.0960638976091317
568 0.096233695730167
569 0.0964885488284026
570 0.0967814655526432
571 0.0970794868033516
572 0.0973683035035093
573 0.0976567578640297
574 0.0979327028758919
575 0.098201822735072
576 0.098543737454442
577 0.0988049350806121
578 0.0989995995263745
579 0.0992394500928585
580 0.0995095716399754
581 0.0997484854331673
582 0.0999485462870455
583 0.100216733658886
584 0.10048835946946
585 0.100737960614621
586 0.100960093950302
587 0.101178386658249
588 0.101421827977703
589 0.101696400858878
590 0.101981544448134
591 0.10215171882484
592 0.102349420480897
593 0.102682287882703
594 0.102826807978326
595 0.103002384076289
596 0.103235473669106
597 0.103396126276646
598 0.103671746663139
599 0.103973176244504
600 0.10421147898884
601 0.104424794439387
602 0.104620768059858
603 0.104830543189979
604 0.105085925656323
605 0.105317224376746
606 0.105568647101062
607 0.10583837456088
608 0.106017813346537
609 0.106255552252371
610 0.106519997597816
611 0.106727033719134
612 0.106853182730032
613 0.107072332746719
614 0.107398935722577
615 0.107660281621919
616 0.107904960306442
617 0.108134296010088
618 0.108353362009186
619 0.108606797112429
620 0.108856111305686
621 0.109095127512962
622 0.109340073571017
623 0.109543644719854
624 0.10977257391153
625 0.11005600442081
626 0.110294370800063
627 0.110521945240204
628 0.11074805865117
629 0.110978974856985
630 0.111273310330938
631 0.111553360362655
632 0.111785195824077
633 0.112021291854267
634 0.112240683661948
635 0.112478105455062
636 0.112765512072811
637 0.113046084528881
638 0.113316525018822
639 0.113584802820205
640 0.11386599407249
641 0.114130525150427
642 0.114358822590097
643 0.114567600577704
644 0.114879295082084
645 0.115162438272363
646 0.115402581120429
647 0.115661545651111
648 0.115983534386554
649 0.116299932209395
650 0.116564472137091
651 0.116803128117582
652 0.11701052999536
653 0.117235533170247
654 0.117523653510043
655 0.117771369523766
656 0.118038570029414
657 0.118366757957402
658 0.118761600877044
659 0.119003411771485
660 0.119231884504236
661 0.11957826448174
662 0.119769367696892
663 0.120050728424447
664 0.120419624342522
665 0.120690501395965
666 0.120967013989184
667 0.121307099347533
668 0.121692328841336
669 0.121935345687899
670 0.122239385498121
671 0.122571280027394
672 0.122826364593939
673 0.123181045462215
674 0.123499683912904
675 0.123749951290389
676 0.124078930854008
677 0.124396097215696
678 0.124713465165802
679 0.12504827363569
680 0.125316288777751
681 0.125657846252793
682 0.126063375458227
683 0.126396092317627
684 0.126645311828798
685 0.126907231016987
686 0.127247221855831
687 0.127612732819602
688 0.127959994325159
689 0.128296081694803
690 0.128648746735335
691 0.12898595254497
692 0.129321975964248
693 0.129665186615103
694 0.130011508238751
695 0.130345273775341
696 0.130658402126726
697 0.130961341019851
698 0.131325081704834
699 0.131706923101042
700 0.132071041326142
701 0.132396372406025
702 0.132765908867716
703 0.133151359523715
704 0.133516934549192
705 0.133851014375087
706 0.13423534198377
707 0.134635755080414
708 0.134985083114636
709 0.13538957087418
710 0.135754561052196
711 0.136069507020861
712 0.136451528958558
713 0.136850929954562
714 0.137247031814854
715 0.137630521403761
716 0.138006367694443
717 0.138419752827516
718 0.138842553875898
719 0.139202098110527
720 0.139557143731063
721 0.139921690889274
722 0.140303756703949
723 0.140719106535812
724 0.141084468951569
725 0.141456055951179
726 0.141906830235926
727 0.142303405345587
728 0.142687638050832
729 0.143077460426927
730 0.143457094017489
731 0.143866947309781
732 0.14426913248963
733 0.144633924884219
734 0.144988301856309
735 0.145428228261017
736 0.145887931293432
737 0.146242263165573
738 0.14662472881913
739 0.146985596058141
740 0.147335990280297
741 0.147794851030376
742 0.148191717255936
743 0.148559588418429
744 0.148967933000965
745 0.149413169023508
746 0.149823093330833
747 0.150209847622829
748 0.150637935994105
749 0.15105820907465
750 0.151465477977644
751 0.151858614379309
752 0.152231705267766
753 0.152643358581359
754 0.153060154937309
755 0.153439627696382
756 0.153844827600431
757 0.154248512069158
758 0.154639955125265
759 0.155031313583231
760 0.155525900178844
761 0.156006699811992
762 0.156394634902661
763 0.156760737301019
764 0.157149454171235
765 0.1575569946076
766 0.157964273229601
767 0.158396899671743
768 0.158822014674448
769 0.159241440962079
770 0.159686489810547
771 0.160071448098629
772 0.160487368968893
773 0.160959066118045
774 0.161286133162101
775 0.161654688937442
776 0.162082440097454
777 0.162521530328427
778 0.162932443718486
779 0.163315604838934
780 0.163712762237462
781 0.164192061345224
782 0.164637163002837
783 0.165034599944206
784 0.165409253174822
785 0.165824180606838
786 0.166221612999966
787 0.166648796435468
788 0.167145583050291
789 0.167516428721572
790 0.167940048050797
791 0.168417209808837
792 0.168790975277865
793 0.169217371891231
794 0.169639806317457
795 0.17003165165844
796 0.170496576018862
797 0.170958795441117
798 0.171375152449396
799 0.171741552092822
800 0.17216703126296
801 0.172605165637679
802 0.173010095129532
803 0.173357132747229
804 0.173784793212632
805 0.174241895554613
806 0.174679980902173
807 0.175101638331649
808 0.175499449268467
809 0.175939243480754
810 0.176443478596883
811 0.176818535007507
812 0.177222472524101
813 0.17763399419085
814 0.177961079916485
815 0.17841635932337
816 0.178845438501997
817 0.179221658794893
818 0.179705873916364
819 0.180185452601265
820 0.18058219981265
821 0.180903329497462
822 0.18133854895508
823 0.181814600789899
824 0.182261398601247
825 0.182635533268866
826 0.183035550255243
827 0.183480088509492
828 0.183935963600051
829 0.184337021258689
830 0.184711926764856
831 0.185078340504464
832 0.185468405372721
833 0.185936200660218
834 0.186387440094708
835 0.186800959315239
836 0.187189377140971
837 0.187595003370933
838 0.188014619643547
839 0.188443666957098
840 0.188874117703557
841 0.18929660713062
842 0.189681444210177
843 0.190027898480131
844 0.190371662162119
845 0.190834908259589
846 0.191277123723549
847 0.191660438620084
848 0.192185612586973
849 0.192618200490954
850 0.193006534164361
851 0.193435254399625
852 0.193849166497421
853 0.194294288829104
854 0.194741454965014
855 0.195136851400826
856 0.195494766333296
857 0.195850650085043
858 0.196222959094894
859 0.196609996592072
860 0.196977964681766
861 0.197418416602402
862 0.197932101656546
863 0.198375390379796
864 0.198743063550399
865 0.199099036194047
866 0.199500741428045
867 0.199944414051322
868 0.200391732029017
869 0.200816149951523
870 0.201199048240471
871 0.201517069488751
872 0.201958628776312
873 0.202417076833606
874 0.202683328576756
875 0.203118176924876
876 0.203618960155619
877 0.20409262817398
878 0.204502451345028
879 0.204892765865027
880 0.205292936373089
881 0.205703626942272
882 0.206088519678345
883 0.206500713926417
884 0.206910370931131
885 0.20730146152013
886 0.207733853092153
887 0.208221995986835
888 0.208675647540296
889 0.209033614447467
890 0.209476262594961
891 0.209905142230422
892 0.210290844161888
893 0.210650917388719
894 0.211038929691108
895 0.211445336035962
896 0.211859078831674
897 0.212274264586748
898 0.212718167963274
899 0.213144553731291
900 0.213546799455128
901 0.21396153063901
902 0.214288986470009
903 0.214672644721204
904 0.215169697647252
905 0.215649264660668
906 0.216030766949714
907 0.21637808497648
908 0.216755199982071
909 0.217140675830498
910 0.217552510577477
911 0.217981682780463
912 0.218410745220135
913 0.218817861449822
914 0.219281561111332
915 0.219736070670439
916 0.220103570364889
917 0.220484612441859
918 0.220807328807249
919 0.221191685977973
920 0.221764150807549
921 0.222214888584784
922 0.222565185249603
923 0.222903025659718
924 0.22331600467794
925 0.223650326254949
926 0.224061656682763
927 0.224533138176336
928 0.224915368366507
929 0.225346785146256
930 0.225775969119662
931 0.226196326269097
932 0.226651094259931
933 0.227019217658941
934 0.227427057507289
935 0.227847978560969
936 0.228072794270968
937 0.228518846319468
938 0.229030276506894
939 0.229460351166525
940 0.22982917125274
941 0.230264790064702
942 0.23072629676342
943 0.231147902493531
944 0.231492999446465
945 0.231943582319229
946 0.232389601060914
947 0.232766855582346
948 0.233215040658877
949 0.233549856464216
950 0.233804371707883
951 0.234110827705281
952 0.234669339469963
953 0.23517559357065
954 0.235561984219722
955 0.2358980858502
956 0.236389004083606
957 0.236759890103372
958 0.237083788505265
959 0.237478399390253
960 0.237932460205663
961 0.238297204955014
962 0.23864013239592
963 0.239039797407339
964 0.239441324664546
965 0.239820060722337
966 0.24027358055432
967 0.240808155934339
968 0.24114344949461
969 0.241539354782031
970 0.241930897756777
971 0.242256943739552
972 0.242676827789808
973 0.243137751740911
974 0.243545233205985
975 0.243884833158724
976 0.244338820494672
977 0.244713527057961
978 0.245007827633001
979 0.245365485964289
980 0.246086776679335
981 0.246492398699764
982 0.246829869240505
983 0.247283176295525
984 0.247477512061675
985 0.247938848092443
986 0.248367110002814
987 0.248575348733278
988 0.248879445695289
989 0.249276757457878
990 0.249774389335141
991 0.250243382291431
992 0.250433176961497
993 0.250968597160769
994 0.251400530789625
995 0.251599882022589
996 0.252026520081096
997 0.252402667707359
998 0.252887515284638
999 0.253369710752043
1000 0.253526172848953
1001 0.251388267264551
1002 0.251741739240898
1003 0.252124965247841
1004 0.252440689424497
1005 0.252612553384378
1006 0.252927299352454
1007 0.253282298924602
1008 0.253664203517497
1009 0.254090352169724
1010 0.254514866346746
1011 0.254847326996725
1012 0.25517764446432
1013 0.255580048413921
1014 0.256002008126634
1015 0.256391020151309
1016 0.25678791787875
1017 0.257161420119703
1018 0.257484960925331
1019 0.257818711531586
1020 0.258166829704732
1021 0.258502745191921
1022 0.258756645180959
1023 0.258978173299023
1024 0.259303881831609
1025 0.259615021514214
1026 0.259933739082097
1027 0.260327378855646
1028 0.260703772188363
1029 0.261046842506802
1030 0.261365175548279
1031 0.26171621806824
1032 0.262059419979392
1033 0.262338868296205
1034 0.262670573792048
1035 0.263042225907139
1036 0.263438144612653
1037 0.263805166885204
1038 0.264163188256042
1039 0.264519467865929
1040 0.264829146253432
1041 0.265102819439115
1042 0.265411012073895
1043 0.265757908891665
1044 0.266102764375593
1045 0.266483960915741
1046 0.266888683590742
1047 0.267250007484288
1048 0.267591087933297
1049 0.267912018718971
1050 0.268215500215538
1051 0.268579477104825
1052 0.269008415527442
1053 0.269368939869081
1054 0.269656915314928
1055 0.269971662154619
1056 0.270306550670555
1057 0.270634944314359
1058 0.271074710298727
1059 0.271510226819003
1060 0.271822779300048
1061 0.272174598391245
1062 0.27253144605793
1063 0.272898955399741
1064 0.273219710320339
1065 0.273575199201031
1066 0.273926135136302
1067 0.274247986356794
1068 0.27454215282946
1069 0.274837618448659
1070 0.275166034931623
1071 0.27547349106373
1072 0.275817794046121
1073 0.276187553716611
1074 0.276529295980178
1075 0.276865076166522
1076 0.27718868630303
1077 0.277503939392674
1078 0.277808953442752
1079 0.278123346932343
1080 0.278457630093131
1081 0.278785998456513
1082 0.279105357773286
1083 0.27938351611659
1084 0.279674610540463
1085 0.28001463975243
1086 0.280366602547061
1087 0.280686958741169
1088 0.280940312519889
1089 0.281182277654381
1090 0.281416625924746
1091 0.281710187815228
1092 0.282081956105262
1093 0.282420192109396
1094 0.282771301308967
1095 0.283123257918204
1096 0.283454069891144
1097 0.283779722690302
1098 0.284098406692256
1099 0.284369222685987
1100 0.284588015146675
1101 0.284778219326032
1102 0.285017338122697
1103 0.285280046450575
1104 0.285534167963339
1105 0.285792249780641
1106 0.286050871460459
1107 0.28627812318589
1108 0.286544518215976
1109 0.28683895497479
1110 0.287140278835565
1111 0.28739691461882
1112 0.287608375902548
1113 0.287832829399323
1114 0.288049581426566
1115 0.288289871333536
1116 0.288582692269756
1117 0.288829823010556
1118 0.289057127677856
1119 0.289310712668552
1120 0.289523425102869
1121 0.28976254998944
1122 0.290037437286462
1123 0.2902764576267
1124 0.290482628882525
1125 0.290735710701175
1126 0.291004675874827
1127 0.291241003787188
1128 0.291506341719299
1129 0.291826514237235
1130 0.292125221756652
1131 0.292392611141722
1132 0.292651973167549
1133 0.292857573957764
1134 0.293038325474163
1135 0.293222169792279
1136 0.293412923214563
1137 0.293596918730322
1138 0.293830702379521
1139 0.294098739201828
1140 0.294333612529437
1141 0.294603336234226
1142 0.294844041640227
1143 0.295049871171748
1144 0.295240002269665
1145 0.295482467254436
1146 0.295716063966511
1147 0.295909971546585
1148 0.296142579123154
1149 0.296356146995952
1150 0.296554349681371
1151 0.296839093485587
1152 0.297090096686836
1153 0.297309687104935
1154 0.297530224016296
1155 0.297742510424726
1156 0.297891437034384
1157 0.298094886772725
1158 0.298327197039443
1159 0.298553456110881
1160 0.298794799861333
1161 0.299024609563567
1162 0.299241707824593
1163 0.29949690970951
1164 0.29974025265382
1165 0.299998255857395
1166 0.300246682695703
1167 0.300466966893569
1168 0.300664760882742
1169 0.30084812492847
1170 0.301085466878162
1171 0.301362975190741
1172 0.301615628140693
1173 0.301902884348562
1174 0.302163661171706
1175 0.302388234354702
1176 0.302643171562164
1177 0.302942807975876
1178 0.303169769865649
1179 0.303367807930886
1180 0.303555339111533
1181 0.303715948738835
1182 0.303902610033668
1183 0.304092892671451
1184 0.30427540120447
1185 0.30447301055923
1186 0.304669475511552
1187 0.304890917220863
1188 0.305174493834199
1189 0.305404477907141
1190 0.305610672748673
1191 0.305821586865988
1192 0.30601218864787
1193 0.306215599988418
1194 0.306442362826731
1195 0.306645481657759
1196 0.306838500987135
1197 0.307029828894801
1198 0.30720300630638
1199 0.307373953698663
1200 0.307567712110983
1201 0.307755578888134
1202 0.307980670675638
1203 0.30823663118602
1204 0.308467511888384
1205 0.308728637726134
1206 0.308931958977753
1207 0.309077046606995
1208 0.309265893028899
1209 0.30945105960516
1210 0.309642915005622
1211 0.309868504869386
1212 0.310066300686916
1213 0.31023504144202
1214 0.310416921329004
1215 0.310598843125699
1216 0.310787577408254
1217 0.310982547034031
1218 0.311184490104243
1219 0.311376869618106
1220 0.311560771850295
1221 0.311737120265646
1222 0.311889790668626
1223 0.312079080737104
1224 0.312285892135122
1225 0.312472298146566
1226 0.312661958269336
1227 0.312858219250415
1228 0.313052567605924
1229 0.313237499357543
1230 0.313450107648651
1231 0.31362128655257
1232 0.313739572595886
1233 0.313882535821341
1234 0.314010980867372
1235 0.314160572919993
1236 0.314304699630435
1237 0.314492274542563
1238 0.314708856406867
1239 0.314935758125258
1240 0.315179302302183
1241 0.315474830074247
1242 0.315710203830434
1243 0.315946344455859
1244 0.316143737247763
1245 0.316292073358461
1246 0.316463354980395
1247 0.316611650752285
1248 0.316780347206355
1249 0.316950239932843
1250 0.317145312910494
1251 0.317381518052412
1252 0.317579445213446
1253 0.317775964399368
1254 0.317972990026369
1255 0.318163804516819
1256 0.318322847152495
1257 0.318456557571749
1258 0.318618755106227
1259 0.318753154133563
1260 0.318835903492989
1261 0.318981978760225
1262 0.319166047558448
1263 0.319318111362166
1264 0.319462664895924
1265 0.319634354683444
1266 0.319804407497225
1267 0.319984747416439
1268 0.320197125805104
1269 0.320400707024611
1270 0.320578182437549
1271 0.320795609875874
1272 0.321053318463422
1273 0.321292858746289
1274 0.321556127832606
1275 0.321794721417665
1276 0.322019965214144
1277 0.322228880562745
1278 0.322411173740695
1279 0.322604767541269
1280 0.322780561928855
1281 0.322930358149707
1282 0.323110817658876
1283 0.323287598449936
1284 0.32348845694337
1285 0.32371020762074
1286 0.323933891959485
1287 0.324192766833151
1288 0.324405431973674
1289 0.324617538633156
1290 0.324797853675864
1291 0.324925537513163
1292 0.325075758293295
1293 0.325214271172058
1294 0.325361860527185
1295 0.325515737970703
1296 0.325672501859922
1297 0.325831353892693
1298 0.325992593583217
1299 0.326160338328319
1300 0.326325824716229
1301 0.326493830093848
1302 0.326667089100931
1303 0.326828908259849
1304 0.326980935812451
1305 0.327150604031806
1306 0.327318771496541
1307 0.32749457771125
1308 0.32771350314506
1309 0.327862286330839
1310 0.327981851069767
1311 0.328093549037799
1312 0.328142331276058
1313 0.328240889684697
1314 0.328355915736409
1315 0.328474032065689
1316 0.328604873866758
1317 0.328743206713618
1318 0.328910916275328
1319 0.329043215751783
1320 0.329157621654284
1321 0.329282230410251
1322 0.329393122906518
1323 0.329494014987076
1324 0.329608524713455
1325 0.329749540932596
1326 0.329853596459841
1327 0.329937710651967
1328 0.330029954118437
1329 0.330115020452671
1330 0.330200016019203
1331 0.330283711572023
1332 0.330368552742003
1333 0.330432284512687
1334 0.330535068888025
1335 0.330672022571183
1336 0.330783923374926
1337 0.330923601808663
1338 0.331022824714812
1339 0.331079337264932
1340 0.331150472028228
1341 0.331210157344136
1342 0.33127567906241
1343 0.331367446968338
1344 0.331421803263805
1345 0.331461369115285
1346 0.331487464507981
1347 0.331476385895762
1348 0.331474972114163
1349 0.331458248877265
1350 0.331425419068943
1351 0.331413203555755
1352 0.331386359328119
1353 0.331399176639652
1354 0.331441694091533
1355 0.331480694178985
1356 0.33153052076905
1357 0.331594106089711
1358 0.331672965772349
1359 0.33174567482826
1360 0.331838467886774
1361 0.331913126780376
1362 0.331971996749168
1363 0.332036525729153
1364 0.332109542389813
1365 0.332165017805836
1366 0.332215598476235
1367 0.3322540226074
1368 0.332268257197687
1369 0.332290487182419
1370 0.332305906143175
1371 0.332328586800988
1372 0.332377091783817
1373 0.332392914592841
1374 0.332393021822249
1375 0.332389184032114
1376 0.332373431159539
1377 0.33235392100915
1378 0.332275759758768
1379 0.33218326286074
1380 0.332048223398761
1381 0.331839015611262
1382 0.331653531498683
1383 0.331457355382997
1384 0.331261451089571
1385 0.331069230139258
1386 0.330846524761881
1387 0.330631592747545
1388 0.330365552208814
1389 0.330054786183463
1390 0.329738053381449
1391 0.329373974220167
1392 0.329034706023803
1393 0.32869684997998
1394 0.32835345753958
1395 0.328023773297055
1396 0.327673294585264
1397 0.32733202276889
1398 0.326942468830299
1399 0.326528768314527
1400 0.326090232707036
1401 0.325622319183809
1402 0.32510950925829
1403 0.324574513875741
1404 0.324042058644409
1405 0.32354414439808
1406 0.323041707813532
1407 0.322566217488888
1408 0.322118585931446
1409 0.321698071054161
1410 0.321256016430326
1411 0.320920305971137
1412 0.32062263730583
1413 0.320433404445481
1414 0.320296226709683
1415 0.320295377174072
1416 0.320412498208321
1417 0.32059583652269
1418 0.320912569295325
1419 0.321237097091416
1420 0.321679037780392
1421 0.322040922457893
1422 0.32239949822878
1423 0.322760770966221
1424 0.323097914275945
1425 0.323427669481926
1426 0.323784233994051
1427 0.324108277425449
1428 0.324380507357619
1429 0.324671131271576
1430 0.324973282486105
1431 0.325255271527831
1432 0.325529634839785
1433 0.325802785343003
1434 0.326038724446565
1435 0.326284147690646
1436 0.326536085068462
1437 0.326787242312423
1438 0.327041612534671
1439 0.327296768612114
1440 0.327575340891357
1441 0.327867659534496
1442 0.328143664843007
1443 0.328441279943717
1444 0.328712184983297
1445 0.328974987506917
1446 0.329202291114545
1447 0.329419647424131
1448 0.329604960210011
1449 0.329732425641147
1450 0.329880630395006
1451 0.330005549167835
1452 0.330168351477219
1453 0.330363084481342
1454 0.330527524159986
1455 0.330705793102569
1456 0.33086202215984
1457 0.330979947350361
1458 0.33111225794482
1459 0.331245343594204
1460 0.331384230424453
1461 0.331517014182638
1462 0.331660986274231
1463 0.331810647544299
1464 0.331973904541919
1465 0.332151716353832
1466 0.332330480119032
1467 0.332534159792715
1468 0.332717565868696
1469 0.332892729585984
1470 0.333060648652226
1471 0.333218115378853
1472 0.333375361778051
1473 0.333523623567987
1474 0.333687335789543
1475 0.333876500925163
1476 0.334073372363249
1477 0.334301118397819
1478 0.334568689059724
1479 0.334822045274544
1480 0.335100112652416
1481 0.335336001805136
1482 0.33558066936395
1483 0.335764053348826
1484 0.335885352622492
1485 0.336040319626784
1486 0.336153284516915
1487 0.33631685596078
1488 0.336512417773724
1489 0.336714689087001
1490 0.336955164997054
1491 0.337157579190423
1492 0.337359184640565
1493 0.337547536007518
1494 0.337706145841743
1495 0.337873855712011
1496 0.338045318915608
1497 0.338210307026139
1498 0.338364306303024
1499 0.338526202700742
1500 0.338679665063394
1501 0.338852849595318
1502 0.33904142514584
1503 0.339225513445556
1504 0.339429004747049
1505 0.339617094698986
1506 0.339808229698136
1507 0.339975273149835
1508 0.340122054733152
1509 0.340265919503901
1510 0.340371164454303
1511 0.340506710370317
1512 0.34064236198915
1513 0.340806594777715
1514 0.341017805268513
1515 0.341209417656109
1516 0.341426786718367
1517 0.341615149098798
1518 0.341776433355883
1519 0.341913094766891
1520 0.34201319423042
1521 0.342123540426963
1522 0.342249200484449
1523 0.34236398036318
1524 0.342520767681095
1525 0.342711574919916
1526 0.342892632634534
1527 0.343104979490453
1528 0.343267103358895
1529 0.343403908487732
1530 0.343559057713912
1531 0.343689499464014
1532 0.343850662742462
1533 0.344047827149911
1534 0.344210814978544
1535 0.344364942428773
1536 0.344519602059955
1537 0.344659054166307
1538 0.344811082840468
1539 0.34498599108799
1540 0.345117667036711
1541 0.345229097293608
1542 0.345343606234651
1543 0.345421520462044
1544 0.345534661396494
1545 0.345673417258388
1546 0.345795512865712
1547 0.345925041287462
1548 0.346041101982586
1549 0.346131641177464
1550 0.346254646620539
1551 0.346395545387332
1552 0.346521824539897
1553 0.346667964940318
1554 0.346788838617238
1555 0.346893522253085
1556 0.346984149564824
1557 0.347053890657274
1558 0.347132933761728
1559 0.347201626312907
1560 0.347268404143835
1561 0.347326220890934
1562 0.347407685412805
1563 0.347483858549305
1564 0.347582467712974
1565 0.347715030638431
1566 0.347846402843226
1567 0.3479926971601
1568 0.348128951539542
1569 0.34826048197103
1570 0.348405057914991
1571 0.348574960004024
1572 0.348703922592963
1573 0.348832721286376
1574 0.34893692334629
1575 0.348968204470591
1576 0.349045629094049
1577 0.349116167319234
1578 0.34923041002712
1579 0.349417813492563
1580 0.349559833647613
1581 0.34971558673129
1582 0.349850441701532
1583 0.349923729172466
1584 0.350033679439473
1585 0.350171508145398
1586 0.35029350987984
1587 0.350418137098929
1588 0.35054550448878
1589 0.350682117509756
1590 0.35078952299604
1591 0.350897884330443
1592 0.350982654801786
1593 0.350990343436188
1594 0.351052896437416
1595 0.351165357798745
1596 0.351238567916435
1597 0.351319127430406
1598 0.351395823436211
1599 0.351444428652022
1600 0.351466177888571
1601 0.351543077788782
1602 0.351658384841
1603 0.351766083563645
1604 0.351878878667396
1605 0.352006580820911
1606 0.352153734188844
1607 0.352252362603532
1608 0.352351595622214
1609 0.352426502872427
1610 0.352447984473676
1611 0.352525686083771
1612 0.352621841280215
1613 0.352717915006024
1614 0.352813407206599
1615 0.352959756612901
1616 0.353145924465557
1617 0.353275813099663
1618 0.353432169189957
1619 0.353533237043576
1620 0.353563425375945
1621 0.353646420456948
1622 0.353743335740185
1623 0.353826460927029
1624 0.353905544246121
1625 0.353999207879909
1626 0.354077035058648
1627 0.354215394337792
1628 0.354401109402627
1629 0.354543176508358
1630 0.354723455096413
1631 0.354819823086598
1632 0.354852086143979
1633 0.354910547225094
1634 0.354946604033187
1635 0.35498849124308
1636 0.355039197950639
1637 0.35506904934417
1638 0.355059959563292
1639 0.355123447052681
1640 0.355193666090486
1641 0.3553194605051
1642 0.355530567377241
1643 0.355656216982932
1644 0.355785598866289
1645 0.355876613526344
1646 0.355898644509718
1647 0.355996683988985
1648 0.35612246082679
1649 0.356226548812643
1650 0.356363765975835
1651 0.356441430287519
1652 0.356463325378494
1653 0.356537834067646
1654 0.35661190693031
1655 0.356697398378546
1656 0.3568070865145
1657 0.356833164813725
1658 0.356875091479447
1659 0.356948327781585
1660 0.356980660057354
1661 0.357039414713021
1662 0.357125271597056
1663 0.357194007182055
1664 0.357268759679313
1665 0.357349569358704
1666 0.357433216819188
1667 0.357471775360565
1668 0.357494236180736
1669 0.357553202348132
1670 0.357593021789384
1671 0.357697045743536
1672 0.357857761853971
1673 0.358008079133288
1674 0.358171491139165
1675 0.358301634477688
1676 0.358409082484609
1677 0.358487903783014
1678 0.358550336157622
1679 0.35860412217058
1680 0.358658145704444
1681 0.358728456951494
1682 0.358812354501126
1683 0.358942264194036
1684 0.359035167128188
1685 0.359121952309668
1686 0.359237511224032
1687 0.359314072298107
1688 0.359419117946562
1689 0.359531225242377
1690 0.359602214777706
1691 0.359668114159324
1692 0.359724927962411
1693 0.359753318417272
1694 0.359839048990072
1695 0.359994251022941
1696 0.360105187519385
1697 0.360252506198267
1698 0.360384970630096
1699 0.360418685060991
1700 0.360463853325108
1701 0.360497295456936
1702 0.360505554406863
1703 0.360465288590324
1704 0.360481082857664
1705 0.360469923388121
1706 0.360526736545249
1707 0.360701360496509
1708 0.360790108961987
1709 0.360890162275794
1710 0.360948461461457
1711 0.360939124227369
1712 0.360942873863803
1713 0.360937965575867
1714 0.360922833532141
1715 0.360872275995063
1716 0.360847855330097
1717 0.360835765758258
1718 0.360820993318472
1719 0.360829502344337
1720 0.360823631305533
1721 0.360791076107265
1722 0.36078509483781
1723 0.36074949721868
1724 0.360786294567318
1725 0.36089706394824
1726 0.360992588495229
1727 0.361156135918543
1728 0.361232734399261
1729 0.361242084288922
1730 0.361286552996616
1731 0.361325153954166
1732 0.361346922329854
1733 0.361394697876299
1734 0.361376595580298
1735 0.361302737668392
1736 0.361241778682909
1737 0.361128974888496
1738 0.361098170907783
1739 0.361073290664321
1740 0.361073488554423
1741 0.361166088436686
1742 0.36125077194961
1743 0.361336535203387
1744 0.361400599933331
1745 0.361440897161886
1746 0.361454457091077
1747 0.361491434698619
1748 0.361626366516132
1749 0.361718596535735
1750 0.361703782125317
1751 0.361679735420741
1752 0.36160304680917
1753 0.361497686515198
1754 0.361470423216206
1755 0.361476228387891
1756 0.361423007481173
1757 0.36141677317309
1758 0.361508113547136
1759 0.361552014106005
1760 0.361634587746368
1761 0.361756471951496
1762 0.361797127750148
1763 0.361808673852527
1764 0.361819108821029
1765 0.361801928354552
1766 0.361747807007248
1767 0.361734239247372
1768 0.361711858851202
1769 0.361626621991797
1770 0.361572735922103
1771 0.361514642127655
1772 0.36143611425286
1773 0.361344690348498
1774 0.361235317848793
1775 0.36111334852762
1776 0.360922511218927
1777 0.360846400674111
1778 0.360785562879019
1779 0.360810558459174
1780 0.360969034234847
1781 0.361044949965084
1782 0.361163690288401
1783 0.361271262893206
1784 0.361440264060602
1785 0.361672515676963
1786 0.361818773086081
1787 0.361773465709824
1788 0.361708157588486
1789 0.361664588089099
1790 0.361607374561931
1791 0.361641680641826
1792 0.361669385990401
1793 0.361699293826842
1794 0.361718573339975
1795 0.361700141662251
1796 0.361719444879403
1797 0.361635642531603
1798 0.361578796892713
1799 0.361658433719758
1800 0.36166225212323
1801 0.35959849623408
1802 0.359744201087901
1803 0.360080349288964
1804 0.360310725168265
1805 0.360452506518248
1806 0.360526780210411
1807 0.360670357247738
1808 0.360677869966628
1809 0.360878156822969
1810 0.361316290475703
1811 0.36157940732422
1812 0.361714617363078
1813 0.361982301822471
1814 0.362110264265064
1815 0.362098157328212
1816 0.362151745331519
1817 0.362232933162388
1818 0.362240874279729
1819 0.362166652563142
1820 0.362181444758768
1821 0.362182924114733
1822 0.362217702549072
1823 0.362269835413889
1824 0.362364550141153
1825 0.362461504358105
1826 0.362578628876991
1827 0.362661584628568
1828 0.362768951496107
1829 0.362851872399098
1830 0.362942641348903
1831 0.362960743503908
1832 0.36291345837912
1833 0.362879209875717
1834 0.362841181025729
1835 0.362848450537458
1836 0.362819598394784
1837 0.362774619609144
1838 0.362779609804915
1839 0.362817499228493
1840 0.362763381618232
1841 0.362706116339854
1842 0.362806560223505
1843 0.362796816486912
1844 0.362733169541252
1845 0.362835771762129
1846 0.362966539046869
1847 0.363064092057777
1848 0.363156539420021
1849 0.363272175640329
1850 0.363414529991749
1851 0.363441458407284
1852 0.363393027795227
1853 0.363454051267257
1854 0.3634488270823
1855 0.363368355523916
1856 0.363219971809863
1857 0.363047066133287
1858 0.362928411912132
1859 0.362802831620897
1860 0.362679024946933
1861 0.362633988590922
1862 0.362501323660573
1863 0.36221550518385
1864 0.361923987566138
1865 0.361590733979234
1866 0.361266876631945
1867 0.36092104504077
1868 0.360579453121105
1869 0.360181015299656
1870 0.359758010155508
1871 0.359326147973599
1872 0.358887993605998
1873 0.358414315037066
1874 0.357882689284667
1875 0.357296395743024
1876 0.356757291068532
1877 0.356186007398398
1878 0.355515939001026
1879 0.35483160843926
1880 0.354052513167804
1881 0.35307626657094
1882 0.352044060138138
1883 0.350900897401935
1884 0.349660188349349
1885 0.348467219855814
1886 0.347141893877992
1887 0.345705937428762
1888 0.344199424925288
1889 0.342656509783219
1890 0.340889680953922
1891 0.339046594486262
1892 0.337237843102126
1893 0.335300540593415
1894 0.333162344835492
1895 0.330935256181097
1896 0.328603453189576
1897 0.326202817807673
1898 0.32385696607457
1899 0.321630960148273
1900 0.31951346051645
1901 0.317404075143221
1902 0.315346397920723
1903 0.313361759939414
1904 0.311421994307211
1905 0.309602528797636
1906 0.307979123308171
1907 0.306591785584866
1908 0.305383442166901
1909 0.304230440796062
1910 0.303244499146422
1911 0.302403276582064
1912 0.301678765651249
1913 0.301060616314048
1914 0.300684202020837
1915 0.300331152068508
1916 0.300062622560616
1917 0.300007539817102
1918 0.299951930074388
1919 0.300039351295859
1920 0.300263039696267
1921 0.300501287103753
1922 0.300857237355977
1923 0.301163966784953
1924 0.301515696245684
1925 0.301801442715571
1926 0.302042522564677
1927 0.302368465765704
1928 0.302757555991085
1929 0.303151805995689
1930 0.303620038691479
1931 0.304032242423776
1932 0.304436864288765
1933 0.304808247313205
1934 0.305225034137725
1935 0.305619624167354
1936 0.306074936913275
1937 0.306665023677396
1938 0.307198127448897
1939 0.30776158643526
1940 0.308283160368278
1941 0.308673797136255
1942 0.309091061285235
1943 0.309543050248257
1944 0.310035126416242
1945 0.310488720083967
1946 0.31092731595405
1947 0.311400507764329
1948 0.31190349653259
1949 0.312328919940282
1950 0.312777260027391
1951 0.31324037607394
1952 0.31364140093538
1953 0.314085165729866
1954 0.314504343832123
1955 0.314922487121639
1956 0.315355614642614
1957 0.315754491758222
1958 0.316217823201325
1959 0.316742305420252
1960 0.317263674683207
1961 0.317787817416796
1962 0.318209847828575
1963 0.318650976600746
1964 0.319259531009189
1965 0.319786247120229
1966 0.320365017784589
1967 0.320929801167512
1968 0.32143159863463
1969 0.321967584719879
1970 0.322610268748649
1971 0.323156994627187
1972 0.323645587662684
1973 0.324184591587008
1974 0.324668199849437
1975 0.325054633096054
1976 0.325528625833021
1977 0.326028113157898
1978 0.326466898540408
1979 0.326875994735996
1980 0.327326008869794
1981 0.327734329625314
1982 0.328179559258726
1983 0.328680124098798
1984 0.329169045919236
1985 0.329616942876038
1986 0.330147955499624
1987 0.330706279871716
1988 0.331248887270957
1989 0.331844705652176
1990 0.332361823748367
1991 0.33287164845646
1992 0.333326794810202
1993 0.333863410633523
1994 0.334394664899252
1995 0.334964047690782
1996 0.335698063403817
1997 0.336259015802027
1998 0.336711873279972
1999 0.33720103832004
2000 0.337706736105211
2001 0.338077585445619
2002 0.338435902829344
2003 0.338741414831032
2004 0.339151703835954
2005 0.339512836000658
2006 0.339961700413549
2007 0.340582496824211
2008 0.341104711064246
2009 0.341638933975331
2010 0.342074949324021
2011 0.342448278810541
2012 0.342829002238877
2013 0.343177688432499
2014 0.343393068383264
2015 0.343706941925883
2016 0.344039477899483
2017 0.344409263766677
2018 0.34484333396826
2019 0.345223991597133
2020 0.345594232790173
2021 0.345997967257548
2022 0.346368138822965
2023 0.346765091723598
2024 0.347217999344874
2025 0.34770450519788
2026 0.348070735119893
2027 0.348328532895613
2028 0.348588238910538
2029 0.348803513276527
2030 0.349064503228931
2031 0.34937842153924
2032 0.349649616707105
2033 0.349904016804481
2034 0.350153908288044
2035 0.350397050319341
2036 0.350607059576699
2037 0.350791135806164
2038 0.350987728054099
2039 0.351137111854534
2040 0.35130661820571
2041 0.351606112178323
2042 0.351939548677946
2043 0.352264851389527
2044 0.352666239256396
2045 0.353034305521443
2046 0.353396413629317
2047 0.353717438074259
2048 0.354063227660162
2049 0.354367038750475
2050 0.354626762902155
2051 0.354838162855419
2052 0.354963614248708
2053 0.355146022460173
2054 0.355278640000469
2055 0.355468261454374
2056 0.355690904678188
2057 0.35607108502281
2058 0.356212893313267
2059 0.356248039526686
2060 0.356323465316153
2061 0.356234590248135
2062 0.356296630070862
2063 0.356415650110305
2064 0.356615767885364
2065 0.356935018288303
2066 0.357209338595122
2067 0.357566494293296
2068 0.357890754577062
2069 0.358084703015194
2070 0.358231593385917
2071 0.35840655419574
2072 0.358537591752318
2073 0.358689015056179
2074 0.358859270324213
2075 0.35902599891796
2076 0.359207565964851
2077 0.359328537183919
2078 0.359420349248797
2079 0.359521400081784
2080 0.359543472846158
2081 0.359641117114633
2082 0.359768112059539
2083 0.359939075653253
2084 0.360183371529089
2085 0.360399801163848
2086 0.360608921140605
2087 0.360829067215101
2088 0.361073802393459
2089 0.361322143227679
2090 0.361548088710585
2091 0.361839219429327
2092 0.362037598988888
2093 0.362175469628851
2094 0.362277130359455
2095 0.362284620496047
2096 0.362360465963032
2097 0.362443812766728
2098 0.36250460216617
2099 0.362564738085705
2100 0.362631973955575
2101 0.362816181859638
2102 0.363011529916568
2103 0.363224363731265
2104 0.363605535588738
2105 0.363808883568593
2106 0.363866240878192
2107 0.364039702548913
2108 0.364225748992756
2109 0.364418623382914
2110 0.364680202464275
2111 0.364882196533984
2112 0.36502212466766
2113 0.365213619103881
2114 0.365404378393266
2115 0.365612347072493
2116 0.365874836588653
2117 0.366094075163467
2118 0.366328867582511
2119 0.366606260904212
2120 0.366862333953523
2121 0.367161361119713
2122 0.367361520978657
2123 0.367520559829799
2124 0.367655599728622
2125 0.367755233793709
2126 0.367801692687363
2127 0.367771657622846
2128 0.367789182191007
2129 0.367731899820085
2130 0.367743239414569
2131 0.367785758280396
2132 0.367891211081856
2133 0.368017142874259
2134 0.368234385103212
2135 0.368468095426652
2136 0.368802512226849
2137 0.368919530435107
2138 0.368981350452596
2139 0.368929529749955
2140 0.368673756745986
2141 0.368521763673092
2142 0.368344449826673
2143 0.368182056287209
2144 0.368020807924811
2145 0.36787289676346
2146 0.367720517219804
2147 0.367587547874462
2148 0.367510877087909
2149 0.367374702323443
2150 0.367255425373246
2151 0.367046510184183
2152 0.36669782241364
2153 0.366456836460863
2154 0.36613120563498
2155 0.365842525278358
2156 0.365544802813407
2157 0.365288871013326
2158 0.364970841474956
2159 0.364667361566256
2160 0.364224633718012
2161 0.363598394568093
2162 0.363182991562186
2163 0.362806541482675
2164 0.362396832915393
2165 0.362152273769194
2166 0.361766095125541
2167 0.361185753689364
2168 0.360701156779095
2169 0.360270795988835
2170 0.359812547510275
2171 0.359273299712132
2172 0.358863920785539
2173 0.358551025420224
2174 0.35816145497031
2175 0.357900485991692
2176 0.357802935467603
2177 0.357547157860911
2178 0.35727326246815
2179 0.356985224628532
2180 0.356659510257914
2181 0.356327758434961
2182 0.356036872534719
2183 0.355599658485963
2184 0.355056213849088
2185 0.354517715015904
2186 0.353860035017988
2187 0.353275579429615
2188 0.352704925052272
2189 0.352152164466232
2190 0.351661958239539
2191 0.351114039105754
2192 0.350570100218223
2193 0.349985343746007
2194 0.349367154535093
2195 0.348638097740293
2196 0.347951353527155
2197 0.347464096794133
2198 0.346983817529029
2199 0.346664257274999
2200 0.346128296841955
2201 0.34550874384453
2202 0.344988652041358
2203 0.344329566213635
2204 0.343901600502606
2205 0.343659211145582
2206 0.343444766274342
2207 0.34329798257981
2208 0.34321466663806
2209 0.343112625205625
2210 0.343276336175668
2211 0.343654779956946
2212 0.344052564344538
2213 0.344676516643199
2214 0.345285953917021
2215 0.345997053335501
2216 0.34658353743911
2217 0.347130837051093
2218 0.347777562100245
2219 0.34828449565283
2220 0.348497613031109
2221 0.348831064860609
2222 0.349175283239033
2223 0.349420619623338
2224 0.349537053777751
2225 0.3498116595488
2226 0.35004174465175
2227 0.350392143205347
2228 0.350938644268803
2229 0.351358593465705
2230 0.351892630900151
2231 0.352114756984844
2232 0.352160835343265
2233 0.352200437859982
2234 0.352074332932305
2235 0.351892364098052
2236 0.351568180435353
2237 0.351372044164995
2238 0.351004151309192
2239 0.350876076983103
2240 0.351118607242037
2241 0.351164997096384
2242 0.351223859804778
2243 0.351218804821649
2244 0.351095192016745
2245 0.350943328594611
2246 0.350863222134176
2247 0.350912207603381
2248 0.350872192656012
2249 0.350753264573204
2250 0.350811678293472
2251 0.350901996324521
2252 0.350971980585729
2253 0.351195063985783
2254 0.351292470897271
2255 0.351249229388626
2256 0.351308247397487
2257 0.351489824615527
2258 0.351534054515199
2259 0.351454221017778
2260 0.351491507047431
2261 0.351455624020201
2262 0.351556544140977
2263 0.351863423445516
2264 0.352058732487774
2265 0.352237587254254
2266 0.352446283371165
2267 0.352667520196051
2268 0.352839361797403
2269 0.353065160222074
2270 0.353201494437391
2271 0.353256416092529
2272 0.353268347678843
2273 0.35317313197282
2274 0.353143645402184
2275 0.353280335489975
2276 0.353083716146678
2277 0.352528895443322
2278 0.352251311753756
2279 0.352058399464452
2280 0.351841372809151
2281 0.351922628079795
2282 0.35189034384448
2283 0.351784803051949
2284 0.351766027361537
2285 0.351789561451294
2286 0.352215444185414
2287 0.352027046370413
2288 0.35137449345174
2289 0.351167761839258
2290 0.350746583115915
2291 0.350770222610544
2292 0.351469755926498
2293 0.351505369089424
2294 0.351494372148429
2295 0.351233994490828
2296 0.350325505422871
2297 0.350077259688195
2298 0.3499181858036
2299 0.34993894758804
2300 0.35056202143289
2301 0.350724761176486
2302 0.35092009624861
2303 0.350771926440683
2304 0.350179378251016
2305 0.349733727931214
2306 0.348962130695893
2307 0.348544485526716
2308 0.348287159691378
2309 0.34819469393449
2310 0.348487811622252
2311 0.348534108518917
2312 0.348676804438495
2313 0.348653757546001
2314 0.348207874117102
2315 0.348067955871214
2316 0.34820277208187
2317 0.348154095565125
2318 0.348163362974886
2319 0.348142454907104
2320 0.348112113362711
2321 0.34770718967655
2322 0.347715722621977
2323 0.347447417628842
2324 0.346698319428075
2325 0.34633139040287
2326 0.346082989581976
2327 0.346055966855981
2328 0.346232298817407
2329 0.346250933320553
2330 0.345922104769718
2331 0.345373687458434
2332 0.345187480793749
2333 0.344985825267468
2334 0.344345933364151
2335 0.343892502999844
2336 0.343855563649328
2337 0.344035826844007
2338 0.343932375851723
2339 0.344311948344357
2340 0.343994154095332
2341 0.342915209045367
2342 0.34234724071801
2343 0.341883589891854
2344 0.341369070525331
2345 0.340754600710688
2346 0.340450314463473
2347 0.340263063894535
2348 0.340282846624369
2349 0.340828384890883
2350 0.340786403896051
2351 0.340410102946805
2352 0.340268315427919
2353 0.339842892782831
2354 0.339950648236462
2355 0.340878657850591
2356 0.34086309476484
2357 0.3404261003282
2358 0.340206217570435
2359 0.339674002125931
2360 0.339216343847842
2361 0.338978968075909
2362 0.338733897862051
2363 0.337975646754214
2364 0.33782310417819
2365 0.338322134751058
2366 0.338457757630657
2367 0.338591639394528
2368 0.338993575790665
2369 0.339726883702771
2370 0.339703416645103
2371 0.339531299184223
2372 0.33901005258278
2373 0.337552855679217
2374 0.336967405137899
2375 0.337046828812466
2376 0.336517377550216
2377 0.33544106706236
2378 0.33499430864434
2379 0.33464882704381
2380 0.334319809887792
2381 0.334761378770854
2382 0.334723776821991
2383 0.334239375271782
2384 0.333758549537554
2385 0.332964034012291
2386 0.332795932326264
2387 0.332842438956108
2388 0.332746418909414
2389 0.333186964890834
2390 0.333188881324099
2391 0.332467532897499
2392 0.332579819264196
2393 0.333479066011853
2394 0.333670132232594
2395 0.33364838794269
2396 0.33375778582397
2397 0.333547941670986
2398 0.333450184400041
2399 0.333965933003887
2400 0.333702319189069
2401 0.332705420559118
2402 0.332122718362143
2403 0.330863045424611
2404 0.331114189627498
2405 0.332905421291715
2406 0.332888388945491
2407 0.33316269635802
2408 0.332435185063833
2409 0.32911184085181
2410 0.32858142619167
2411 0.329713484339901
2412 0.329776388217408
2413 0.331279020936934
2414 0.330545248141644
2415 0.32686549359343
2416 0.326116245095678
2417 0.326113324809761
2418 0.325869891380444
2419 0.327725044260534
2420 0.327234684442825
2421 0.324645549041716
2422 0.323422675841074
2423 0.322031137524612
2424 0.32132544513627
2425 0.32073241532598
2426 0.321173203282387
2427 0.323294985539925
2428 0.323111674310389
2429 0.32341045402111
2430 0.322294689780998
2431 0.317920714948737
2432 0.316554765867074
2433 0.315846559222113
2434 0.315711656518566
2435 0.318020970874971
2436 0.317224370064042
2437 0.315096318142862
2438 0.313635190172581
2439 0.310329930778098
2440 0.309629036841224
2441 0.310992890807857
2442 0.311828000515318
2443 0.31223481590091
2444 0.31426586307582
2445 0.314496876980613
2446 0.314542557990433
2447 0.315122673613591
2448 0.312987465617266
2449 0.311265259017778
2450 0.310517944677042
2451 0.309944418605597
2452 0.310447239567911
2453 0.310685844166895
2454 0.3093826130729
2455 0.30740362844724
2456 0.305536428827278
2457 0.305515700033809
2458 0.310047128551151
2459 0.3131505808114
2460 0.313051134054001
2461 0.31244917448186
2462 0.307707852110502
2463 0.304196338194491
2464 0.305745326353302
2465 0.305590328153201
2466 0.306715258693853
2467 0.306239653135044
2468 0.303002460598612
2469 0.301857345683589
2470 0.301212889238948
2471 0.301242613160724
2472 0.302809978724465
2473 0.303442614225226
2474 0.304420230329194
2475 0.304795499067336
2476 0.304956806253819
2477 0.305070788527195
2478 0.303908110706477
2479 0.303372733834597
2480 0.303486555518263
2481 0.302685267678676
2482 0.301401336889663
2483 0.301211740761651
2484 0.301214758665815
2485 0.300624860103322
2486 0.30017164728824
2487 0.30034949580449
2488 0.300619348672342
2489 0.300019846543693
2490 0.30096081768779
2491 0.297922780594883
2492 0.292131741828193
2493 0.288782682857175
2494 0.289286608384784
2495 0.294032881146971
2496 0.297306932325631
2497 0.298736483687221
2498 0.299426599553634
2499 0.296173923096364
2500 0.295946359318528
