"Wavelength" "M019a_m1-w2"
350 0.0957726438557834
351 0.0939256984658546
352 0.0897537683853797
353 0.0866579347965311
354 0.0882145634968509
355 0.0847649150348705
356 0.0855922766789204
357 0.0902191454629918
358 0.0901522566553285
359 0.089683295114003
360 0.0894768093043328
361 0.0903179839838955
362 0.0945251074431543
363 0.0912085313315036
364 0.0876955629459888
365 0.0907949935180551
366 0.0854297826718872
367 0.0811389160625841
368 0.0831210896534748
369 0.0913272108975702
370 0.0904372625109486
371 0.0885872086027825
372 0.0892713420303238
373 0.0873464508165638
374 0.0861469076630855
375 0.086588949114466
376 0.0878624568879422
377 0.0860437932872248
378 0.0871097596480692
379 0.0881093558154952
380 0.0842920700684654
381 0.0830621806993165
382 0.0852838972386696
383 0.0883903338720185
384 0.0873789977212674
385 0.0805983589621901
386 0.0794589829948062
387 0.0872852267983354
388 0.0864969202144836
389 0.0854718162522953
390 0.085265494769351
391 0.0847074470580362
392 0.0828762288569658
393 0.0831261493768915
394 0.0842263815217815
395 0.0818516472290165
396 0.0824550015135723
397 0.0836675236053489
398 0.0836714119671345
399 0.0840468432396597
400 0.0845649460125472
401 0.0843088581696055
402 0.0829859183191341
403 0.0839749611920076
404 0.0842480418624175
405 0.0837995071512353
406 0.0848490958314604
407 0.0850815171669181
408 0.0849353558218306
409 0.0849026252751184
410 0.0848536910948581
411 0.0842734853643827
412 0.084281540699939
413 0.0857539130705378
414 0.086286143631059
415 0.0860975397842363
416 0.0860276089003756
417 0.0871011939688391
418 0.0865687839962831
419 0.0859058042807089
420 0.0862638855460395
421 0.0867891485226539
422 0.0870702006445868
423 0.0874715638046907
424 0.088354618727898
425 0.0883523894912285
426 0.0882049374727309
427 0.0882167310584634
428 0.0881588961670034
429 0.0884630740716022
430 0.089040047872183
431 0.0897213846069473
432 0.0905129010576975
433 0.0906775990965448
434 0.0904712372913416
435 0.0905773205616181
436 0.0910858329556173
437 0.091433188244729
438 0.0915472848980471
439 0.0920219780767975
440 0.0927984333452501
441 0.0932386742097481
442 0.0929703269233362
443 0.0928296838020366
444 0.0932393519882155
445 0.0938738990049068
446 0.0940253998965367
447 0.0941767498803527
448 0.0946079012922574
449 0.0950913040418105
450 0.094553198351364
451 0.0947638307224217
452 0.0950682831299981
453 0.0945832149698252
454 0.0949617885447617
455 0.095611344393136
456 0.0960437144441086
457 0.0959925823795424
458 0.096230354819684
459 0.0965435179108636
460 0.0966945741671758
461 0.0967838000218835
462 0.0971213951503133
463 0.0974784397699013
464 0.0974952754220603
465 0.0976330777578693
466 0.0979137113265363
467 0.0981825053424772
468 0.0981206910091203
469 0.0982180448188378
470 0.0985461981634639
471 0.0989874078480735
472 0.0992046501178848
473 0.0993603374020044
474 0.0995099704636221
475 0.0996307783016192
476 0.0996693742362789
477 0.0998200590746427
478 0.100137371363505
479 0.100361399117017
480 0.100453923197488
481 0.100817921064705
482 0.101692443274729
483 0.101471009470231
484 0.101457741576905
485 0.10202793983403
486 0.102376549494115
487 0.10268958222451
488 0.102787825379056
489 0.102664472064359
490 0.103027816746161
491 0.103337174873932
492 0.103556168124456
493 0.103938383256465
494 0.104330637820191
495 0.104626643757716
496 0.104854956771874
497 0.105292129983529
498 0.10557422346522
499 0.105779997620637
500 0.106098185518278
501 0.10642138005644
502 0.106711977511606
503 0.106958411734446
504 0.107175462074038
505 0.107540171075265
506 0.107980069989507
507 0.108381152393745
508 0.108701535620326
509 0.108962343024634
510 0.109218357614313
511 0.109538485439062
512 0.109896310281397
513 0.11024043271863
514 0.110535957384155
515 0.110771613800645
516 0.111115254739357
517 0.111465702259738
518 0.111676143533309
519 0.111990169931173
520 0.112390985160654
521 0.112780153453014
522 0.112985620202295
523 0.113340575132387
524 0.113797390872631
525 0.11421844046494
526 0.11451384992367
527 0.114889488431258
528 0.115318953220767
529 0.115610358332916
530 0.115974323296689
531 0.116334385272469
532 0.11662553211715
533 0.116911926600648
534 0.117245280950606
535 0.117644988306185
536 0.118090063681842
537 0.11840833449806
538 0.118779566768283
539 0.119246773899533
540 0.11959239676578
541 0.1200034866056
542 0.12040753991901
543 0.120710965149788
544 0.121104580815401
545 0.121443196789579
546 0.121758954538094
547 0.122262050201514
548 0.12267233337715
549 0.123097617032512
550 0.123646732566801
551 0.124165235235947
552 0.124731973216637
553 0.125286172336914
554 0.125694017202722
555 0.12609099557014
556 0.126498642759809
557 0.126924984044006
558 0.12739333973611
559 0.127819334203994
560 0.128224299963206
561 0.128652546429083
562 0.128968937784952
563 0.129326167911813
564 0.129748842155832
565 0.130057327460224
566 0.130372194564472
567 0.130619562563531
568 0.130766050755942
569 0.131152736059479
570 0.131677357532565
571 0.13223315329376
572 0.132732992057827
573 0.133388640026578
574 0.133981597693767
575 0.1343544492563
576 0.134772733284161
577 0.135172613558229
578 0.135519401269121
579 0.135797250639388
580 0.13604422185443
581 0.13619835968837
582 0.136279927403261
583 0.136478641322599
584 0.13678328028833
585 0.137102527640962
586 0.137347758527159
587 0.137666253336204
588 0.138037073613583
589 0.138436438704829
590 0.138851983649189
591 0.139205569423743
592 0.139575897472274
593 0.14002639309643
594 0.140389173872557
595 0.140744655317838
596 0.141114290328972
597 0.141467032266413
598 0.141806345506093
599 0.142117730212314
600 0.142400354256743
601 0.142700370836687
602 0.142908741410703
603 0.143072538125345
604 0.143313158547197
605 0.143632413016297
606 0.143918246642826
607 0.144136873286922
608 0.144403367555652
609 0.144715177832922
610 0.145015481086712
611 0.145256206786992
612 0.145552095529621
613 0.145897775065269
614 0.146258574489213
615 0.146577901922775
616 0.146898352564063
617 0.147196480142583
618 0.147461311192672
619 0.147773024414267
620 0.148111454449072
621 0.148447645217277
622 0.148750882211348
623 0.149046559462169
624 0.149354457425917
625 0.149673848178743
626 0.149949790165703
627 0.150299938804795
628 0.150673717997375
629 0.150962247086433
630 0.151273393253122
631 0.151637536536956
632 0.152015959144096
633 0.152273640345366
634 0.152553447787507
635 0.152868463244498
636 0.153194241343378
637 0.153530812936735
638 0.153885982864257
639 0.154257434209626
640 0.154630188057893
641 0.154928115129102
642 0.155242209642208
643 0.155631087492747
644 0.155949845140604
645 0.156247439861509
646 0.156574344584316
647 0.156969376143811
648 0.157322914713072
649 0.157674844041629
650 0.158047121655979
651 0.158387206392179
652 0.158694812488774
653 0.15899422318175
654 0.159317139514714
655 0.159658772272002
656 0.16001573939643
657 0.16038615316843
658 0.160770106616955
659 0.161135087052175
660 0.161507466587867
661 0.161904160603725
662 0.162250583739823
663 0.16259337428606
664 0.162955676530718
665 0.16333967344881
666 0.16375571967846
667 0.164170215876905
668 0.164562036225846
669 0.164951418095553
670 0.165351102938731
671 0.165729994751442
672 0.166057478387765
673 0.166452422345784
674 0.16685291296948
675 0.167242182172483
676 0.167690036032057
677 0.168117723595179
678 0.168491919815838
679 0.168819416612888
680 0.169197333270085
681 0.169630006294257
682 0.170068290088614
683 0.17042800166811
684 0.170767627689172
685 0.171164429211968
686 0.171628415459009
687 0.17199843147138
688 0.172382607422415
689 0.172803322144451
690 0.173242465612317
691 0.1736963429227
692 0.174110628524711
693 0.174482811842903
694 0.174888472572148
695 0.175346913343502
696 0.175806417782272
697 0.176220825475356
698 0.176665805903555
699 0.177117108980434
700 0.177556790266745
701 0.177978295400412
702 0.178453527140309
703 0.178923794947617
704 0.179351783741761
705 0.17980894848247
706 0.180224654087776
707 0.180675469174498
708 0.181256829369831
709 0.181745178131809
710 0.182163353470305
711 0.182573577784963
712 0.183057554664846
713 0.183533971182935
714 0.183999514352513
715 0.184467108554859
716 0.184931755746887
717 0.185400063969865
718 0.185871907918982
719 0.18634326735557
720 0.186834197079826
721 0.187294150494363
722 0.187727834803801
723 0.188275778860988
724 0.188762214736327
725 0.189221649900697
726 0.189733947200144
727 0.190183537300589
728 0.19061506590617
729 0.191077042853021
730 0.191607708634658
731 0.192138703790016
732 0.192637996251922
733 0.19310264118491
734 0.193579797649095
735 0.194071303346749
736 0.194554292631148
737 0.195002766864688
738 0.195488510758741
739 0.195941888914268
740 0.196374920172982
741 0.196930699342952
742 0.197429210925774
743 0.19790368358332
744 0.198423239820455
745 0.198976320891113
746 0.199482969941127
747 0.199961272167713
748 0.200489981015769
749 0.201015017716333
750 0.201519663211337
751 0.201994378434239
752 0.202429942741189
753 0.202928555280589
754 0.203431774196661
755 0.203870670673775
756 0.204379587419589
757 0.204909253664294
758 0.205420142302354
759 0.205896666328903
760 0.206466934516304
761 0.207036997274407
762 0.207532874818036
763 0.207994468303597
764 0.208513734254614
765 0.209027378371242
766 0.209456850093085
767 0.209967240408136
768 0.210493973922685
769 0.210996078176475
770 0.211469532492777
771 0.211956222516557
772 0.212511029285128
773 0.213106354759219
774 0.21352065512319
775 0.213982847308004
776 0.214503541623989
777 0.215016152185836
778 0.215499328497118
779 0.216006680468776
780 0.216537765189507
781 0.217041743876378
782 0.217548479294593
783 0.218076857619982
784 0.218613871016635
785 0.219072305446189
786 0.21957283175789
787 0.220127352711409
788 0.220696161378878
789 0.221212222642095
790 0.221747323091757
791 0.22226726406307
792 0.222659673300203
793 0.223159042219159
794 0.223702148939838
795 0.224216963674014
796 0.224716129689042
797 0.225247247569235
798 0.225815026505299
799 0.226395838430866
800 0.226932294970223
801 0.227411568793032
802 0.227847550956625
803 0.228281107013446
804 0.228807584223931
805 0.229351907064439
806 0.229862891183531
807 0.230368721461422
808 0.230924347907418
809 0.231508800144141
810 0.232063949715662
811 0.232495766510671
812 0.232923294308377
813 0.233388845651934
814 0.233884460096408
815 0.234405444789755
816 0.234948928348246
817 0.235512355012682
818 0.236089565378623
819 0.236585961309915
820 0.237039126549359
821 0.237502905515892
822 0.237985863836048
823 0.238519523959005
824 0.23904123686843
825 0.23948861752406
826 0.239997499337416
827 0.240536468028069
828 0.241057787035839
829 0.241515930995987
830 0.241965646305855
831 0.242415788686158
832 0.24289899652846
833 0.24349384355758
834 0.244007430749673
835 0.244466829638672
836 0.244951267356183
837 0.245511331696569
838 0.245961422729463
839 0.246380194944574
840 0.246927446682134
841 0.247431648189535
842 0.247922367001118
843 0.248389622447532
844 0.248792018960123
845 0.249267273477495
846 0.249778114998759
847 0.250296513302794
848 0.250859791622242
849 0.251373252851417
850 0.251863951979832
851 0.25237913423756
852 0.252922445916977
853 0.253418933593561
854 0.253864962392049
855 0.25429733199917
856 0.254755331759411
857 0.255238962704899
858 0.255737272597088
859 0.256230138386294
860 0.256683648593697
861 0.257170635824555
862 0.257697019154413
863 0.258159318153718
864 0.258627675494933
865 0.259111703426775
866 0.259607164667595
867 0.260109316829108
868 0.260630405789083
869 0.26115139396502
870 0.261635713085389
871 0.262017224132976
872 0.262508788626888
873 0.263043670120283
874 0.263437093986406
875 0.263932594650198
876 0.264460816605629
877 0.264965532851899
878 0.265435828553888
879 0.2659398271911
880 0.266411186537884
881 0.266855616739555
882 0.267409772428606
883 0.267952695804816
884 0.268451432355689
885 0.268918588216882
886 0.26941890134103
887 0.269958461886623
888 0.270396617120958
889 0.270685489269334
890 0.271287968912689
891 0.271859012424905
892 0.272358522553446
893 0.272874086177122
894 0.273251524491484
895 0.273725918167956
896 0.274301017779274
897 0.274813355693966
898 0.27540043003572
899 0.275854825408277
900 0.276209198860653
901 0.27675359757772
902 0.277183916660965
903 0.277694598826819
904 0.278331943343062
905 0.278812477414938
906 0.279249170532124
907 0.279700883636492
908 0.280185073913634
909 0.280649219259597
910 0.281134474483253
911 0.281643745906141
912 0.282132328472764
913 0.2824368377392
914 0.282858499492671
915 0.283406641657534
916 0.283979439784712
917 0.284547742767318
918 0.285001507848825
919 0.285449398367698
920 0.286051181903318
921 0.286645226345188
922 0.287115867717035
923 0.287534851100146
924 0.288052944006496
925 0.288482750745635
926 0.288981260278418
927 0.289534746976516
928 0.28998468252998
929 0.290353729602445
930 0.290777596346796
931 0.291307367013302
932 0.291881492243786
933 0.292387238098768
934 0.292894698825489
935 0.293445112019541
936 0.294005309478477
937 0.294471055880872
938 0.294958341836724
939 0.295466175974388
940 0.295800469692574
941 0.296354767795365
942 0.296966757122531
943 0.297467290656989
944 0.297875667345801
945 0.298451286443616
946 0.298944918891446
947 0.29930681106183
948 0.30003692201771
949 0.300500402484665
950 0.300821627217829
951 0.301225147185347
952 0.30173032073069
953 0.302401980629741
954 0.302920258628672
955 0.30318848015378
956 0.303787575590131
957 0.304275666651167
958 0.304727025514898
959 0.305241499563475
960 0.305655194373511
961 0.30604793714554
962 0.30645093109302
963 0.306904122155898
964 0.307499241753519
965 0.307959615051667
966 0.308400657637147
967 0.308941896481342
968 0.309428059382588
969 0.30994675091762
970 0.310472090612284
971 0.310985493815692
972 0.311560773021853
973 0.31197036970053
974 0.312287830067303
975 0.312693569628524
976 0.313380541482768
977 0.313988212619372
978 0.314429461060623
979 0.314778077829614
980 0.315246214391106
981 0.315695268655959
982 0.316184094166151
983 0.316707237184373
984 0.317071510024938
985 0.317670659513996
986 0.318235994705449
987 0.318610940408233
988 0.319075600846047
989 0.319541518644345
990 0.320134698620737
991 0.320753677230718
992 0.320990913596088
993 0.321503161393522
994 0.321844326345454
995 0.322033600235669
996 0.322776754492155
997 0.323224305473858
998 0.323693954319312
999 0.324326622941346
1000 0.3248979183229
1001 0.314102617536542
1002 0.314534424207725
1003 0.314961288006675
1004 0.315388987398215
1005 0.315822806842101
1006 0.316219719048487
1007 0.31659095915232
1008 0.316997717126192
1009 0.317429986796539
1010 0.317884707926867
1011 0.318314969372314
1012 0.318770953131673
1013 0.319138769281054
1014 0.319498926032529
1015 0.319948488519293
1016 0.320328383942524
1017 0.320741310619557
1018 0.321206972730103
1019 0.321599968729724
1020 0.321945597301976
1021 0.322340677354089
1022 0.322701152622523
1023 0.322986322666138
1024 0.323434819883334
1025 0.323906428644616
1026 0.324293401819751
1027 0.324765549169124
1028 0.325115779908242
1029 0.325393742293929
1030 0.325783638781498
1031 0.326157630667164
1032 0.326577233861157
1033 0.327073391241424
1034 0.327546475030024
1035 0.328016169041094
1036 0.328524898738523
1037 0.329027343971358
1038 0.329475329887618
1039 0.329988079599453
1040 0.330485794468387
1041 0.330950463316432
1042 0.331460985879638
1043 0.331986484057662
1044 0.332514567341538
1045 0.33296837124084
1046 0.333397332566569
1047 0.333818254263538
1048 0.334189480396468
1049 0.334512387866324
1050 0.334957342923673
1051 0.335441463203726
1052 0.335913437379939
1053 0.336346675193444
1054 0.336681191774251
1055 0.337070626900863
1056 0.337463186488151
1057 0.337846969481352
1058 0.338289865793134
1059 0.338652040229893
1060 0.338928242795842
1061 0.339223891562532
1062 0.339550992002169
1063 0.339895602375332
1064 0.340240435001579
1065 0.340563900565597
1066 0.340841679978639
1067 0.341108755267678
1068 0.341365215841701
1069 0.341698100547321
1070 0.342070881401687
1071 0.342294925442658
1072 0.342530002048606
1073 0.342779094761743
1074 0.3429986105834
1075 0.343252165785814
1076 0.343478214521943
1077 0.343695203777514
1078 0.343886666458023
1079 0.344061675254189
1080 0.344292823255674
1081 0.344587024873853
1082 0.344789182855572
1083 0.344982844235892
1084 0.34523824268454
1085 0.345443597001662
1086 0.345667377346116
1087 0.345880229775358
1088 0.345988543534603
1089 0.346098067482875
1090 0.346238646744068
1091 0.346395675901023
1092 0.346572284886076
1093 0.346771901117577
1094 0.34699354988029
1095 0.347223020633326
1096 0.347451105316226
1097 0.34772519842799
1098 0.347991356885683
1099 0.348194517073511
1100 0.348391161122911
1101 0.348597363124281
1102 0.348829313516685
1103 0.349078176747469
1104 0.349356603403094
1105 0.349650659537399
1106 0.349919697233131
1107 0.350155169561112
1108 0.350435939387506
1109 0.350723532399005
1110 0.351020609227971
1111 0.351370919307015
1112 0.351702409858014
1113 0.351974683510616
1114 0.352260171683416
1115 0.352569485870762
1116 0.352905334509787
1117 0.353249092284421
1118 0.353574846399687
1119 0.353854158069548
1120 0.354107216948633
1121 0.354433564004011
1122 0.354826874254178
1123 0.355181753027355
1124 0.355556782964684
1125 0.355937922609983
1126 0.356309974767446
1127 0.356660941542906
1128 0.357066130978097
1129 0.357479637711189
1130 0.357901414508453
1131 0.358314538972943
1132 0.358695164671191
1133 0.359053358341156
1134 0.359387818595362
1135 0.359709728577329
1136 0.360050505571478
1137 0.360385795586163
1138 0.360780586388848
1139 0.361221138797425
1140 0.361629898227711
1141 0.362091050959957
1142 0.362496401235375
1143 0.362857684828926
1144 0.363203813435076
1145 0.363575677526231
1146 0.363943010070287
1147 0.364278153183128
1148 0.364625851098551
1149 0.364958051894525
1150 0.365257569925338
1151 0.365605412931259
1152 0.365929042011181
1153 0.366257093580301
1154 0.366605256019398
1155 0.366931204211115
1156 0.367228295471875
1157 0.367545638737633
1158 0.367855626575794
1159 0.368188090437895
1160 0.368539113125246
1161 0.368888058774106
1162 0.369259578723799
1163 0.369620124435245
1164 0.36992211604407
1165 0.370241244959828
1166 0.370561529265311
1167 0.370823969805389
1168 0.371109207327122
1169 0.371470081482586
1170 0.371805760669584
1171 0.372151823847175
1172 0.372482314209534
1173 0.372811249101489
1174 0.373130707013784
1175 0.373462063052822
1176 0.373755474042619
1177 0.374028589355278
1178 0.374291722233293
1179 0.374507495284557
1180 0.374744391822244
1181 0.375021574074675
1182 0.375276630726002
1183 0.375516347562622
1184 0.375741799017723
1185 0.37595645397946
1186 0.376168245091322
1187 0.376385882232097
1188 0.376629417206637
1189 0.376840147369298
1190 0.377031361241005
1191 0.377223682841996
1192 0.377392531771364
1193 0.377586649310451
1194 0.377791747819086
1195 0.377993871667148
1196 0.378213321097221
1197 0.378422080979399
1198 0.378630619059891
1199 0.378815617040178
1200 0.379022552843074
1201 0.37920492090624
1202 0.379369888370488
1203 0.379602099525156
1204 0.3798223392314
1205 0.380067013707941
1206 0.380274649695845
1207 0.380465371004698
1208 0.380672098366138
1209 0.380860005014796
1210 0.381068372442598
1211 0.381322357664837
1212 0.381541091291782
1213 0.381736276504427
1214 0.381936746026537
1215 0.382122268409265
1216 0.382322837118822
1217 0.382516069672417
1218 0.382744886425341
1219 0.382980652871923
1220 0.383192450622707
1221 0.383399596322747
1222 0.383586276955283
1223 0.383804979044129
1224 0.384026244430233
1225 0.384257255729229
1226 0.384511487874499
1227 0.384761617476069
1228 0.385016613483771
1229 0.385266062796565
1230 0.385542924524301
1231 0.385778805517966
1232 0.385977055810832
1233 0.386184393035931
1234 0.38636218605703
1235 0.386564123940259
1236 0.386766128385201
1237 0.387004874424186
1238 0.387235136810458
1239 0.38747523857934
1240 0.387734146583699
1241 0.388023296691036
1242 0.388265914826496
1243 0.388521027560875
1244 0.388733036508162
1245 0.388874002581749
1246 0.38908177733286
1247 0.389308497234853
1248 0.389521840261841
1249 0.389743274361463
1250 0.38998204559855
1251 0.390198926649406
1252 0.390459070198342
1253 0.39077454020269
1254 0.39107928311759
1255 0.391395725282794
1256 0.391714592695439
1257 0.392041545428638
1258 0.392374543607239
1259 0.392691645188356
1260 0.393012073644364
1261 0.393323404764205
1262 0.393624728657123
1263 0.393912777156912
1264 0.394185761682479
1265 0.394476092316565
1266 0.394760356898626
1267 0.395042675090302
1268 0.39534390366475
1269 0.395626396662848
1270 0.395888779006792
1271 0.396157035639214
1272 0.396447850993985
1273 0.396692206364907
1274 0.396919393019567
1275 0.397120657966478
1276 0.397271639798887
1277 0.397429366229743
1278 0.397583648801863
1279 0.397718432630952
1280 0.397833625213712
1281 0.397934822893594
1282 0.39802715034021
1283 0.398087605611573
1284 0.398165819348497
1285 0.398246224185496
1286 0.398326264702219
1287 0.398402532029001
1288 0.398487117461964
1289 0.398618267296267
1290 0.398661485051751
1291 0.39866776367001
1292 0.398663126710099
1293 0.398574675513512
1294 0.398530235487337
1295 0.398547223617867
1296 0.398490678126138
1297 0.398387728806324
1298 0.398297132275404
1299 0.398166446436595
1300 0.398016781741451
1301 0.397956316684646
1302 0.397956831260692
1303 0.397916926351093
1304 0.39790635244181
1305 0.397879946494813
1306 0.39783998563101
1307 0.397787332207898
1308 0.397759555407396
1309 0.397678167520342
1310 0.397516370164323
1311 0.397431253953073
1312 0.397343340104574
1313 0.397294295732224
1314 0.397309348961314
1315 0.397301609455411
1316 0.397269204609222
1317 0.397294306062862
1318 0.397345064678259
1319 0.397412288957605
1320 0.397537984289302
1321 0.397650076128235
1322 0.397773244834124
1323 0.397866445605571
1324 0.39801276459946
1325 0.398176601110783
1326 0.398349027028202
1327 0.398553354900315
1328 0.398742169880207
1329 0.398933592678392
1330 0.399118153230995
1331 0.399287245761999
1332 0.399492320342904
1333 0.399694137368469
1334 0.399930530443763
1335 0.40022794184136
1336 0.400480779128715
1337 0.400729330015664
1338 0.400976137292117
1339 0.401183973918561
1340 0.401435060671759
1341 0.401727752984136
1342 0.401996653046936
1343 0.402275684448392
1344 0.40254704163695
1345 0.402804177621722
1346 0.403056864228028
1347 0.403312119686288
1348 0.403577868162077
1349 0.403784255074485
1350 0.403953358618208
1351 0.404141461048478
1352 0.404296586689792
1353 0.40447660538319
1354 0.404679007944536
1355 0.404869777871393
1356 0.40503495179219
1357 0.405248194234602
1358 0.405484689183141
1359 0.405727365522273
1360 0.405989002319321
1361 0.406268735208988
1362 0.406575098528185
1363 0.406861557314018
1364 0.407172944619334
1365 0.407453729412618
1366 0.407706867152593
1367 0.407955113050722
1368 0.408186205105006
1369 0.408420148675613
1370 0.408657115408887
1371 0.408870959178919
1372 0.409080863026213
1373 0.409285215101905
1374 0.409432319419594
1375 0.409562086529067
1376 0.409647576471786
1377 0.409683739008275
1378 0.409729764764242
1379 0.409752492827829
1380 0.409762165618405
1381 0.409765278476659
1382 0.409751032980848
1383 0.409710173582327
1384 0.409672012123575
1385 0.409643561360079
1386 0.409569946765319
1387 0.409488188748263
1388 0.409356520081805
1389 0.409206013614804
1390 0.408989509932273
1391 0.408700387394646
1392 0.408412414198894
1393 0.40804987316229
1394 0.407726649073152
1395 0.407418179226602
1396 0.40710491115819
1397 0.406815845279155
1398 0.406494407051402
1399 0.406177803570564
1400 0.405817171813085
1401 0.405423550293944
1402 0.405009624291655
1403 0.404539390221262
1404 0.404051506544123
1405 0.403572911803351
1406 0.40305779988668
1407 0.402598302214366
1408 0.402141864071947
1409 0.401755690094622
1410 0.4013902137261
1411 0.401104276615757
1412 0.400853635716751
1413 0.400719337979121
1414 0.400641753305175
1415 0.400692041047789
1416 0.400858689272479
1417 0.401096217002289
1418 0.401459529396561
1419 0.401839360166952
1420 0.402339955172493
1421 0.402775981294855
1422 0.403218433910343
1423 0.4036625550787
1424 0.404107222917184
1425 0.404525801308174
1426 0.404959023901996
1427 0.405357079258314
1428 0.405708378326502
1429 0.406056727004591
1430 0.40638868259157
1431 0.406718436686943
1432 0.407046803087961
1433 0.407351233406252
1434 0.407632510273435
1435 0.407931182221481
1436 0.408223260477443
1437 0.408494348679795
1438 0.40879620860172
1439 0.409120246374221
1440 0.409429848394655
1441 0.409750399645326
1442 0.410044499290924
1443 0.410322967234487
1444 0.410612233790505
1445 0.410901844141634
1446 0.411167878917777
1447 0.411444748619578
1448 0.411678142183482
1449 0.41186290633696
1450 0.412064705996334
1451 0.412236328095155
1452 0.412447152992173
1453 0.412665638099467
1454 0.412909447527689
1455 0.413207363149243
1456 0.413458485993595
1457 0.413713140825728
1458 0.413945733057445
1459 0.414129493634809
1460 0.414345056940042
1461 0.414589316527498
1462 0.414791633350155
1463 0.414973162744194
1464 0.415165926136561
1465 0.415324189072825
1466 0.415507415753323
1467 0.415725782625116
1468 0.415930059130612
1469 0.416132209427278
1470 0.416335368480759
1471 0.416519561465433
1472 0.416706704580281
1473 0.416860288732066
1474 0.417013948639266
1475 0.417228552491775
1476 0.417458624694915
1477 0.417722525489847
1478 0.41804855068972
1479 0.418357955226756
1480 0.418686860222927
1481 0.418987732784701
1482 0.41931857568742
1483 0.419567887064812
1484 0.419751114334694
1485 0.419964741159443
1486 0.420137290790591
1487 0.420343545834185
1488 0.420584906136808
1489 0.420799055507013
1490 0.420999173330521
1491 0.421209765300514
1492 0.421432755289714
1493 0.421623611710864
1494 0.421801476955227
1495 0.421981260191447
1496 0.422100512645595
1497 0.422300360902863
1498 0.42256873924367
1499 0.422798340668509
1500 0.423059041483762
1501 0.423293387642782
1502 0.42349414904655
1503 0.4236945094039
1504 0.423896874683842
1505 0.424090684576199
1506 0.424274406105456
1507 0.42444373596098
1508 0.424607787997788
1509 0.424758634687219
1510 0.424873463827814
1511 0.42500873607939
1512 0.425132451421387
1513 0.425285097569117
1514 0.425450054246234
1515 0.425640139922649
1516 0.425873453969565
1517 0.426107182966114
1518 0.426314188915395
1519 0.426501508039384
1520 0.426655765100485
1521 0.426796803859574
1522 0.426949210690577
1523 0.427100061304487
1524 0.427272508510041
1525 0.427450963194
1526 0.427630197726296
1527 0.427832374701643
1528 0.42801521828503
1529 0.428183839764761
1530 0.428361890804066
1531 0.428547898357919
1532 0.428717564139392
1533 0.428882875976327
1534 0.429038327401545
1535 0.429163557593804
1536 0.429339729409181
1537 0.429531225852198
1538 0.42972865387245
1539 0.429974255408836
1540 0.430169068906591
1541 0.430352717739844
1542 0.430510196259359
1543 0.430620130442202
1544 0.430773324918804
1545 0.430936369746043
1546 0.431077868290184
1547 0.431235865097108
1548 0.431374973759993
1549 0.431474335826871
1550 0.43159752389408
1551 0.431743888219448
1552 0.431866788112379
1553 0.431961174528242
1554 0.432089083636028
1555 0.432232559381358
1556 0.432362268873574
1557 0.432491580082803
1558 0.432647435327247
1559 0.432803651684668
1560 0.432966977363525
1561 0.433184389468099
1562 0.433351620123225
1563 0.433477896410475
1564 0.43362231964964
1565 0.433740777903779
1566 0.433893628240592
1567 0.43409475331797
1568 0.434252985998523
1569 0.434413788522238
1570 0.434553839468353
1571 0.434648108298057
1572 0.434758381643898
1573 0.43488808002795
1574 0.434984966602505
1575 0.435040595932127
1576 0.435131444555055
1577 0.43520044249197
1578 0.435308427529301
1579 0.435470404522722
1580 0.43562421385934
1581 0.43578919854834
1582 0.435959951895604
1583 0.436146277411872
1584 0.436320994571701
1585 0.436490208167219
1586 0.436667438949544
1587 0.436865068475763
1588 0.437025347904255
1589 0.437149395161184
1590 0.437304509461239
1591 0.437439267555939
1592 0.437591867192142
1593 0.437821851405174
1594 0.437991197920988
1595 0.438113498550138
1596 0.438245082677892
1597 0.438357713404626
1598 0.438456284546516
1599 0.438554364687352
1600 0.43864328606534
1601 0.438702215224149
1602 0.438791425051716
1603 0.438926566603962
1604 0.439045067076625
1605 0.439184180444233
1606 0.439337227904229
1607 0.439511746493854
1608 0.439702845098939
1609 0.439884455958286
1610 0.440102510017812
1611 0.440240712696715
1612 0.440343212504571
1613 0.440438010023711
1614 0.440483079349578
1615 0.44057222667514
1616 0.440666917383004
1617 0.440769817932294
1618 0.440875265366825
1619 0.441020441264475
1620 0.44117847469037
1621 0.44136566211821
1622 0.441606938635278
1623 0.441791881730028
1624 0.441977742224569
1625 0.44213940597876
1626 0.442253857097771
1627 0.442438616736159
1628 0.442648947956708
1629 0.442835518716244
1630 0.44306540983629
1631 0.443212989639861
1632 0.443314446311001
1633 0.443399432417791
1634 0.443448560524946
1635 0.443493071157994
1636 0.443499216072284
1637 0.443553267035117
1638 0.443592872508648
1639 0.443708441684687
1640 0.443875438517213
1641 0.444040398134791
1642 0.444258435976062
1643 0.444427137853204
1644 0.44458014893197
1645 0.444751634020461
1646 0.444903113039731
1647 0.445105912203704
1648 0.445357338035969
1649 0.445557929644268
1650 0.44577963758703
1651 0.445934095730121
1652 0.446022391002734
1653 0.446153043698212
1654 0.446280451773459
1655 0.446373131909742
1656 0.446480919181561
1657 0.44657966724787
1658 0.446686902334086
1659 0.446826643464248
1660 0.44694301023751
1661 0.447040652521513
1662 0.44715071197924
1663 0.447238400878629
1664 0.447391365558224
1665 0.447581884669418
1666 0.447720697731115
1667 0.44787297418465
1668 0.448001054846213
1669 0.448079155648225
1670 0.448207728360611
1671 0.44842407755381
1672 0.448680438856841
1673 0.448969532517761
1674 0.449246153649329
1675 0.449480636061545
1676 0.449670049571068
1677 0.449791474891165
1678 0.449916379808621
1679 0.450015839395526
1680 0.450092036411799
1681 0.45023316679284
1682 0.450373799992696
1683 0.450492663469417
1684 0.450605589619599
1685 0.450676382632898
1686 0.450772667305835
1687 0.450938810220258
1688 0.451162071581384
1689 0.451441066600475
1690 0.451708622062726
1691 0.451919583078824
1692 0.452106001823995
1693 0.452300326027305
1694 0.452512894992119
1695 0.452727412818663
1696 0.452896128105016
1697 0.453034492501321
1698 0.453139897706592
1699 0.453195842456565
1700 0.453294245804564
1701 0.453403038303148
1702 0.453514144458076
1703 0.453638473034809
1704 0.453792076122193
1705 0.453947771830249
1706 0.454113886938714
1707 0.454368136721716
1708 0.454512089008675
1709 0.454581225520827
1710 0.454690116770064
1711 0.454746505477453
1712 0.454827133513617
1713 0.454947946521634
1714 0.455058614281101
1715 0.455170012153916
1716 0.455255453950714
1717 0.455358503989482
1718 0.45540799538749
1719 0.45539053942798
1720 0.455410126718999
1721 0.455413904796961
1722 0.4554474572894
1723 0.455459845193349
1724 0.455540652053481
1725 0.455658406295752
1726 0.455833017560272
1727 0.456148994669348
1728 0.456337947150501
1729 0.456522537172283
1730 0.456626203329843
1731 0.456589115314779
1732 0.456643647180683
1733 0.45670137445384
1734 0.45676235488207
1735 0.456856835424444
1736 0.456964259788168
1737 0.45707464091601
1738 0.457186289990528
1739 0.457324777609234
1740 0.457410488014532
1741 0.457497092865994
1742 0.457614239073401
1743 0.457722730175572
1744 0.457724228130355
1745 0.457729297607834
1746 0.457802294354288
1747 0.457855141012688
1748 0.457983372461901
1749 0.458202577956792
1750 0.458402624612737
1751 0.458568102635014
1752 0.458705852297506
1753 0.458824568223387
1754 0.458920048815756
1755 0.458983301398555
1756 0.459064323542433
1757 0.459144285628826
1758 0.459150816270972
1759 0.459216951633347
1760 0.459405960593982
1761 0.459603054722576
1762 0.459771223222721
1763 0.459925239610057
1764 0.460092460824922
1765 0.460141579864611
1766 0.460157843268218
1767 0.46022608055207
1768 0.460193920762359
1769 0.46020623153565
1770 0.460301751532659
1771 0.460279869215565
1772 0.460146094853165
1773 0.460095660002244
1774 0.460006213957394
1775 0.460000960392526
1776 0.460038937802051
1777 0.46013609696375
1778 0.460334877532212
1779 0.460538213028419
1780 0.460832428325819
1781 0.461046068356296
1782 0.461164613818476
1783 0.461268854037525
1784 0.461369920083303
1785 0.46148187800997
1786 0.461581421341373
1787 0.461608861088531
1788 0.461691232247874
1789 0.461794494435283
1790 0.46189836612273
1791 0.462092269327507
1792 0.462283421753064
1793 0.462486978776454
1794 0.462702023405214
1795 0.462808307737652
1796 0.462929699707743
1797 0.463033637735614
1798 0.463043632768746
1799 0.463120965047132
1800 0.463225751930294
1801 0.462857165447836
1802 0.4629969597248
1803 0.463231736559497
1804 0.463405257100736
1805 0.463612148239261
1806 0.463924949896494
1807 0.4641595678436
1808 0.464269621054753
1809 0.46451847213543
1810 0.46491598142184
1811 0.465183008827462
1812 0.465296830978935
1813 0.465591984711621
1814 0.465768556199969
1815 0.465778553459239
1816 0.465817615062948
1817 0.46582853867717
1818 0.465878478485355
1819 0.465865789405167
1820 0.465931643544647
1821 0.466060636171127
1822 0.466184033507852
1823 0.466274394044868
1824 0.466367291893759
1825 0.466439907742084
1826 0.466531516663085
1827 0.466562511627227
1828 0.466501836952568
1829 0.46653361115507
1830 0.466594376275188
1831 0.466676605990702
1832 0.466707998305548
1833 0.466669287962799
1834 0.466678309656325
1835 0.466613812374869
1836 0.466553176172473
1837 0.466527623989334
1838 0.466551556455244
1839 0.466536850428068
1840 0.466509176712257
1841 0.466723878708654
1842 0.466868092789511
1843 0.466992927542717
1844 0.467213310125114
1845 0.467377841824454
1846 0.467624449734379
1847 0.467756713022481
1848 0.467873180222866
1849 0.467851602834115
1850 0.467837554179316
1851 0.467698716498865
1852 0.46761498638053
1853 0.467723999601291
1854 0.46777409600141
1855 0.467734416025327
1856 0.467623026938685
1857 0.467480044933328
1858 0.467355907620094
1859 0.467203918526208
1860 0.467099676497717
1861 0.467079586133058
1862 0.466965173068461
1863 0.466764934791949
1864 0.466456799455733
1865 0.465954043866134
1866 0.465439318439912
1867 0.464964036224944
1868 0.464435996108645
1869 0.46400945006782
1870 0.463604079454738
1871 0.463166531121852
1872 0.462879223642478
1873 0.462530956027047
1874 0.462272096313304
1875 0.462090792054949
1876 0.461722361132831
1877 0.461264960549572
1878 0.460636840253829
1879 0.459892444633841
1880 0.458910813223056
1881 0.457780635129784
1882 0.456614727596418
1883 0.455364908629683
1884 0.454048951326571
1885 0.45273817001415
1886 0.451329307481065
1887 0.44979831581502
1888 0.448158474042072
1889 0.446413719259435
1890 0.444582122392263
1891 0.442704756688914
1892 0.440824020241662
1893 0.438937567618359
1894 0.436826421589994
1895 0.434516181639638
1896 0.432046692073801
1897 0.429423885520531
1898 0.426907218076064
1899 0.424584808331696
1900 0.422354800648519
1901 0.420229527876858
1902 0.418247793521985
1903 0.416454749891139
1904 0.414660024775382
1905 0.413103263028359
1906 0.411724656201046
1907 0.410532510212384
1908 0.409582225895491
1909 0.408765252164153
1910 0.40809044488222
1911 0.40763644625375
1912 0.407214196168468
1913 0.406864944265308
1914 0.406694981826856
1915 0.406645785885664
1916 0.406577388094044
1917 0.406563679409549
1918 0.406687448757885
1919 0.406796480636254
1920 0.407054351741318
1921 0.407438487968221
1922 0.408038874093784
1923 0.408518418334426
1924 0.409053578479083
1925 0.409613521945421
1926 0.41008581828725
1927 0.410620491611358
1928 0.411196354111181
1929 0.411748905391293
1930 0.41230364145461
1931 0.41288297943506
1932 0.413453052636472
1933 0.414021536140683
1934 0.414598447020225
1935 0.415181782093866
1936 0.4157604741765
1937 0.416346978103218
1938 0.416982522216043
1939 0.417665174896888
1940 0.418241590926562
1941 0.418759095412668
1942 0.419336661616605
1943 0.419909071086847
1944 0.420463163449061
1945 0.421024280900225
1946 0.421606568962531
1947 0.422196796267292
1948 0.422805694961896
1949 0.423335372119585
1950 0.423952700086754
1951 0.424470632722365
1952 0.424849596020397
1953 0.425357770817193
1954 0.425821319173605
1955 0.426218252470845
1956 0.426716709471054
1957 0.427254256134173
1958 0.427798749122306
1959 0.428396746326076
1960 0.429013459727398
1961 0.429595787017797
1962 0.43013294754691
1963 0.430673963255787
1964 0.431301675068055
1965 0.431886200494688
1966 0.432496931661888
1967 0.433048373769674
1968 0.433514060287973
1969 0.434036437726995
1970 0.434595541604081
1971 0.435088104314376
1972 0.435613168197572
1973 0.436057880369093
1974 0.436367053152325
1975 0.436719390090863
1976 0.437033501339187
1977 0.437475933398048
1978 0.437958780865188
1979 0.438562430824388
1980 0.43904349994633
1981 0.439556644364075
1982 0.439995001835768
1983 0.440273190728544
1984 0.440689564972607
1985 0.441108293416325
1986 0.441623307145938
1987 0.442190555013759
1988 0.44281319628423
1989 0.443520615566505
1990 0.444156293178029
1991 0.444755771931524
1992 0.445354744681203
1993 0.44592498829593
1994 0.446380185337194
1995 0.446942464347051
1996 0.447605505270949
1997 0.448156895851068
1998 0.448658356504504
1999 0.449249392721895
2000 0.449708010411727
2001 0.450059810692313
2002 0.450464871264477
2003 0.450827486887341
2004 0.451239922960075
2005 0.451654287978761
2006 0.452138983706471
2007 0.452717568531139
2008 0.45324653290063
2009 0.453826556360404
2010 0.454313809581531
2011 0.454769104615234
2012 0.455189248474869
2013 0.455449624771284
2014 0.455720830332413
2015 0.455984408909253
2016 0.456116499878248
2017 0.456443750046051
2018 0.456903512762605
2019 0.457256015083577
2020 0.457659802365569
2021 0.458015335908865
2022 0.458291501928636
2023 0.458601234605168
2024 0.458893222665025
2025 0.459295443449823
2026 0.459587982291121
2027 0.459760920559929
2028 0.460039422932887
2029 0.460228673404099
2030 0.460545550729597
2031 0.460995474151905
2032 0.461337298951937
2033 0.461724808621007
2034 0.462023948805997
2035 0.462251655213988
2036 0.462430625592141
2037 0.462473892381108
2038 0.46263487568427
2039 0.462794957616125
2040 0.462938301648335
2041 0.46327554160053
2042 0.463707667118186
2043 0.464056519672847
2044 0.464408941781655
2045 0.464796769985985
2046 0.465262794314145
2047 0.465555286797954
2048 0.465789033383804
2049 0.466031489704318
2050 0.466065172582165
2051 0.466241511989068
2052 0.466595054016914
2053 0.466855253205468
2054 0.467075245963536
2055 0.467322380633542
2056 0.46757395177217
2057 0.467780841730647
2058 0.468034795452054
2059 0.468379203875336
2060 0.468616290605696
2061 0.468818198430253
2062 0.468991114526499
2063 0.469028583703546
2064 0.469210617768977
2065 0.469512725731588
2066 0.469702691160761
2067 0.469897049796694
2068 0.470114974144468
2069 0.470174705211516
2070 0.47020060222473
2071 0.470350346255574
2072 0.470587581310096
2073 0.470733794982202
2074 0.470904131390686
2075 0.47105502327784
2076 0.471142685817412
2077 0.471263725579012
2078 0.47139205164502
2079 0.471547421697472
2080 0.471711551366967
2081 0.471882099679812
2082 0.472109632235046
2083 0.472308426630031
2084 0.472531499322489
2085 0.472644609295772
2086 0.472802102393699
2087 0.47296399978809
2088 0.473112072517512
2089 0.473231738187681
2090 0.473376399893752
2091 0.473534291922456
2092 0.473679265065853
2093 0.473846276585738
2094 0.473972549772845
2095 0.474013271135293
2096 0.474148948254822
2097 0.474352577173045
2098 0.474506102559031
2099 0.474722567187446
2100 0.474869853953762
2101 0.47489949597923
2102 0.475018259484168
2103 0.475198660820883
2104 0.475472975572358
2105 0.47564232122051
2106 0.475833689142027
2107 0.475986117461638
2108 0.476014509878514
2109 0.476166039859355
2110 0.476355132406585
2111 0.476612274105407
2112 0.476958322878047
2113 0.477273084565209
2114 0.47767995870622
2115 0.47799846535495
2116 0.478219934593395
2117 0.478516953668801
2118 0.478686660405928
2119 0.479022554299082
2120 0.479279290294178
2121 0.479536650528409
2122 0.479779369288434
2123 0.480009685363895
2124 0.480223703057869
2125 0.480456456108256
2126 0.480635009750679
2127 0.480836518439141
2128 0.480913741949966
2129 0.48075887203928
2130 0.480834098192494
2131 0.480920815572254
2132 0.481059435789509
2133 0.481437435218016
2134 0.481748159616995
2135 0.481804178071339
2136 0.481844131149304
2137 0.481797702078144
2138 0.48158196406329
2139 0.481443113010796
2140 0.481298311833046
2141 0.481124185374377
2142 0.480927378632862
2143 0.480715256862935
2144 0.480517482276886
2145 0.4802261397092
2146 0.479848687942731
2147 0.479505664578103
2148 0.479078942641246
2149 0.478727626033068
2150 0.478463743783344
2151 0.47813912823337
2152 0.477848516331366
2153 0.477486990449455
2154 0.476988972110345
2155 0.476551509033141
2156 0.476079590841019
2157 0.475493776167109
2158 0.475096555683556
2159 0.474863341679859
2160 0.474421019073763
2161 0.473979575122736
2162 0.473499794005933
2163 0.472897475675433
2164 0.472284153343314
2165 0.471584920167117
2166 0.47105962117005
2167 0.470583631152517
2168 0.470068472525921
2169 0.469703823571044
2170 0.469269271457126
2171 0.468698074083467
2172 0.468171376618609
2173 0.467675248666088
2174 0.467191312107544
2175 0.466804479990146
2176 0.466477870002764
2177 0.466076977038092
2178 0.465771488021136
2179 0.465344197036923
2180 0.464754250399593
2181 0.464280184082165
2182 0.463896325017632
2183 0.463377502392928
2184 0.462813989565842
2185 0.462234909984637
2186 0.461659153903681
2187 0.460925304555617
2188 0.459958372193215
2189 0.459224771134211
2190 0.458519039351489
2191 0.457767790354241
2192 0.457141417041161
2193 0.456538952646241
2194 0.455877372768747
2195 0.455136048859152
2196 0.454708285553704
2197 0.454294363554088
2198 0.453712852945227
2199 0.453064926277852
2200 0.452408400970013
2201 0.451601162374992
2202 0.450941480477462
2203 0.450307127731315
2204 0.449761452535708
2205 0.449222737211364
2206 0.448850837955909
2207 0.448531921734586
2208 0.448448211529178
2209 0.448593761497881
2210 0.448781089502697
2211 0.449215617929997
2212 0.449599643392549
2213 0.449945930280094
2214 0.450441748522321
2215 0.451111447506922
2216 0.451697939395786
2217 0.452288846737591
2218 0.453046533750799
2219 0.45364655314708
2220 0.453984642413133
2221 0.454403101784488
2222 0.454793845715559
2223 0.455110947238754
2224 0.455354387615333
2225 0.455622022121762
2226 0.455764141090652
2227 0.456080865023091
2228 0.456578805144133
2229 0.456876493557832
2230 0.457155827007583
2231 0.457426973414273
2232 0.457598252595902
2233 0.457725397244175
2234 0.457854304365138
2235 0.457956047315329
2236 0.457936417804107
2237 0.457961404143519
2238 0.458058751492985
2239 0.458128525064163
2240 0.458121449524915
2241 0.458150886811193
2242 0.458216891563781
2243 0.458256195999429
2244 0.458358554739239
2245 0.458350453816797
2246 0.458204442339542
2247 0.458153786485947
2248 0.458088088775734
2249 0.458019864480637
2250 0.457936332564063
2251 0.45781698982409
2252 0.457966509201412
2253 0.458142789835386
2254 0.458477098658023
2255 0.459199269754593
2256 0.459594450496702
2257 0.460035104119778
2258 0.460148849912242
2259 0.459990627443225
2260 0.459935228140461
2261 0.459543738844242
2262 0.459498073846472
2263 0.459610692569817
2264 0.459835398885513
2265 0.460448752113607
2266 0.460653373156384
2267 0.460782574354685
2268 0.460835326793549
2269 0.460547495941063
2270 0.460403008242497
2271 0.460325763222461
2272 0.460265253999705
2273 0.460176592767198
2274 0.460127110149015
2275 0.460075588702962
2276 0.460142249294324
2277 0.460453729264667
2278 0.460442322704419
2279 0.460672315186708
2280 0.460847194008537
2281 0.460544306451008
2282 0.460363614661959
2283 0.460331127487605
2284 0.459859221007173
2285 0.459637288290049
2286 0.459565946224907
2287 0.45949956606123
2288 0.459447563495605
2289 0.459371080503456
2290 0.45925271716104
2291 0.459365894812338
2292 0.459628134001631
2293 0.459634141391385
2294 0.459871674895137
2295 0.459773693019173
2296 0.459070261720158
2297 0.458864770636634
2298 0.458827117422554
2299 0.458803457599486
2300 0.459041338903126
2301 0.459093851011999
2302 0.459194156782165
2303 0.459010274084387
2304 0.458504327968949
2305 0.458216364525985
2306 0.457721606450198
2307 0.45748940732743
2308 0.457666432358507
2309 0.457620511839436
2310 0.457560905831528
2311 0.457479014035073
2312 0.457224955998952
2313 0.457093028084318
2314 0.457042880865816
2315 0.456935502862206
2316 0.457009941523785
2317 0.456849576865163
2318 0.456367733055979
2319 0.45614168311652
2320 0.456043696577434
2321 0.455713249957608
2322 0.455492279034909
2323 0.45535589579504
2324 0.455232428859723
2325 0.455068701126595
2326 0.455564911940216
2327 0.456024791097219
2328 0.455425566502293
2329 0.454823422125781
2330 0.45394196838227
2331 0.452700716452758
2332 0.45196949106011
2333 0.45164175478614
2334 0.451293496543395
2335 0.450756242230252
2336 0.450817079788201
2337 0.451563530612837
2338 0.451581272964451
2339 0.451702164631259
2340 0.451689466484334
2341 0.451105276598135
2342 0.451102555585445
2343 0.451548131529357
2344 0.451295023231103
2345 0.450848908629992
2346 0.450505067231524
2347 0.449667564538243
2348 0.449479099014408
2349 0.449956813809245
2350 0.449761324110153
2351 0.449255879074399
2352 0.449222929610668
2353 0.449195855840627
2354 0.449044318210677
2355 0.449323636235288
2356 0.449278685946229
2357 0.448696566972062
2358 0.448349293115313
2359 0.448125324302038
2360 0.447946827606728
2361 0.447801402262744
2362 0.447619094859282
2363 0.447420312897323
2364 0.447481406961652
2365 0.447563862864642
2366 0.447651719559518
2367 0.448224327764037
2368 0.448344443168253
2369 0.448445420364899
2370 0.447805702916129
2371 0.445990077817325
2372 0.44556360912659
2373 0.445300976354741
2374 0.445064209274614
2375 0.446491527835336
2376 0.446243432184257
2377 0.444449959452843
2378 0.443583559850997
2379 0.442367961753758
2380 0.441589391214945
2381 0.441191946475036
2382 0.441300581165382
2383 0.442269900984191
2384 0.442309427327968
2385 0.44251080757693
2386 0.442008278737403
2387 0.440160419290258
2388 0.439217460028672
2389 0.438343645365811
2390 0.438201723413754
2391 0.43867976562077
2392 0.43909070691012
2393 0.44021532066893
2394 0.44062527208582
2395 0.440845119637526
2396 0.440926252357742
2397 0.440390471145612
2398 0.440538892523511
2399 0.441116046429067
2400 0.440932850722626
2401 0.440780396059013
2402 0.440479261747879
2403 0.439301323377635
2404 0.439013363759476
2405 0.439555538288098
2406 0.439193024720526
2407 0.438746690111529
2408 0.437794031048208
2409 0.435693774534542
2410 0.434871916132499
2411 0.434608165912444
2412 0.43423694885815
2413 0.434734226583713
2414 0.434144511758408
2415 0.432452932468594
2416 0.432026222976522
2417 0.43231746461736
2418 0.431342875093551
2419 0.43036770880167
2420 0.428928346260259
2421 0.42547626830117
2422 0.424733985821728
2423 0.42558395488252
2424 0.426295165733362
2425 0.428342108578902
2426 0.428883974717497
2427 0.428967166432392
2428 0.428880698881293
2429 0.428783006503166
2430 0.427823083648075
2431 0.425995997992102
2432 0.424828748192951
2433 0.422371131934553
2434 0.421774368404035
2435 0.423071929433824
2436 0.422947451980646
2437 0.422875316716294
2438 0.422404979572068
2439 0.42112507496412
2440 0.420559881320295
2441 0.42065388618564
2442 0.420284464112389
2443 0.418864341632928
2444 0.41802056307946
2445 0.416257915059079
2446 0.415462646063887
2447 0.415072809573274
2448 0.41405865076564
2449 0.4148869580795
2450 0.414758260923044
2451 0.414171998633487
2452 0.41340230572121
2453 0.41237125432669
2454 0.411744850539967
2455 0.411210193319473
2456 0.410956757968121
2457 0.410456671791767
2458 0.409749790242187
2459 0.407967264433358
2460 0.407820147672396
2461 0.408474588601416
2462 0.408946717185561
2463 0.410222050480806
2464 0.408209040677639
2465 0.40779817860023
2466 0.408590936072792
2467 0.408335739249868
2468 0.408847158442759
2469 0.40835591753921
2470 0.405350935345451
2471 0.404028670833069
2472 0.403338428645866
2473 0.40283248725622
2474 0.403173875418841
2475 0.403293375849161
2476 0.404171104044487
2477 0.404352785886172
2478 0.404039063845139
2479 0.403643363655369
2480 0.402040215230019
2481 0.401449730700115
2482 0.402330362807037
2483 0.401242024843929
2484 0.399518467480482
2485 0.398112862287994
2486 0.395208378241149
2487 0.393725891140897
2488 0.393414984778114
2489 0.393542967016957
2490 0.393880671632005
2491 0.394873576350433
2492 0.395975261286572
2493 0.397300773225801
2494 0.39661973070666
2495 0.395504545876075
2496 0.394824853513902
2497 0.392693912522262
2498 0.392889986253419
2499 0.395459240004213
2500 0.395896422101419
