"Wavelength" "M019a_m4-w3"
350 0.0822102982255737
351 0.086348793470963
352 0.084687586419715
353 0.0815844561154246
354 0.0834865084631928
355 0.0770088796194097
356 0.0776943814114522
357 0.086080338482829
358 0.0898841338559392
359 0.0892547328419585
360 0.0846021858848261
361 0.0799817211967228
362 0.0853889395791617
363 0.0858575128945471
364 0.0819937085526153
365 0.078619186699154
366 0.0780507093178536
367 0.0791185542603175
368 0.0806268723612997
369 0.0812528455152078
370 0.0783405401386839
371 0.0767516363439427
372 0.0772293071868276
373 0.0747095533447589
374 0.0772441937577929
375 0.0803076373683362
376 0.0792008333344592
377 0.0753138302256313
378 0.076018272658998
379 0.0788146282547014
380 0.0783255476640343
381 0.079861934529781
382 0.0803776906435145
383 0.079309057670714
384 0.0787229828015106
385 0.0751713699439624
386 0.0746055287909096
387 0.0789302119892171
388 0.0788429487978592
389 0.0765952576388653
390 0.0750604055990477
391 0.0762451560892623
392 0.0765576717525243
393 0.0764131512510871
394 0.0760397375237241
395 0.075429039057081
396 0.0757564883618793
397 0.0760553536276976
398 0.0760659959064691
399 0.0775789469416575
400 0.0778320556168061
401 0.0771627986026877
402 0.0766886152728141
403 0.0762559607661156
404 0.0765431869604925
405 0.0769634619752439
406 0.0762019162779873
407 0.0765876286440155
408 0.0765003464904999
409 0.0756651516295707
410 0.0775299554223092
411 0.0777436042243258
412 0.0771953174520025
413 0.0778119719667009
414 0.0783660463423042
415 0.0779708212974927
416 0.0773967932825053
417 0.0784935191695139
418 0.0784089650145913
419 0.0781114512056618
420 0.0783719553067179
421 0.0781527717244327
422 0.078940689011142
423 0.0800296722617799
424 0.0801768327198414
425 0.0797095859119551
426 0.0796552065743442
427 0.0799963681747509
428 0.0797359663795902
429 0.0803830422902584
430 0.0810479652792573
431 0.0810883809027956
432 0.0816864220464938
433 0.0819794157801832
434 0.0820593677828464
435 0.0823811351277022
436 0.0827599630360538
437 0.0829192294658365
438 0.0829838561341839
439 0.0835678446657946
440 0.0837337120581707
441 0.0837226084824919
442 0.0839053694728405
443 0.0840805036594725
444 0.0843092768700009
445 0.0846677443019261
446 0.0851726999563199
447 0.0851777006236491
448 0.0854534395503759
449 0.0859990848169672
450 0.0851738868396466
451 0.085522027210221
452 0.0863386654464642
453 0.0863143406901928
454 0.0862884220580238
455 0.0865763742701173
456 0.0869793147341557
457 0.0869167949125002
458 0.0869020158466376
459 0.0870422869946343
460 0.0872909134306298
461 0.0873816659793258
462 0.0878788963172612
463 0.0883358252496741
464 0.0880661324070117
465 0.0878052128456458
466 0.0879910586205446
467 0.088509236858799
468 0.0886225656394525
469 0.0889294395334495
470 0.0892806638178608
471 0.089459191047451
472 0.0896622770129749
473 0.0896483949697858
474 0.0896320995798965
475 0.0900474744076545
476 0.0901547941113179
477 0.0902746547284215
478 0.0905727737706013
479 0.0906304590805899
480 0.0906077491018614
481 0.090925621250887
482 0.0917908795108531
483 0.0917047264568525
484 0.0916706266940564
485 0.0920821030186918
486 0.0925061709844781
487 0.0926836671553716
488 0.0927873623344335
489 0.0929944429799633
490 0.0931290427380242
491 0.0933410492847001
492 0.0936442468058231
493 0.0939545846867599
494 0.0941089402000696
495 0.0942819073770459
496 0.0945785051131184
497 0.0948860147057895
498 0.0954108942544891
499 0.0959006817231147
500 0.0960360564301618
501 0.0960026877188995
502 0.0961592474337935
503 0.0965568805803985
504 0.0969142398217195
505 0.0970979675587946
506 0.0973367186977133
507 0.0977769517039301
508 0.0980286892906583
509 0.0983027014004548
510 0.0985794900887793
511 0.0987243120988447
512 0.0990506202230314
513 0.0994729022462729
514 0.0998538674954518
515 0.100058094292309
516 0.100265015049642
517 0.10054804594365
518 0.100909427613803
519 0.101182953225393
520 0.1014901664346
521 0.101827369206187
522 0.10201598333572
523 0.10221314893233
524 0.102552349314129
525 0.103051520702919
526 0.103349686748929
527 0.103713645499893
528 0.104093625739652
529 0.104224998651212
530 0.10455056027204
531 0.104999431424349
532 0.105427282389063
533 0.105736205379218
534 0.105961145147299
535 0.106220865755434
536 0.106628470823658
537 0.106906927726343
538 0.107224230991397
539 0.107645193103484
540 0.108015686357609
541 0.108390982656819
542 0.108739836498122
543 0.109038986885018
544 0.1094080351582
545 0.109768420519331
546 0.110110401421308
547 0.110500006205774
548 0.110972854263545
549 0.111418799908894
550 0.111770965376136
551 0.11219448721226
552 0.112665040129545
553 0.11313334378945
554 0.113540448024946
555 0.113954665236912
556 0.114335945682573
557 0.114680567977902
558 0.115089711659091
559 0.115533862289011
560 0.115993162860251
561 0.116435240818348
562 0.116747330797844
563 0.117076592950984
564 0.11743669117973
565 0.117629411244693
566 0.117876201163243
567 0.11809557318666
568 0.118220093810942
569 0.118610219134072
570 0.119062989003103
571 0.119496475013943
572 0.119956380611716
573 0.120414043429051
574 0.120879498234067
575 0.121344088583674
576 0.12172689370362
577 0.122038720995913
578 0.122348514761146
579 0.122736778731267
580 0.123002140467286
581 0.123242577051046
582 0.123503376655246
583 0.123645559116434
584 0.123866904763672
585 0.124114943335583
586 0.124294588626879
587 0.124630377808124
588 0.125033113110913
589 0.125412832289376
590 0.125705119870831
591 0.125973854462875
592 0.126294729947115
593 0.126688591852001
594 0.12695196639001
595 0.127275614862896
596 0.127660170174995
597 0.127952402321645
598 0.12828250437563
599 0.128624408918911
600 0.128931994415145
601 0.129174623543846
602 0.129401989791921
603 0.129620930037263
604 0.129825010066452
605 0.130087231040033
606 0.130361036354541
607 0.130611636451006
608 0.130839080283998
609 0.131162353368591
610 0.131473357769471
611 0.131650426032192
612 0.131949223858605
613 0.13226751636017
614 0.13257497547428
615 0.132944120693681
616 0.13323092563583
617 0.133486633039024
618 0.133775111301468
619 0.134020559814478
620 0.134315097105647
621 0.134635467661917
622 0.134879838516843
623 0.135106791297097
624 0.135404330570107
625 0.135780688661965
626 0.136046672593817
627 0.136322351519028
628 0.136618093921971
629 0.136904169398043
630 0.137235849041859
631 0.137580581828366
632 0.137907929374533
633 0.138202056324806
634 0.138510926907331
635 0.138817650711183
636 0.13910091972129
637 0.139420380216647
638 0.139738354140666
639 0.140043959652971
640 0.140355067316462
641 0.140622988187639
642 0.140922489060611
643 0.141290935011359
644 0.141576020349867
645 0.141881733699392
646 0.142223655425757
647 0.142562013452801
648 0.142883145371335
649 0.143217102278974
650 0.143575089150425
651 0.14392437631152
652 0.144217010515796
653 0.144500985456215
654 0.144842979047133
655 0.145165525620052
656 0.145486698103184
657 0.145821890344855
658 0.146174870164947
659 0.146515518345778
660 0.146861725447225
661 0.147226883375626
662 0.147562572814678
663 0.147889797297471
664 0.148228314369545
665 0.148592537329144
666 0.148968206139175
667 0.149320561110152
668 0.149644927835732
669 0.150008610955803
670 0.150398436054903
671 0.150771549729899
672 0.151086758231373
673 0.151421557918548
674 0.151789823644806
675 0.152178876882596
676 0.152548534184083
677 0.15295656777271
678 0.153347723969435
679 0.153670258443175
680 0.154013028387885
681 0.154382718046416
682 0.154767380157361
683 0.155142471824786
684 0.155516846761869
685 0.155911654311388
686 0.156334828690666
687 0.15676790065541
688 0.15711886913367
689 0.157443094912571
690 0.157849334933969
691 0.1582599141651
692 0.158667794738528
693 0.159065923870768
694 0.159439971281933
695 0.159801585573682
696 0.160167945278526
697 0.16055141103724
698 0.160938749586293
699 0.161354031919098
700 0.161777892103075
701 0.162161212561525
702 0.162595582186561
703 0.163037944576924
704 0.163454811325672
705 0.163893100276663
706 0.164325315655463
707 0.16476054187229
708 0.165214610870081
709 0.165649281566338
710 0.166036994255865
711 0.166401658620466
712 0.166829038799178
713 0.167313959144047
714 0.16778882111702
715 0.168206654012671
716 0.168662851574559
717 0.169086632493266
718 0.169491213879578
719 0.169942359474278
720 0.170371976799797
721 0.170798005278311
722 0.171256483950364
723 0.171809673803962
724 0.172248423452406
725 0.172637487104309
726 0.173109393613195
727 0.173558239782395
728 0.17401144526904
729 0.174472273170492
730 0.174914021290585
731 0.175385497209752
732 0.175842492776382
733 0.1762608077204
734 0.176723090864918
735 0.177197581304199
736 0.177654522316622
737 0.17807665340953
738 0.178547354404621
739 0.179010882794181
740 0.179442964609862
741 0.17988219854451
742 0.180335785102291
743 0.180795887808451
744 0.181257612459882
745 0.181755202944144
746 0.182200911305975
747 0.182625634700522
748 0.183128385197371
749 0.18360119501566
750 0.184066900769939
751 0.184533398279802
752 0.184948314545449
753 0.185442317149769
754 0.185936167145575
755 0.186334582396205
756 0.186790497680378
757 0.187254375119372
758 0.187712802115558
759 0.188190528871085
760 0.188756540651925
761 0.189251649521216
762 0.189610313309166
763 0.190027580758555
764 0.190512630342003
765 0.191004495062885
766 0.191442580762229
767 0.191950191188472
768 0.192452121342221
769 0.192912078511031
770 0.193344767872343
771 0.193829443377699
772 0.194358133976047
773 0.194879478674711
774 0.195282177425106
775 0.195654408252921
776 0.196090687560221
777 0.196637045944904
778 0.197066242448176
779 0.197516793399939
780 0.198032050099903
781 0.198544919006365
782 0.198974240326012
783 0.199424869995057
784 0.199951252491491
785 0.200423652170668
786 0.200840460542175
787 0.20127378830578
788 0.201792387537004
789 0.202281665475302
790 0.202783351599811
791 0.203262996985594
792 0.203632663186109
793 0.20411208179359
794 0.204607121434078
795 0.205048756364245
796 0.205524233982345
797 0.20602314413469
798 0.206524201753482
799 0.207008292644811
800 0.207500952418524
801 0.207938881059263
802 0.208344087684426
803 0.208801640158145
804 0.209320547554614
805 0.209823925245416
806 0.210286324855491
807 0.210785937384001
808 0.211257587550428
809 0.211739405620695
810 0.21225783957445
811 0.212707866448373
812 0.213112062874534
813 0.213519603339324
814 0.213990142004828
815 0.214549467877104
816 0.215023839995235
817 0.215409118512262
818 0.215917464724868
819 0.216422053684843
820 0.216893912709053
821 0.217339979030639
822 0.217802560177058
823 0.218268112680116
824 0.218710063444194
825 0.219121039240121
826 0.219615236065389
827 0.220117222163064
828 0.220596453533884
829 0.221063927309655
830 0.221476697147137
831 0.221892165699375
832 0.222344522855352
833 0.2228086614392
834 0.22330403512949
835 0.223819068672038
836 0.224318766582642
837 0.224721045312272
838 0.225105210043643
839 0.22554579469024
840 0.226075304988844
841 0.226524895089801
842 0.226937510611554
843 0.227358959056073
844 0.227816556014627
845 0.22822633837533
846 0.228645513549583
847 0.229128270553109
848 0.229686874984105
849 0.230192753382439
850 0.230600178207632
851 0.230965705888013
852 0.231574325854496
853 0.232107371964629
854 0.23250929058278
855 0.232863860303191
856 0.233257537913877
857 0.233694378850878
858 0.234160911700455
859 0.234630591187203
860 0.235070031299425
861 0.235488349023668
862 0.235921524104211
863 0.236427349245307
864 0.236819395661626
865 0.237203160410779
866 0.237678861028387
867 0.238163259340781
868 0.238683957518176
869 0.239171802870582
870 0.239570515067298
871 0.240008586195845
872 0.240438362176674
873 0.240850286208084
874 0.241269111390994
875 0.241781682975066
876 0.242264590812139
877 0.242693393298088
878 0.243150796363819
879 0.243601529155869
880 0.244029077019977
881 0.244448353701079
882 0.244914141584246
883 0.24532285698807
884 0.245772846602836
885 0.246316301434222
886 0.246787619885262
887 0.247269764576521
888 0.247698983273928
889 0.248036659536184
890 0.24849398551248
891 0.249009407346207
892 0.249524448119601
893 0.249988078798389
894 0.250390452197725
895 0.250733469666858
896 0.25110033736558
897 0.251600209849865
898 0.252086023578325
899 0.252527928947389
900 0.252950366073583
901 0.253410522594047
902 0.253772056831528
903 0.254276153523024
904 0.254947139413702
905 0.255410877787128
906 0.255774371943766
907 0.256177436122099
908 0.256648837154335
909 0.256955492009154
910 0.257412856430508
911 0.257932268427279
912 0.258370161530408
913 0.258791116240925
914 0.259209158665397
915 0.259634714616459
916 0.260069939934766
917 0.260496310651085
918 0.260935589359998
919 0.2614498619215
920 0.26206356910982
921 0.262543342552138
922 0.262990848431861
923 0.263425706506408
924 0.26381529890976
925 0.264206317984783
926 0.264652628250564
927 0.265112038013588
928 0.265488221980604
929 0.265901685080609
930 0.266363176803787
931 0.266832239067855
932 0.267243567735964
933 0.267699884640018
934 0.268161486934062
935 0.268644629193801
936 0.269236378453041
937 0.269721909513526
938 0.270109042604665
939 0.270476763682312
940 0.27093181469817
941 0.271444270459994
942 0.271931041464619
943 0.272325420722422
944 0.272615900427883
945 0.273000204129892
946 0.273339703943062
947 0.273647427012049
948 0.274329283125361
949 0.274723871993121
950 0.275066567812648
951 0.275598250964036
952 0.276111002644435
953 0.276585381640505
954 0.277037669346012
955 0.277483481732004
956 0.277900673280399
957 0.278387584613496
958 0.278837039793596
959 0.279201821631228
960 0.279700899891908
961 0.2800890754065
962 0.280417892534371
963 0.280805758978986
964 0.281315076007931
965 0.281762865379978
966 0.282145671752521
967 0.282524384241601
968 0.282966154874085
969 0.283475896141512
970 0.283947712232619
971 0.284348445654092
972 0.284882602521389
973 0.285307127977429
974 0.285726446520145
975 0.286209329136999
976 0.286533585082588
977 0.286897413859547
978 0.287292846234145
979 0.28770976908232
980 0.288245699399179
981 0.288636727587443
982 0.289015433264195
983 0.289483349120545
984 0.289893183852586
985 0.290470156322429
986 0.290948431123408
987 0.291206581601413
988 0.291541455387838
989 0.292004873980053
990 0.292593015664729
991 0.293187713354087
992 0.293580409865117
993 0.294086144977988
994 0.294462324003994
995 0.294691169248644
996 0.295102871770792
997 0.295353703948996
998 0.295785050850311
999 0.296440768943368
1000 0.29696558806792
1001 0.287124239479979
1002 0.287486625593731
1003 0.287910351187013
1004 0.288285528420791
1005 0.288660487426033
1006 0.289010649907896
1007 0.289343325795805
1008 0.289667284404757
1009 0.290004650876513
1010 0.290348739087852
1011 0.2906700348245
1012 0.291088990788715
1013 0.291540577667381
1014 0.291923082524486
1015 0.292326815039653
1016 0.292679639096889
1017 0.293050595223198
1018 0.29340925906599
1019 0.29377191418304
1020 0.294142222512059
1021 0.294524984625924
1022 0.294836252579639
1023 0.295155221874723
1024 0.295548856680839
1025 0.295877161363838
1026 0.296238710244394
1027 0.296626840390742
1028 0.29687953257528
1029 0.297175806047977
1030 0.297574912273587
1031 0.297945215899086
1032 0.298337379973666
1033 0.298799975720459
1034 0.299223399700857
1035 0.299632367956272
1036 0.300042205271642
1037 0.300387882223368
1038 0.30079625900277
1039 0.301164087399589
1040 0.301469004508236
1041 0.301818052035894
1042 0.302153243060438
1043 0.30256191871429
1044 0.303060439181437
1045 0.303517246752653
1046 0.303940290438756
1047 0.304337896416168
1048 0.304685623962136
1049 0.304975211516022
1050 0.305309464087731
1051 0.30565705440527
1052 0.306005106293128
1053 0.306305790497571
1054 0.30657775576475
1055 0.306970399414362
1056 0.307362698742297
1057 0.307702061050013
1058 0.308089057109565
1059 0.308407329271833
1060 0.308692278971577
1061 0.309062560971109
1062 0.309398427059079
1063 0.309734775095241
1064 0.310055555216047
1065 0.310383120898163
1066 0.310629023356273
1067 0.310865393401271
1068 0.311117928690953
1069 0.31135335996871
1070 0.311653172825371
1071 0.311986653869595
1072 0.312324318817622
1073 0.312669995414494
1074 0.312981103390414
1075 0.313238250114103
1076 0.313502077441165
1077 0.313747722600762
1078 0.314006535894807
1079 0.314245721285289
1080 0.314523812223688
1081 0.31481497796301
1082 0.315075772864487
1083 0.315376469992265
1084 0.315709358726225
1085 0.316013667474416
1086 0.316277200384425
1087 0.316486294667685
1088 0.316680052713667
1089 0.316918472170661
1090 0.317161279244479
1091 0.317392994947385
1092 0.31764400595259
1093 0.317874725463377
1094 0.318065637290489
1095 0.318301252365259
1096 0.318550543062402
1097 0.318837869757109
1098 0.319112630393497
1099 0.319355896115411
1100 0.319637349751379
1101 0.319869890862353
1102 0.320124001424497
1103 0.32041886290339
1104 0.320695211732166
1105 0.32101629353805
1106 0.321286307584258
1107 0.32152044511679
1108 0.321766805161571
1109 0.321991488489838
1110 0.322224286967071
1111 0.322496716656352
1112 0.32279679487965
1113 0.323095775036993
1114 0.323372850886938
1115 0.323653183068419
1116 0.323961644194897
1117 0.324265388037658
1118 0.32453678306275
1119 0.32479600338807
1120 0.325025662510975
1121 0.325297898452076
1122 0.325610891793345
1123 0.325891336201809
1124 0.326166685821668
1125 0.326456238986982
1126 0.326739250116605
1127 0.326990985568336
1128 0.327311353591361
1129 0.327654485897981
1130 0.327937509363337
1131 0.32821948236773
1132 0.3285231842236
1133 0.328795509387398
1134 0.329056671879337
1135 0.329340909882065
1136 0.329611660405995
1137 0.329838338251905
1138 0.330102696055784
1139 0.330403784673566
1140 0.330685117444076
1141 0.330965610512161
1142 0.331244627785918
1143 0.331525564081358
1144 0.331792344983973
1145 0.332076366855995
1146 0.332354021021948
1147 0.332625211090021
1148 0.332902707457494
1149 0.333163403648695
1150 0.333387928154776
1151 0.33364919853891
1152 0.333914055185227
1153 0.334143451759905
1154 0.334344572478219
1155 0.334587677931828
1156 0.334821307378893
1157 0.335053493703026
1158 0.335307321653033
1159 0.335563431804137
1160 0.335808250546486
1161 0.336060204959986
1162 0.336336833088333
1163 0.336638646957275
1164 0.336928460951936
1165 0.33718977407034
1166 0.337428248481865
1167 0.337665530993638
1168 0.337900662965977
1169 0.338165581864272
1170 0.338443539270193
1171 0.338767077339414
1172 0.339051590422058
1173 0.339344901974533
1174 0.339605777332953
1175 0.339831886653775
1176 0.340070252934992
1177 0.340284621980388
1178 0.340518734836553
1179 0.34074774509128
1180 0.341023771536895
1181 0.341314497924989
1182 0.341562748723896
1183 0.341788601937376
1184 0.342008064912197
1185 0.342203703649196
1186 0.34239187194026
1187 0.34259228838026
1188 0.342801112368485
1189 0.343015674789777
1190 0.343235817840972
1191 0.343450100054472
1192 0.343686374375292
1193 0.343887962140089
1194 0.344054634271422
1195 0.344245784099386
1196 0.344427461984535
1197 0.344619884771794
1198 0.344837492546003
1199 0.345039082786067
1200 0.345230757066711
1201 0.345430216147335
1202 0.345620114023633
1203 0.345846269695074
1204 0.346061886540555
1205 0.346298356586802
1206 0.346499050204926
1207 0.346668241173587
1208 0.346869706035263
1209 0.347073835664067
1210 0.347272657212893
1211 0.347496219480633
1212 0.347708029662027
1213 0.347902263796868
1214 0.348098553972291
1215 0.348315344188434
1216 0.348502488607704
1217 0.348661891625545
1218 0.34881236454888
1219 0.349003792465889
1220 0.349184195768517
1221 0.349368051661272
1222 0.349575770651844
1223 0.349771572124026
1224 0.34995928458157
1225 0.350137586568207
1226 0.35030900393513
1227 0.350492174461033
1228 0.350666587318172
1229 0.350844905617015
1230 0.351064434909578
1231 0.351237671503829
1232 0.351363132988742
1233 0.351509907324193
1234 0.351614490260782
1235 0.351779444533904
1236 0.351981867655832
1237 0.352209141774914
1238 0.352433768446116
1239 0.352663627108195
1240 0.352921456248957
1241 0.353200814100137
1242 0.353439770660713
1243 0.353720503416519
1244 0.353920608785529
1245 0.354019616422013
1246 0.354192663655397
1247 0.354365372814805
1248 0.354549918933402
1249 0.354764025301063
1250 0.354975127612012
1251 0.35518251239653
1252 0.355401520342112
1253 0.355644781118957
1254 0.355872613723332
1255 0.356103618287242
1256 0.356322370293435
1257 0.356525981331772
1258 0.35674350622377
1259 0.356929143059851
1260 0.357089417573186
1261 0.357276369188862
1262 0.35744415913067
1263 0.357652639752532
1264 0.357889437952716
1265 0.358129671177191
1266 0.35840557819542
1267 0.358642835170933
1268 0.358879687704619
1269 0.359103575447064
1270 0.359299363384866
1271 0.359498969414218
1272 0.35969358211157
1273 0.359889751404606
1274 0.360080565676907
1275 0.360267875390623
1276 0.360474927594871
1277 0.360649722038599
1278 0.360799859857426
1279 0.36094190704321
1280 0.361082771339254
1281 0.361196226471147
1282 0.361337378628971
1283 0.361496074058101
1284 0.361638445622855
1285 0.36177535935441
1286 0.361921300651674
1287 0.362071357284815
1288 0.362209742513714
1289 0.362364290593615
1290 0.362486386687826
1291 0.362572290909301
1292 0.362674556053016
1293 0.362780388624877
1294 0.362866636014041
1295 0.362960760898044
1296 0.363027368318457
1297 0.363054545599183
1298 0.363090131256149
1299 0.363099301998756
1300 0.363130311013483
1301 0.363183399999338
1302 0.36324189702489
1303 0.363331681912891
1304 0.363460245150453
1305 0.363570912083974
1306 0.36369858479487
1307 0.363808973848264
1308 0.363932869434872
1309 0.36400629518145
1310 0.36404619916108
1311 0.36409594761307
1312 0.364077861453917
1313 0.364143953264653
1314 0.364274434647264
1315 0.364372853570543
1316 0.364495904831497
1317 0.364610097242923
1318 0.36469449344186
1319 0.364799284699592
1320 0.364915058943832
1321 0.365044538938746
1322 0.365184596328531
1323 0.36532213851989
1324 0.365493737363758
1325 0.365714306350408
1326 0.365855635303974
1327 0.36598870863896
1328 0.366104125893449
1329 0.366158988477958
1330 0.366257041230939
1331 0.366362733761592
1332 0.36648696802873
1333 0.366602802425275
1334 0.366763772923506
1335 0.366982860807698
1336 0.367164734543613
1337 0.367380720337676
1338 0.367541727939837
1339 0.367648815245103
1340 0.367776839712397
1341 0.367890080380665
1342 0.368004128986161
1343 0.36812474760004
1344 0.368242929847785
1345 0.368359843611301
1346 0.368465563665303
1347 0.368577822806833
1348 0.368679830611909
1349 0.368744649732628
1350 0.368779043985725
1351 0.368819903314481
1352 0.368827640889413
1353 0.368871709062042
1354 0.368927955733804
1355 0.368988058514337
1356 0.369050962214513
1357 0.369135588515085
1358 0.369236244646509
1359 0.369337950406165
1360 0.369453878942275
1361 0.36957690472299
1362 0.369693710484691
1363 0.369832860462147
1364 0.37001475888055
1365 0.370162635768716
1366 0.370315756640318
1367 0.370446186700099
1368 0.370546051281942
1369 0.370644359132958
1370 0.370740636686124
1371 0.370818295364996
1372 0.370881842304516
1373 0.370947726677767
1374 0.370963971271781
1375 0.370959720703467
1376 0.370926346225538
1377 0.370853511669512
1378 0.370779296749337
1379 0.370683642783165
1380 0.370583097294201
1381 0.370455745879036
1382 0.370355880551788
1383 0.370283369486988
1384 0.37015671790722
1385 0.370035320076515
1386 0.369865905758306
1387 0.369639448657252
1388 0.369412120609069
1389 0.369203322639306
1390 0.368913527535597
1391 0.368549330688708
1392 0.368204488543883
1393 0.367826121861888
1394 0.367427208056165
1395 0.367023806508856
1396 0.36661321944911
1397 0.366185789978147
1398 0.365724071722888
1399 0.365268780623289
1400 0.364773847683196
1401 0.364219473101636
1402 0.36365964369594
1403 0.363056817797718
1404 0.362478840930125
1405 0.361937574808312
1406 0.361396064460925
1407 0.360892408936889
1408 0.360431882106704
1409 0.359988092746417
1410 0.359528097300112
1411 0.359174567653732
1412 0.358854406563048
1413 0.358646540983125
1414 0.358511175725032
1415 0.35847574751536
1416 0.358530456618733
1417 0.358670151124609
1418 0.358921412075992
1419 0.359210641554856
1420 0.359644203744747
1421 0.359994743210942
1422 0.360351852717547
1423 0.360706233122076
1424 0.361058238100765
1425 0.361369829407731
1426 0.361691086211098
1427 0.361974054089027
1428 0.362160901690817
1429 0.362397563705401
1430 0.362632932299712
1431 0.362895470049265
1432 0.363182730009538
1433 0.363496622086955
1434 0.363793353531169
1435 0.364123823624174
1436 0.364442449955244
1437 0.364773324034419
1438 0.365064666293283
1439 0.365351294353925
1440 0.365616768205559
1441 0.365856615433668
1442 0.366075453244522
1443 0.366272261178492
1444 0.366481943590454
1445 0.366668641724335
1446 0.366862543697093
1447 0.36708580428267
1448 0.367264600767612
1449 0.36740210819028
1450 0.367563375474299
1451 0.367713548286688
1452 0.367879191726019
1453 0.368060410131181
1454 0.368239044386834
1455 0.368428625846063
1456 0.368600587137979
1457 0.368761805433952
1458 0.368932498847808
1459 0.369086660902836
1460 0.369263054581396
1461 0.369471473601799
1462 0.369656000892521
1463 0.369825254654011
1464 0.370015572120899
1465 0.37022264133282
1466 0.370405723957635
1467 0.370585640628779
1468 0.370770269234183
1469 0.370943861962509
1470 0.371095102636446
1471 0.371284416672287
1472 0.371498970517655
1473 0.371669010754177
1474 0.371874354305236
1475 0.372126556949023
1476 0.372406189315279
1477 0.372688419043885
1478 0.373034309860371
1479 0.373325404340436
1480 0.373589318945859
1481 0.37385864143768
1482 0.374145053013031
1483 0.374367764393321
1484 0.37454257595901
1485 0.374751122301293
1486 0.374925869025875
1487 0.375131986727061
1488 0.375379075164137
1489 0.375600087699958
1490 0.375798999308717
1491 0.376024920021684
1492 0.376280502258662
1493 0.376496573334453
1494 0.376698616481061
1495 0.376912228011745
1496 0.377092208584493
1497 0.377309290352356
1498 0.377576517952847
1499 0.377806402873991
1500 0.378022055455453
1501 0.378245922533979
1502 0.378456064915894
1503 0.378674548774489
1504 0.378921636005144
1505 0.379139310775535
1506 0.379329405798013
1507 0.379533885078289
1508 0.379741298528821
1509 0.379931623358797
1510 0.380125150031481
1511 0.3803090391379
1512 0.380453160714053
1513 0.380625353623578
1514 0.380815653084602
1515 0.38100328035766
1516 0.381204458189134
1517 0.381409151762294
1518 0.38157707313348
1519 0.381736848509431
1520 0.381925696472926
1521 0.38209109708539
1522 0.382272813528256
1523 0.382477033934135
1524 0.382669052284816
1525 0.382853886753622
1526 0.383033449147483
1527 0.38321769413284
1528 0.38339395260333
1529 0.383558391171831
1530 0.383718664950059
1531 0.383884994104592
1532 0.384028426786526
1533 0.384131570348465
1534 0.384290199280613
1535 0.384458550236643
1536 0.384645018849397
1537 0.384876995491732
1538 0.385080474406565
1539 0.38528550694491
1540 0.385474542624331
1541 0.385658341070736
1542 0.385827846752492
1543 0.385996440909616
1544 0.386123557360193
1545 0.386228465626196
1546 0.386313265909963
1547 0.38634161823853
1548 0.386406926410357
1549 0.386443621289733
1550 0.386550800461184
1551 0.386709953285414
1552 0.386857323313547
1553 0.387059842874816
1554 0.387219330769563
1555 0.387371437484939
1556 0.387489903265524
1557 0.387564945482273
1558 0.387669165144743
1559 0.387741633807548
1560 0.387853646843214
1561 0.388015733375362
1562 0.388151937683943
1563 0.388275787927697
1564 0.388424751369206
1565 0.388592786182245
1566 0.388743525914016
1567 0.388921513992177
1568 0.389062186670207
1569 0.389149672644473
1570 0.389266561655717
1571 0.389384684869008
1572 0.38950364127655
1573 0.389660860615255
1574 0.389770427349839
1575 0.389828828941155
1576 0.389919244404762
1577 0.38997108671665
1578 0.390077917178987
1579 0.39026635092646
1580 0.390408897373264
1581 0.390549436637372
1582 0.390692738459922
1583 0.390796865889235
1584 0.390931794453335
1585 0.391112036534165
1586 0.391266322538102
1587 0.391409304483513
1588 0.391561760804871
1589 0.391715954557675
1590 0.391856767982172
1591 0.392027276744265
1592 0.392149436575219
1593 0.39223136635047
1594 0.392298965296386
1595 0.392296761579975
1596 0.392339836147271
1597 0.392371894165664
1598 0.392448627321769
1599 0.392587356923776
1600 0.392726256325653
1601 0.392860886822852
1602 0.393012940984603
1603 0.393159538556266
1604 0.39328952608758
1605 0.393448514591595
1606 0.393636472457883
1607 0.3937855893167
1608 0.393932825758051
1609 0.39405901067471
1610 0.394159616473895
1611 0.394264722970799
1612 0.394353135990928
1613 0.394480284066805
1614 0.394622910137914
1615 0.394740750799936
1616 0.394887555953191
1617 0.394965402691228
1618 0.394980549387292
1619 0.395056593519967
1620 0.395121175675942
1621 0.395222190435988
1622 0.395363208077846
1623 0.395493568060349
1624 0.395629899128484
1625 0.395770610185247
1626 0.395927950958559
1627 0.396060687303453
1628 0.396195238727544
1629 0.396294782594221
1630 0.396373456552285
1631 0.396440384954544
1632 0.396474330454575
1633 0.396538515918274
1634 0.396605730322882
1635 0.39666997740252
1636 0.396740846205565
1637 0.396809866217156
1638 0.396847860217675
1639 0.396977792966195
1640 0.397148175241995
1641 0.397329597442027
1642 0.39758862650676
1643 0.397766556414592
1644 0.397924876274733
1645 0.398052104412429
1646 0.398139780916766
1647 0.398245195600545
1648 0.398340060705423
1649 0.398434940204254
1650 0.398536107445133
1651 0.398608887812621
1652 0.398656622763906
1653 0.398718734276113
1654 0.398772413985682
1655 0.398843389892627
1656 0.39890103620919
1657 0.398920540668987
1658 0.398991829416575
1659 0.399111328874563
1660 0.399219624998102
1661 0.399384516755239
1662 0.399585741592511
1663 0.39971345329395
1664 0.399843620248658
1665 0.399948994024941
1666 0.399987843852196
1667 0.400045370907663
1668 0.400087540810528
1669 0.400122818291509
1670 0.400195933583336
1671 0.400304141679477
1672 0.400448612694012
1673 0.400630784990981
1674 0.400812281641115
1675 0.400970132081899
1676 0.401131673470479
1677 0.401227015362277
1678 0.401287986147871
1679 0.401385280595616
1680 0.401454179147883
1681 0.401532031552116
1682 0.401678078418972
1683 0.401805463457666
1684 0.401907167520281
1685 0.402058207634242
1686 0.402187830684778
1687 0.402348617385684
1688 0.402531928664587
1689 0.402653217663594
1690 0.402803241535661
1691 0.402915657426916
1692 0.402957820269861
1693 0.403004557164382
1694 0.403076256588999
1695 0.403131236359722
1696 0.403167039570196
1697 0.403230942170143
1698 0.403313561079018
1699 0.403449132947765
1700 0.403537869810715
1701 0.403628741879138
1702 0.403712214776887
1703 0.403746858732288
1704 0.403806502514077
1705 0.403857005707316
1706 0.40395526275777
1707 0.404122738785947
1708 0.404210081494173
1709 0.404324359496574
1710 0.404377501381798
1711 0.40427973921705
1712 0.404290577578805
1713 0.40437035725967
1714 0.404405530193974
1715 0.404466508776045
1716 0.404507115407054
1717 0.404483470552423
1718 0.404502693520533
1719 0.404556274590059
1720 0.404596864779364
1721 0.404643665017864
1722 0.404672077710666
1723 0.404681310064247
1724 0.404711489777789
1725 0.40473861006508
1726 0.404792495957113
1727 0.404897755473136
1728 0.404946016460009
1729 0.404989548561075
1730 0.404996426870694
1731 0.404930109626726
1732 0.404919771937257
1733 0.40490330474422
1734 0.404910521416241
1735 0.40498441997483
1736 0.405020880282881
1737 0.405042835574985
1738 0.40505565545435
1739 0.405050055837886
1740 0.404985191621433
1741 0.40497454017248
1742 0.404961703342981
1743 0.404912736037118
1744 0.404853649605202
1745 0.404889100832524
1746 0.405002067967331
1747 0.405114844359691
1748 0.405260744477576
1749 0.405365969443584
1750 0.405393387197613
1751 0.405425225798044
1752 0.405467731000865
1753 0.405470492251095
1754 0.40545404613785
1755 0.405462459460728
1756 0.405466560319242
1757 0.405486388655912
1758 0.405544146428485
1759 0.405593391988458
1760 0.40570129223916
1761 0.405813753972011
1762 0.405901700397149
1763 0.406033153173947
1764 0.406072828839247
1765 0.406043815944216
1766 0.406025586022067
1767 0.405956052071939
1768 0.405890658772322
1769 0.405936588117319
1770 0.405951695432934
1771 0.405888626945638
1772 0.405862649889083
1773 0.405784374454246
1774 0.405667055943134
1775 0.405581319939565
1776 0.405416137952972
1777 0.405394168499966
1778 0.405493494244912
1779 0.405584502003581
1780 0.405748393910877
1781 0.405838064935256
1782 0.405925015675721
1783 0.405996697992982
1784 0.406113539273806
1785 0.406249928184633
1786 0.406359821606757
1787 0.40642295504914
1788 0.40643294406019
1789 0.406393581651755
1790 0.406335074100736
1791 0.406344045548041
1792 0.406379689337539
1793 0.406522128955739
1794 0.406681424870225
1795 0.40665999251158
1796 0.406643869601458
1797 0.406623868948997
1798 0.406559010033831
1799 0.406600302670402
1800 0.40670593966259
1801 0.402464938454451
1802 0.402475173472119
1803 0.402735120453409
1804 0.402857164785274
1805 0.40302122865506
1806 0.403281707115224
1807 0.403499850153222
1808 0.403606412581197
1809 0.403850123477844
1810 0.404235091932178
1811 0.40452500542429
1812 0.404732312522728
1813 0.405050825316864
1814 0.405267466253402
1815 0.405344441768006
1816 0.405412674992568
1817 0.40538974321535
1818 0.405416473447865
1819 0.40540952906228
1820 0.40542057273267
1821 0.405446713315915
1822 0.405587071284751
1823 0.405621744273375
1824 0.405705972684824
1825 0.405804348064611
1826 0.405899158445475
1827 0.405982158207698
1828 0.406145311900905
1829 0.406214744953675
1830 0.406210674764898
1831 0.406256560795091
1832 0.406341440162923
1833 0.406307171946293
1834 0.406274099125619
1835 0.406316301609905
1836 0.406323626376761
1837 0.406261168243154
1838 0.406285269234292
1839 0.406366703126984
1840 0.406404137893746
1841 0.406510136780284
1842 0.406594008664453
1843 0.406668145174483
1844 0.406801121246102
1845 0.406840859340733
1846 0.406865926086495
1847 0.406873088647046
1848 0.406864172740205
1849 0.406754192977934
1850 0.406748801948474
1851 0.406717212899035
1852 0.406624700182642
1853 0.406666163615543
1854 0.406617037083652
1855 0.40648810852341
1856 0.406394692075456
1857 0.406290059149609
1858 0.406175480914679
1859 0.406051198238696
1860 0.405924844974704
1861 0.40587773721124
1862 0.40570070511026
1863 0.405388310777191
1864 0.405100797102347
1865 0.404659102456357
1866 0.404196655908707
1867 0.403751220101692
1868 0.403304682213618
1869 0.402875142117738
1870 0.402424452253572
1871 0.401894339130638
1872 0.401382217273804
1873 0.4007924297369
1874 0.400181453632939
1875 0.399568791219583
1876 0.398904115485577
1877 0.39822214192427
1878 0.39741204017299
1879 0.396536648988596
1880 0.395488540208068
1881 0.394338310240932
1882 0.393108669700322
1883 0.391731465283984
1884 0.390268487156475
1885 0.388822305960286
1886 0.387250129429242
1887 0.385534499294974
1888 0.383769285353391
1889 0.381982257530124
1890 0.380010337020574
1891 0.377901290961205
1892 0.375753289592396
1893 0.373530490857553
1894 0.37113661850815
1895 0.368652352285758
1896 0.366206729246337
1897 0.363632822115446
1898 0.361077430110477
1899 0.358708586358707
1900 0.356395751474516
1901 0.354221276550685
1902 0.352211067891774
1903 0.350328670938712
1904 0.348444030732657
1905 0.346758612262515
1906 0.345167776350645
1907 0.343678759103288
1908 0.342416250378605
1909 0.341251424476702
1910 0.340253157825677
1911 0.339437790684106
1912 0.338719068137177
1913 0.338145243035535
1914 0.337687695495551
1915 0.337264491357979
1916 0.336960665758025
1917 0.336816479236218
1918 0.33674587513366
1919 0.336752318364876
1920 0.336836947572202
1921 0.337052017418332
1922 0.337476718728483
1923 0.337772698030444
1924 0.338112659944377
1925 0.338462348219543
1926 0.33878879729257
1927 0.339074808789192
1928 0.339458710682704
1929 0.339892987585758
1930 0.340276922574928
1931 0.340641901087854
1932 0.341069839895286
1933 0.341576572147148
1934 0.342057214455692
1935 0.342544325556201
1936 0.34304364518515
1937 0.343601798953779
1938 0.344122291422748
1939 0.34469276707051
1940 0.34520035758039
1941 0.345570141605794
1942 0.346044240641016
1943 0.346552501971468
1944 0.347067762343645
1945 0.3476273219181
1946 0.34826529176513
1947 0.348853277350539
1948 0.349442398686365
1949 0.350065338805251
1950 0.350571780221741
1951 0.351102822860622
1952 0.35156753088054
1953 0.351968475840021
1954 0.352464282593484
1955 0.352994473110128
1956 0.353590989661711
1957 0.354312266883041
1958 0.354901941919761
1959 0.355494833001752
1960 0.356052188150487
1961 0.356502678881678
1962 0.356971308534847
1963 0.357586867393154
1964 0.358263939664258
1965 0.358940581706411
1966 0.359745130949162
1967 0.360454758702288
1968 0.361153271119981
1969 0.361783169112974
1970 0.362365681029169
1971 0.362929541674609
1972 0.363459809389009
1973 0.363953075001346
1974 0.364397604568784
1975 0.364818038655322
1976 0.365274594341201
1977 0.36576282034687
1978 0.366234323973475
1979 0.366772268650018
1980 0.367250649693928
1981 0.367633316544619
1982 0.368112976221191
1983 0.368628384750191
1984 0.369157189693835
1985 0.3697044857986
1986 0.370316192043677
1987 0.370944673085006
1988 0.371468809202438
1989 0.372085300366159
1990 0.37270921872963
1991 0.373316338909832
1992 0.373987436213619
1993 0.374559231755059
1994 0.375032799171846
1995 0.375563737170135
1996 0.376035875477932
1997 0.376572301553779
1998 0.377146279176561
1999 0.377785115957901
2000 0.378441141238773
2001 0.379035790269098
2002 0.379604694404157
2003 0.38016002925754
2004 0.380698455466093
2005 0.381165416854718
2006 0.381690937124189
2007 0.382248107307948
2008 0.382803470939279
2009 0.383460924441713
2010 0.383951483351636
2011 0.384408327846298
2012 0.384728663664674
2013 0.384963509711631
2014 0.385252894533641
2015 0.385587405130635
2016 0.385999361535056
2017 0.38633809546966
2018 0.386632701256112
2019 0.386995927225492
2020 0.387355025603397
2021 0.387734383988167
2022 0.388214574790707
2023 0.388619296208634
2024 0.388971622366345
2025 0.389365655561735
2026 0.389660696670586
2027 0.389977440016249
2028 0.390280603570204
2029 0.390507011876905
2030 0.390905128228316
2031 0.391457841618277
2032 0.391865017273528
2033 0.39238207248102
2034 0.39273139866418
2035 0.392838155944185
2036 0.393089038389048
2037 0.393321938300992
2038 0.39360333813976
2039 0.393950976913308
2040 0.394331851102718
2041 0.394692642578392
2042 0.395043943894441
2043 0.395332005037279
2044 0.395539679268965
2045 0.395833042633885
2046 0.396138590781101
2047 0.396405227407262
2048 0.396714741880335
2049 0.396996748961261
2050 0.397198268232024
2051 0.397437108682367
2052 0.397680139942477
2053 0.397965342137601
2054 0.398324516377344
2055 0.398583791938532
2056 0.398872981150243
2057 0.39921211658093
2058 0.399484822444445
2059 0.399715059853951
2060 0.399944891681559
2061 0.400174357649984
2062 0.400345937454009
2063 0.400400217057337
2064 0.400581008525066
2065 0.400812729986451
2066 0.401025503257733
2067 0.401297135105728
2068 0.40156834770128
2069 0.401790474574992
2070 0.401993804070592
2071 0.402176879293593
2072 0.402375950953526
2073 0.402530078773401
2074 0.402580866385711
2075 0.402738908229932
2076 0.402965140141101
2077 0.403120165119636
2078 0.403218657426614
2079 0.403445149354763
2080 0.403755754578327
2081 0.403973768005547
2082 0.404240355589241
2083 0.404491360020477
2084 0.40474437050889
2085 0.4048041102604
2086 0.404932690357199
2087 0.40507904723407
2088 0.405291350604454
2089 0.405487465101967
2090 0.405686916894801
2091 0.405981081334531
2092 0.40622428428281
2093 0.406426519516354
2094 0.406590699855759
2095 0.406771289027183
2096 0.406908810712701
2097 0.406907831831762
2098 0.407004180845312
2099 0.407113627144365
2100 0.40729675562638
2101 0.407569662871407
2102 0.407777323976004
2103 0.40798709973465
2104 0.408236279242288
2105 0.408425950795896
2106 0.408528865297027
2107 0.408718059748689
2108 0.408919310621233
2109 0.409143872728568
2110 0.409435044749746
2111 0.409682282253172
2112 0.409897804235985
2113 0.410150055403279
2114 0.410441187070411
2115 0.410684288218057
2116 0.410879728940152
2117 0.41117279570823
2118 0.411352636658358
2119 0.411576368654342
2120 0.411813818790925
2121 0.4120859183512
2122 0.41233148896979
2123 0.412565004254203
2124 0.412829059084755
2125 0.413205092070594
2126 0.413365852398078
2127 0.413434405511119
2128 0.413507136159035
2129 0.413306925271881
2130 0.413365307167636
2131 0.413610110841756
2132 0.413790047431852
2133 0.414058407244627
2134 0.414351232677622
2135 0.414384688609408
2136 0.414476989460964
2137 0.41447054166471
2138 0.414323753079041
2139 0.414258966166847
2140 0.414213246917128
2141 0.414125178376222
2142 0.414021503971179
2143 0.413916786962203
2144 0.413802291789697
2145 0.413633447890325
2146 0.413403063338209
2147 0.413240755316854
2148 0.413170253485374
2149 0.412925895251466
2150 0.412583560789022
2151 0.412303959428275
2152 0.411956908844538
2153 0.411519100541068
2154 0.411256539271982
2155 0.411039052769148
2156 0.410757968550066
2157 0.410430741487806
2158 0.410126353515979
2159 0.409855590820955
2160 0.409506488622203
2161 0.409126631325528
2162 0.408717641616191
2163 0.408232135729584
2164 0.407778690087466
2165 0.407217229296743
2166 0.406846361244742
2167 0.406666909366331
2168 0.406346280257171
2169 0.406162076179477
2170 0.405813557373752
2171 0.405196072262221
2172 0.404685567969267
2173 0.404216788799015
2174 0.403658797324604
2175 0.403160736539135
2176 0.402687678208097
2177 0.402265224898933
2178 0.401812841147847
2179 0.401487445772789
2180 0.401288962005515
2181 0.401041526214492
2182 0.400928984419617
2183 0.400633172037549
2184 0.400258491908963
2185 0.399837444449099
2186 0.399341748113804
2187 0.3987648719361
2188 0.398067735620882
2189 0.397433589498808
2190 0.396673038747762
2191 0.39604265282384
2192 0.395574191760577
2193 0.395016196869421
2194 0.39451100097019
2195 0.393847749139922
2196 0.393255452560128
2197 0.392909847363227
2198 0.392473045642095
2199 0.392148892894656
2200 0.391765856138371
2201 0.391404068096404
2202 0.390876236139358
2203 0.390280656504512
2204 0.389722420989933
2205 0.388869989056222
2206 0.388421567892139
2207 0.388204044919085
2208 0.388036075116687
2209 0.388033738064807
2210 0.388119424189079
2211 0.388347119917087
2212 0.388587524559425
2213 0.388819010775726
2214 0.389295374736856
2215 0.390068209483601
2216 0.390654565517365
2217 0.391305075036257
2218 0.392068434887821
2219 0.392527273938243
2220 0.392831515193075
2221 0.393281989015749
2222 0.3938882471841
2223 0.394095187173225
2224 0.394071704004003
2225 0.394246904009517
2226 0.394205570602907
2227 0.394395916914288
2228 0.394876369970568
2229 0.395221897382874
2230 0.395570969940738
2231 0.395801406139659
2232 0.396077947578397
2233 0.39616794454701
2234 0.39604007492361
2235 0.395946843583411
2236 0.395725665366728
2237 0.395606548191855
2238 0.395528712265663
2239 0.395389299044925
2240 0.395223146255721
2241 0.395135821645582
2242 0.395003957589781
2243 0.394936584665296
2244 0.395010135835459
2245 0.395024399290945
2246 0.395012647982431
2247 0.395284649419942
2248 0.395519669627672
2249 0.395477052357617
2250 0.395487271742546
2251 0.395342513820307
2252 0.395352253961636
2253 0.395408244770998
2254 0.395504821061388
2255 0.395664891983158
2256 0.395828376257517
2257 0.39608787035582
2258 0.396183537709109
2259 0.396184279225144
2260 0.396267246842381
2261 0.396272451093101
2262 0.396313774859794
2263 0.396473564511772
2264 0.396579635882092
2265 0.396609815814957
2266 0.39669563206513
2267 0.396856636694119
2268 0.396916721519359
2269 0.396972612399868
2270 0.396951378804665
2271 0.396765241620099
2272 0.396709103412673
2273 0.396610019149946
2274 0.396629409053033
2275 0.396907943833214
2276 0.397013097846638
2277 0.397219293600566
2278 0.397087290585762
2279 0.397090656354274
2280 0.396844854309416
2281 0.396558228282223
2282 0.396444133044697
2283 0.396199363499617
2284 0.395926022547619
2285 0.395847769778465
2286 0.396035154536313
2287 0.395868787207702
2288 0.395593974350805
2289 0.39548801670426
2290 0.395119004462732
2291 0.395182821972656
2292 0.395900512258907
2293 0.395780755266596
2294 0.395312321955246
2295 0.395077524435365
2296 0.394353628104641
2297 0.394175533956612
2298 0.39461997465641
2299 0.394674566881467
2300 0.394486012012673
2301 0.394632722645408
2302 0.395077088307099
2303 0.395136779816184
2304 0.395299534491076
2305 0.395308702622841
2306 0.394701356465571
2307 0.394521905916301
2308 0.394616281327501
2309 0.394633251698724
2310 0.394860850037645
2311 0.39492069167814
2312 0.394909743878961
2313 0.394822329427202
2314 0.39464150652677
2315 0.394381207142107
2316 0.39395226253969
2317 0.393663365439301
2318 0.393277109077812
2319 0.392949602756267
2320 0.392768271516812
2321 0.392633839976619
2322 0.392127894587408
2323 0.391943892406137
2324 0.391799932852368
2325 0.391290064984195
2326 0.391470880644759
2327 0.391883943647431
2328 0.391555550029962
2329 0.391568407117899
2330 0.391629227995757
2331 0.39103024707217
2332 0.390815350395703
2333 0.390581167670881
2334 0.390072018054107
2335 0.389922829082482
2336 0.389696810484968
2337 0.389942594353363
2338 0.389571048600737
2339 0.38873441702779
2340 0.388220633153268
2341 0.387461694462238
2342 0.387120727071467
2343 0.387128963900603
2344 0.387002839910335
2345 0.387156181133511
2346 0.386938408487198
2347 0.386444351211645
2348 0.386234718779013
2349 0.38610375364952
2350 0.38569666384697
2351 0.385034146024399
2352 0.384936073853103
2353 0.384913382643944
2354 0.384924673536568
2355 0.385786328310235
2356 0.385730014627306
2357 0.384741741852611
2358 0.384520312508713
2359 0.384455808780885
2360 0.384338007626479
2361 0.384678729987456
2362 0.384451434753856
2363 0.383375947248601
2364 0.383275460440487
2365 0.383563713303195
2366 0.383829744786498
2367 0.385042894886576
2368 0.385419623358521
2369 0.385309238869932
2370 0.385029946352753
2371 0.384255939503495
2372 0.383449439917379
2373 0.382211956631086
2374 0.381574742408459
2375 0.381362241328944
2376 0.380788409956969
2377 0.380095726871659
2378 0.379858095415067
2379 0.379469647214134
2380 0.379443294121467
2381 0.380362968953793
2382 0.380496880304928
2383 0.380234489461338
2384 0.380180884251108
2385 0.379952859037354
2386 0.379776694428327
2387 0.379989959437361
2388 0.379511228628253
2389 0.378382458325505
2390 0.377614251405109
2391 0.376216272319862
2392 0.375981578527661
2393 0.37684891473719
2394 0.377075743940627
2395 0.377730312339258
2396 0.377936181082813
2397 0.377548855414002
2398 0.377507084276798
2399 0.377852664279453
2400 0.377492471214379
2401 0.376492132320422
2402 0.375926544635571
2403 0.375172761920026
2404 0.374658952114487
2405 0.374556487869621
2406 0.374216158797365
2407 0.373891474032104
2408 0.373320847488946
2409 0.372249854168933
2410 0.371981256896516
2411 0.372022659159174
2412 0.372085234066877
2413 0.373093948397627
2414 0.373125811000656
2415 0.372050075162693
2416 0.372031137320434
2417 0.372636813952565
2418 0.372161733072495
2419 0.372199605273225
2420 0.37080966266894
2421 0.366772920228845
2422 0.365865372286162
2423 0.36621988426558
2424 0.366114938848996
2425 0.367479363969669
2426 0.36765769126338
2427 0.36673319448412
2428 0.366081881449654
2429 0.365990190485634
2430 0.364950836054534
2431 0.362758942207672
2432 0.362279237664438
2433 0.362112165763521
2434 0.361656957669893
2435 0.362075611270252
2436 0.361835806712452
2437 0.360860271228891
2438 0.360452650956364
2439 0.360884674784145
2440 0.359774060874613
2441 0.357661380580406
2442 0.357373035911239
2443 0.355615034206248
2444 0.354074221930314
2445 0.352485105811586
2446 0.351343883870969
2447 0.351414684765049
2448 0.351865312753829
2449 0.352527362903854
2450 0.351645159809647
2451 0.349609160791954
2452 0.348802936187736
2453 0.348199791533726
2454 0.347736220970146
2455 0.348080806167209
2456 0.347754452191643
2457 0.348329547474926
2458 0.350172018613722
2459 0.350163149080838
2460 0.35198634707787
2461 0.354006675780029
2462 0.351390918620537
2463 0.350223672747597
2464 0.347505209639174
2465 0.345984815632953
2466 0.346930627817748
2467 0.347400950139838
2468 0.348861507193795
2469 0.348221115746319
2470 0.346164779912379
2471 0.345044398801587
2472 0.341967574102907
2473 0.340558711041628
2474 0.341462925996937
2475 0.342035967030502
2476 0.3433569384065
2477 0.343522069382308
2478 0.342488198727224
2479 0.342406859773555
2480 0.342417507787355
2481 0.34208962729726
2482 0.342956238115704
2483 0.342223455811834
2484 0.339142883694825
2485 0.338265996517902
2486 0.338523586787267
2487 0.338257476573962
2488 0.338871267249493
2489 0.338546838708008
2490 0.337858363275183
2491 0.333288296217472
2492 0.330311068177885
2493 0.330644661130602
2494 0.33005101941909
2495 0.33384550503212
2496 0.337813068749048
2497 0.33650287945304
2498 0.335012807907089
2499 0.332424013528683
2500 0.330623136239179
