"Wavelength" "M021a_m1-w3"
350 0.0969516793514209
351 0.0880609602806981
352 0.0888190058821128
353 0.0914608112033856
354 0.0820196206180091
355 0.0819047671607434
356 0.0854540857707071
357 0.0884374745264969
358 0.089497521135084
359 0.0902044137202491
360 0.0884175067064055
361 0.0854817946973021
362 0.0898055308053148
363 0.0885190773394438
364 0.0847764600699859
365 0.0840289557298498
366 0.082431535827811
367 0.0801003230966558
368 0.0803191622022631
369 0.0862353557483088
370 0.0862141240753905
371 0.0827310221548155
372 0.0801229699153022
373 0.082552424956038
374 0.0852488379561947
375 0.0856640301898499
376 0.0835834744574934
377 0.0828554211507582
378 0.0836370371022381
379 0.084907083119224
380 0.0851655378584443
381 0.083479994423388
382 0.0841359954449335
383 0.0863503310526734
384 0.0847204615483051
385 0.0820809219076295
386 0.0822302571369931
387 0.0849087308058827
388 0.0808277286310626
389 0.0795897916568637
390 0.0801981181266173
391 0.0792852890046127
392 0.0801951451123433
393 0.0805986542914562
394 0.079828990829027
395 0.0788727988450025
396 0.0802680147995215
397 0.0806892932486481
398 0.0791026433218608
399 0.080211817811108
400 0.0824591966567918
401 0.0835320218408066
402 0.0820030956651008
403 0.0812730213487574
404 0.0806437063632342
405 0.0801043447670679
406 0.0802464143351677
407 0.0809705341806017
408 0.0814437687600479
409 0.0811902626819823
410 0.080387616054001
411 0.0805118470449468
412 0.0813640853715934
413 0.0821276692688012
414 0.0821031773171947
415 0.0815056555084182
416 0.0812243250240121
417 0.0824214226069038
418 0.0824782552862229
419 0.0820790632699064
420 0.0821580027635452
421 0.0831218249031292
422 0.0836834126230856
423 0.0839654284779968
424 0.0844465746990418
425 0.0845072146401145
426 0.0844939285905437
427 0.0845494510844546
428 0.0845678769714954
429 0.0846102201140012
430 0.0847528134873701
431 0.0851291980427233
432 0.0861527165042775
433 0.0863951696028052
434 0.0862603361870359
435 0.0867756154683589
436 0.0868670475076199
437 0.0869625329307709
438 0.0873338715509643
439 0.0879101713497493
440 0.0881636090139443
441 0.0882555658141087
442 0.0884454170042322
443 0.0886554208385712
444 0.0891585980443834
445 0.0896913357890826
446 0.0897497152150798
447 0.0898755956797921
448 0.0902053777131782
449 0.0905905221628183
450 0.0904897210352754
451 0.0905658972725796
452 0.090595474654396
453 0.0903743892731768
454 0.0910924971437007
455 0.0915601819564416
456 0.0915768656558594
457 0.0918494592680967
458 0.0923311862970728
459 0.0926028301745218
460 0.0925065488661261
461 0.0926162201512295
462 0.0930256067556606
463 0.0934060774455597
464 0.093359032973387
465 0.0934378403319165
466 0.0936754094693657
467 0.0939613308174944
468 0.0940703213660883
469 0.0943425755353677
470 0.0945774465170263
471 0.0946591479772722
472 0.0952801646831742
473 0.0954574975862874
474 0.0953016578133218
475 0.0955934120547678
476 0.0958029405242157
477 0.0957984237815724
478 0.0957309535525279
479 0.096233624917462
480 0.0964445809429098
481 0.0966309519991319
482 0.0972348016531364
483 0.0972843629881209
484 0.0974253037027203
485 0.0978188430961423
486 0.0980107298422641
487 0.0983830938980395
488 0.0985815266745854
489 0.0984510464472677
490 0.0989427029839264
491 0.0993127069040951
492 0.0994645908422421
493 0.0996987520348048
494 0.100007214189315
495 0.100279633049152
496 0.100474211332607
497 0.100682222830689
498 0.10108955231331
499 0.101516173248099
500 0.101706801688623
501 0.101719013933293
502 0.102059955187206
503 0.102705414484453
504 0.103055121797893
505 0.103289234578813
506 0.103524330334612
507 0.103821006860185
508 0.104080704209781
509 0.104359624829716
510 0.104686976341347
511 0.105055020356072
512 0.105227441369905
513 0.105486079467656
514 0.105937446241995
515 0.106198670206585
516 0.106544742704044
517 0.10687320904604
518 0.107033627546106
519 0.107450180781656
520 0.107848722472089
521 0.108121024042067
522 0.108418567314755
523 0.108658237120098
524 0.109013205894096
525 0.109571365700813
526 0.10991030615474
527 0.110178075544642
528 0.110468136254174
529 0.110817014807058
530 0.111165402753313
531 0.111505167019271
532 0.111837203491155
533 0.11216806603169
534 0.112408371048525
535 0.112704267425039
536 0.113241928375211
537 0.11360850828327
538 0.113996417198258
539 0.114465441455992
540 0.114777055648605
541 0.115209072347295
542 0.115633655108165
543 0.115879953116615
544 0.116175878048273
545 0.116507098258302
546 0.116861826193627
547 0.117241276703053
548 0.11765290537609
549 0.118076369235504
550 0.118507093493126
551 0.11902334206105
552 0.119464643103
553 0.119837242978251
554 0.120255621462576
555 0.120704436754023
556 0.121124644081813
557 0.121513977988763
558 0.122015334347697
559 0.12245521188616
560 0.122860580495814
561 0.123313370668911
562 0.123673594139525
563 0.124028420237293
564 0.124394692847854
565 0.124669343987623
566 0.124921642307608
567 0.125166329633766
568 0.125410163728726
569 0.125669491352114
570 0.12603951857135
571 0.126512849602596
572 0.126984398104795
573 0.127416283652024
574 0.127833195798977
575 0.128269408374964
576 0.128747094381094
577 0.129121714938356
578 0.129453853490557
579 0.129900097949636
580 0.130250395605552
581 0.130485090378131
582 0.130657691118403
583 0.130902295842939
584 0.131224227783398
585 0.131534870073459
586 0.131747950208181
587 0.132028262821783
588 0.132372849519667
589 0.132773444482984
590 0.133232063603112
591 0.133480091364788
592 0.13371187216589
593 0.134139867950214
594 0.134542312675995
595 0.134863179248033
596 0.135142635921285
597 0.135490782461689
598 0.135799650520064
599 0.136061271932969
600 0.136310718728208
601 0.136650133985463
602 0.136940010598628
603 0.137172817724677
604 0.137416955359043
605 0.137751494020439
606 0.1380760029811
607 0.138338251015948
608 0.138593880452601
609 0.138942669133274
610 0.139277493711175
611 0.139472425577315
612 0.139710818245424
613 0.140025309552007
614 0.140388819310018
615 0.140721076770222
616 0.141039387214459
617 0.141349453084575
618 0.14165544174182
619 0.141954162430238
620 0.142292686263783
621 0.142644947139883
622 0.14293129429049
623 0.143104765524956
624 0.14335843135491
625 0.143757801596837
626 0.143965383641344
627 0.144283743436377
628 0.144678929732416
629 0.144979110231391
630 0.145232218215185
631 0.145548615398565
632 0.145930712213594
633 0.146204779073534
634 0.146514096210752
635 0.146829870159078
636 0.147106091550553
637 0.147471827052453
638 0.147830762508892
639 0.148148138381037
640 0.148460795787538
641 0.148795977959029
642 0.149136038250481
643 0.149459678533113
644 0.149765523298946
645 0.150113189173213
646 0.150472131920296
647 0.150771063082533
648 0.151163757889969
649 0.151569112946878
650 0.151922709814901
651 0.152254669522703
652 0.152555204570938
653 0.152846169989625
654 0.153155098157296
655 0.15346342111088
656 0.153797597361397
657 0.154178186927454
658 0.154615665716995
659 0.154961052598292
660 0.155258100122028
661 0.155584942605857
662 0.155940414667902
663 0.156295999802505
664 0.156651442106339
665 0.157027758384265
666 0.157432973093144
667 0.157801777427417
668 0.15810989420255
669 0.158440750907818
670 0.158865389979686
671 0.159296651431974
672 0.159605507373363
673 0.159934555453511
674 0.160336581261704
675 0.160782792867685
676 0.161144326931433
677 0.16151274366991
678 0.161876250591809
679 0.162213821439517
680 0.162575208501077
681 0.162985127005257
682 0.163422206106517
683 0.163830165222329
684 0.164225055990523
685 0.164585345137839
686 0.164912487287471
687 0.165271601308485
688 0.165662887141233
689 0.166097134437153
690 0.166567050955992
691 0.16692125653114
692 0.167309822227708
693 0.167758217752891
694 0.168072808659456
695 0.16847418025587
696 0.168938582460284
697 0.169388707899828
698 0.169846353143942
699 0.170239627617182
700 0.170593369909865
701 0.171007692436476
702 0.171434856539896
703 0.171863668677098
704 0.172285343939539
705 0.172675317901527
706 0.173133559670132
707 0.173610442300956
708 0.174009897524705
709 0.17442384717069
710 0.174881261608227
711 0.175349127172209
712 0.175721712459581
713 0.176165381174461
714 0.17662268839687
715 0.177024919952977
716 0.177484099333481
717 0.177942770009381
718 0.178376208694885
719 0.178793156364094
720 0.179298089346652
721 0.179797544086693
722 0.180221970659319
723 0.180596384090129
724 0.181052906778886
725 0.181541058117247
726 0.181960284358449
727 0.182346731040873
728 0.182812606551475
729 0.183358061987854
730 0.183864625453094
731 0.184305814246564
732 0.184704016323615
733 0.185107240403758
734 0.185605702621122
735 0.186020814509509
736 0.186393717592267
737 0.186857504167826
738 0.187290716685729
739 0.187772794360811
740 0.188309349156241
741 0.188780406593269
742 0.189183349625417
743 0.189578957092376
744 0.190027844665006
745 0.190522433272566
746 0.190965040313804
747 0.191382350606438
748 0.191877169704659
749 0.192380376360924
750 0.192895523911772
751 0.19339580101441
752 0.193781433216191
753 0.1942436522381
754 0.194726879361606
755 0.195131992958318
756 0.195540136721437
757 0.196023845092817
758 0.196547310658997
759 0.196994875330101
760 0.197446907944132
761 0.197906405830578
762 0.198383372031171
763 0.198939700997373
764 0.19941508075337
765 0.199827742141897
766 0.200251721059029
767 0.200662479199488
768 0.201094263973915
769 0.201563838819054
770 0.202065136133621
771 0.202533473279308
772 0.202999421856443
773 0.203478194689509
774 0.203904060291401
775 0.204363392116253
776 0.204840957718527
777 0.205288283943272
778 0.205690503259747
779 0.206108144235312
780 0.206594222113128
781 0.207174396489466
782 0.207617408550932
783 0.208015817604956
784 0.208465325483683
785 0.208931423383597
786 0.209397800083057
787 0.209885968368064
788 0.210409093829123
789 0.210864422423019
790 0.21131652833851
791 0.211773025586059
792 0.212192460849965
793 0.21268242594838
794 0.213152385443829
795 0.213551905488168
796 0.213970762275349
797 0.214443772922781
798 0.214936396361705
799 0.215398557140579
800 0.215838734436105
801 0.216310143607436
802 0.216805890973588
803 0.217279923364236
804 0.217808661862428
805 0.218309333291086
806 0.218729417710324
807 0.219096216361613
808 0.219547492598105
809 0.220056711766273
810 0.220554873985445
811 0.221032020546589
812 0.221436120104406
813 0.221808653518206
814 0.222237801678287
815 0.222704429751402
816 0.223189934245865
817 0.223673672388615
818 0.224134095401061
819 0.224612692728474
820 0.225068476500815
821 0.225483437024718
822 0.225935796220032
823 0.226396922034399
824 0.22683406039299
825 0.227243059792655
826 0.227775457875535
827 0.228279031700045
828 0.228728731500842
829 0.229203971783535
830 0.229574157887106
831 0.230016040013666
832 0.230561565906083
833 0.230954898943222
834 0.231380980115229
835 0.231836166297382
836 0.23227638744961
837 0.232681231362181
838 0.233127099904711
839 0.233594916347616
840 0.234033687795067
841 0.23451090358068
842 0.234969473033232
843 0.235411806125974
844 0.235892273166104
845 0.236290946373131
846 0.236646371803729
847 0.237052238242077
848 0.237645096209131
849 0.238167171818889
850 0.238600529446729
851 0.239003228094319
852 0.239447265656711
853 0.239793297843378
854 0.240149812344616
855 0.240675628069927
856 0.241151935407681
857 0.241564020557599
858 0.241947654728274
859 0.242367759105795
860 0.242829966818246
861 0.24325772143179
862 0.24366650543352
863 0.244208944931993
864 0.244651605125972
865 0.245025361839704
866 0.245417241519695
867 0.245897418259964
868 0.246326876622318
869 0.246719171681302
870 0.247131714530498
871 0.247552492542298
872 0.247993360638927
873 0.248439779791157
874 0.248873849455412
875 0.249367494237948
876 0.249857437306775
877 0.250308470754835
878 0.250722691524726
879 0.251059829786319
880 0.25142978406918
881 0.251881076258593
882 0.25233787006813
883 0.252776591733946
884 0.253218222302293
885 0.253675243703079
886 0.254108576588123
887 0.25456258288628
888 0.254986898401449
889 0.255346511567133
890 0.255773877148899
891 0.256210744403838
892 0.256606110673732
893 0.256957954200935
894 0.257493986047446
895 0.258008539961719
896 0.258395319184097
897 0.258678897323321
898 0.259085007497802
899 0.259495082686372
900 0.259875728415619
901 0.2603221940764
902 0.260826686628153
903 0.261287005712468
904 0.261694263398417
905 0.262194084901639
906 0.262618906020853
907 0.26298552112826
908 0.263378629709304
909 0.263933391032958
910 0.264350131255444
911 0.264722853719948
912 0.26518444173534
913 0.265617889764093
914 0.26601104344324
915 0.266437457456117
916 0.266935677061716
917 0.267255438305268
918 0.267732961449164
919 0.2683177590219
920 0.268779740480796
921 0.26909305810385
922 0.269442723155966
923 0.269844874660679
924 0.270216689113592
925 0.270660276810432
926 0.27119449969014
927 0.271713885481946
928 0.272065311618369
929 0.272488340866962
930 0.272858851223061
931 0.27317405886996
932 0.27358180672819
933 0.274080247092324
934 0.274591528911927
935 0.275091113885702
936 0.275622763713432
937 0.27599406745547
938 0.276366397664049
939 0.276803118519187
940 0.277153048305912
941 0.277585572649034
942 0.27803957687281
943 0.278430054278015
944 0.278720142636986
945 0.279140240582386
946 0.279582924574302
947 0.279971542530157
948 0.280428285130117
949 0.280872811011739
950 0.281303494411162
951 0.281710578478414
952 0.282034115774588
953 0.282375267377551
954 0.28279351044956
955 0.283275326605904
956 0.283689310046548
957 0.284026845206145
958 0.284349724171834
959 0.284739727423056
960 0.285268721459022
961 0.285731606350087
962 0.286109954060896
963 0.286459624232862
964 0.286855531708919
965 0.287350866172994
966 0.287872483786209
967 0.28832543412414
968 0.288670526455724
969 0.289030141676823
970 0.289426457490827
971 0.289849030329762
972 0.290292762119282
973 0.290598923083826
974 0.290971433711136
975 0.291520679824785
976 0.291934594933099
977 0.292199444221873
978 0.292521298243623
979 0.292993353294494
980 0.293352062002563
981 0.293623380117492
982 0.294027218792158
983 0.294595308349934
984 0.294942471765341
985 0.295456826014741
986 0.295933255494453
987 0.296227956249879
988 0.296523389062335
989 0.296894890419769
990 0.297337299735118
991 0.297786301271686
992 0.29814495901788
993 0.298525677436361
994 0.298736962217537
995 0.29889601341052
996 0.299471504875894
997 0.299943602866321
998 0.300355773597741
999 0.30074230356688
1000 0.301080777094369
1001 0.299696695115419
1002 0.300107411275606
1003 0.30063119777803
1004 0.300997307484707
1005 0.301265059271914
1006 0.301620807159381
1007 0.30195704487742
1008 0.302307471167666
1009 0.302686810947209
1010 0.303094403257135
1011 0.303458078044904
1012 0.303804937757221
1013 0.304182419690474
1014 0.304559003131716
1015 0.304888243748124
1016 0.305209454524364
1017 0.305549457513415
1018 0.305906496629728
1019 0.306233768968541
1020 0.306554491502034
1021 0.306883900859376
1022 0.307175033545252
1023 0.3075475866291
1024 0.307952750095864
1025 0.308284873176337
1026 0.308643201014192
1027 0.30894603696387
1028 0.309185087627642
1029 0.30956199588636
1030 0.309957374978275
1031 0.310366432484505
1032 0.310762560953668
1033 0.311171243720642
1034 0.3115527936623
1035 0.311910210868554
1036 0.312273172216697
1037 0.31265653537791
1038 0.313042320294408
1039 0.313402623605503
1040 0.313752007002127
1041 0.314110108250795
1042 0.314490531171409
1043 0.314836690650916
1044 0.31518869732942
1045 0.315553411008679
1046 0.315936125846712
1047 0.316333628955768
1048 0.316783507646841
1049 0.31717936052119
1050 0.317522214834975
1051 0.317840775752328
1052 0.318139791320741
1053 0.318520083843117
1054 0.318824837657879
1055 0.319094854967795
1056 0.319454948223241
1057 0.319723286921507
1058 0.320029502004863
1059 0.320471617461839
1060 0.320842745257542
1061 0.321149726134112
1062 0.321516512396114
1063 0.3219414686466
1064 0.322330808585706
1065 0.322678760203474
1066 0.323026887217844
1067 0.323286571042542
1068 0.32350034207285
1069 0.323715251420536
1070 0.323932392535602
1071 0.32416940703212
1072 0.324407180049666
1073 0.324652058606998
1074 0.32498513011381
1075 0.325326324803517
1076 0.325608785022152
1077 0.325875555448888
1078 0.326135336279235
1079 0.326360897707724
1080 0.326570654837488
1081 0.326789545084854
1082 0.327011965857861
1083 0.327231161456063
1084 0.327470241856167
1085 0.327724634270295
1086 0.327964935547952
1087 0.328160582267263
1088 0.328326102024091
1089 0.328528204939435
1090 0.328728769762506
1091 0.328937757738933
1092 0.329177919237207
1093 0.329409692546333
1094 0.32963990847009
1095 0.329834217300143
1096 0.330099019137571
1097 0.330306086920375
1098 0.330499651249638
1099 0.330785462463885
1100 0.331013632497488
1101 0.331203549941881
1102 0.331436532468776
1103 0.331665202179035
1104 0.331885065055467
1105 0.332132050780094
1106 0.332359710612743
1107 0.332558997976289
1108 0.332780504615339
1109 0.333004710278257
1110 0.333244469971785
1111 0.333474574262378
1112 0.333720631281091
1113 0.333995046284156
1114 0.334237708889374
1115 0.334491966738147
1116 0.334758183626915
1117 0.334997841848533
1118 0.335276191045741
1119 0.335581646320176
1120 0.335863041386181
1121 0.336161755546646
1122 0.336472539685533
1123 0.336781244874803
1124 0.337095837905356
1125 0.337416371783378
1126 0.337740336873466
1127 0.338067979479516
1128 0.338403252452734
1129 0.338727285257152
1130 0.339064391008107
1131 0.339401240471516
1132 0.339723222507555
1133 0.340048380737674
1134 0.340353798331056
1135 0.34061407178752
1136 0.340898080764475
1137 0.341172622902985
1138 0.341464344040104
1139 0.341771797301168
1140 0.342072388892715
1141 0.342363442453662
1142 0.342674219581802
1143 0.342991889127572
1144 0.3433308526226
1145 0.343658945926933
1146 0.343950730296894
1147 0.344254027529111
1148 0.3445677316029
1149 0.344867380986014
1150 0.345144498106063
1151 0.345409857581468
1152 0.345682435830253
1153 0.34595766573787
1154 0.346247015756992
1155 0.346537511479598
1156 0.346816838705568
1157 0.347103623746092
1158 0.347405921211366
1159 0.347708304948947
1160 0.348019183703665
1161 0.348328172558147
1162 0.348601352664452
1163 0.348863459526296
1164 0.349110571563539
1165 0.349343188695587
1166 0.349583730701559
1167 0.349812028068057
1168 0.350061603190026
1169 0.350319303120198
1170 0.350585436254909
1171 0.350891052144525
1172 0.351162452240048
1173 0.351432539005383
1174 0.351674992568035
1175 0.351884785958843
1176 0.352108341938055
1177 0.352302316382157
1178 0.35253018700699
1179 0.352785389880042
1180 0.353037908567566
1181 0.353291191334275
1182 0.353532430540024
1183 0.353739092846077
1184 0.35395210472498
1185 0.354160736991303
1186 0.354341739408219
1187 0.354539125953559
1188 0.354737830768421
1189 0.354931575703039
1190 0.355129827217813
1191 0.355328895662662
1192 0.355513727935706
1193 0.355718479839925
1194 0.355943096011054
1195 0.356151735642154
1196 0.356377898604812
1197 0.356572531447986
1198 0.356749992970983
1199 0.356909712428205
1200 0.357044125100931
1201 0.357197116257269
1202 0.357367561527742
1203 0.357569949646593
1204 0.357748597878052
1205 0.357928885329036
1206 0.358117097013743
1207 0.358299219875995
1208 0.358477730611987
1209 0.35867796706897
1210 0.35886263432757
1211 0.359027763367964
1212 0.359197252177917
1213 0.359363180490014
1214 0.359537346592551
1215 0.359709400117621
1216 0.359884371241393
1217 0.360064319774365
1218 0.360244430492159
1219 0.360445451918925
1220 0.360669497344012
1221 0.360884831787353
1222 0.361139150805922
1223 0.361332700641127
1224 0.361485284391994
1225 0.361657893367167
1226 0.36180000726998
1227 0.361977919718854
1228 0.362185414960758
1229 0.362383301252915
1230 0.362583922980447
1231 0.362791770593591
1232 0.363015412058878
1233 0.363217442155658
1234 0.363412799332447
1235 0.363611304309655
1236 0.363798506988473
1237 0.363989558280302
1238 0.364147858937261
1239 0.364324123112664
1240 0.364516236568773
1241 0.364701486025172
1242 0.364891306822746
1243 0.365099910507986
1244 0.365319628318025
1245 0.365549741025405
1246 0.365752788247578
1247 0.365983983984635
1248 0.366174456894063
1249 0.36628831315486
1250 0.366463196436686
1251 0.366664448166627
1252 0.366856338321997
1253 0.367074322047715
1254 0.367273105952605
1255 0.367435832377895
1256 0.367633922145895
1257 0.367849471536354
1258 0.368073054477848
1259 0.36828974860791
1260 0.36852233784093
1261 0.368752069587496
1262 0.368972088295877
1263 0.369194800302762
1264 0.369442151246669
1265 0.369655269281194
1266 0.369833433311168
1267 0.370041096006323
1268 0.370259398963611
1269 0.370457814806374
1270 0.370644034317441
1271 0.370853680859224
1272 0.371060758790479
1273 0.371266360872605
1274 0.37151083740631
1275 0.371722936641648
1276 0.371888992579152
1277 0.372082809375053
1278 0.372289744307303
1279 0.372484523067898
1280 0.372678277025106
1281 0.372896309139865
1282 0.37305815235373
1283 0.373181286142055
1284 0.373321938262872
1285 0.373446036803917
1286 0.373566194494316
1287 0.373697349642735
1288 0.373804230015692
1289 0.373879338532004
1290 0.373970440519899
1291 0.374069168410874
1292 0.37414754009017
1293 0.374216581876603
1294 0.374285566176311
1295 0.374347530536248
1296 0.374397338251954
1297 0.374430580519514
1298 0.374478887459587
1299 0.374517948971278
1300 0.374568097885115
1301 0.374611708532782
1302 0.374684676506223
1303 0.374697933728511
1304 0.374678499569282
1305 0.374662482862122
1306 0.374612416876015
1307 0.374590173988241
1308 0.374578719393856
1309 0.374559596169949
1310 0.3745353247812
1311 0.374526847550562
1312 0.374515235764117
1313 0.374520410741119
1314 0.374542588924123
1315 0.37457103380586
1316 0.374610319777645
1317 0.374651696061564
1318 0.374701917271607
1319 0.374756021730483
1320 0.374809622969388
1321 0.374872298504118
1322 0.374941399928687
1323 0.37502111281761
1324 0.375098794123981
1325 0.375174580630318
1326 0.375274320192056
1327 0.375380247835242
1328 0.375501122506463
1329 0.375643892374764
1330 0.375786049046477
1331 0.375935284532314
1332 0.37608771987259
1333 0.37624699372896
1334 0.376411994533327
1335 0.376572328134593
1336 0.37675505684092
1337 0.376970506447473
1338 0.377156978631375
1339 0.377343004065074
1340 0.377526886148172
1341 0.377681430940005
1342 0.377861392447681
1343 0.378084155336327
1344 0.378265120870784
1345 0.37843249665061
1346 0.378594492989738
1347 0.378722328863342
1348 0.378859848227124
1349 0.37899885587655
1350 0.37915122462559
1351 0.379280900553355
1352 0.379402819302601
1353 0.379517406491349
1354 0.379618088704431
1355 0.379722166311544
1356 0.379804384774442
1357 0.379929581205485
1358 0.380075956870674
1359 0.380218111848012
1360 0.380369803129911
1361 0.380545884837461
1362 0.380715466313518
1363 0.380919520388783
1364 0.381176722392937
1365 0.381416954984239
1366 0.381667531041156
1367 0.381910643767131
1368 0.382160317666474
1369 0.382393716686594
1370 0.382639395302019
1371 0.382842604007844
1372 0.383021259319688
1373 0.383182606006847
1374 0.383309427379144
1375 0.383392369956682
1376 0.383426186575284
1377 0.383426642303924
1378 0.383370289103847
1379 0.383227677786074
1380 0.383133894217791
1381 0.383004203615424
1382 0.382911476159651
1383 0.382840378157775
1384 0.382776167903222
1385 0.382747291176755
1386 0.382666224038323
1387 0.382604099049644
1388 0.382474431871228
1389 0.382280218074432
1390 0.382086286599724
1391 0.381876247425915
1392 0.381625667752775
1393 0.381352826034006
1394 0.381046349213379
1395 0.380687721601367
1396 0.380326628800663
1397 0.37994824440963
1398 0.379551437517172
1399 0.379111878749129
1400 0.378697025286168
1401 0.378276553371581
1402 0.377876565077458
1403 0.377439618173584
1404 0.377032809739757
1405 0.376628847249161
1406 0.376198308184374
1407 0.375821052373468
1408 0.375484007040258
1409 0.375151780386674
1410 0.374814667134355
1411 0.374543743992139
1412 0.374283578143399
1413 0.374117330903366
1414 0.373986039435018
1415 0.373973151573575
1416 0.374044738841547
1417 0.374198821448191
1418 0.374475972863379
1419 0.374769235101657
1420 0.375165095571683
1421 0.37552251758741
1422 0.375905085625624
1423 0.376280115556407
1424 0.376648017523205
1425 0.377021322706363
1426 0.377416483076726
1427 0.37778972653025
1428 0.378171836622377
1429 0.378512421725003
1430 0.37882226761036
1431 0.379122530789947
1432 0.379376840165743
1433 0.379659191839196
1434 0.379922135334562
1435 0.380136387432144
1436 0.380391111751351
1437 0.380643080788915
1438 0.380891779398773
1439 0.381151601293107
1440 0.381425375770897
1441 0.381699785698452
1442 0.381958834073198
1443 0.382241148526819
1444 0.382493269256342
1445 0.38270216337907
1446 0.38294187605152
1447 0.383197004233052
1448 0.38343978358799
1449 0.383695083139724
1450 0.383918547942709
1451 0.384137794143885
1452 0.384321288763154
1453 0.384466147202813
1454 0.384613786293575
1455 0.384729320869729
1456 0.384864240284311
1457 0.384977974046377
1458 0.385138064348321
1459 0.385320365842571
1460 0.385520630647345
1461 0.385790854626441
1462 0.386009946015905
1463 0.386217179475338
1464 0.386415828868242
1465 0.386566941429004
1466 0.386749677157534
1467 0.386935317565831
1468 0.387142723316051
1469 0.387372591040378
1470 0.387616584774724
1471 0.387880398109735
1472 0.388119665199346
1473 0.38833605895863
1474 0.388550073758423
1475 0.388728964726019
1476 0.388875258711509
1477 0.389022390971124
1478 0.389127556574006
1479 0.389297880040242
1480 0.389473597684217
1481 0.389691993428291
1482 0.389979952809937
1483 0.390214704619602
1484 0.390455349668113
1485 0.390674919033018
1486 0.390870124816284
1487 0.391067537470948
1488 0.391261319151014
1489 0.391449095126825
1490 0.391620591404874
1491 0.391802358983524
1492 0.391988738280187
1493 0.392166557122245
1494 0.392345685437599
1495 0.392519290357517
1496 0.392677348409346
1497 0.392848961420445
1498 0.393022515963587
1499 0.393203897752544
1500 0.393388963749888
1501 0.393584835223955
1502 0.39381241082752
1503 0.394001969596613
1504 0.394185597743599
1505 0.394357733814713
1506 0.394479287113157
1507 0.394635494050001
1508 0.394816466714385
1509 0.394983170640721
1510 0.395157233855516
1511 0.395326638451329
1512 0.39546777267246
1513 0.395634842769643
1514 0.395828726443462
1515 0.39601134030152
1516 0.396205979020891
1517 0.396397211961978
1518 0.396566094518111
1519 0.396703858122828
1520 0.396850852571589
1521 0.39698283807533
1522 0.397098599781943
1523 0.397203978392741
1524 0.397306973684939
1525 0.39737634298178
1526 0.397504126949354
1527 0.397648244638741
1528 0.39780893351974
1529 0.398003163574171
1530 0.398191772770249
1531 0.398404247661106
1532 0.39857826521059
1533 0.398750952669666
1534 0.398901748560871
1535 0.399020964454407
1536 0.39914499845203
1537 0.399259409022061
1538 0.399378793098219
1539 0.399492772294245
1540 0.399600852414907
1541 0.39969871667864
1542 0.399824039509458
1543 0.399943726998913
1544 0.400091079871166
1545 0.40028842220045
1546 0.400445754421122
1547 0.400592369935655
1548 0.400743374946424
1549 0.400887018214477
1550 0.401027074756004
1551 0.401168992010865
1552 0.401308119966773
1553 0.401418478477722
1554 0.401567483614331
1555 0.401759041571953
1556 0.401912334402288
1557 0.402077661910532
1558 0.402214052295695
1559 0.402300497303097
1560 0.402411802562609
1561 0.402533794082202
1562 0.402640043306603
1563 0.402724749798176
1564 0.402840595365814
1565 0.402951497630276
1566 0.403084586784433
1567 0.403257876978156
1568 0.40342355727129
1569 0.403610612049625
1570 0.40376966483733
1571 0.403940913917748
1572 0.404068214800784
1573 0.404138926269176
1574 0.404227875378118
1575 0.404277721062137
1576 0.404367488063022
1577 0.40448609472179
1578 0.404607212027113
1579 0.40476779196846
1580 0.404897238578529
1581 0.405023933705948
1582 0.405130780213733
1583 0.405193105811401
1584 0.405280830431157
1585 0.405381112722906
1586 0.405465190354889
1587 0.405542477814441
1588 0.405634420304916
1589 0.405721206567185
1590 0.405808566578495
1591 0.40589006220876
1592 0.406008110702929
1593 0.406141400157064
1594 0.406281134888067
1595 0.406484604726834
1596 0.406648756271756
1597 0.406782203704125
1598 0.406919135666258
1599 0.407044624784987
1600 0.407163973146609
1601 0.407289822726929
1602 0.407381954948504
1603 0.407483237271591
1604 0.407576562404625
1605 0.407672403226665
1606 0.407774545579529
1607 0.407865223595957
1608 0.407939102553024
1609 0.408046340591327
1610 0.408160160457111
1611 0.408287448554621
1612 0.408435712284516
1613 0.408582779914805
1614 0.408734460788954
1615 0.4088939416773
1616 0.409078262316381
1617 0.409213504817516
1618 0.409331722075895
1619 0.409452732774808
1620 0.409539463969486
1621 0.40966547932556
1622 0.40981270190435
1623 0.409955003704288
1624 0.410110442742924
1625 0.410248315054954
1626 0.410396043066578
1627 0.410495820221414
1628 0.410561904671091
1629 0.410641813708209
1630 0.410685412956135
1631 0.410790552078749
1632 0.410929480574539
1633 0.411049661300562
1634 0.411188845789164
1635 0.411316066256238
1636 0.411440753568688
1637 0.411548483831199
1638 0.411664841957058
1639 0.411730649659257
1640 0.411733017103106
1641 0.411820793920263
1642 0.411910566952313
1643 0.412040688217634
1644 0.412251670739177
1645 0.412380628003385
1646 0.412482635594412
1647 0.412594183849379
1648 0.412676494878825
1649 0.412805580021339
1650 0.412967425324869
1651 0.413094547304296
1652 0.413214404810934
1653 0.413356872425416
1654 0.413492170355344
1655 0.413626968744736
1656 0.413812348415152
1657 0.414001835330911
1658 0.414145437812396
1659 0.414289474773838
1660 0.414396471198425
1661 0.414478503466701
1662 0.414591777459346
1663 0.414702316251277
1664 0.414789338050995
1665 0.414819800666519
1666 0.414802161460248
1667 0.414797037613013
1668 0.414855541083438
1669 0.41498501062685
1670 0.415105277892749
1671 0.41522941860522
1672 0.4153863922516
1673 0.415538432613257
1674 0.415710750548617
1675 0.415852267027957
1676 0.415933655268988
1677 0.416017449118425
1678 0.416093026394291
1679 0.416221774079445
1680 0.416393785437149
1681 0.416506643487226
1682 0.416617084499965
1683 0.416760191929606
1684 0.416884130061515
1685 0.417021721744597
1686 0.417215636921391
1687 0.417396478909899
1688 0.417568231243599
1689 0.417769039434992
1690 0.417925180862373
1691 0.418026731704592
1692 0.41815362258979
1693 0.418270102939194
1694 0.418359355440315
1695 0.418448681627961
1696 0.418549314479372
1697 0.418680353133983
1698 0.418820329980474
1699 0.41905577122928
1700 0.419211073634644
1701 0.419346494369698
1702 0.419450813604878
1703 0.419476952039913
1704 0.419538408353178
1705 0.419565019273919
1706 0.419636287814503
1707 0.419770295725167
1708 0.419856249144373
1709 0.419968749397406
1710 0.420037903747294
1711 0.420040162715395
1712 0.420054829086786
1713 0.420064243312626
1714 0.420050857174307
1715 0.420013340284564
1716 0.420016351516207
1717 0.420006790705844
1718 0.420020391808865
1719 0.42009348020978
1720 0.420107243519285
1721 0.420054222450578
1722 0.420103573159613
1723 0.420168211502037
1724 0.420284463645779
1725 0.420520678910336
1726 0.420676120500461
1727 0.420826422033234
1728 0.42093796420948
1729 0.421013777863602
1730 0.421075527556662
1731 0.421118325426935
1732 0.421137306369729
1733 0.421106484572277
1734 0.421133107264062
1735 0.421146232653645
1736 0.421207610965559
1737 0.421335855887745
1738 0.42141920883349
1739 0.421506484465191
1740 0.421640610863856
1741 0.421697288759217
1742 0.421805557624656
1743 0.421934313340341
1744 0.421957845467685
1745 0.421978523710361
1746 0.422007026388148
1747 0.421991024070867
1748 0.422025715782594
1749 0.422097344716963
1750 0.4221729451406
1751 0.422250819835803
1752 0.422285692204478
1753 0.422338741445893
1754 0.42241005947331
1755 0.4224163260188
1756 0.422485904437424
1757 0.422635173269784
1758 0.422726120239064
1759 0.422854011516562
1760 0.422979709533423
1761 0.422988212912686
1762 0.423000860683243
1763 0.423041295948886
1764 0.42307386651672
1765 0.423172187359461
1766 0.423286817498071
1767 0.423355579540704
1768 0.423396539442256
1769 0.423432305566252
1770 0.423508563391311
1771 0.423572047209688
1772 0.423661199848132
1773 0.42371597872403
1774 0.423713139943964
1775 0.423754028905377
1776 0.423801184220766
1777 0.423823072556199
1778 0.423827423076767
1779 0.423874801784769
1780 0.423942112590501
1781 0.4240727990495
1782 0.424204782344182
1783 0.424303560525879
1784 0.424298243767005
1785 0.424321194766315
1786 0.424388892794629
1787 0.424480015284394
1788 0.424660940766322
1789 0.424828121946865
1790 0.424960511341956
1791 0.425062465267887
1792 0.4250932776293
1793 0.425123189238787
1794 0.425204042380124
1795 0.42526610138353
1796 0.42532600048563
1797 0.425457720838421
1798 0.42557142351664
1799 0.425719470924392
1800 0.425983474021863
1801 0.423142702915417
1802 0.423222633996045
1803 0.423351410047754
1804 0.423436950766372
1805 0.423425181313424
1806 0.423201485142516
1807 0.423165638600261
1808 0.423168500182781
1809 0.423193436843376
1810 0.42335209032061
1811 0.423374193613479
1812 0.423301335459831
1813 0.423319473484467
1814 0.423174918468379
1815 0.423123622502409
1816 0.4231014122465
1817 0.423086794084664
1818 0.423098975978835
1819 0.423187842516855
1820 0.423229594906202
1821 0.423283778122538
1822 0.42330261735667
1823 0.423248465840595
1824 0.423221471303297
1825 0.423272824405714
1826 0.423353311689276
1827 0.423450088976108
1828 0.42374920312012
1829 0.423804030356635
1830 0.423738648730486
1831 0.423672989838077
1832 0.423438580467505
1833 0.423193035363163
1834 0.423165952448107
1835 0.423164151525445
1836 0.42320461041426
1837 0.42340596504482
1838 0.423530607776799
1839 0.423655977278629
1840 0.423736487428441
1841 0.423846705402782
1842 0.423836576039596
1843 0.423745607514244
1844 0.423732610582984
1845 0.423713161329124
1846 0.423750631645441
1847 0.42375160398882
1848 0.423786065720626
1849 0.423725441107083
1850 0.423713466199299
1851 0.4237584352652
1852 0.423793230091323
1853 0.42391678586596
1854 0.424062160740037
1855 0.424069935434689
1856 0.424072886464769
1857 0.423964289076818
1858 0.423864585010962
1859 0.423654200412378
1860 0.423573408363651
1861 0.423524669705951
1862 0.423485767080894
1863 0.423329802890032
1864 0.423009285716226
1865 0.422507843978924
1866 0.421920645552114
1867 0.421393722788664
1868 0.420822233862927
1869 0.420320784764271
1870 0.419903831848727
1871 0.419461777381066
1872 0.419085011598334
1873 0.418648164608346
1874 0.418187068562295
1875 0.417803639279708
1876 0.417385231822636
1877 0.416926954088131
1878 0.416382781929547
1879 0.415812227198071
1880 0.415059880733801
1881 0.414183651807497
1882 0.413216476371147
1883 0.412064100658911
1884 0.410912738821166
1885 0.409696194717068
1886 0.408434888212496
1887 0.40716466457473
1888 0.40573734665784
1889 0.404212853027929
1890 0.402611833592344
1891 0.400837063751502
1892 0.398889557324764
1893 0.396901185851855
1894 0.39482182095595
1895 0.392691467537126
1896 0.390556221621293
1897 0.388354030912111
1898 0.386097733779704
1899 0.383894182458145
1900 0.38156109810875
1901 0.379451049744412
1902 0.377389379677711
1903 0.375585388410875
1904 0.373932129906515
1905 0.372550171193746
1906 0.371248546791784
1907 0.370022329499562
1908 0.368965476374435
1909 0.368011125053723
1910 0.367242400278054
1911 0.366669643653914
1912 0.366213784141661
1913 0.365903924253974
1914 0.365758996138695
1915 0.365629399354314
1916 0.365640919762239
1917 0.365787991487543
1918 0.365965256226997
1919 0.366269851108069
1920 0.36668074779386
1921 0.367073575777023
1922 0.367458825681099
1923 0.367889817346978
1924 0.368381255331944
1925 0.368870699982488
1926 0.369295003965536
1927 0.369847340284458
1928 0.370421262800843
1929 0.370997465772631
1930 0.371681937166466
1931 0.372299698412502
1932 0.372862715057334
1933 0.373343694407091
1934 0.373868611969749
1935 0.374327169078263
1936 0.374894031956756
1937 0.375497914367633
1938 0.376144546114737
1939 0.376776660571637
1940 0.377327950286906
1941 0.377835571539573
1942 0.378226451281426
1943 0.378672484280556
1944 0.379089737876544
1945 0.379562614494349
1946 0.380074197126793
1947 0.380560328347044
1948 0.38108421646838
1949 0.381507264292528
1950 0.381950780898752
1951 0.38251472505754
1952 0.38305841426541
1953 0.383632824344853
1954 0.384138087207974
1955 0.384595236218683
1956 0.385052821491762
1957 0.385468039327664
1958 0.385901197940984
1959 0.386336604088075
1960 0.386752566848969
1961 0.387222469256664
1962 0.387703685139919
1963 0.388110179309827
1964 0.388557529294299
1965 0.388994642864922
1966 0.389384514860521
1967 0.389847297930847
1968 0.390358798406402
1969 0.390893245005195
1970 0.391459804092992
1971 0.392060801094748
1972 0.392740547406685
1973 0.393382049195533
1974 0.393959948962608
1975 0.394467470310664
1976 0.394972592075941
1977 0.395503043274276
1978 0.395973967315158
1979 0.396459252336382
1980 0.396912785282845
1981 0.397234707230031
1982 0.397654542475969
1983 0.398144648287272
1984 0.398620908176412
1985 0.39906927041608
1986 0.399632236171438
1987 0.400171600490312
1988 0.400680314371288
1989 0.401223057971321
1990 0.401658536889355
1991 0.402038440994898
1992 0.40229379634213
1993 0.402649668562261
1994 0.402947369913778
1995 0.403343692581485
1996 0.403841129350452
1997 0.404308128481973
1998 0.404813791362628
1999 0.405297985876606
2000 0.405743895141711
2001 0.406203310411648
2002 0.406626771091906
2003 0.406965882623711
2004 0.407424392863416
2005 0.407967690621039
2006 0.408417515693352
2007 0.408920054206501
2008 0.409328506425629
2009 0.409602341505926
2010 0.409931216756771
2011 0.410258605607869
2012 0.410568887708874
2013 0.410915996261134
2014 0.411266407672026
2015 0.411640762061517
2016 0.412057803625018
2017 0.412446482323504
2018 0.412858273037221
2019 0.413218240223219
2020 0.413583600467711
2021 0.413875458878375
2022 0.414072862880398
2023 0.414307991331577
2024 0.414542865617951
2025 0.414708628142716
2026 0.414874533425715
2027 0.415125939621036
2028 0.415320706025213
2029 0.415530971560209
2030 0.415765259440403
2031 0.416056055402453
2032 0.416295811010341
2033 0.41649480030238
2034 0.416755208817117
2035 0.417014798654883
2036 0.417297374981853
2037 0.41768887860555
2038 0.417992873678977
2039 0.418223231739875
2040 0.418540960935473
2041 0.418795673879153
2042 0.418884871895679
2043 0.419079510794989
2044 0.419269357180943
2045 0.419460904095435
2046 0.419682388796464
2047 0.419908456965087
2048 0.420133569705833
2049 0.420356919668742
2050 0.420597683426357
2051 0.420818818219135
2052 0.421014285351085
2053 0.421210177123407
2054 0.421434986464763
2055 0.421632795860858
2056 0.421756015341976
2057 0.421829282133376
2058 0.421933017008244
2059 0.421945186398564
2060 0.422059987219364
2061 0.422225440742823
2062 0.422417220369992
2063 0.422679562393756
2064 0.422914471931913
2065 0.423179880557668
2066 0.423413062937714
2067 0.423643172340855
2068 0.423806713395563
2069 0.424032129754688
2070 0.424312534653272
2071 0.424503051459046
2072 0.424702319604313
2073 0.424845610068538
2074 0.424909995322052
2075 0.424980657129248
2076 0.424980631278872
2077 0.42508389852747
2078 0.425217924495194
2079 0.42533691536109
2080 0.425567840294346
2081 0.425707110303622
2082 0.425730327266359
2083 0.425824017517269
2084 0.425920168545816
2085 0.425998035246267
2086 0.426202586237395
2087 0.42651124511556
2088 0.426725005866537
2089 0.427022409445259
2090 0.427213963123898
2091 0.427261996255015
2092 0.427419562837901
2093 0.427583190942261
2094 0.42777653481259
2095 0.428069769067737
2096 0.428282967874435
2097 0.428482574462914
2098 0.428657587800484
2099 0.428822207949303
2100 0.428872324578486
2101 0.429003814349181
2102 0.429156274433721
2103 0.429195157601041
2104 0.429129436530939
2105 0.4292123174162
2106 0.429266903089671
2107 0.429366103318704
2108 0.429617132868522
2109 0.429775114280988
2110 0.429755542359895
2111 0.429980485007158
2112 0.430371318192643
2113 0.430708797298796
2114 0.431242893412581
2115 0.431621320036608
2116 0.431915128579548
2117 0.432129591823706
2118 0.432304886471742
2119 0.43253065035059
2120 0.432725281574354
2121 0.432913967728276
2122 0.433075679322545
2123 0.433221889032543
2124 0.433356599657106
2125 0.433476475870559
2126 0.43357797661364
2127 0.433625449970266
2128 0.433729877537654
2129 0.4339058927359
2130 0.433983412579212
2131 0.434034311947269
2132 0.434079402879045
2133 0.434064224048149
2134 0.434000200967976
2135 0.434008384257652
2136 0.434057162385425
2137 0.434051827882951
2138 0.434037286027483
2139 0.433992159198227
2140 0.433888704803704
2141 0.433855339115463
2142 0.433841266548424
2143 0.433789477415907
2144 0.433833251628241
2145 0.433712257595365
2146 0.433459394770256
2147 0.433251424282758
2148 0.432939201143426
2149 0.432690531378002
2150 0.432554975186337
2151 0.432281602041063
2152 0.431855319322536
2153 0.431593274224809
2154 0.431259269686866
2155 0.430906198855515
2156 0.430607800741861
2157 0.430433801375398
2158 0.430108738408572
2159 0.42970263680576
2160 0.429335890161002
2161 0.428910183895194
2162 0.428552117731258
2163 0.428346888767172
2164 0.427910548345306
2165 0.427363524562676
2166 0.426846965423761
2167 0.426079202422249
2168 0.425536743534387
2169 0.425255110093884
2170 0.424784839546502
2171 0.424199450131614
2172 0.423774593688233
2173 0.42333102202591
2174 0.42292335966041
2175 0.422606640853864
2176 0.422533652306661
2177 0.422198371325168
2178 0.421798012635582
2179 0.421320053926112
2180 0.420672162028528
2181 0.420186909410312
2182 0.41973281051162
2183 0.419234942796024
2184 0.418799086926676
2185 0.41831487984148
2186 0.417722714640956
2187 0.417199812950044
2188 0.416715785001207
2189 0.416245522569212
2190 0.415950639610206
2191 0.415386882112712
2192 0.41456175020859
2193 0.413929006862496
2194 0.413214517862469
2195 0.412504309335853
2196 0.412057215186311
2197 0.411594740339953
2198 0.411147325045481
2199 0.41063228760675
2200 0.410265204580691
2201 0.410161559344009
2202 0.409669830575308
2203 0.40902370363611
2204 0.408443482705949
2205 0.407442104051481
2206 0.407007671531235
2207 0.406948189561562
2208 0.406830857837324
2209 0.406875845653504
2210 0.407071913764264
2211 0.407352935145548
2212 0.407694703539737
2213 0.408343822533811
2214 0.408842945171373
2215 0.409244936818665
2216 0.409733723647071
2217 0.410338481117244
2218 0.410789119918964
2219 0.411231451488921
2220 0.411760888676568
2221 0.412179224353176
2222 0.412529000510647
2223 0.412844762310099
2224 0.413134095579293
2225 0.413360818906288
2226 0.413492630319278
2227 0.41365684389498
2228 0.413799928052965
2229 0.413914715167364
2230 0.414014716992621
2231 0.414106727138706
2232 0.414166646406393
2233 0.414240149128662
2234 0.414284459530612
2235 0.414367653906024
2236 0.414457432187367
2237 0.414577398718152
2238 0.414822091818643
2239 0.414919737269574
2240 0.414951741015725
2241 0.41495497518268
2242 0.414874781078026
2243 0.414787131390608
2244 0.414688949847269
2245 0.414507052320511
2246 0.414557300574284
2247 0.414460814419812
2248 0.414276723914197
2249 0.414586060579579
2250 0.414688628220458
2251 0.414717777978212
2252 0.414845778806613
2253 0.415101066933033
2254 0.415180746733529
2255 0.41522219363884
2256 0.415270336026426
2257 0.415269083107164
2258 0.415254424034339
2259 0.415116246508615
2260 0.415217907852509
2261 0.415508556929666
2262 0.415577770373792
2263 0.415730594268411
2264 0.415802223914428
2265 0.415535873457459
2266 0.415518178939936
2267 0.415722088074687
2268 0.415835018296852
2269 0.415945692884456
2270 0.416080331978711
2271 0.416217482198677
2272 0.416350945696853
2273 0.416655765193299
2274 0.416717322720939
2275 0.416729309716851
2276 0.416543077345348
2277 0.416007577964081
2278 0.415451049882152
2279 0.415317158819968
2280 0.414909361874161
2281 0.414658525060567
2282 0.414545166520837
2283 0.414243848865428
2284 0.414298367768888
2285 0.414339043086066
2286 0.414662056301979
2287 0.414816122645216
2288 0.414917085613709
2289 0.415013531241328
2290 0.415198921095895
2291 0.415123461004964
2292 0.414931427539267
2293 0.414713921798199
2294 0.414209183158721
2295 0.414039487038075
2296 0.413939010549421
2297 0.413947029764498
2298 0.414169140723327
2299 0.414362649557647
2300 0.414837568832369
2301 0.41481768732016
2302 0.41450536745425
2303 0.414348087490783
2304 0.41377153745901
2305 0.413692901246429
2306 0.414352996239521
2307 0.414265845860698
2308 0.413738103917592
2309 0.413508001510563
2310 0.412904486389727
2311 0.412665400204359
2312 0.413008286453823
2313 0.413128705830914
2314 0.413301591593363
2315 0.413243362248218
2316 0.412924602286354
2317 0.412873801511587
2318 0.41274745981673
2319 0.412659320850735
2320 0.412782794175948
2321 0.413060766999243
2322 0.41262784234925
2323 0.412365088682169
2324 0.412153439740573
2325 0.411730741883336
2326 0.411851885429732
2327 0.412129773836908
2328 0.412141988023825
2329 0.411775555455789
2330 0.4110171972601
2331 0.410642014971866
2332 0.410837672328384
2333 0.4109908933637
2334 0.410912592794554
2335 0.410542443970429
2336 0.410388276757958
2337 0.409786032716642
2338 0.409660057904115
2339 0.410183352935564
2340 0.410120353685621
2341 0.409679240294066
2342 0.40973200329053
2343 0.410104072023072
2344 0.409771826216983
2345 0.409300313719615
2346 0.408750105803994
2347 0.407319930873575
2348 0.406979631750166
2349 0.407409410244761
2350 0.407551078178817
2351 0.40812386442846
2352 0.408190882115379
2353 0.407738748756809
2354 0.407822913154648
2355 0.408173570717527
2356 0.408050563429134
2357 0.407954983512386
2358 0.407815492516258
2359 0.407077779008992
2360 0.407040636727464
2361 0.40792678033003
2362 0.407739480284922
2363 0.407221911937735
2364 0.406588164831818
2365 0.404856699389483
2366 0.404415654045479
2367 0.404586062401629
2368 0.404686828126682
2369 0.405691807169102
2370 0.405774527196694
2371 0.405201593954713
2372 0.405324524122917
2373 0.405644225679888
2374 0.405476152470383
2375 0.405655167218477
2376 0.405267952620249
2377 0.403912064191953
2378 0.402893293333258
2379 0.401774304453869
2380 0.401154004581803
2381 0.400337636932264
2382 0.400367835925804
2383 0.401801736329445
2384 0.401907647671952
2385 0.401595279226632
2386 0.401658229189119
2387 0.401379944876575
2388 0.400960528700727
2389 0.400615000905064
2390 0.400683742778302
2391 0.40075197899529
2392 0.40042243191217
2393 0.400551472100546
2394 0.400399787147434
2395 0.3990840611603
2396 0.398909366138037
2397 0.399930263036666
2398 0.399946049172179
2399 0.399640882371717
2400 0.399633385712441
2401 0.399326766359891
2402 0.399237407491207
2403 0.399666973008774
2404 0.399686439005763
2405 0.399340500666211
2406 0.398822546271338
2407 0.398037611621096
2408 0.397861594338573
2409 0.397945183992687
2410 0.397838956535941
2411 0.398349766454153
2412 0.397831698930175
2413 0.395850424110081
2414 0.395509266439733
2415 0.396065149387179
2416 0.395401294251564
2417 0.394916943626138
2418 0.394445580934505
2419 0.392945448261941
2420 0.392424827955154
2421 0.393408794675675
2422 0.392757676443324
2423 0.390785997929034
2424 0.389442066501133
2425 0.387556855271801
2426 0.38675232346931
2427 0.38690924969504
2428 0.386847703156945
2429 0.387609348091334
2430 0.387231739716977
2431 0.385876071373398
2432 0.385563551669511
2433 0.385066223374934
2434 0.384513632681486
2435 0.38526679296475
2436 0.384274890389043
2437 0.381529165990525
2438 0.381204772214242
2439 0.380728975984973
2440 0.381642700514732
2441 0.385658816047287
2442 0.386108821858099
2443 0.385409392637365
2444 0.383486939206051
2445 0.380339486820232
2446 0.378696161521001
2447 0.377559080698975
2448 0.376080348216387
2449 0.374660684955709
2450 0.373277129463009
2451 0.373753221902242
2452 0.375533669971572
2453 0.376243593130552
2454 0.376853839831764
2455 0.376182639240783
2456 0.374903525868048
2457 0.375591309299353
2458 0.375243568261693
2459 0.375376171609238
2460 0.374333022818627
2461 0.371292991255226
2462 0.372289336369429
2463 0.373055558029437
2464 0.373661432294167
2465 0.373802410165502
2466 0.370846458084807
2467 0.369069485346121
2468 0.367654834691422
2469 0.367714526176088
2470 0.370052525510606
2471 0.369752052750684
2472 0.369838491917303
2473 0.36901765533329
2474 0.36465178055758
2475 0.362173134928068
2476 0.3599262841056
2477 0.359862589641012
2478 0.36118356579153
2479 0.362608703118121
2480 0.367510272992188
2481 0.368303719700161
2482 0.367021147021954
2483 0.366028197734742
2484 0.36263465445046
2485 0.360567763213212
2486 0.357765041163606
2487 0.359397293082047
2488 0.364752327374067
2489 0.365671842088524
2490 0.368118633195482
2491 0.363857745462308
2492 0.359576598502444
2493 0.358106709591721
2494 0.358801684252728
2495 0.358845226517949
2496 0.357566059877389
2497 0.35489771171402
2498 0.353557082657351
2499 0.351914882160316
2500 0.351213860077774
