"Wavelength" "M023a_m5-w3"
350 0.103150905442019
351 0.103590179558863
352 0.101806636588374
353 0.0999269845521447
354 0.101138039694395
355 0.0979340686655028
356 0.0982357811425879
357 0.102464517626855
358 0.104150890711915
359 0.100551959891953
360 0.0971910512090026
361 0.0983234623233342
362 0.104237116072772
363 0.103141304602112
364 0.0967516570794264
365 0.0915277343381827
366 0.0954046072632537
367 0.0959735730192771
368 0.095022393633771
369 0.100711355551889
370 0.0979804439164593
371 0.095082704730809
372 0.0947027738765647
373 0.0898375528822431
374 0.0955685842729466
375 0.0996850765560312
376 0.0941285284144399
377 0.0974040648993592
378 0.096667691839468
379 0.0934823599390286
380 0.0939377786885719
381 0.0929156734623483
382 0.0940785207954124
383 0.0968312956766777
384 0.096411401867792
385 0.0939636555587969
386 0.0951040572480957
387 0.100198015899219
388 0.0972238867617635
389 0.0945977317021467
390 0.0943236540366865
391 0.0955839713462357
392 0.0949743049963997
393 0.0953971192581703
394 0.0963207727008261
395 0.0947214821537644
396 0.095236071077459
397 0.0956104798357393
398 0.0948974209498594
399 0.0966711412951934
400 0.0968957272660531
401 0.0964057820595871
402 0.0966737293719386
403 0.0948811145717356
404 0.0946333885321056
405 0.0958534907309093
406 0.0957714192097058
407 0.0966285522265256
408 0.0969851039419181
409 0.0963730271745759
410 0.0970532535991529
411 0.0972834410655087
412 0.0975830423434331
413 0.0986341457584918
414 0.0986618194192545
415 0.098502811780403
416 0.0988866893756784
417 0.100179749384837
418 0.0999421094144161
419 0.0994915310156578
420 0.0999414646329271
421 0.100792991420006
422 0.101414243762416
423 0.101865649778799
424 0.102377462387512
425 0.102483555211819
426 0.102611852592495
427 0.1028000067971
428 0.102703827884856
429 0.103441372369146
430 0.104311822966092
431 0.104744805497771
432 0.105511438844218
433 0.105451497455934
434 0.105047677504069
435 0.10537033295015
436 0.10590235510073
437 0.106438920199758
438 0.10689321922737
439 0.107304417805604
440 0.107549162715235
441 0.108030943933056
442 0.108880618027482
443 0.108939575278465
444 0.109025812789281
445 0.109398116003884
446 0.109921304416805
447 0.110269812107247
448 0.110988339710035
449 0.111907807901238
450 0.11145928315837
451 0.11157684084046
452 0.112043441325815
453 0.112245103388515
454 0.113072507239198
455 0.113456850056081
456 0.113416552180473
457 0.113908368913227
458 0.114503788026783
459 0.114808506959224
460 0.114789728860032
461 0.115245007951296
462 0.115750235735697
463 0.116093464175714
464 0.116180952614897
465 0.116105014826429
466 0.116374999144973
467 0.116903892436974
468 0.11685856214309
469 0.116966819442154
470 0.117419801785994
471 0.118083786268038
472 0.118216564267698
473 0.118396719698997
474 0.118832712015954
475 0.1194069495493
476 0.119422188571374
477 0.119460744982893
478 0.119848492125249
479 0.120089387759675
480 0.120203742364829
481 0.120592181663742
482 0.121500924896418
483 0.121478178716276
484 0.121656982988851
485 0.122342231923139
486 0.122787193188336
487 0.122848987711784
488 0.122896484112855
489 0.12324473233858
490 0.123656828707328
491 0.124008529350816
492 0.12432933564182
493 0.124731069762248
494 0.125078499081877
495 0.125461726922012
496 0.125905586354491
497 0.126251525117733
498 0.126740615131806
499 0.127271414925456
500 0.127669520745644
501 0.128056616945461
502 0.128412879269093
503 0.128755911657982
504 0.129150061428344
505 0.129629709508597
506 0.130114900787297
507 0.1305153100651
508 0.130782012244786
509 0.131063394529004
510 0.131403276369405
511 0.131781234329563
512 0.132292391029027
513 0.132808709592487
514 0.133234850672011
515 0.133584544659287
516 0.133979129624922
517 0.13440074148924
518 0.134805009099617
519 0.135373077010277
520 0.13580422809873
521 0.136063122346003
522 0.136467590092695
523 0.136915639627969
524 0.137368941335635
525 0.137821368726931
526 0.138356397078693
527 0.138845468022615
528 0.139246162754484
529 0.139597284753286
530 0.140083100537678
531 0.140559496456652
532 0.140944957914279
533 0.14144731361891
534 0.141886899871043
535 0.142306082838361
536 0.142816035404566
537 0.143216726244044
538 0.14367004785159
539 0.144221558892597
540 0.144691160314649
541 0.145154600517621
542 0.145610979760999
543 0.146047565058637
544 0.146481456131387
545 0.146965518802552
546 0.147489047557077
547 0.147979683172408
548 0.148452663661396
549 0.148997458859237
550 0.149646404721657
551 0.15020685119117
552 0.150807652948844
553 0.151438264506984
554 0.15200690958861
555 0.152604538368731
556 0.153179712097083
557 0.153704678655406
558 0.154244132077185
559 0.154733879832596
560 0.155245749105216
561 0.155860231318482
562 0.156331482780578
563 0.15675218298854
564 0.157171050171093
565 0.157538021387525
566 0.157872521421106
567 0.158165114655482
568 0.158460226047668
569 0.159047880160207
570 0.159701429432059
571 0.160298584900689
572 0.160835206363986
573 0.161405422697913
574 0.162003177302971
575 0.162585088505015
576 0.163063412021361
577 0.163491575404479
578 0.163898169534401
579 0.16429338270479
580 0.164640753212494
581 0.164967026778315
582 0.16526083540611
583 0.165396258763253
584 0.165764362969132
585 0.166242158361276
586 0.166573937947261
587 0.166955101925789
588 0.167438797319465
589 0.167999926788044
590 0.168531852508921
591 0.168936415290837
592 0.169341471518781
593 0.169861033575064
594 0.170299561352129
595 0.170699683089624
596 0.171101057079907
597 0.171533220089955
598 0.171931948258068
599 0.17234001588088
600 0.172766051051229
601 0.173073957890823
602 0.173372217201735
603 0.173694304561589
604 0.174037859628064
605 0.174435232618443
606 0.174782515731845
607 0.175059238599036
608 0.175409865985282
609 0.175737994762761
610 0.176071496671275
611 0.176470848511725
612 0.17695004313142
613 0.177357897052358
614 0.177694966893869
615 0.178139309473777
616 0.178535871596008
617 0.178903611659242
618 0.179285689556435
619 0.179658880979626
620 0.180054333579804
621 0.180447363187789
622 0.180781123768435
623 0.181146155901748
624 0.18156395553967
625 0.182010363467229
626 0.182378423936071
627 0.182788325486582
628 0.183216320115363
629 0.183587373421047
630 0.183991282714938
631 0.18442245196404
632 0.184859514566018
633 0.185274163483043
634 0.185627466508703
635 0.185966183057488
636 0.186356908955947
637 0.186816045764946
638 0.187235657718638
639 0.187608657641746
640 0.188030533247345
641 0.188441476958803
642 0.188843325677907
643 0.189253888628651
644 0.189711569337302
645 0.190119336535356
646 0.190506322620964
647 0.190968602204789
648 0.191428529950139
649 0.19187772235623
650 0.192316599079713
651 0.192745716638776
652 0.19315321569608
653 0.19355055624609
654 0.193955098621475
655 0.194352934963649
656 0.19478437336071
657 0.195268193901103
658 0.195793853033219
659 0.196217705741591
660 0.196604854130637
661 0.197042247217218
662 0.197469894537951
663 0.1979603166179
664 0.198481984839709
665 0.198934198740195
666 0.199441680094456
667 0.199920906555751
668 0.200311879338708
669 0.200662353326186
670 0.201148156988553
671 0.201708954814658
672 0.20218903825454
673 0.202622007766117
674 0.203084194950429
675 0.203576916844025
676 0.203988614663782
677 0.204490993853974
678 0.205010073702548
679 0.205451078355366
680 0.205930104298421
681 0.206427137983267
682 0.206924290893995
683 0.207411446655372
684 0.207925635342507
685 0.208423355661243
686 0.208888368635666
687 0.209405824192955
688 0.209929410604137
689 0.210463377002451
690 0.211019301106712
691 0.211493248788434
692 0.211983538689924
693 0.21251543946249
694 0.212984281007032
695 0.213473252761288
696 0.213982890198144
697 0.214493609840218
698 0.215000040384976
699 0.215541245954639
700 0.216130497060981
701 0.216749107289464
702 0.217254103637962
703 0.217708610494602
704 0.218190768488278
705 0.218722353926403
706 0.21928567014962
707 0.219866844049592
708 0.220441365771533
709 0.220916988112474
710 0.221440791305432
711 0.222047825768878
712 0.222603643406126
713 0.223085712577864
714 0.22360165875831
715 0.224232421986138
716 0.224838596798982
717 0.225387323123685
718 0.225916106128253
719 0.226505933008035
720 0.227131570178444
721 0.227711386452911
722 0.228211935089878
723 0.228700664492076
724 0.229254385808364
725 0.229868892503661
726 0.230493787408281
727 0.231048601698134
728 0.231599241341226
729 0.232172128456544
730 0.232744265081424
731 0.233370707545563
732 0.233932522282845
733 0.234384903466844
734 0.234983004191237
735 0.235551191862613
736 0.236103180946919
737 0.236725949757857
738 0.237284505053142
739 0.237851142487957
740 0.238456622465637
741 0.23904586652155
742 0.239586316174087
743 0.240171117023295
744 0.24085922123242
745 0.241473054567633
746 0.242010801170124
747 0.242533190872005
748 0.243133823119471
749 0.243773918495442
750 0.244373662266118
751 0.24490929456023
752 0.245464121437916
753 0.246030288096802
754 0.246594007900172
755 0.247147007670142
756 0.247718169273632
757 0.248373202456705
758 0.249054487129089
759 0.249619278139441
760 0.250234161764925
761 0.25081673302769
762 0.251349905498384
763 0.252045152556089
764 0.252661724901592
765 0.253173909437749
766 0.253656686824257
767 0.254245499106488
768 0.254867706902854
769 0.255476006398437
770 0.256059157136821
771 0.256623972873346
772 0.257212602998421
773 0.257835852296855
774 0.258418734348696
775 0.259036437622404
776 0.259643065554774
777 0.260175880912631
778 0.260714830645341
779 0.261288180099711
780 0.261917903541898
781 0.262611328970363
782 0.263190644514365
783 0.263728968350947
784 0.26430460243991
785 0.264899600304197
786 0.265488917856829
787 0.266113982289146
788 0.266808678950107
789 0.267457369946383
790 0.267993303444123
791 0.268470829931685
792 0.269041971609789
793 0.26970885934476
794 0.270321363968004
795 0.270813976222551
796 0.271327789959101
797 0.271995741472654
798 0.272719545441085
799 0.273339881383226
800 0.273835842707385
801 0.274374008873444
802 0.274984725582555
803 0.275589836685803
804 0.276198381372166
805 0.27685072237278
806 0.277506472043528
807 0.277988920169738
808 0.278534151810676
809 0.279150799433406
810 0.279794200060624
811 0.280510397970371
812 0.281051426385881
813 0.281485820560173
814 0.282044538442737
815 0.28263882499618
816 0.283242408073705
817 0.283863366951193
818 0.284537876144585
819 0.285101777715605
820 0.285606554742327
821 0.286132437407413
822 0.286704311071138
823 0.287264124478733
824 0.287811938199544
825 0.28838229598901
826 0.289064873174939
827 0.289646179117028
828 0.290124362497443
829 0.290671369045239
830 0.291208543306809
831 0.291797520505808
832 0.292449976688257
833 0.293074171101752
834 0.293687367849855
835 0.294242474029978
836 0.294728839765196
837 0.295281705375807
838 0.29583414123124
839 0.296404927847778
840 0.297027782131183
841 0.297605551724129
842 0.298104507455307
843 0.298626141440735
844 0.299350137330837
845 0.299888064628985
846 0.300339102170682
847 0.30085219691016
848 0.301518536737081
849 0.302170598009778
850 0.302715929606584
851 0.30316769113953
852 0.303786499065584
853 0.304279330681851
854 0.304795382466455
855 0.305572482581827
856 0.306182225002598
857 0.306659171555213
858 0.307080603291646
859 0.307542644477286
860 0.30816088708829
861 0.308833427748206
862 0.309466359834073
863 0.310031504333734
864 0.310539509321252
865 0.311036100444469
866 0.311572586490469
867 0.312199546067497
868 0.312798196364068
869 0.313335001837009
870 0.313832384387483
871 0.314389729773278
872 0.314897595742898
873 0.315434095513092
874 0.316125927480878
875 0.316645203027331
876 0.317178721916829
877 0.31777679619202
878 0.318321729366313
879 0.318829341558839
880 0.319299703962886
881 0.319767722925189
882 0.320314257534188
883 0.32084667964383
884 0.321424406523968
885 0.322071838432218
886 0.322651266922477
887 0.323233111774485
888 0.323798455281407
889 0.324320640596935
890 0.324846089900797
891 0.325366486595367
892 0.325884640018081
893 0.326420179608851
894 0.327062779821003
895 0.327668480386517
896 0.328202761042421
897 0.328721261249397
898 0.329188089234713
899 0.329685776288706
900 0.330228603501408
901 0.330753060172268
902 0.331353426210767
903 0.331971380703456
904 0.332564872094802
905 0.333154164272206
906 0.333658791789733
907 0.334157617980042
908 0.334728038594535
909 0.33536984542753
910 0.335876956408576
911 0.336327004520818
912 0.336849257714363
913 0.337453559370488
914 0.338008214787073
915 0.338542100103105
916 0.33911305858674
917 0.33961520713929
918 0.340179274772875
919 0.340833969629093
920 0.341511719989372
921 0.341990077888448
922 0.342486588952643
923 0.343036529156272
924 0.343551625734489
925 0.344071215386607
926 0.344672549734366
927 0.345239706928674
928 0.345579569881134
929 0.346180214590873
930 0.346779460723226
931 0.347281551872878
932 0.347843687384231
933 0.348548288787671
934 0.349172335327497
935 0.349639638821343
936 0.35010740856999
937 0.350630617324235
938 0.351217128725889
939 0.351807401750229
940 0.352282052600745
941 0.352812082627857
942 0.353423731707781
943 0.354037847201129
944 0.35447631185784
945 0.355005753483425
946 0.355487068337249
947 0.35587727933828
948 0.356459108601546
949 0.357007050064192
950 0.357487137188042
951 0.357998346310954
952 0.358797165246314
953 0.359344002110366
954 0.359762954967904
955 0.360251139988833
956 0.360747562829653
957 0.361261621980491
958 0.361709900917037
959 0.362150526593543
960 0.363009671260123
961 0.363611710941183
962 0.364058520253619
963 0.364560341055174
964 0.365009894053173
965 0.36556265956501
966 0.366076086485562
967 0.366480227095266
968 0.367085192675882
969 0.367529559085251
970 0.367904134188386
971 0.368368308818641
972 0.368916846527394
973 0.369436092654942
974 0.369947561666473
975 0.370501574153261
976 0.371118154795053
977 0.371621593178066
978 0.372121933167797
979 0.372682501814452
980 0.373109383362613
981 0.373614722175217
982 0.374137500443528
983 0.374655943532704
984 0.375340731907716
985 0.375941799890181
986 0.376440217598806
987 0.376856350380393
988 0.377184221461322
989 0.377664023954833
990 0.378243677102259
991 0.378776415888144
992 0.379124401361802
993 0.379738906909828
994 0.380265149395264
995 0.380640041844431
996 0.381270042536562
997 0.381596954089586
998 0.382039220104115
999 0.382642754246622
1000 0.383022344682037
1001 0.375641936479732
1002 0.376160301242717
1003 0.376703769170307
1004 0.377179470054224
1005 0.377568596249326
1006 0.378027232103957
1007 0.378499029391578
1008 0.378967862614084
1009 0.379428518651344
1010 0.379899751369399
1011 0.380281626874852
1012 0.380719709253857
1013 0.381226149686919
1014 0.381675323814782
1015 0.382155326646383
1016 0.382646246385161
1017 0.383108058230602
1018 0.383538182645907
1019 0.383969127094515
1020 0.384394851441957
1021 0.384836652916189
1022 0.385181785737705
1023 0.385611622877029
1024 0.386097857497337
1025 0.386434316038292
1026 0.386853290672161
1027 0.38733431127456
1028 0.387725309210702
1029 0.388156378689973
1030 0.388661117276285
1031 0.389131916367225
1032 0.389618209657781
1033 0.390184178003758
1034 0.390680783120471
1035 0.391142764622002
1036 0.391588280536427
1037 0.391985744925508
1038 0.392366052388823
1039 0.392781531034109
1040 0.393154952998647
1041 0.393640766123617
1042 0.39415319802332
1043 0.394597841626385
1044 0.395129714897536
1045 0.395611182380834
1046 0.39604332859956
1047 0.396519516775297
1048 0.397042529342184
1049 0.397501111402871
1050 0.397935262691242
1051 0.398371239275353
1052 0.398756523761406
1053 0.399213515720144
1054 0.399672302541593
1055 0.400071795424562
1056 0.400508992232361
1057 0.400855775935815
1058 0.401202471390846
1059 0.401731271486263
1060 0.402190643207544
1061 0.402535950520795
1062 0.402919190330308
1063 0.403309913509836
1064 0.403599257470175
1065 0.403927829805047
1066 0.404358829086642
1067 0.404754989324527
1068 0.405149667155856
1069 0.405536502458631
1070 0.405921674647239
1071 0.406294476924217
1072 0.406683968634487
1073 0.40709396935092
1074 0.407474247303659
1075 0.407891972920082
1076 0.408262175391197
1077 0.408599921403319
1078 0.408877867448018
1079 0.40920416029684
1080 0.409486001428868
1081 0.409785919305924
1082 0.41015480462431
1083 0.410518115538094
1084 0.410901381541727
1085 0.411228982806502
1086 0.411543819798265
1087 0.411862401850407
1088 0.412129777461258
1089 0.412475422460591
1090 0.412833624072363
1091 0.413136671641436
1092 0.413413053799421
1093 0.413712359015338
1094 0.41398070476035
1095 0.414227112613857
1096 0.41461893601278
1097 0.41497217502214
1098 0.415295816458246
1099 0.415692156674244
1100 0.415998925661693
1101 0.416258025226163
1102 0.416595924488799
1103 0.416930659543378
1104 0.417214326598914
1105 0.417519755422936
1106 0.417822174469627
1107 0.418086035704569
1108 0.41837897720378
1109 0.418689619274262
1110 0.419017255747679
1111 0.419324084868963
1112 0.419674427602787
1113 0.420032667999704
1114 0.420343543343806
1115 0.420657694411158
1116 0.420985987448402
1117 0.42132315217382
1118 0.421719576241994
1119 0.422143324828494
1120 0.422523232651558
1121 0.422893843880939
1122 0.423235180394607
1123 0.423590435806814
1124 0.423962732594813
1125 0.424296014671482
1126 0.42460817808329
1127 0.424915958865234
1128 0.425223014591139
1129 0.425562756925621
1130 0.425922380131599
1131 0.426283225500172
1132 0.426671983541358
1133 0.427024058939494
1134 0.427364727717141
1135 0.427735586065736
1136 0.42807292709993
1137 0.428370711103776
1138 0.428687270707706
1139 0.428978635947754
1140 0.429320136050011
1141 0.429700614993352
1142 0.430052538122816
1143 0.430420732829071
1144 0.430805588097359
1145 0.431114278370477
1146 0.431420541523067
1147 0.431756006643084
1148 0.432078644113626
1149 0.432404016167253
1150 0.43273276178216
1151 0.433088985242927
1152 0.433414608766567
1153 0.433722227548651
1154 0.434028330487991
1155 0.434328411051744
1156 0.434591594528442
1157 0.43487899886468
1158 0.435152644080801
1159 0.435462899676197
1160 0.43579846469743
1161 0.436141688918358
1162 0.436435682870822
1163 0.436793281340821
1164 0.437145818435363
1165 0.437446093675514
1166 0.43774529917291
1167 0.438063392991632
1168 0.438370872276474
1169 0.438657209524545
1170 0.438967304345541
1171 0.439329894196008
1172 0.4396485556179
1173 0.439941329751224
1174 0.440240118390621
1175 0.440548386441791
1176 0.440835417755843
1177 0.441088094726386
1178 0.441370207710101
1179 0.441658985020639
1180 0.441937708079806
1181 0.442257946141588
1182 0.442565244931359
1183 0.442814285194906
1184 0.443079405695155
1185 0.443379778478327
1186 0.443667097411324
1187 0.443936570695125
1188 0.44422894918192
1189 0.444489626231787
1190 0.444701679460261
1191 0.444940269546698
1192 0.445173240540785
1193 0.445439512241771
1194 0.445708356854029
1195 0.445991604553724
1196 0.446351015968857
1197 0.446639434339558
1198 0.446892580913527
1199 0.447141068478597
1200 0.447376962102557
1201 0.447632933993501
1202 0.447886713281547
1203 0.448153705587368
1204 0.44840459791191
1205 0.448630512683967
1206 0.448862629839092
1207 0.449098603873336
1208 0.449333084145362
1209 0.449556801569534
1210 0.449794049748863
1211 0.450038286140105
1212 0.450289079420462
1213 0.45054767738206
1214 0.45080549154166
1215 0.451088179923466
1216 0.451338654830044
1217 0.451580978267718
1218 0.451790557862156
1219 0.452004572607587
1220 0.452255103171316
1221 0.452493376434611
1222 0.452767544838489
1223 0.452986896156887
1224 0.453156308441072
1225 0.453371388934206
1226 0.453582201189316
1227 0.453802853194434
1228 0.454058434050209
1229 0.454297374547503
1230 0.454516937367479
1231 0.454755672911256
1232 0.455001589633931
1233 0.45525382119391
1234 0.4555207163856
1235 0.455781360461505
1236 0.456039742075329
1237 0.456322324939685
1238 0.456561795594274
1239 0.456790448054057
1240 0.457018056039994
1241 0.457226517114276
1242 0.457431773546098
1243 0.457623988639899
1244 0.457849093861228
1245 0.458075200945089
1246 0.458309668439366
1247 0.458579681548048
1248 0.458828449461668
1249 0.459050870284916
1250 0.459301285327677
1251 0.459599891568609
1252 0.459843351303037
1253 0.460059804287591
1254 0.460287075300631
1255 0.460448545642837
1256 0.460671201285766
1257 0.460927292929894
1258 0.461209726656289
1259 0.461533582056658
1260 0.461916177703514
1261 0.462266077977467
1262 0.462668644664163
1263 0.462986309539443
1264 0.463286818331468
1265 0.463522408654068
1266 0.463681686090622
1267 0.463852125803953
1268 0.463958824323105
1269 0.46410764507397
1270 0.464245019797242
1271 0.464428035341695
1272 0.464627957721568
1273 0.464857903014658
1274 0.465178408493699
1275 0.465430132053788
1276 0.465663113875517
1277 0.465895554696628
1278 0.466080298810306
1279 0.466263345923169
1280 0.466503417859941
1281 0.466802360268226
1282 0.467025295926664
1283 0.467266880777396
1284 0.467443933040731
1285 0.467532015658494
1286 0.467681526386557
1287 0.467828817259994
1288 0.4679863018309
1289 0.468146201979541
1290 0.468336515076025
1291 0.468571943508402
1292 0.468756115953901
1293 0.468940681131307
1294 0.469119633283234
1295 0.469252998693979
1296 0.469401842647673
1297 0.469597778066499
1298 0.469742753040506
1299 0.469837148931831
1300 0.469936246844238
1301 0.470076372123829
1302 0.470227909217906
1303 0.470343070218895
1304 0.470492425934116
1305 0.470587885825288
1306 0.470611912394353
1307 0.470676659650712
1308 0.470754123355075
1309 0.470822014197212
1310 0.470881300642337
1311 0.470944774821274
1312 0.471000090768019
1313 0.471075054470377
1314 0.471157333920188
1315 0.471244131514576
1316 0.471351543871382
1317 0.471449279055813
1318 0.471552022881708
1319 0.47164072543919
1320 0.471717403340225
1321 0.471798229741557
1322 0.471876780426667
1323 0.471939696229675
1324 0.472024435942988
1325 0.472110902596259
1326 0.472223369414673
1327 0.472335128211145
1328 0.472498094147077
1329 0.472703807373775
1330 0.472899899849419
1331 0.473141426892006
1332 0.473336325566231
1333 0.473516160318576
1334 0.473687827455454
1335 0.473837392900398
1336 0.473995616666964
1337 0.474150886576778
1338 0.47430307211596
1339 0.474459345079577
1340 0.474604032321465
1341 0.474714541526601
1342 0.474868237865821
1343 0.475048863549882
1344 0.475215319059735
1345 0.475406592846094
1346 0.475589055488207
1347 0.475759504773836
1348 0.475926741528844
1349 0.476073218612769
1350 0.476223299404554
1351 0.476346860461325
1352 0.476425203095348
1353 0.476549041479924
1354 0.476695818013892
1355 0.476806120211843
1356 0.476910482760629
1357 0.477021838048495
1358 0.477101141685395
1359 0.477214893931819
1360 0.477353114405265
1361 0.4774976153445
1362 0.477643648410677
1363 0.477809557947893
1364 0.477998696533802
1365 0.478189709413176
1366 0.478415606355972
1367 0.478600853223092
1368 0.478774770011583
1369 0.478938731473451
1370 0.47909533062159
1371 0.479215412640536
1372 0.479327824239731
1373 0.479404274586809
1374 0.479461678689016
1375 0.479466250745452
1376 0.479440509475755
1377 0.47939574214286
1378 0.479295548149902
1379 0.479109844365399
1380 0.478989208677798
1381 0.478859719654885
1382 0.47873026138989
1383 0.478644324074762
1384 0.478496919422382
1385 0.478330642879195
1386 0.478119691808913
1387 0.477892854094933
1388 0.477605187982171
1389 0.477236313827254
1390 0.476892643237322
1391 0.476534726195152
1392 0.476142556496862
1393 0.475757477281056
1394 0.4753216234179
1395 0.474816515121413
1396 0.474321883318011
1397 0.473811752329038
1398 0.473286919219854
1399 0.47273642531577
1400 0.47219964320995
1401 0.471653843838215
1402 0.471121145939906
1403 0.47057672200207
1404 0.4700415740687
1405 0.469485945122017
1406 0.468884677879712
1407 0.468365913086084
1408 0.467855710976653
1409 0.467404764521821
1410 0.467000748756004
1411 0.466647318633108
1412 0.466290077990015
1413 0.466086926960377
1414 0.465946181961597
1415 0.465943413951876
1416 0.466081675411507
1417 0.466277877555509
1418 0.466579607192148
1419 0.466944057146522
1420 0.467435975302131
1421 0.467891634315767
1422 0.468412188565907
1423 0.468906073133222
1424 0.469376252691238
1425 0.469870381402295
1426 0.470416498154889
1427 0.470904989316453
1428 0.47139120680861
1429 0.471832589738817
1430 0.472199725579987
1431 0.47258915520389
1432 0.472957564059589
1433 0.473339751837412
1434 0.473734062107148
1435 0.474116665518066
1436 0.474504061753729
1437 0.474893975399649
1438 0.475274775786029
1439 0.475661015273042
1440 0.476024986859814
1441 0.476401002910969
1442 0.476693524050938
1443 0.476939369466809
1444 0.477182132552666
1445 0.477355949583735
1446 0.47757089362933
1447 0.477781635970123
1448 0.478030058569546
1449 0.47829938366254
1450 0.478569009736104
1451 0.478894869477452
1452 0.479156697580959
1453 0.479409543316186
1454 0.479607805008909
1455 0.479725851987047
1456 0.479897949130962
1457 0.480025374867187
1458 0.480218952420555
1459 0.480473271444057
1460 0.480730836102358
1461 0.481064023388729
1462 0.481317894449252
1463 0.481546145006523
1464 0.481764575472072
1465 0.481888444368597
1466 0.482082860770094
1467 0.482304987673711
1468 0.482553079156571
1469 0.482862214478963
1470 0.483155006301446
1471 0.483466372833907
1472 0.483741301434672
1473 0.483947434400019
1474 0.484182316102482
1475 0.484363483536766
1476 0.484490306669089
1477 0.4846580000421
1478 0.48480073643956
1479 0.48499960502467
1480 0.485226431307643
1481 0.485470255813234
1482 0.485755516470774
1483 0.486020127799364
1484 0.486296588168586
1485 0.486566783234849
1486 0.486834391318932
1487 0.487095127313989
1488 0.487363547550215
1489 0.487607897103458
1490 0.487842086190007
1491 0.488060660331501
1492 0.488250893266567
1493 0.488451413245104
1494 0.488654197089017
1495 0.488835030104398
1496 0.488987103545694
1497 0.489179193936065
1498 0.489358399782468
1499 0.489571271042492
1500 0.489825259693782
1501 0.490086644016838
1502 0.490389743574718
1503 0.490650875239908
1504 0.490938180160323
1505 0.491168899652512
1506 0.49132612034194
1507 0.491503490624423
1508 0.491644125537975
1509 0.491814341099726
1510 0.491997683585728
1511 0.492193990105367
1512 0.492425841273962
1513 0.492632626158002
1514 0.492827709894444
1515 0.49303552864721
1516 0.493240514896806
1517 0.493447887020254
1518 0.493642825795931
1519 0.493824308098302
1520 0.493981600308476
1521 0.494105297607782
1522 0.494232609501507
1523 0.494348172985695
1524 0.494482704991158
1525 0.494595300815453
1526 0.49476929417147
1527 0.494977918207985
1528 0.495192953356962
1529 0.495448903983597
1530 0.495676149011249
1531 0.495922915405977
1532 0.496117942800432
1533 0.496294189420633
1534 0.496437262807315
1535 0.496528054094773
1536 0.49664360135599
1537 0.496734479388998
1538 0.496859911783914
1539 0.496999843500691
1540 0.497149202002044
1541 0.497303095685647
1542 0.497489062876716
1543 0.49770335414305
1544 0.497913565211568
1545 0.498158233056516
1546 0.498374459697529
1547 0.498592758227989
1548 0.498774158855493
1549 0.498938077284881
1550 0.499084261573499
1551 0.499190144662824
1552 0.499305259409122
1553 0.49938868563977
1554 0.499519392748402
1555 0.499681959175116
1556 0.499820903855442
1557 0.499967897673337
1558 0.50012795979032
1559 0.500279013174657
1560 0.500431543714178
1561 0.500627372366902
1562 0.500779921139958
1563 0.500909457786647
1564 0.501016509899971
1565 0.501052606440715
1566 0.501165746918103
1567 0.501287863768178
1568 0.501435802443168
1569 0.501682771977267
1570 0.501864852310667
1571 0.502024901773484
1572 0.502169937735555
1573 0.502256303380954
1574 0.502390000155636
1575 0.502520857005376
1576 0.502685220413602
1577 0.50292387069902
1578 0.503114436466685
1579 0.503340258122599
1580 0.503486605757023
1581 0.503553419035179
1582 0.503626061024619
1583 0.503605702845825
1584 0.503661294925312
1585 0.503743556175576
1586 0.503858044684502
1587 0.504057741630729
1588 0.504219016948675
1589 0.504416540896199
1590 0.504553098730721
1591 0.504608399746207
1592 0.504700139625126
1593 0.504756245575399
1594 0.504846256025465
1595 0.504999859212195
1596 0.505125317704631
1597 0.505237256723029
1598 0.505361573455241
1599 0.505479749640044
1600 0.50560032911539
1601 0.505753226055133
1602 0.505893254348564
1603 0.506013847925851
1604 0.506131017424239
1605 0.506248967712798
1606 0.50634477570975
1607 0.50648436419354
1608 0.506636427278006
1609 0.50682221061043
1610 0.507044903742637
1611 0.507249712992825
1612 0.507480314956545
1613 0.507666820619161
1614 0.507838301425652
1615 0.507988625328174
1616 0.508119113396927
1617 0.508236807497242
1618 0.508319343120129
1619 0.508448458034248
1620 0.508582955512962
1621 0.508717450907875
1622 0.50887694559488
1623 0.509019332036965
1624 0.509157449902586
1625 0.509266296461274
1626 0.509376682190345
1627 0.509458165463692
1628 0.509493772902248
1629 0.509549314392802
1630 0.50958490173666
1631 0.509686692564208
1632 0.509808527351341
1633 0.5099462876263
1634 0.510134102326316
1635 0.510305530744436
1636 0.510480902604578
1637 0.510638509975008
1638 0.510810519204121
1639 0.510949555404295
1640 0.511040595298412
1641 0.51118528637913
1642 0.511358163421225
1643 0.511485791623127
1644 0.511634691709007
1645 0.511712597694759
1646 0.511708423847975
1647 0.511783675596167
1648 0.511846153131988
1649 0.511970326546214
1650 0.512168148425538
1651 0.512311545321363
1652 0.512465168411799
1653 0.512574669948312
1654 0.512648794793647
1655 0.512669862651272
1656 0.512775676715045
1657 0.512941968725786
1658 0.513081348088551
1659 0.513275177528295
1660 0.513453613891085
1661 0.513540007448062
1662 0.513671811122307
1663 0.513804363247867
1664 0.513884393840872
1665 0.513971066003215
1666 0.514021176644175
1667 0.514052714956204
1668 0.514133652602412
1669 0.514268198272353
1670 0.514405531053835
1671 0.514562774268493
1672 0.514776846246448
1673 0.515006366188797
1674 0.515237621143076
1675 0.515424201032606
1676 0.515554026502057
1677 0.515691756644236
1678 0.515854548833452
1679 0.516043910684132
1680 0.516248276861087
1681 0.516405053052792
1682 0.516515152918591
1683 0.516675068720924
1684 0.516830278621105
1685 0.516934591046259
1686 0.517082358941448
1687 0.517189725334334
1688 0.517242349923276
1689 0.517354721813459
1690 0.517436072322202
1691 0.517467743434007
1692 0.517568166712632
1693 0.5176234981048
1694 0.517616632048846
1695 0.517644500947217
1696 0.517650112400433
1697 0.517710019115751
1698 0.517856384150153
1699 0.518077218324894
1700 0.518237986916661
1701 0.518358526779478
1702 0.518508568192807
1703 0.518642249237184
1704 0.518808216298152
1705 0.519058471657805
1706 0.519222247255141
1707 0.51934673773853
1708 0.519452398510049
1709 0.519533670213903
1710 0.519569790558007
1711 0.519569871238182
1712 0.519552455312889
1713 0.519433602688009
1714 0.519397149623736
1715 0.519405723693084
1716 0.519420357352347
1717 0.51946327981806
1718 0.519503204128087
1719 0.519567281756609
1720 0.519586502504815
1721 0.519569628852051
1722 0.51962018893045
1723 0.519672632652739
1724 0.519743993368579
1725 0.519872357486981
1726 0.519994293890876
1727 0.520099992532834
1728 0.520216091421327
1729 0.520399130410786
1730 0.520492283359131
1731 0.520556622067959
1732 0.520570774870423
1733 0.52049199522967
1734 0.520482829242672
1735 0.520451092002519
1736 0.520468687438353
1737 0.520548395077163
1738 0.520606161882451
1739 0.52065268044279
1740 0.520787420112923
1741 0.520870256046594
1742 0.520943978077899
1743 0.521041571593495
1744 0.521017494729293
1745 0.520957311420763
1746 0.52085491835448
1747 0.520692547836352
1748 0.520598621095111
1749 0.52057142560911
1750 0.520630240585304
1751 0.520751335621167
1752 0.520852788884421
1753 0.520902249343094
1754 0.520940933287606
1755 0.520961602957212
1756 0.520954632328278
1757 0.521064091183073
1758 0.521179576550698
1759 0.521256200834463
1760 0.521466872682077
1761 0.521637386997707
1762 0.521681467343778
1763 0.521778565595928
1764 0.521843842767461
1765 0.521771736002398
1766 0.521762400429289
1767 0.521791282479531
1768 0.521712297610741
1769 0.521701075733812
1770 0.521751036550672
1771 0.521788589585978
1772 0.521902062717039
1773 0.521918100619949
1774 0.521860874526136
1775 0.521815060906848
1776 0.521715632397243
1777 0.521688468157529
1778 0.521682642939428
1779 0.521735840108635
1780 0.521834222827568
1781 0.521894577264109
1782 0.522061253929949
1783 0.522086767659443
1784 0.522088213711094
1785 0.522190622048923
1786 0.52224039749624
1787 0.522365902332563
1788 0.522551463611174
1789 0.52267582628616
1790 0.522804795987907
1791 0.522913895120326
1792 0.522989850152807
1793 0.52304322791433
1794 0.523080628228177
1795 0.523103799838331
1796 0.523083007427432
1797 0.523092037969113
1798 0.523152139926814
1799 0.523204273670363
1800 0.523350125224608
1801 0.52557598112219
1802 0.525495906639671
1803 0.525609410369001
1804 0.525605926732724
1805 0.525647724742015
1806 0.525768880160417
1807 0.525851630543665
1808 0.525842337885981
1809 0.525945041719539
1810 0.526194245510976
1811 0.526293110382375
1812 0.526301137448109
1813 0.526430703490254
1814 0.526393290208524
1815 0.526429144475362
1816 0.526508557625564
1817 0.526647421149877
1818 0.526770139699029
1819 0.526947946682145
1820 0.527028859436658
1821 0.527245564657616
1822 0.527467387424052
1823 0.527516771021559
1824 0.527579718313237
1825 0.52769256489715
1826 0.527721904248202
1827 0.527825053950912
1828 0.528211842076654
1829 0.528267975533446
1830 0.528177768691282
1831 0.527965464230945
1832 0.527684893348886
1833 0.527442856966091
1834 0.52740314533348
1835 0.527447345263869
1836 0.527515508556356
1837 0.527691382219066
1838 0.527814579475264
1839 0.527969414658584
1840 0.528108978874044
1841 0.528131351227083
1842 0.528192585813035
1843 0.52820090686942
1844 0.528158569949414
1845 0.528239016558178
1846 0.528255308483591
1847 0.528222879756169
1848 0.528122332431861
1849 0.528084409557129
1850 0.52811336453276
1851 0.528114784298497
1852 0.528141139642901
1853 0.528200410269473
1854 0.528047102649908
1855 0.527830884647934
1856 0.527807936703043
1857 0.527753573670056
1858 0.527670176364995
1859 0.527615945723252
1860 0.527617722842127
1861 0.527487430869448
1862 0.527326183871239
1863 0.52705923831535
1864 0.526745310352413
1865 0.526358513676061
1866 0.525787263438083
1867 0.52530572498064
1868 0.524821981694315
1869 0.524412870645366
1870 0.523982851129683
1871 0.523591353097111
1872 0.523201861592146
1873 0.522629881752505
1874 0.521916226195096
1875 0.521278156923867
1876 0.520552695902716
1877 0.519697955820399
1878 0.518890481033284
1879 0.518126437164795
1880 0.517219467797359
1881 0.51624390045781
1882 0.515190408792764
1883 0.513939752121115
1884 0.512632881270899
1885 0.511155788995143
1886 0.50953559244729
1887 0.507791782899618
1888 0.505903931758025
1889 0.503818037559771
1890 0.501612825372078
1891 0.499367729356281
1892 0.497039133202546
1893 0.494547895824322
1894 0.491927926486204
1895 0.489220117104532
1896 0.486475480167613
1897 0.483778620239732
1898 0.480960964823452
1899 0.4782220475903
1900 0.47542847355088
1901 0.472841788652813
1902 0.470266617841552
1903 0.467953705756439
1904 0.465867124816845
1905 0.464021747741775
1906 0.462308389824572
1907 0.460786492641491
1908 0.459504739907242
1909 0.458351397791724
1910 0.45741892576322
1911 0.456756183871489
1912 0.456187095368028
1913 0.455790202366115
1914 0.45551656055122
1915 0.455368565215602
1916 0.45534229460541
1917 0.455410426808189
1918 0.455561010134894
1919 0.45582091466171
1920 0.45616245152385
1921 0.456524503980745
1922 0.456982612685015
1923 0.45745791430474
1924 0.457978379370181
1925 0.458441440838471
1926 0.458969625770379
1927 0.459641104279894
1928 0.46043109795987
1929 0.461210906338787
1930 0.462028089872219
1931 0.462768923081588
1932 0.463392843750882
1933 0.463801727814275
1934 0.464342241211306
1935 0.46481965229606
1936 0.465415084008532
1937 0.466103834350107
1938 0.466881707643799
1939 0.467705728153713
1940 0.468439306231512
1941 0.469134120989188
1942 0.469800539752354
1943 0.470485703687529
1944 0.471167284990707
1945 0.471858866150596
1946 0.472584305182291
1947 0.473236634830858
1948 0.473830554296541
1949 0.47446833327313
1950 0.475122947024465
1951 0.475827140848043
1952 0.476522681462648
1953 0.477229350031957
1954 0.477850192036267
1955 0.478329075389256
1956 0.478885805413437
1957 0.479415781976529
1958 0.480012796502222
1959 0.480633645208896
1960 0.481331681307847
1961 0.481979953756863
1962 0.482546750044841
1963 0.483074786424826
1964 0.483566709116486
1965 0.484060055055357
1966 0.484543833569075
1967 0.485049367212952
1968 0.485531099711642
1969 0.486048678444128
1970 0.486618615384426
1971 0.487166995945281
1972 0.487712668151947
1973 0.488251178326539
1974 0.488779413670912
1975 0.489365135948539
1976 0.489997119127661
1977 0.490580550089478
1978 0.491135274516385
1979 0.491658504534701
1980 0.492214337501432
1981 0.492728549287299
1982 0.493293231881541
1983 0.493867708766086
1984 0.494508237514302
1985 0.495193870505067
1986 0.495914776563321
1987 0.496589735168978
1988 0.497400723190582
1989 0.498095245247834
1990 0.498595609027999
1991 0.499100735433716
1992 0.499460704140703
1993 0.499939189367108
1994 0.500432011740175
1995 0.500944973542418
1996 0.501536225230597
1997 0.502122947631181
1998 0.502747863871133
1999 0.503232207679758
2000 0.503818328640925
2001 0.504347452216397
2002 0.504856500114046
2003 0.505269183899533
2004 0.505834958371817
2005 0.506517916643761
2006 0.507064635781553
2007 0.507653389986702
2008 0.508145727472075
2009 0.50846164217115
2010 0.508845757302411
2011 0.509212541328128
2012 0.50966223449184
2013 0.510021822567677
2014 0.51042539597812
2015 0.510807997753879
2016 0.511149979053702
2017 0.511534955404832
2018 0.511955353766097
2019 0.512366314723856
2020 0.512807189430263
2021 0.513226227474389
2022 0.51368378514066
2023 0.514024233024407
2024 0.514310050237213
2025 0.514542691755728
2026 0.514708977893789
2027 0.514917095269461
2028 0.51527539744762
2029 0.515723177017794
2030 0.516100430037474
2031 0.516614600277079
2032 0.516903073810802
2033 0.516995194109687
2034 0.517190556460309
2035 0.517304259392936
2036 0.517490483758357
2037 0.517712305176143
2038 0.517993086740005
2039 0.518317423726278
2040 0.518691355293058
2041 0.519049264573732
2042 0.519329914388222
2043 0.519536567843399
2044 0.519590624759666
2045 0.519738234052094
2046 0.519818761446492
2047 0.520040156109615
2048 0.520418327673738
2049 0.52064393203898
2050 0.520922704967072
2051 0.521086251121135
2052 0.520998860622084
2053 0.521080878602035
2054 0.521233828512395
2055 0.521382612713505
2056 0.521495841181206
2057 0.521652476247145
2058 0.521836556145118
2059 0.5219146198731
2060 0.522162819224201
2061 0.522582405829002
2062 0.522913023571712
2063 0.523355216533425
2064 0.523652015716444
2065 0.523838059040626
2066 0.524046790600201
2067 0.524206072482905
2068 0.524309664677444
2069 0.524449051784453
2070 0.524687703372478
2071 0.524853566529867
2072 0.524992566379291
2073 0.525137346774542
2074 0.525281003094905
2075 0.525426743282545
2076 0.525600342984966
2077 0.525700549445147
2078 0.525734934853804
2079 0.525798054354486
2080 0.525788796683661
2081 0.525876630773371
2082 0.525996963381832
2083 0.526187581198955
2084 0.526503247717994
2085 0.52677113600445
2086 0.526997223969975
2087 0.527241685818827
2088 0.527445237523341
2089 0.527550317563765
2090 0.527746586396419
2091 0.528018277115285
2092 0.528231086538287
2093 0.528407933128262
2094 0.528619658977587
2095 0.528851952076946
2096 0.52902898837493
2097 0.529259301269756
2098 0.529418465465547
2099 0.529506089640496
2100 0.529489424598708
2101 0.529756246795695
2102 0.529838570535141
2103 0.529957474332453
2104 0.530132061312774
2105 0.530303308745872
2106 0.530429563304935
2107 0.53052720480193
2108 0.530614432826466
2109 0.530776375819538
2110 0.530802424083843
2111 0.531051527306906
2112 0.531522502168354
2113 0.531958099795423
2114 0.532544970107954
2115 0.533033631710346
2116 0.533571044717557
2117 0.533956852619382
2118 0.534326643176253
2119 0.534704817661262
2120 0.53497992387603
2121 0.535195450744861
2122 0.535413219080454
2123 0.535530544103165
2124 0.53569141789831
2125 0.535890997739197
2126 0.536027576450589
2127 0.536130666507378
2128 0.536224753490796
2129 0.536229345723831
2130 0.536328979505462
2131 0.536525145226456
2132 0.536620529612686
2133 0.536688810035741
2134 0.53684597868724
2135 0.536638964077198
2136 0.536563763338935
2137 0.536452161418545
2138 0.536269488256105
2139 0.536125616745215
2140 0.536023616152887
2141 0.535889886451322
2142 0.535711725087691
2143 0.535600169726007
2144 0.535603132861394
2145 0.535440677377106
2146 0.535269411346526
2147 0.535001154685019
2148 0.534447274625086
2149 0.534128030605645
2150 0.533985165286462
2151 0.53367899623848
2152 0.533268379739915
2153 0.533100657805118
2154 0.532836046763026
2155 0.532357991343173
2156 0.531932687946771
2157 0.53162917886304
2158 0.531045590772948
2159 0.530210542407723
2160 0.529539227904949
2161 0.528763215067994
2162 0.528151694273691
2163 0.527650309891458
2164 0.527129716030368
2165 0.526670250365059
2166 0.526213708494065
2167 0.52582765286845
2168 0.525361125902116
2169 0.524908727626459
2170 0.524384635276839
2171 0.523643527385223
2172 0.52309645955737
2173 0.522597439286224
2174 0.522196939706865
2175 0.521759122337082
2176 0.521450256434903
2177 0.521010648747063
2178 0.520500523278682
2179 0.519945241928376
2180 0.519340548941802
2181 0.518794707875095
2182 0.518243308998534
2183 0.517625606061239
2184 0.517003115104553
2185 0.516376396360029
2186 0.515660658400375
2187 0.514978522446698
2188 0.514342002762541
2189 0.513709130291217
2190 0.513102643282071
2191 0.512414022739003
2192 0.511676186385295
2193 0.510969610186139
2194 0.510274626359791
2195 0.50945803391897
2196 0.508601742321246
2197 0.507868925776904
2198 0.507150699904937
2199 0.506327950924118
2200 0.505770318172995
2201 0.505503393850788
2202 0.504960365704142
2203 0.50439099592765
2204 0.503842569383155
2205 0.503041846836589
2206 0.502624070627801
2207 0.502362226014345
2208 0.502287094504923
2209 0.502479665868353
2210 0.502698938018184
2211 0.503075953611728
2212 0.503508475533122
2213 0.504013367925939
2214 0.504620653295225
2215 0.505534525625065
2216 0.506211430674983
2217 0.506948714422776
2218 0.507417627526992
2219 0.507799277775064
2220 0.508201469659663
2221 0.50858008297695
2222 0.509025890794351
2223 0.509256266656531
2224 0.50927066175401
2225 0.509518998613691
2226 0.509726702797382
2227 0.510022897806417
2228 0.510636531825572
2229 0.510837439756525
2230 0.51089987337927
2231 0.510844681824971
2232 0.510354290253884
2233 0.510263736688769
2234 0.51026788049001
2235 0.510300168078539
2236 0.510653901063631
2237 0.510798132055483
2238 0.510721121386261
2239 0.510794267287021
2240 0.510894508552219
2241 0.510996591022084
2242 0.511464748319813
2243 0.511490611063843
2244 0.511205552598094
2245 0.510819602346139
2246 0.510745492457519
2247 0.51039193417471
2248 0.510064148740143
2249 0.510154788730403
2250 0.510120746339934
2251 0.509863977258326
2252 0.509862577499607
2253 0.510106588855435
2254 0.510366447720147
2255 0.510707553641907
2256 0.510935042240514
2257 0.51131939443603
2258 0.511525312320165
2259 0.511422838025554
2260 0.511593717441108
2261 0.512097397819913
2262 0.512137297004329
2263 0.511897844708735
2264 0.511871765849514
2265 0.511560601946791
2266 0.511497824371671
2267 0.511770847876639
2268 0.511985230388863
2269 0.512269505872207
2270 0.512478696941835
2271 0.512746922454766
2272 0.51292579981278
2273 0.513049373449909
2274 0.513027703214588
2275 0.513048288178852
2276 0.512846435086514
2277 0.51235869133325
2278 0.511681031569949
2279 0.511577117299031
2280 0.51109891721356
2281 0.510818964863697
2282 0.511045568128178
2283 0.510734837285155
2284 0.510720645687983
2285 0.510721459565438
2286 0.510839868954434
2287 0.510858846430609
2288 0.510933130910769
2289 0.510932149541188
2290 0.510930924918636
2291 0.510798175773921
2292 0.510683783850413
2293 0.510321112993322
2294 0.509543822027745
2295 0.509211773430647
2296 0.508787575911302
2297 0.508721544679712
2298 0.509290017070616
2299 0.509348162815595
2300 0.509363476563098
2301 0.509318238363761
2302 0.50887791459724
2303 0.508751223456257
2304 0.508850374135437
2305 0.508824267351359
2306 0.508954989891053
2307 0.508859951970316
2308 0.508619668214775
2309 0.508292061836813
2310 0.507496835293582
2311 0.507261609335528
2312 0.5073828779942
2313 0.50728512784654
2314 0.507583249016546
2315 0.507575568792043
2316 0.50704493543663
2317 0.506830064836859
2318 0.506580442448016
2319 0.506501776374452
2320 0.506714838883317
2321 0.50694701537764
2322 0.506654823350482
2323 0.506682512266533
2324 0.506497024834183
2325 0.506090653355686
2326 0.506059121443192
2327 0.506059460710694
2328 0.50575390679512
2329 0.505387084129502
2330 0.504774697290602
2331 0.504408905986343
2332 0.504426001138742
2333 0.504373197923412
2334 0.504335654622289
2335 0.504128407033383
2336 0.503832247515621
2337 0.503103431551013
2338 0.502727528911292
2339 0.502630117779285
2340 0.502212886869376
2341 0.501522884212514
2342 0.501337048388687
2343 0.501369754493436
2344 0.501084403413265
2345 0.501165080849345
2346 0.50066719331882
2347 0.499361278088014
2348 0.498739924523231
2349 0.498216135085196
2350 0.497902908265688
2351 0.497780220265579
2352 0.498160889171038
2353 0.499025628847345
2354 0.499341428386093
2355 0.49995527071328
2356 0.500178346003514
2357 0.499825297334996
2358 0.499832942183655
2359 0.500204732222952
2360 0.500068670529484
2361 0.499748549600938
2362 0.499076538830106
2363 0.497735175282139
2364 0.496959668737358
2365 0.495831035704282
2366 0.495591451048896
2367 0.496228102112215
2368 0.49653295927191
2369 0.49745737472646
2370 0.497688383916554
2371 0.49736455868232
2372 0.49738616084692
2373 0.497428964019073
2374 0.497154243812447
2375 0.496765931778557
2376 0.496610425744816
2377 0.496158694145012
2378 0.495770749616565
2379 0.495880433332536
2380 0.495687812215221
2381 0.494971348051675
2382 0.494785415787136
2383 0.495176790330705
2384 0.494839943922013
2385 0.494082510857036
2386 0.493856934408627
2387 0.493671444895605
2388 0.493089692652333
2389 0.492505519893437
2390 0.492162214227177
2391 0.491555900029723
2392 0.490967899153435
2393 0.490931358419564
2394 0.490815777640756
2395 0.489845486427542
2396 0.48969215620896
2397 0.490334832529561
2398 0.490652023351909
2399 0.491528043702843
2400 0.492039856694102
2401 0.492544273343212
2402 0.492502315237353
2403 0.492052406879939
2404 0.491061672384218
2405 0.488694171340181
2406 0.487832530368356
2407 0.487269228866213
2408 0.48698969676572
2409 0.488734452685101
2410 0.488139389870508
2411 0.485584671069131
2412 0.484826640953115
2413 0.483894792171029
2414 0.483276113744639
2415 0.484309281663119
2416 0.48387833831285
2417 0.482046386899742
2418 0.481121601193309
2419 0.480365951855115
2420 0.479877403474685
2421 0.479963034643833
2422 0.479636840362624
2423 0.479104344347266
2424 0.47872876712505
2425 0.478092206254596
2426 0.477896607151962
2427 0.478730180922895
2428 0.477718875204364
2429 0.475412351249686
2430 0.474496243861116
2431 0.472998633489156
2432 0.472811303669474
2433 0.475041071676106
2434 0.474612479659395
2435 0.473037404198053
2436 0.471614863143921
2437 0.468604472715637
2438 0.46765109926793
2439 0.467610350646475
2440 0.467300137852977
2441 0.468361988419994
2442 0.466972919895647
2443 0.465988834207023
2444 0.466545599744472
2445 0.466320623205498
2446 0.466163149068837
2447 0.466436541479657
2448 0.465530655389128
2449 0.463488948512492
2450 0.462231697210997
2451 0.461347992164955
2452 0.462527743033632
2453 0.4635694897062
2454 0.464476263655303
2455 0.466994484746237
2456 0.46607926764014
2457 0.465507186763475
2458 0.464888086989366
2459 0.462659707925173
2460 0.46193709096045
2461 0.459968104395611
2462 0.458263996389442
2463 0.457013215773912
2464 0.454918117530942
2465 0.452770962500601
2466 0.449494997632994
2467 0.448181430933228
2468 0.447656690911379
2469 0.447731336043247
2470 0.451473668817931
2471 0.452242064839539
2472 0.450385577434181
2473 0.449985766893989
2474 0.449338273486643
2475 0.447861556468165
2476 0.447096442835277
2477 0.44597944541234
2478 0.442136170038392
2479 0.442007667817709
2480 0.445106803148767
2481 0.445705921754049
2482 0.447220293768043
2483 0.447136744402778
2484 0.444753125167221
2485 0.443332623073496
2486 0.441763232182788
2487 0.441464211900544
2488 0.4415728883766
2489 0.441955002366016
2490 0.443120064201384
2491 0.44357096932867
2492 0.443577722816133
2493 0.442470657568574
2494 0.44625759850183
2495 0.448690521323333
2496 0.447992889835335
2497 0.446352737211864
2498 0.444780591245274
2499 0.445428162215481
2500 0.445225061817198
