"Wavelength" "M023a_m3-w2"
350 0.0949375956029049
351 0.0885604313668172
352 0.0911969693646969
353 0.0946700843426893
354 0.0851863976755583
355 0.0796726392103793
356 0.082329154515821
357 0.0882244537560027
358 0.0865858437940719
359 0.0854004069817842
360 0.0837525286137526
361 0.0812067739501907
362 0.0802294334739737
363 0.0820154915480196
364 0.0841696025038486
365 0.0840480666821493
366 0.0820521889343452
367 0.0803586822105414
368 0.0811445572571183
369 0.0853490985049314
370 0.0866037340614293
371 0.08533917785314
372 0.0828412224370341
373 0.0803685382261695
374 0.0818348456216696
375 0.0839627131968609
376 0.0838294957956895
377 0.0839328388783276
378 0.0820949072553695
379 0.0791437460035342
380 0.0772160988559093
381 0.0779176604110575
382 0.0786967792959444
383 0.0794402834838363
384 0.0821667459672069
385 0.0789294402525298
386 0.0776392915211312
387 0.0818577797644945
388 0.0803479276113629
389 0.0796228287871545
390 0.0792565219875518
391 0.0775615619378384
392 0.0775525614492171
393 0.0786874527404511
394 0.0791477521408959
395 0.0768507380542385
396 0.0781857607192167
397 0.0790835487400758
398 0.0775141778715322
399 0.0780738839425487
400 0.0790632371160483
401 0.0796149946955103
402 0.0792140152680088
403 0.0776742563647058
404 0.0778316309297443
405 0.0791425906740279
406 0.0787034733508753
407 0.0780924798970331
408 0.0780727783800878
409 0.0786657463523925
410 0.0787751007569749
411 0.0791937890175008
412 0.0798456722893627
413 0.0803039185725856
414 0.0798113336545704
415 0.079278085526516
416 0.0795153250864578
417 0.0809628963598126
418 0.0805865606462878
419 0.0798551779784564
420 0.0800914783733793
421 0.0808725365841731
422 0.0813423298399841
423 0.0816251030927239
424 0.0820541369066368
425 0.0817769724907217
426 0.0822904945225218
427 0.0830795402352478
428 0.0817674568434404
429 0.081953950067289
430 0.0828626638137153
431 0.0833455892174757
432 0.0835774064015146
433 0.0835319019409422
434 0.0835329211973299
435 0.0839831952339345
436 0.0847487833853731
437 0.0850436617202223
438 0.0849352092733822
439 0.0855723363228951
440 0.0862612368940302
441 0.0864029899633411
442 0.0859146032648675
443 0.0862410415058558
444 0.0866195517070535
445 0.0867670904324291
446 0.0867855131893294
447 0.0874297561380578
448 0.0878904370829347
449 0.0877938787868814
450 0.0877725807056989
451 0.0882056535722445
452 0.088443731782364
453 0.0879866808725989
454 0.0885862302827636
455 0.0890849620314264
456 0.0891659721334776
457 0.0893247627800495
458 0.0896491833495618
459 0.0897709931772075
460 0.0896199002950862
461 0.0900509427763289
462 0.0902771035867619
463 0.0904425800450832
464 0.0909406793611935
465 0.0910580147267781
466 0.0911933243587908
467 0.0914249940869973
468 0.0913343137795372
469 0.091315701715222
470 0.0915445068820438
471 0.092001307584467
472 0.0922499002612982
473 0.0924382170285988
474 0.0926590080536883
475 0.0929358505158025
476 0.0929893836846269
477 0.0930226045985018
478 0.0931628957174042
479 0.0932657319554825
480 0.093328757890909
481 0.093637795151294
482 0.0943620969442467
483 0.0944650923814276
484 0.0945648946580953
485 0.0948833022053173
486 0.0951081008742734
487 0.0954017959109713
488 0.0956779874829037
489 0.0958668188720229
490 0.0960911367997338
491 0.0963947407131222
492 0.0967245608170389
493 0.0969759482520305
494 0.0971778864443789
495 0.097403711036908
496 0.097671232344466
497 0.0978735811452679
498 0.0982396915271207
499 0.0986429061047481
500 0.0988789883252337
501 0.0990300518126376
502 0.0992695868714433
503 0.0996432093398985
504 0.100055314468644
505 0.100411104320532
506 0.100685660636005
507 0.100906943627439
508 0.101186716217823
509 0.101484646636427
510 0.101770945629362
511 0.102033268740876
512 0.102365533839831
513 0.102740372707635
514 0.103079082642105
515 0.103207578290213
516 0.103498412988285
517 0.103836535472844
518 0.10400474244027
519 0.104365243232828
520 0.10483235839648
521 0.105240614848228
522 0.105370418213501
523 0.105643120309053
524 0.106073239999688
525 0.106534475093141
526 0.106815146081893
527 0.107112071592146
528 0.107424799042457
529 0.10761950684249
530 0.108035836419152
531 0.108508580404595
532 0.108865770744393
533 0.109112562061464
534 0.10934000018647
535 0.109650327108565
536 0.110110434376721
537 0.110509104098223
538 0.110892254806722
539 0.11129658301863
540 0.111706012186346
541 0.112079114205057
542 0.112407463467211
543 0.112715779830453
544 0.113122961280195
545 0.113485398995991
546 0.113763523810386
547 0.1140351296474
548 0.114459092452312
549 0.114925080680753
550 0.11532263079792
551 0.115747385242669
552 0.116157064532477
553 0.116543666475617
554 0.116925996956376
555 0.117353285017996
556 0.117806190241038
557 0.118247431090844
558 0.1186185536582
559 0.118992259390242
560 0.119409167214632
561 0.119875739084399
562 0.12026440615076
563 0.120664850493025
564 0.121078076731298
565 0.121359093794223
566 0.121678796118013
567 0.12200312247562
568 0.122268374816761
569 0.122530867656505
570 0.12285115072005
571 0.123225468810189
572 0.123591219993026
573 0.1239691312102
574 0.124322079658215
575 0.124644612910088
576 0.125057865354973
577 0.125394542983421
578 0.125677875763219
579 0.126034405850005
580 0.126400535739863
581 0.126706826162354
582 0.126942139959205
583 0.127195036738705
584 0.127550873587211
585 0.127888563241519
586 0.128079846841296
587 0.128456536947446
588 0.128841884865332
589 0.129157569948187
590 0.129485443994102
591 0.12970678238485
592 0.129941218635168
593 0.130296232889953
594 0.130581639639133
595 0.130881627601561
596 0.131197743862614
597 0.131465457643088
598 0.131757439404139
599 0.132088708273281
600 0.132433272546726
601 0.132686556179548
602 0.132928027531575
603 0.133166026169759
604 0.133388828091063
605 0.133730264370649
606 0.134045910204266
607 0.134275900063449
608 0.134550055637507
609 0.134875198177954
610 0.135185694637339
611 0.135423113189636
612 0.135728776013056
613 0.136026556988447
614 0.13629997968733
615 0.136613272429296
616 0.136902795731445
617 0.137198360381411
618 0.137523578943039
619 0.137798125465506
620 0.138117478546061
621 0.138449306870126
622 0.138678927762049
623 0.138937884701674
624 0.139259113179185
625 0.139611120205285
626 0.139845118111808
627 0.140111127525265
628 0.140436029213949
629 0.140780562040568
630 0.141082111515397
631 0.141341359904214
632 0.14160038099778
633 0.14195499760932
634 0.142288134281049
635 0.142581814523318
636 0.142863589304178
637 0.143214805901601
638 0.143528165408951
639 0.143810532557668
640 0.144183891258338
641 0.144524382035096
642 0.144828215563912
643 0.1451169585016
644 0.14539903305581
645 0.14574572550946
646 0.146126379945233
647 0.146450079371578
648 0.146731568738315
649 0.14706234911966
650 0.147456056533885
651 0.147751372557703
652 0.148073803950931
653 0.148434036963037
654 0.148792717629102
655 0.149078575585326
656 0.149367207541904
657 0.149723908654165
658 0.150188159650877
659 0.150489518213887
660 0.150742362289501
661 0.151097282238658
662 0.151445098128627
663 0.151781855767202
664 0.152123566498696
665 0.152497670161824
666 0.152878104148728
667 0.153239396289094
668 0.153574018940943
669 0.153905697286737
670 0.154298827361239
671 0.154714235279116
672 0.155073051656338
673 0.155388344321997
674 0.155749113973101
675 0.156161861890817
676 0.156510391530504
677 0.156858788927434
678 0.157215791146431
679 0.157578301036643
680 0.157956732366653
681 0.15832286427365
682 0.158693286166781
683 0.159116930104089
684 0.159506067118188
685 0.159875518706541
686 0.160248602695378
687 0.160617963615647
688 0.161018929350101
689 0.161446055808985
690 0.161865880629766
691 0.162202013474847
692 0.162573663715667
693 0.163011343467659
694 0.163395757852976
695 0.163771463988741
696 0.164157534260899
697 0.164564662383417
698 0.164993488451533
699 0.165427710016345
700 0.165843599197367
701 0.166218894463247
702 0.166651441011138
703 0.167071709489125
704 0.167442652738861
705 0.167872612429146
706 0.168318368853479
707 0.168751735009128
708 0.169157146076407
709 0.169583166768534
710 0.170011637011713
711 0.170431891717323
712 0.170849229254189
713 0.171300719272968
714 0.171742673893984
715 0.172142909606961
716 0.172593344394332
717 0.173001112152399
718 0.173407316354076
719 0.173929951481445
720 0.174412624354856
721 0.174832710675969
722 0.175208366287138
723 0.175590627464077
724 0.1760106120551
725 0.176483660544317
726 0.176991876275721
727 0.177407980922203
728 0.177823936557126
729 0.17828858724588
730 0.178788231827947
731 0.179221250305186
732 0.179592255877962
733 0.179961868273492
734 0.180482420311137
735 0.180945001758714
736 0.181359524491935
737 0.181829492836003
738 0.182225291714713
739 0.182685197443618
740 0.183228194098598
741 0.183676525208493
742 0.184082191500759
743 0.18451630037673
744 0.185013579590331
745 0.185454005405487
746 0.185882310318666
747 0.186309009072797
748 0.186725970306694
749 0.187184537276584
750 0.187668492047398
751 0.188142847517182
752 0.188556381362076
753 0.189003481540889
754 0.189472370339313
755 0.189923642284754
756 0.190362555293894
757 0.19081568453185
758 0.191287399811002
759 0.191762365089342
760 0.19224114810061
761 0.192683606226235
762 0.193099344967374
763 0.193619845296165
764 0.19408697738647
765 0.19449760686358
766 0.194903606212508
767 0.19531340934568
768 0.195768564123444
769 0.196260783147595
770 0.196736267925961
771 0.197191256866737
772 0.197649114881661
773 0.198118054137774
774 0.198555131532592
775 0.199023568446375
776 0.199488409173645
777 0.199901664218663
778 0.200343336165118
779 0.200792688158765
780 0.201264840156925
781 0.20180140833244
782 0.202214105132015
783 0.202600942784178
784 0.203053999264839
785 0.20353795077701
786 0.203998451806687
787 0.204448713172122
788 0.204912873150534
789 0.205317165414579
790 0.205752409561094
791 0.206228114131885
792 0.206677860740126
793 0.207115742606261
794 0.207575413062907
795 0.208063024102094
796 0.208525182956813
797 0.208981904042397
798 0.209455912545375
799 0.209948014294851
800 0.210358319574591
801 0.210760791026582
802 0.21121509498145
803 0.211747227504723
804 0.212222499344446
805 0.212656732843097
806 0.213078483853378
807 0.2134989387739
808 0.213920488060502
809 0.214358164162003
810 0.214824123513179
811 0.21532915632196
812 0.215736274640793
813 0.216120167462528
814 0.216641805845434
815 0.217110194076323
816 0.217532672499294
817 0.217960936956561
818 0.218467571848444
819 0.218929214467234
820 0.219330476268065
821 0.219708715917355
822 0.22016461862736
823 0.220629044268821
824 0.221082039022377
825 0.221527821719227
826 0.222000050288688
827 0.222435081858162
828 0.222833589398592
829 0.223247650873394
830 0.22362339290599
831 0.224061032997888
832 0.224573093677127
833 0.22500589867644
834 0.225455268763588
835 0.225921645152671
836 0.226361474814399
837 0.226655719090756
838 0.227054982273728
839 0.227556575759773
840 0.22803856458464
841 0.228500805535807
842 0.228907097802862
843 0.229304551751895
844 0.229799711240399
845 0.230239960474845
846 0.230605781368658
847 0.230958222934846
848 0.231447309482936
849 0.23194298342852
850 0.23238197683685
851 0.232758102441091
852 0.233180479304444
853 0.23353318835943
854 0.233941272276855
855 0.234550722582228
856 0.235019432953962
857 0.235369987868459
858 0.23568210297013
859 0.236058115543982
860 0.236492489273913
861 0.236993207522774
862 0.237525878738839
863 0.238003669624402
864 0.238344952746457
865 0.238663345603229
866 0.239067874292332
867 0.239543236239822
868 0.239988599438632
869 0.240411381411517
870 0.24084307113316
871 0.241228492827493
872 0.241621320138497
873 0.242044559303899
874 0.24249145650264
875 0.24290894207521
876 0.243349641910015
877 0.243812571788232
878 0.24424061769443
879 0.244653712815366
880 0.245039498876032
881 0.245413833985562
882 0.245836301773751
883 0.246251551608784
884 0.246639771102864
885 0.247022739555548
886 0.247499223556803
887 0.24797001208991
888 0.24842487099617
889 0.24886584012472
890 0.249223588763233
891 0.249600561652358
892 0.250004399504842
893 0.250403530838998
894 0.250850006196808
895 0.251328929808841
896 0.251754117632637
897 0.252036039063222
898 0.252438950414908
899 0.252873727966206
900 0.253295103591178
901 0.253743493710208
902 0.254174485423899
903 0.254587972999274
904 0.254992538259083
905 0.255397256513398
906 0.255816319381801
907 0.256232846599161
908 0.256650122650435
909 0.257132210638433
910 0.257494766376843
911 0.257868696208021
912 0.258370142451042
913 0.258786999769182
914 0.259211201171831
915 0.259650257307457
916 0.260065690694242
917 0.26034328278475
918 0.260758653438721
919 0.261284423121312
920 0.261752764112256
921 0.262184182056052
922 0.262532210816795
923 0.262875276812335
924 0.263330369421663
925 0.263731780191761
926 0.26412482234538
927 0.26448402829326
928 0.264756161304971
929 0.265233392992938
930 0.265692838372959
931 0.266042039813081
932 0.266397414718242
933 0.266989433453313
934 0.267537529604788
935 0.267951483258377
936 0.268441285324829
937 0.268768372468044
938 0.269096670303488
939 0.269526512786053
940 0.269968051663253
941 0.270337674961162
942 0.27073726613604
943 0.271176769730218
944 0.271469384385671
945 0.271834804814605
946 0.272248278081507
947 0.272645158456585
948 0.272996665425967
949 0.273376926814771
950 0.273792040673894
951 0.274230952656536
952 0.274688590233783
953 0.275101559213608
954 0.275468304553342
955 0.275830528720353
956 0.276273428555993
957 0.276697497790857
958 0.277038081399735
959 0.277339852545586
960 0.277856744881451
961 0.278371726195262
962 0.278768753026315
963 0.279056939631796
964 0.279448098142533
965 0.279893874573067
966 0.280285327660692
967 0.280593970181324
968 0.281031114981459
969 0.281298042403196
970 0.281582678242341
971 0.282058031441622
972 0.282531940918198
973 0.282980450736062
974 0.283428549810313
975 0.283864420481139
976 0.284159064259172
977 0.284455688425528
978 0.284817125837144
979 0.285251915954483
980 0.285710195792088
981 0.286073279274939
982 0.28642310940696
983 0.286849065112196
984 0.287344232301974
985 0.287826347392678
986 0.288218077474072
987 0.288520825951732
988 0.288847603748248
989 0.289187449544937
990 0.289648581223301
991 0.290151359533817
992 0.290371949671788
993 0.290727843154308
994 0.291076596200194
995 0.291447497457611
996 0.292112378756303
997 0.29225681486346
998 0.292552417039892
999 0.293125175310895
1000 0.293403026225276
1001 0.292797980781116
1002 0.293174758977758
1003 0.293577260016418
1004 0.293921019174393
1005 0.294234555083542
1006 0.294574254843508
1007 0.294904995860225
1008 0.295190894628168
1009 0.295538269204424
1010 0.29596116274313
1011 0.296309972214913
1012 0.296662422619606
1013 0.297043366255488
1014 0.297337800142594
1015 0.29766058380336
1016 0.298032745559106
1017 0.298357703250649
1018 0.298632462941731
1019 0.298956413520331
1020 0.299290317647302
1021 0.299630857242724
1022 0.299960619573802
1023 0.300325865860741
1024 0.300688957530073
1025 0.300971747200565
1026 0.301283570466641
1027 0.301605168438888
1028 0.301889000851031
1029 0.3022144369043
1030 0.302576454165176
1031 0.302916132095588
1032 0.303239575910202
1033 0.303568048022728
1034 0.303898963110325
1035 0.304207087103995
1036 0.304494485582035
1037 0.304854422749694
1038 0.305177653753811
1039 0.305421778005173
1040 0.305745436994975
1041 0.306130383111295
1042 0.306463274527565
1043 0.306820907269709
1044 0.30721258557765
1045 0.307551640156879
1046 0.307866832074629
1047 0.308196792575419
1048 0.308541590955691
1049 0.308879517578415
1050 0.30918828916779
1051 0.309523128744009
1052 0.309868933841944
1053 0.310206034178713
1054 0.310544145558394
1055 0.310872449605785
1056 0.311236905431625
1057 0.311551107211862
1058 0.311867200125105
1059 0.312244118973932
1060 0.312559792645689
1061 0.312898946610379
1062 0.313265419968072
1063 0.313655942779301
1064 0.314032249189794
1065 0.314445673338409
1066 0.31480536161102
1067 0.31512937998432
1068 0.315424951781707
1069 0.315710020051916
1070 0.316030048885161
1071 0.316333780912811
1072 0.316666720505904
1073 0.317004779772782
1074 0.31734332496677
1075 0.317705223071706
1076 0.318042986192156
1077 0.318366866013703
1078 0.318678715034539
1079 0.319028297316013
1080 0.319376122569194
1081 0.319694374625154
1082 0.32000666367179
1083 0.320298301985289
1084 0.320590535348419
1085 0.320874906573051
1086 0.321172972711391
1087 0.32150344501165
1088 0.321803996117766
1089 0.322079605373966
1090 0.322385792241495
1091 0.322670495025939
1092 0.322901064775048
1093 0.323136673324305
1094 0.323374797399118
1095 0.323626236448616
1096 0.323891716962048
1097 0.3241775966954
1098 0.324513587972458
1099 0.324854465485497
1100 0.325126577763018
1101 0.325430998140454
1102 0.325732692653766
1103 0.325989646073086
1104 0.326267272183669
1105 0.326544394354454
1106 0.326788946927346
1107 0.327005900003361
1108 0.327236536373599
1109 0.32745364577334
1110 0.327663290050897
1111 0.327899203509037
1112 0.328151015725623
1113 0.328443860627801
1114 0.328711212942727
1115 0.328932388016785
1116 0.329193630821284
1117 0.329440809578328
1118 0.329683312688723
1119 0.329990888740022
1120 0.33028639551019
1121 0.330556717268131
1122 0.330802662254256
1123 0.331068770965277
1124 0.331324329917348
1125 0.33158575039095
1126 0.331856535534859
1127 0.33213715313359
1128 0.332391151993094
1129 0.332667638677982
1130 0.332954223692996
1131 0.333204170890593
1132 0.333460756480623
1133 0.333688719379777
1134 0.333901086655777
1135 0.33417446235724
1136 0.334427356414897
1137 0.334692054540853
1138 0.334930354251579
1139 0.335149202967048
1140 0.335374063730319
1141 0.335577525185644
1142 0.335812889446179
1143 0.336076684698788
1144 0.336327599372721
1145 0.336573102134677
1146 0.336821148256799
1147 0.337036164449524
1148 0.337263679250003
1149 0.337491115637212
1150 0.337708480146873
1151 0.337973621998144
1152 0.338239764811741
1153 0.338477987587934
1154 0.338706781541412
1155 0.338948573529503
1156 0.339171088207778
1157 0.339403670017727
1158 0.339654910740485
1159 0.339904751994313
1160 0.340155649010578
1161 0.34039189594645
1162 0.340633472769597
1163 0.340888923828703
1164 0.341126281474589
1165 0.341356008017337
1166 0.341575465735777
1167 0.341807334599805
1168 0.342038612416887
1169 0.342249890739948
1170 0.34249507937103
1171 0.342772790321381
1172 0.343026044500815
1173 0.343292012532037
1174 0.343539276375482
1175 0.343785756373332
1176 0.343996869086808
1177 0.344164116645884
1178 0.344365841712487
1179 0.344553043314047
1180 0.344746587320465
1181 0.345003598370986
1182 0.34525255186962
1183 0.345472721310201
1184 0.345688352335615
1185 0.345904798755068
1186 0.34612509154888
1187 0.34634126719169
1188 0.346574674141803
1189 0.346788278130845
1190 0.346981501388648
1191 0.347185408797201
1192 0.347384141091507
1193 0.347597337266179
1194 0.347825544197262
1195 0.348035657768428
1196 0.348254887848915
1197 0.348456681691231
1198 0.348625960837906
1199 0.348814504255897
1200 0.349020019041478
1201 0.349222149513509
1202 0.349449136689664
1203 0.34968304090123
1204 0.349885506966399
1205 0.350068621363384
1206 0.350263767775537
1207 0.350440715395879
1208 0.350624288854919
1209 0.350823116683517
1210 0.351009299644857
1211 0.351182863032772
1212 0.351369063198585
1213 0.351548052120561
1214 0.351744372087437
1215 0.351973473233006
1216 0.352167370574163
1217 0.352360828080206
1218 0.352536782008068
1219 0.352668319350866
1220 0.352847561224861
1221 0.353048198449343
1222 0.353297844067456
1223 0.353482012377876
1224 0.353651138748856
1225 0.353839274071792
1226 0.354008796186616
1227 0.354167244080651
1228 0.354352490672289
1229 0.35451349535829
1230 0.354608675108603
1231 0.354758917331223
1232 0.354941615580948
1233 0.355123386361413
1234 0.355321283830468
1235 0.355519005905537
1236 0.355715882066101
1237 0.355926745427428
1238 0.356163021769757
1239 0.356384357324449
1240 0.356581753869615
1241 0.356784727115566
1242 0.356947735030866
1243 0.357044114955035
1244 0.357209405571039
1245 0.35739276655968
1246 0.357564622197435
1247 0.357768496545308
1248 0.357948462820385
1249 0.358095508721145
1250 0.358264717986223
1251 0.358475084864372
1252 0.358630617076113
1253 0.35874639853854
1254 0.358880997234422
1255 0.358969035388228
1256 0.359097756343477
1257 0.359251538916157
1258 0.359438298778632
1259 0.359623831625294
1260 0.35983448897511
1261 0.360024480741652
1262 0.360224786056436
1263 0.360404449560496
1264 0.360578327823054
1265 0.360725963753358
1266 0.360834552649103
1267 0.360980744725498
1268 0.361115502762104
1269 0.361270439958556
1270 0.361453714845542
1271 0.361640736376368
1272 0.361818502928724
1273 0.362025996725093
1274 0.362275921687876
1275 0.362507650729938
1276 0.362736094767782
1277 0.362978971682748
1278 0.363220194799292
1279 0.363469767282046
1280 0.36372614307478
1281 0.364011574826632
1282 0.364258858405453
1283 0.364494835552567
1284 0.364722754949674
1285 0.36492576371146
1286 0.365146344509794
1287 0.365376600295383
1288 0.365587220128596
1289 0.36580573682925
1290 0.365994719607396
1291 0.366148905603022
1292 0.36631445160949
1293 0.366450161302332
1294 0.366622010503271
1295 0.366817647467657
1296 0.367008584898779
1297 0.36722740591423
1298 0.36742612011158
1299 0.367616619900315
1300 0.367799459007006
1301 0.36796308444221
1302 0.368131916676763
1303 0.36823339474591
1304 0.368281328674306
1305 0.368360016104749
1306 0.368385938875539
1307 0.368478577105204
1308 0.368625311473678
1309 0.368739330735112
1310 0.368870537121782
1311 0.368973581421548
1312 0.369050184317946
1313 0.369138831730483
1314 0.369219659335316
1315 0.36930377929118
1316 0.36938682209137
1317 0.369478750191408
1318 0.369576454141218
1319 0.369670697216751
1320 0.369775269910234
1321 0.369872333808801
1322 0.3699638503181
1323 0.370042540670417
1324 0.370146954091694
1325 0.370257914093061
1326 0.37037269243491
1327 0.370505934902133
1328 0.370621811874966
1329 0.370725448442097
1330 0.370847638193824
1331 0.370986256794012
1332 0.371096630563998
1333 0.371209508176277
1334 0.371306802229161
1335 0.37135134579308
1336 0.371455064840282
1337 0.371591121825835
1338 0.371713471991198
1339 0.371880383539214
1340 0.3719984571382
1341 0.372078095569719
1342 0.372166553875515
1343 0.372233566379273
1344 0.372309098150343
1345 0.372390086793333
1346 0.372471697908392
1347 0.372561119619331
1348 0.372640221829171
1349 0.37271109139125
1350 0.372778295174147
1351 0.372844176631216
1352 0.372888842297486
1353 0.372967981980262
1354 0.373062045676503
1355 0.373159426164875
1356 0.373284306496859
1357 0.373379204863858
1358 0.373479892726631
1359 0.373546923223385
1360 0.373573504164052
1361 0.373625556594737
1362 0.373646603898144
1363 0.373715298707857
1364 0.373817019383111
1365 0.37392268156247
1366 0.374053584063453
1367 0.374183182844548
1368 0.374336641954071
1369 0.374463988702989
1370 0.374605524651439
1371 0.374707556131123
1372 0.374787363414831
1373 0.374832151426285
1374 0.374871423692982
1375 0.374858536602945
1376 0.374822389599783
1377 0.37475897548163
1378 0.374668272527211
1379 0.374521585379929
1380 0.374414551290174
1381 0.374291114292864
1382 0.374190517727065
1383 0.374127304359609
1384 0.374021116770962
1385 0.373920795993263
1386 0.373780069736243
1387 0.373621659976336
1388 0.373420877096521
1389 0.373180853916325
1390 0.372925632578841
1391 0.372611062339036
1392 0.372328064655541
1393 0.372063852406419
1394 0.371765480648851
1395 0.371476184049996
1396 0.371147275584383
1397 0.37077427064882
1398 0.370391083654117
1399 0.369970936223535
1400 0.369564889233326
1401 0.369140461129979
1402 0.368737512998845
1403 0.368332844965539
1404 0.367944796727538
1405 0.367569620456511
1406 0.367192199927874
1407 0.366857244823086
1408 0.366549428794667
1409 0.366255325655002
1410 0.365964985958708
1411 0.36574605616893
1412 0.365529557690664
1413 0.365429885588782
1414 0.365404225200124
1415 0.365452866560696
1416 0.365590435747411
1417 0.3657725309238
1418 0.366025732211531
1419 0.366324560160651
1420 0.366704157115642
1421 0.367075052187433
1422 0.367508595053366
1423 0.367910444159995
1424 0.368310489879003
1425 0.368705853258964
1426 0.369113390707495
1427 0.369486069189157
1428 0.369853508556487
1429 0.370186752924204
1430 0.370462330117759
1431 0.370757879227429
1432 0.371047107429356
1433 0.371328708282698
1434 0.371606558894913
1435 0.371883714026717
1436 0.372164358795254
1437 0.372432821543111
1438 0.372711354445172
1439 0.373003226469814
1440 0.373291790931844
1441 0.373579680571833
1442 0.373855865839325
1443 0.374136927888232
1444 0.374404339813694
1445 0.374662830844838
1446 0.374900457705376
1447 0.375130813181152
1448 0.375349859898241
1449 0.375539918554962
1450 0.375741558703395
1451 0.375952551707761
1452 0.376136933421537
1453 0.376322852060247
1454 0.376470597199093
1455 0.376568032265892
1456 0.376698926521859
1457 0.376791635301539
1458 0.376940585224582
1459 0.377141873624278
1460 0.377332894936972
1461 0.377577785160794
1462 0.377767205349437
1463 0.377917990850497
1464 0.378081848111027
1465 0.378214841960705
1466 0.37836314330287
1467 0.378533615235432
1468 0.378696966181515
1469 0.378843775310185
1470 0.379007008268667
1471 0.379213759827478
1472 0.379391780612981
1473 0.379599028881033
1474 0.379836637509492
1475 0.380015478778158
1476 0.380178451447132
1477 0.380316265508563
1478 0.380401351935587
1479 0.380532594856196
1480 0.380651274463733
1481 0.380815057193382
1482 0.381017496174474
1483 0.38120944278658
1484 0.381421022678739
1485 0.381629026930599
1486 0.381843545548128
1487 0.382042985877051
1488 0.382251094662293
1489 0.382433966838726
1490 0.382590772500357
1491 0.382757780000478
1492 0.382926821014028
1493 0.383071620374459
1494 0.383201324649558
1495 0.383336135018555
1496 0.383440392419591
1497 0.38357755778291
1498 0.383736771426852
1499 0.383896524285884
1500 0.384065206258905
1501 0.384240628796876
1502 0.384438533087257
1503 0.384609595359233
1504 0.38479799429202
1505 0.384941249758889
1506 0.385023507084501
1507 0.385137917871715
1508 0.38523449456648
1509 0.385345198490383
1510 0.385482511763354
1511 0.385616548797487
1512 0.38574964451379
1513 0.385882197499721
1514 0.386013850092329
1515 0.386155427072447
1516 0.386305140928588
1517 0.386454908891391
1518 0.386575751523438
1519 0.386722985564562
1520 0.386863597543833
1521 0.386972662600544
1522 0.387096898314113
1523 0.387233209942546
1524 0.387363533469808
1525 0.387476982696611
1526 0.387621824883271
1527 0.387795221196456
1528 0.387931309012147
1529 0.38805732781821
1530 0.388200166324642
1531 0.388328389535547
1532 0.388474259050552
1533 0.388656940000442
1534 0.388795456733804
1535 0.388922440237607
1536 0.389030361089464
1537 0.389106005163737
1538 0.389200299627927
1539 0.389281959364448
1540 0.389377736110835
1541 0.389494391679877
1542 0.389589687453868
1543 0.389655842944293
1544 0.389774895501842
1545 0.389914320198819
1546 0.390047834307329
1547 0.390236547739696
1548 0.390365746379851
1549 0.390448234308978
1550 0.390552473854562
1551 0.390633765247955
1552 0.390743252546696
1553 0.390877312897239
1554 0.39099798886826
1555 0.391137447014194
1556 0.391249194151831
1557 0.391333519649712
1558 0.391433172696265
1559 0.391512326832805
1560 0.391622676974468
1561 0.391766909031532
1562 0.391890619609309
1563 0.392026791981853
1564 0.392146693722483
1565 0.392233927605724
1566 0.392347536189259
1567 0.392479799886582
1568 0.392595740835616
1569 0.392718583517685
1570 0.392833327810648
1571 0.392925479377315
1572 0.393029417072771
1573 0.393153937868073
1574 0.393252857288717
1575 0.393304323643244
1576 0.393414575241168
1577 0.393548736097423
1578 0.393678795092044
1579 0.393890092031502
1580 0.394027463558238
1581 0.394102371570804
1582 0.39418664821929
1583 0.394223350158301
1584 0.394290052807877
1585 0.394372563683246
1586 0.394459777357161
1587 0.394565263303657
1588 0.394665747332069
1589 0.394776363803213
1590 0.394874203415288
1591 0.394956361832047
1592 0.395048489503898
1593 0.395143139512165
1594 0.395231055839129
1595 0.395308715747703
1596 0.395407029018375
1597 0.395497188380008
1598 0.395611334798604
1599 0.395770238451295
1600 0.395927108247504
1601 0.396042878841964
1602 0.396135730498966
1603 0.396195741561898
1604 0.396231237985431
1605 0.396300053151946
1606 0.396379777010941
1607 0.396458883357776
1608 0.396545619471475
1609 0.396635784000439
1610 0.396726834180735
1611 0.396825812800915
1612 0.396937307747606
1613 0.39703136662937
1614 0.397125453654465
1615 0.397210586841468
1616 0.397286836195722
1617 0.397355281516784
1618 0.397408133079983
1619 0.39749304383674
1620 0.397583401982524
1621 0.397669630869111
1622 0.397765230857842
1623 0.397887845928713
1624 0.398016493815287
1625 0.398140280804537
1626 0.398308456655718
1627 0.398407516894275
1628 0.398456023326834
1629 0.398529332780026
1630 0.398585922949359
1631 0.398676168959513
1632 0.398785386211395
1633 0.398874697964402
1634 0.398976904254686
1635 0.399054666596175
1636 0.399108899792514
1637 0.399179058593457
1638 0.399252448222722
1639 0.399304003375073
1640 0.39934271783123
1641 0.399403411078445
1642 0.399451583744862
1643 0.399536740358942
1644 0.399659827736483
1645 0.39974404554009
1646 0.399826692336145
1647 0.399902629280046
1648 0.399948294709926
1649 0.400063250244485
1650 0.400211368589938
1651 0.400341885547437
1652 0.400500214625713
1653 0.40063624678261
1654 0.400754221219143
1655 0.400852968944273
1656 0.400995054087877
1657 0.401118185828844
1658 0.401242788641823
1659 0.401348214097464
1660 0.401376972846918
1661 0.401386309994816
1662 0.40139318907827
1663 0.401425510128071
1664 0.401492228438532
1665 0.401549752103862
1666 0.401578816913982
1667 0.401619950691745
1668 0.401716219831549
1669 0.401841880952861
1670 0.401977559333569
1671 0.402108660734788
1672 0.402216891826066
1673 0.402321708071267
1674 0.402429047747244
1675 0.402520802329855
1676 0.402618675212299
1677 0.402710564374637
1678 0.402778773993046
1679 0.402882683962116
1680 0.403016527960546
1681 0.403133097789102
1682 0.403248885351366
1683 0.403340191736607
1684 0.403391971324409
1685 0.403497319497861
1686 0.403627862528123
1687 0.403700562452644
1688 0.403780110382953
1689 0.403872291189578
1690 0.4039342986179
1691 0.404008253405321
1692 0.404122736833659
1693 0.404162013834004
1694 0.404171835926039
1695 0.404266845077093
1696 0.404347486842138
1697 0.404457021832621
1698 0.404584174066747
1699 0.404694821308857
1700 0.404791330092079
1701 0.404880889702164
1702 0.404947952557362
1703 0.40499721987548
1704 0.405032009800968
1705 0.405008723860141
1706 0.405038260798771
1707 0.405117979250994
1708 0.405137917713524
1709 0.40515932693259
1710 0.405171124961512
1711 0.405120693991083
1712 0.405089516188107
1713 0.405046116096126
1714 0.405066924855606
1715 0.405140488925686
1716 0.405183323575454
1717 0.40527628329835
1718 0.405321056576202
1719 0.405293937985311
1720 0.405295523338762
1721 0.405312665419862
1722 0.405331040519617
1723 0.405312728767233
1724 0.405373049348009
1725 0.405482215782981
1726 0.405577228475995
1727 0.405730664605038
1728 0.405843382934607
1729 0.405950549186625
1730 0.406001878007618
1731 0.406020124634421
1732 0.406047319542272
1733 0.406041705724649
1734 0.406032618702284
1735 0.406004189718276
1736 0.40600851577868
1737 0.405989489826603
1738 0.406018193988069
1739 0.406114242966924
1740 0.406229723629625
1741 0.406294564316991
1742 0.406375072289126
1743 0.406493935141462
1744 0.406543874408134
1745 0.406546297827189
1746 0.406511528704784
1747 0.406408564000374
1748 0.406344939779872
1749 0.406325843887046
1750 0.406330605206374
1751 0.40635124624256
1752 0.406295218046248
1753 0.406219051872992
1754 0.406186855006377
1755 0.40615216340373
1756 0.406150114055442
1757 0.406238548600696
1758 0.406310387533269
1759 0.406349492296672
1760 0.406439502101111
1761 0.406471611709089
1762 0.406475828217255
1763 0.406531385703127
1764 0.406586827726609
1765 0.406671879912366
1766 0.406756441537201
1767 0.40682240027042
1768 0.406865080414605
1769 0.40685165861499
1770 0.406859683345075
1771 0.406865214264204
1772 0.406887465226974
1773 0.406905735434483
1774 0.406905086976297
1775 0.406906420194923
1776 0.406879904305533
1777 0.406903945044924
1778 0.406965478890183
1779 0.407022175921634
1780 0.407143820407311
1781 0.407131333170577
1782 0.407126509755111
1783 0.407058486352248
1784 0.406956763794372
1785 0.406984602113874
1786 0.407043429522081
1787 0.407102656254837
1788 0.407221349437188
1789 0.407319002394066
1790 0.407384755267171
1791 0.407473444304368
1792 0.407538400036752
1793 0.407596479538079
1794 0.40762585283841
1795 0.407566643033637
1796 0.407510979169435
1797 0.40750996151511
1798 0.407527705185553
1799 0.407571316184622
1800 0.407723277604375
1801 0.407840330383231
1802 0.407763972562289
1803 0.407886775844101
1804 0.408047271530078
1805 0.408165285155296
1806 0.40833286195555
1807 0.408460659094545
1808 0.40850773096689
1809 0.408609614226362
1810 0.408736769208259
1811 0.408880138656249
1812 0.408987756694378
1813 0.409174129285049
1814 0.409239940828473
1815 0.409249227176368
1816 0.40927095531517
1817 0.409220944795993
1818 0.409227980897186
1819 0.409280858926296
1820 0.40926022222329
1821 0.409333827347236
1822 0.409482068572984
1823 0.409596249477002
1824 0.409635496471813
1825 0.409672697201761
1826 0.409570112121508
1827 0.409651600076281
1828 0.409951256744144
1829 0.410052630867768
1830 0.410177503652758
1831 0.410177717704876
1832 0.410016553091651
1833 0.409794647942058
1834 0.409759703214951
1835 0.409715390406832
1836 0.409721111029151
1837 0.409811896325458
1838 0.409883635501027
1839 0.409948669127474
1840 0.410108039370534
1841 0.410184954223432
1842 0.410245077420805
1843 0.410234285078105
1844 0.410177372194386
1845 0.410270740158721
1846 0.410318840917674
1847 0.41036308316402
1848 0.410450263342731
1849 0.410496075759356
1850 0.410491232348634
1851 0.41054246200978
1852 0.410539901768902
1853 0.41053857406077
1854 0.410524876858242
1855 0.410485681520034
1856 0.410451823099739
1857 0.410450364107516
1858 0.410441739349414
1859 0.41045274622564
1860 0.410411271856268
1861 0.410345302060414
1862 0.410269397162937
1863 0.41011168959925
1864 0.409851388573525
1865 0.409578129437116
1866 0.409338516519027
1867 0.409049005660023
1868 0.408716523322339
1869 0.408412326147322
1870 0.408126821562351
1871 0.407777496433171
1872 0.407396721228391
1873 0.406939053011834
1874 0.406429937689088
1875 0.405915151252552
1876 0.405407759514635
1877 0.404895962787438
1878 0.40437616502229
1879 0.40390446846485
1880 0.403273403180634
1881 0.402509745504334
1882 0.401705915402245
1883 0.400746348422675
1884 0.39974341017525
1885 0.398685601571736
1886 0.397609718349811
1887 0.396535136424028
1888 0.395308350478282
1889 0.393977825526875
1890 0.392558588539221
1891 0.391094232724037
1892 0.389458187595916
1893 0.387716431760787
1894 0.38596773607896
1895 0.384031425557129
1896 0.382075609068005
1897 0.380210220447698
1898 0.37822655775425
1899 0.376315683304557
1900 0.374416146244339
1901 0.372551141564819
1902 0.370625706821552
1903 0.36895864564895
1904 0.3673371812833
1905 0.366036604459372
1906 0.364904368062712
1907 0.363794278613511
1908 0.36289618433411
1909 0.362182023522489
1910 0.36156344841118
1911 0.361089140202675
1912 0.360749299094365
1913 0.360596207863778
1914 0.360406240456103
1915 0.360279120170633
1916 0.360342061313207
1917 0.360467075939211
1918 0.360640296886111
1919 0.360942289671995
1920 0.36127125584586
1921 0.361597718880952
1922 0.361942964353249
1923 0.362282447247452
1924 0.362626348741558
1925 0.362985540441188
1926 0.363354998439128
1927 0.3638009049619
1928 0.364290617272525
1929 0.364780923403794
1930 0.365276744730429
1931 0.365704501708341
1932 0.366173785768053
1933 0.366652067183226
1934 0.367132179071209
1935 0.367607622993552
1936 0.368137148759427
1937 0.368631665500854
1938 0.369185907444567
1939 0.369772007202341
1940 0.370301855797251
1941 0.37080707017257
1942 0.371267569437966
1943 0.371713370348226
1944 0.372088074495218
1945 0.372532571306197
1946 0.373008925541009
1947 0.373434115713825
1948 0.373872304022833
1949 0.374270303742662
1950 0.374625969681629
1951 0.375029422963564
1952 0.375414850435227
1953 0.375852652604171
1954 0.376266987102086
1955 0.376685291823714
1956 0.377067743583075
1957 0.37741046322284
1958 0.377789808307092
1959 0.37814893979939
1960 0.378546675678926
1961 0.378983532846771
1962 0.379467919094905
1963 0.37984960249897
1964 0.380171319574481
1965 0.38054065275632
1966 0.380893270013258
1967 0.381288886770332
1968 0.381745545370346
1969 0.382185421896162
1970 0.382632076786426
1971 0.383083003739339
1972 0.383497046969626
1973 0.384050865381971
1974 0.384536083897529
1975 0.38495427440161
1976 0.385461783478329
1977 0.385921947570895
1978 0.386332032917187
1979 0.38668279512079
1980 0.387109891888968
1981 0.387498969254675
1982 0.387910179470771
1983 0.388418452378684
1984 0.388898574538113
1985 0.389332713046571
1986 0.38981388989845
1987 0.390251908002788
1988 0.390728007624154
1989 0.391226590723595
1990 0.39159962487788
1991 0.391961001558218
1992 0.392283412155541
1993 0.392616295022814
1994 0.392891907097128
1995 0.393205775586921
1996 0.39356519571652
1997 0.393900258534837
1998 0.394196532430827
1999 0.394497710928042
2000 0.394887017942138
2001 0.39527070967059
2002 0.395727922459057
2003 0.396297318278103
2004 0.396769907484541
2005 0.397302799057745
2006 0.39771386452746
2007 0.398034432648157
2008 0.398342746096539
2009 0.398557455723188
2010 0.398804593746196
2011 0.399021351560556
2012 0.399256206575428
2013 0.399576474491635
2014 0.399933609353562
2015 0.400263918377312
2016 0.400666362421138
2017 0.40098043178757
2018 0.401174887264549
2019 0.401515961615045
2020 0.401924456730959
2021 0.40229683508923
2022 0.402832037618309
2023 0.403153204167642
2024 0.403359647806113
2025 0.403464100105635
2026 0.403587189546093
2027 0.403767310291494
2028 0.403978697689732
2029 0.404301214036961
2030 0.404571617629415
2031 0.404840933798266
2032 0.405085650783634
2033 0.405346289326943
2034 0.405555193786093
2035 0.405681543062492
2036 0.405903845982757
2037 0.406127882047898
2038 0.406388191242624
2039 0.406772471130635
2040 0.407083783796262
2041 0.407295398713655
2042 0.407455896322632
2043 0.407619461255214
2044 0.407677821948975
2045 0.407823875698143
2046 0.408004723500524
2047 0.408212664104577
2048 0.408478423557684
2049 0.408683981869616
2050 0.40887833865171
2051 0.409082982765178
2052 0.409291864746543
2053 0.409443269989435
2054 0.409580292159523
2055 0.409710668880177
2056 0.409826128648716
2057 0.409872011302127
2058 0.409972924549011
2059 0.410086373371118
2060 0.410229883729289
2061 0.410362412378179
2062 0.410560831644955
2063 0.410871884927531
2064 0.411107915569662
2065 0.411376500848003
2066 0.41155098177707
2067 0.411623391818691
2068 0.411721638191306
2069 0.41181020216067
2070 0.411980270356896
2071 0.412139473236308
2072 0.412341347510074
2073 0.412560749991799
2074 0.412829053611389
2075 0.413009819932603
2076 0.413205294535693
2077 0.41334689359471
2078 0.413376631244247
2079 0.41344988031138
2080 0.41354992549795
2081 0.413637202076001
2082 0.413626279414477
2083 0.413732235509844
2084 0.413907999035796
2085 0.414113224851947
2086 0.414292710911648
2087 0.414528554314027
2088 0.414761967590235
2089 0.414992430874726
2090 0.415170723139168
2091 0.415364898577218
2092 0.415531234601537
2093 0.415623417976195
2094 0.415731550275358
2095 0.415847456617995
2096 0.415982413715119
2097 0.416101175808464
2098 0.416216691054478
2099 0.416317184325659
2100 0.416487740556042
2101 0.416716631682868
2102 0.416916670798321
2103 0.417010787933188
2104 0.417089287037227
2105 0.417164584336577
2106 0.417097444956699
2107 0.417124667113362
2108 0.417190791625714
2109 0.417339272273308
2110 0.417455551374719
2111 0.417704639795116
2112 0.418142084685245
2113 0.418524596061424
2114 0.419029502855719
2115 0.419411243815323
2116 0.419756015053847
2117 0.420089238778399
2118 0.420250200172682
2119 0.42026404116479
2120 0.420354143287494
2121 0.420361338265038
2122 0.420450924922908
2123 0.420556410406669
2124 0.420728509541768
2125 0.421043894294353
2126 0.421136876672194
2127 0.421128151999234
2128 0.421217312264652
2129 0.421190132590553
2130 0.421236932719011
2131 0.421484967866616
2132 0.42159885793847
2133 0.421608331263943
2134 0.421619690521287
2135 0.42163923385402
2136 0.421647471933523
2137 0.421584778371305
2138 0.421434489134555
2139 0.421398992093495
2140 0.421353244462617
2141 0.421336885772004
2142 0.42146783855979
2143 0.421438609409336
2144 0.421332343939985
2145 0.421199296853794
2146 0.421013567866578
2147 0.420796265496005
2148 0.420491387934325
2149 0.42024607972069
2150 0.420031184679922
2151 0.419749501024455
2152 0.419476283875311
2153 0.419164551108176
2154 0.418779210176327
2155 0.418386857563387
2156 0.417972360693695
2157 0.417583456457068
2158 0.417090815432589
2159 0.416461637017024
2160 0.415980286200205
2161 0.415455972186294
2162 0.415075262041311
2163 0.414906812343731
2164 0.414572928036659
2165 0.414218898204941
2166 0.413870277135528
2167 0.413451002046928
2168 0.413070237199646
2169 0.412821636680251
2170 0.41242088659404
2171 0.411803715687666
2172 0.411356765883386
2173 0.410975599847831
2174 0.410505114237106
2175 0.410134963946869
2176 0.409916596079249
2177 0.409607888279681
2178 0.409293292159494
2179 0.408899449956975
2180 0.408524546849911
2181 0.408064225529619
2182 0.407471750282566
2183 0.40689435478464
2184 0.406211585990785
2185 0.405674898901201
2186 0.405209826680155
2187 0.404702966801908
2188 0.404234873789253
2189 0.403837505704828
2190 0.403590445944306
2191 0.403063275007545
2192 0.402399025772231
2193 0.401811356524197
2194 0.400935548113926
2195 0.400259991753837
2196 0.399803362719496
2197 0.399298824126949
2198 0.398799509650477
2199 0.398232832604942
2200 0.39782821184661
2201 0.397577940671071
2202 0.397173200366532
2203 0.396821807824868
2204 0.396352160082369
2205 0.395623630173446
2206 0.395187743977412
2207 0.394743714849254
2208 0.394558413965026
2209 0.394592998291575
2210 0.394729522656985
2211 0.395074723965414
2212 0.395479149078074
2213 0.396032244890406
2214 0.396606898824887
2215 0.397445477069815
2216 0.398034600143899
2217 0.39848890945563
2218 0.398992023499649
2219 0.399403088952242
2220 0.399772957744461
2221 0.400132981339797
2222 0.400611525334702
2223 0.400850771230444
2224 0.400882331259648
2225 0.401020109649759
2226 0.401017510524271
2227 0.401273290268164
2228 0.401652073921867
2229 0.402034270899812
2230 0.402755303317937
2231 0.40300468358569
2232 0.403072995944744
2233 0.403058234783501
2234 0.402576983474903
2235 0.402479224179363
2236 0.402499012971478
2237 0.40255374622267
2238 0.402861755285358
2239 0.402993889991922
2240 0.403074061475822
2241 0.403110287622183
2242 0.403064101556905
2243 0.403039261300321
2244 0.403014929767127
2245 0.402914530224597
2246 0.402935132324106
2247 0.402772075697934
2248 0.402535815376127
2249 0.402416326402492
2250 0.402500427443448
2251 0.40268600208563
2252 0.402913587966173
2253 0.403385549367923
2254 0.403733857898592
2255 0.404094461796897
2256 0.40432004908381
2257 0.404590988395398
2258 0.404673651298286
2259 0.404387989238507
2260 0.404440265631592
2261 0.404608381037266
2262 0.40472684738484
2263 0.405128126008161
2264 0.405176347312416
2265 0.404819585345764
2266 0.40476855202242
2267 0.404673025457039
2268 0.40470385178129
2269 0.404946034593964
2270 0.405229682252212
2271 0.405654515676127
2272 0.405918082679784
2273 0.406363630948397
2274 0.406548703736985
2275 0.406416856659648
2276 0.406315301584851
2277 0.406239861070293
2278 0.40581048030663
2279 0.405472138978486
2280 0.405141489390949
2281 0.404597025876521
2282 0.404245775502069
2283 0.404104322867664
2284 0.403999881009093
2285 0.404062113552384
2286 0.40445466501372
2287 0.404611240244919
2288 0.40475626045558
2289 0.404905046787114
2290 0.405061516380744
2291 0.405063247128769
2292 0.405036787877464
2293 0.404893877107486
2294 0.404629669200938
2295 0.404260848313947
2296 0.403490076722301
2297 0.403368947751578
2298 0.403478560302945
2299 0.403577273159449
2300 0.404374280425611
2301 0.40448372020298
2302 0.404066319578531
2303 0.403801692178572
2304 0.403266296822595
2305 0.403063667515225
2306 0.403098018947358
2307 0.402990700137961
2308 0.402819941569767
2309 0.402853514453015
2310 0.403011895278234
2311 0.403112488902181
2312 0.403560420871584
2313 0.403651063896384
2314 0.403317473449197
2315 0.403117950308483
2316 0.402801725613703
2317 0.402595566952151
2318 0.40249509031247
2319 0.402441620484665
2320 0.402463021424146
2321 0.402462593191436
2322 0.402604713208081
2323 0.402493820011208
2324 0.402571547786347
2325 0.402690344464074
2326 0.402621257859664
2327 0.40249991836564
2328 0.401828554400675
2329 0.401336119406798
2330 0.401245767249764
2331 0.400953499628454
2332 0.401248875462662
2333 0.401703538445778
2334 0.401460397422316
2335 0.401538794712404
2336 0.401178309476692
2337 0.400241346097546
2338 0.399693247604294
2339 0.399037606857695
2340 0.398874889902637
2341 0.398972037828816
2342 0.399215023937477
2343 0.400271061886014
2344 0.400057547718819
2345 0.399283480854217
2346 0.398697198921225
2347 0.397173608070873
2348 0.396782649222569
2349 0.397191332626245
2350 0.397233636048135
2351 0.397568088796496
2352 0.397661472212186
2353 0.397583472064905
2354 0.397497085998826
2355 0.397357158104519
2356 0.39728609330266
2357 0.397205220619476
2358 0.39712722955441
2359 0.396968436269302
2360 0.397132270138707
2361 0.397646135933409
2362 0.397477269882952
2363 0.397240477507135
2364 0.396927275255348
2365 0.39584318516823
2366 0.395622673039478
2367 0.395936107885644
2368 0.39614650315168
2369 0.396650286935139
2370 0.396767860004121
2371 0.396934571866822
2372 0.396903477903751
2373 0.396744508316359
2374 0.396301670811737
2375 0.395272455965917
2376 0.394797869039209
2377 0.39439206974814
2378 0.393928171885631
2379 0.39398014290524
2380 0.393645277079202
2381 0.392462627526721
2382 0.392172955502444
2383 0.392769429823868
2384 0.392477140916431
2385 0.391797062904145
2386 0.391980234708709
2387 0.392160464798504
2388 0.392077521705575
2389 0.392729867390918
2390 0.393039887013305
2391 0.392610210108544
2392 0.392479226027196
2393 0.393056152342569
2394 0.392867753320128
2395 0.391729257982186
2396 0.391339210028582
2397 0.390929417752186
2398 0.390798713827079
2399 0.391162508048435
2400 0.391434651299855
2401 0.392033863923535
2402 0.392432505132888
2403 0.393031660037093
2404 0.393073668181156
2405 0.392287772773876
2406 0.392016163703427
2407 0.391941322604445
2408 0.391570470099314
2409 0.391394102728598
2410 0.391210684230982
2411 0.390737173644608
2412 0.39001441618437
2413 0.389390667005159
2414 0.388367172536325
2415 0.38624502496644
2416 0.385410866691552
2417 0.385305625077096
2418 0.385015070482652
2419 0.385310379035419
2420 0.385310675469282
2421 0.385172205428617
2422 0.384763189844239
2423 0.384307938877279
2424 0.384015977756819
2425 0.383407403286177
2426 0.382875633708785
2427 0.38249704938231
2428 0.382077263628642
2429 0.381851634800217
2430 0.381084492794321
2431 0.380046081422722
2432 0.379576981971879
2433 0.378356059186628
2434 0.378099920754637
2435 0.379737260705825
2436 0.379105396879586
2437 0.376985555911495
2438 0.376596646355786
2439 0.37612826055708
2440 0.375435113368981
2441 0.375797295730762
2442 0.376200085482452
2443 0.375602460174492
2444 0.376252151052262
2445 0.376177565866355
2446 0.374267326259286
2447 0.373538371513028
2448 0.37318166187093
2449 0.372775841569129
2450 0.371742357298015
2451 0.369885152986083
2452 0.370929280677304
2453 0.371251592360248
2454 0.370262818475327
2455 0.371282532048594
2456 0.369717282668951
2457 0.368305257213043
2458 0.369991545839803
2459 0.369906065495259
2460 0.369253334674071
2461 0.36900776753252
2462 0.36837130622987
2463 0.368736248774032
2464 0.368442648445137
2465 0.3682673012883
2466 0.368559222684307
2467 0.368301203311772
2468 0.367094383359177
2469 0.367214331516386
2470 0.369050782267472
2471 0.369077595636853
2472 0.368790762343393
2473 0.368347733063986
2474 0.365662761053377
2475 0.36404078652548
2476 0.363316896835707
2477 0.3630059291774
2478 0.363036087927698
2479 0.363232542891302
2480 0.364959219116182
2481 0.364372858204855
2482 0.361414068588497
2483 0.361255035659774
2484 0.361931547604873
2485 0.361068463229888
2486 0.361248218318845
2487 0.36139928558867
2488 0.359291452277963
2489 0.359569083114268
2490 0.363094426865152
2491 0.3618502063609
2492 0.360711404010153
2493 0.361110614226659
2494 0.360201242083398
2495 0.360851595590733
2496 0.361729765168003
2497 0.362540824717322
2498 0.365236444707723
2499 0.365211182418393
2500 0.366256409841788
