"Wavelength" "M025a_m3-w1"
350 0.0880931606009772
351 0.0791879895990776
352 0.0757075778239455
353 0.0782100989789262
354 0.0796175161142854
355 0.0739381414628774
356 0.0771169807100538
357 0.085170663437059
358 0.0791304097144551
359 0.082870397407024
360 0.082730506476813
361 0.0748391054885491
362 0.0819194676633886
363 0.0824446781543767
364 0.079254525286968
365 0.0795524300840993
366 0.0804953802051011
367 0.0788068648710452
368 0.0770371377345636
369 0.0798196834091544
370 0.0786152793545605
371 0.0772774103598873
372 0.0774898543890937
373 0.0766826927362397
374 0.0776604920964566
375 0.0789681681260014
376 0.0790549521370846
377 0.0785081722726672
378 0.0773371422929402
379 0.0771496483989894
380 0.0792384670324591
381 0.0794570547341075
382 0.080421647459043
383 0.0815028025429857
384 0.0789862741174746
385 0.0765851701962456
386 0.077238979083105
387 0.0803149756709453
388 0.0781214772353102
389 0.0774198866970945
390 0.0784965922085823
391 0.0793138044888119
392 0.0775357854771118
393 0.0775664031015846
394 0.0794644956381391
395 0.0798364155146132
396 0.0801207023543875
397 0.0801348380023926
398 0.0798150678373202
399 0.0796701474371456
400 0.0798249561685173
401 0.0797780595819598
402 0.0792016263324505
403 0.079385080337097
404 0.0796420719372936
405 0.0798003924770854
406 0.08011802225189
407 0.0804641354133671
408 0.0801549335975086
409 0.0794446607189606
410 0.0805013312137146
411 0.0809598337644305
412 0.081399669832787
413 0.0825967472157939
414 0.081798184061227
415 0.0815462942904895
416 0.0822621305710126
417 0.082502974830163
418 0.0826181691775188
419 0.0828325650199107
420 0.0832129849161247
421 0.0835084621092983
422 0.0839689555181838
423 0.0843468593023772
424 0.0843625405893008
425 0.084523306328879
426 0.0848165239794371
427 0.0850344566546502
428 0.0848631823186486
429 0.0853516466583721
430 0.08603635514631
431 0.086452630266126
432 0.0869491216634483
433 0.087185896150524
434 0.0869603870904156
435 0.0864055498750295
436 0.0873673319396334
437 0.0881185219831082
438 0.0880633058586894
439 0.0883645795327207
440 0.0888427489517407
441 0.0892885575793141
442 0.0894943565359564
443 0.0892893370414439
444 0.0893503790478504
445 0.0897398466784139
446 0.0901148445167628
447 0.0902634216923022
448 0.0906670322763245
449 0.0912976615412745
450 0.0911190237106538
451 0.0912722580438362
452 0.0915585974563859
453 0.0915541311498565
454 0.0917605669341867
455 0.0922300686391912
456 0.0927482777603728
457 0.0929263738957122
458 0.0932208141669633
459 0.0934093235247517
460 0.093376483227357
461 0.0934816109576435
462 0.0940318402762685
463 0.0945555994121826
464 0.0943978802022119
465 0.0941284448455468
466 0.0943530664113235
467 0.0949645493443194
468 0.0950110794145421
469 0.0950095274470361
470 0.0951570979508546
471 0.0955138005956883
472 0.0959856396350002
473 0.096144968973242
474 0.0961765251034817
475 0.0965823631964155
476 0.0964417710241808
477 0.0965012891685483
478 0.0970657413399904
479 0.097163287921035
480 0.0972809597962487
481 0.097616569689886
482 0.098150766581871
483 0.0981856309999728
484 0.0983465174472725
485 0.0988039576608536
486 0.099156829444605
487 0.0993430351287056
488 0.0995722574978214
489 0.0999594865975291
490 0.100113642491329
491 0.100251147384351
492 0.100504332009877
493 0.10090933052854
494 0.101093078844778
495 0.101291654027726
496 0.101641140057067
497 0.101945572291722
498 0.102361476685324
499 0.102735051715933
500 0.102902346956957
501 0.103218240144065
502 0.103587515682117
503 0.103935341339563
504 0.104241731851609
505 0.10459811926635
506 0.104948955210289
507 0.105260948853418
508 0.105696283156931
509 0.106017012926408
510 0.106219686624877
511 0.106460502039887
512 0.106846666983161
513 0.107250399322581
514 0.107576275031938
515 0.107864808217166
516 0.10804624425343
517 0.108287347147808
518 0.108759610895616
519 0.109091681495187
520 0.109483894432195
521 0.109924248078733
522 0.11009659315966
523 0.110449057002264
524 0.110890127677037
525 0.111246800229577
526 0.111572660499147
527 0.111978219466962
528 0.112415676238335
529 0.112727663605116
530 0.113030767720379
531 0.113394611915392
532 0.113821050469302
533 0.114184109042724
534 0.11446474987426
535 0.114782113826024
536 0.115269764280319
537 0.115608336987939
538 0.115983911597659
539 0.116460061865293
540 0.116838011990727
541 0.117299073234843
542 0.11769618905387
543 0.117899246930883
544 0.118326845536376
545 0.118762178938328
546 0.119132493637498
547 0.11953521934533
548 0.119995908359718
549 0.120488149735387
550 0.120987745818909
551 0.121537410325844
552 0.122009684784191
553 0.122440989988917
554 0.122961580644871
555 0.123440007623976
556 0.123839342451591
557 0.124198260355315
558 0.124694007293775
559 0.125124195672507
560 0.125544713291733
561 0.126071264865567
562 0.126479635329908
563 0.126844182446939
564 0.127188578861571
565 0.127433145778681
566 0.127646210012549
567 0.12785883328109
568 0.128106013207058
569 0.12847290775414
570 0.128929144113793
571 0.129444509518027
572 0.129990032408358
573 0.130487114406339
574 0.13102353125198
575 0.131625965614691
576 0.132038282891959
577 0.132397375873107
578 0.132764492392709
579 0.133145769183298
580 0.133441482185853
581 0.133678452164223
582 0.133892754880987
583 0.134095246000626
584 0.134393440311294
585 0.134688049718265
586 0.134867909920701
587 0.13523607200073
588 0.135672295843616
589 0.136086382625046
590 0.136459185004366
591 0.13685453800403
592 0.137268330237076
593 0.137675442141168
594 0.138055805540099
595 0.138358481881318
596 0.138624201784401
597 0.138964374086826
598 0.139331223143919
599 0.139711558003007
600 0.140075844693214
601 0.140328984225404
602 0.140596957055308
603 0.14088936618481
604 0.141161234560962
605 0.141447041432016
606 0.141717771889384
607 0.141971359563045
608 0.142261417849918
609 0.14257603572721
610 0.142875720458789
611 0.143140404943657
612 0.143508280058679
613 0.143876456033002
614 0.144203291732423
615 0.14453312997116
616 0.144938950566917
617 0.145310961018305
618 0.145569893590197
619 0.14590405932946
620 0.146214941498414
621 0.146489291689374
622 0.146780564007735
623 0.147112591840265
624 0.147487771050435
625 0.147870325999112
626 0.148133105133303
627 0.148472360839142
628 0.148882048397891
629 0.149261879581402
630 0.149599800631181
631 0.149915260343919
632 0.150239622025496
633 0.150617689147545
634 0.150970476264971
635 0.15128698576519
636 0.151590493631918
637 0.151942796662458
638 0.15232190072924
639 0.152683229003006
640 0.152970657260509
641 0.153330891866625
642 0.153742010964544
643 0.15413880815539
644 0.154439692720227
645 0.154797265207182
646 0.155222341789552
647 0.155632977106795
648 0.155995050886382
649 0.156376407992249
650 0.156788844888743
651 0.1571032032239
652 0.15740925485282
653 0.157758457841209
654 0.158170098801991
655 0.158563881112112
656 0.158898424547789
657 0.159230638296236
658 0.159729026469078
659 0.160109292962081
660 0.16042502591014
661 0.160793360613929
662 0.161221185751415
663 0.161660066112755
664 0.162091598677767
665 0.162521784921704
666 0.162963296469102
667 0.163334420356211
668 0.163623633846029
669 0.164004404745617
670 0.164456040531006
671 0.164918887296899
672 0.165321418759314
673 0.165690827573382
674 0.166108113035904
675 0.166566523155586
676 0.166930738278625
677 0.167334318361902
678 0.167779496998184
679 0.16823005190081
680 0.168651198496797
681 0.169108548750426
682 0.169584319734126
683 0.169996160362544
684 0.170415520742757
685 0.170845051110878
686 0.171276277034753
687 0.171706237919213
688 0.172116773782665
689 0.172555391937025
690 0.173076060315619
691 0.173539161449176
692 0.174002083273457
693 0.174479080305194
694 0.174897600762141
695 0.17527896686217
696 0.175705465291405
697 0.176225103967347
698 0.176678290554451
699 0.177137369617722
700 0.177629895490679
701 0.178137252107419
702 0.178594967919091
703 0.17906382261515
704 0.179574266629664
705 0.180029434155801
706 0.180507579264373
707 0.181028838295708
708 0.181570103262947
709 0.182008718852614
710 0.182478982202101
711 0.183001669133115
712 0.183422295176814
713 0.183916432742844
714 0.18444971560527
715 0.184955801837066
716 0.185464036471016
717 0.185946186308621
718 0.186433195434724
719 0.186986160498919
720 0.187511246396391
721 0.187987294182833
722 0.188437607250525
723 0.188953096151149
724 0.189442639481521
725 0.189952473245502
726 0.190533565878262
727 0.190995795746019
728 0.191449996321842
729 0.191969845690345
730 0.19256489532765
731 0.193072630270843
732 0.193506707487703
733 0.193932811113147
734 0.194440858827418
735 0.194970380478039
736 0.195514993669334
737 0.196084757269372
738 0.196595311035586
739 0.197100924523208
740 0.19763229431962
741 0.198167168835226
742 0.198645244904097
743 0.199138735601398
744 0.199717410240985
745 0.200318806157128
746 0.200848276943272
747 0.201313927644973
748 0.201798591503744
749 0.202343816657096
750 0.202911206681283
751 0.203445836275564
752 0.203883009481027
753 0.204379630553536
754 0.20491856293919
755 0.20543864269571
756 0.205961265440272
757 0.206511499579673
758 0.207083373460939
759 0.207646779841851
760 0.20823160340082
761 0.208740525374309
762 0.209179711741723
763 0.209819660109103
764 0.210355428019064
765 0.210817923759974
766 0.21132681443629
767 0.211779683459455
768 0.212286363911125
769 0.212859448789982
770 0.213414027213373
771 0.213925528702732
772 0.214471665323654
773 0.215082260437995
774 0.215639537369126
775 0.216182710390267
776 0.216701403205919
777 0.217183700168184
778 0.217674280360548
779 0.218190496717492
780 0.218742732565966
781 0.219330047894351
782 0.219839597266582
783 0.22033284996251
784 0.220871133763517
785 0.221448319912346
786 0.221963237184136
787 0.222483400865763
788 0.223096899504726
789 0.223651207247268
790 0.224185418007753
791 0.224694020761858
792 0.22513909287361
793 0.225699423144733
794 0.226257370713706
795 0.226748420874371
796 0.227313980598712
797 0.227891608246938
798 0.22845438862566
799 0.22899103477282
800 0.229513788310223
801 0.230029836761719
802 0.230553547384109
803 0.23110059159229
804 0.231648211554614
805 0.232214528103482
806 0.232782111421934
807 0.23326855624091
808 0.233772187256692
809 0.234321506470035
810 0.234912110629964
811 0.235530503242469
812 0.235984753073268
813 0.236391243698959
814 0.236994499839929
815 0.237538483999126
816 0.238042252560806
817 0.23857029435319
818 0.239198751579432
819 0.239755738213228
820 0.24021231660335
821 0.240623627517814
822 0.241159073925229
823 0.241721668137737
824 0.242268710381069
825 0.242805270345891
826 0.243490161587439
827 0.244056384927676
828 0.244476137670228
829 0.244927393187748
830 0.24535291516068
831 0.245919612239992
832 0.246630029877378
833 0.247196536085141
834 0.247678415073466
835 0.248131102319606
836 0.248591647045631
837 0.249006929599182
838 0.249524487397929
839 0.250130792137855
840 0.250727057923377
841 0.251252240545386
842 0.251726896859525
843 0.252213263639469
844 0.252790242407978
845 0.253326737434711
846 0.253812149977151
847 0.254296262412543
848 0.254889975198931
849 0.255453359307518
850 0.255952936051658
851 0.256412241439707
852 0.25692711278063
853 0.257432263673551
854 0.257968560029263
855 0.258590836406241
856 0.25917107596919
857 0.259669766327455
858 0.260107482478165
859 0.260554466606333
860 0.261090354272834
861 0.261601968218303
862 0.26208193205824
863 0.262702204364997
864 0.263204528221777
865 0.263651609183847
866 0.264158270149821
867 0.264792483340303
868 0.265276780329401
869 0.265698710318137
870 0.266219729284574
871 0.266718687233826
872 0.267186430536951
873 0.267695280988343
874 0.268324406107788
875 0.268887230500883
876 0.26940184396216
877 0.269910594481553
878 0.270450188350836
879 0.270921827681327
880 0.27134533134512
881 0.271757467663575
882 0.272188731286649
883 0.27271647338419
884 0.273274448094488
885 0.273807378171771
886 0.274375185197967
887 0.274936433557559
888 0.275476149614384
889 0.275992253572111
890 0.276501293857818
891 0.276941691349709
892 0.277369804243812
893 0.277877879885339
894 0.278410946001894
895 0.278974433090433
896 0.279520190052766
897 0.279981666795254
898 0.280472371299512
899 0.280953017555461
900 0.281435350924335
901 0.281989655881988
902 0.28248950191062
903 0.282995861946573
904 0.283545578848894
905 0.284091568999939
906 0.284583576032167
907 0.285106164757328
908 0.285705145932134
909 0.286285906245218
910 0.286708859709788
911 0.287132306452464
912 0.287697369017435
913 0.288223064242454
914 0.288679828837523
915 0.289108735409794
916 0.289573718632099
917 0.290071782767385
918 0.290694139847708
919 0.291369447473449
920 0.291943734039035
921 0.292303311176318
922 0.292742583292679
923 0.29325055708668
924 0.2936586719588
925 0.294260389471567
926 0.294819925699963
927 0.295293749109772
928 0.295816790514563
929 0.296322186316262
930 0.296810743374711
931 0.297279355459443
932 0.297728740981477
933 0.298305559001331
934 0.298892474382351
935 0.299422169329425
936 0.299936318170348
937 0.300395391756369
938 0.300943307103876
939 0.301577250992809
940 0.302066766868729
941 0.302611562969158
942 0.303151044622391
943 0.303609256969061
944 0.303977163108356
945 0.304538767707587
946 0.30504181513726
947 0.30537720574526
948 0.305906413297912
949 0.306521450929367
950 0.307088640005798
951 0.307553855247703
952 0.308041356351869
953 0.308507581560349
954 0.308980516379273
955 0.309471709790583
956 0.309919496292228
957 0.310441918724266
958 0.310924733843402
959 0.311339675033056
960 0.312001993796014
961 0.312436140612534
962 0.3128709032086
963 0.313481595230822
964 0.31383139259227
965 0.314330571637311
966 0.314863584669686
967 0.31529398500208
968 0.315810605542668
969 0.316200892118945
970 0.316618483126982
971 0.317191874413363
972 0.317746564146263
973 0.31827446680496
974 0.3188467803054
975 0.319449814669644
976 0.31984163352259
977 0.320165168072631
978 0.320596705565572
979 0.321167399475812
980 0.321608416554316
981 0.322097199377871
982 0.322677675602294
983 0.323305840327011
984 0.323851456226888
985 0.324357439409331
986 0.324759265291367
987 0.32508448017568
988 0.325525485728426
989 0.32597932957794
990 0.326563579796803
991 0.32718506230669
992 0.327461072718803
993 0.328030636729237
994 0.328560783810514
995 0.328914429428278
996 0.329386006185581
997 0.329778718428186
998 0.330200615472753
999 0.330730688173077
1000 0.33134230482927
1001 0.32284963065842
1002 0.323288370220447
1003 0.323669518423649
1004 0.324082287222377
1005 0.324486465407271
1006 0.324920971348989
1007 0.325382811769387
1008 0.325843495926035
1009 0.326227861104053
1010 0.326675890634711
1011 0.327079950165863
1012 0.327494146384744
1013 0.327936635520814
1014 0.328368024518063
1015 0.328847810172899
1016 0.329257678158822
1017 0.329677035545608
1018 0.330111047039671
1019 0.330541757328562
1020 0.330941993772994
1021 0.33139605178502
1022 0.331736831048856
1023 0.332150477932669
1024 0.332631669501884
1025 0.333012415443976
1026 0.333434599632916
1027 0.333850139563915
1028 0.33420598738439
1029 0.334542678071498
1030 0.33497428541539
1031 0.335550952849262
1032 0.336066928164288
1033 0.33657916126202
1034 0.337079183648963
1035 0.337597721290348
1036 0.338064745224632
1037 0.338448805359397
1038 0.33890067832232
1039 0.339426050263428
1040 0.339877295594015
1041 0.340315962704238
1042 0.340777664869611
1043 0.341175048161115
1044 0.341519002406543
1045 0.34194503829456
1046 0.342462789481582
1047 0.342916991742062
1048 0.343349012535673
1049 0.343815323020987
1050 0.34428043129305
1051 0.34466508368206
1052 0.345087932777224
1053 0.345469352412417
1054 0.345803939318259
1055 0.346136532408905
1056 0.346470060340112
1057 0.346841994134862
1058 0.34722537880754
1059 0.34761440160397
1060 0.348030988305806
1061 0.348469313054093
1062 0.348867421109804
1063 0.349258273232913
1064 0.349630425502586
1065 0.349981945734159
1066 0.350259220214125
1067 0.350560950852386
1068 0.350881647473531
1069 0.351140215718867
1070 0.351460138949297
1071 0.351796996326754
1072 0.352082992529074
1073 0.352421092178094
1074 0.352740045908927
1075 0.353014638579357
1076 0.353303086523825
1077 0.353597683068218
1078 0.353875373131479
1079 0.35417619622958
1080 0.354433317385331
1081 0.354656200477181
1082 0.354931542388663
1083 0.355191166913177
1084 0.355474423795499
1085 0.355778710284649
1086 0.356043461721012
1087 0.356297092261676
1088 0.356561493979431
1089 0.356863048268971
1090 0.357173505643398
1091 0.357421172923319
1092 0.3575938269216
1093 0.357831638501605
1094 0.35805623124541
1095 0.358279440462204
1096 0.358616744843378
1097 0.358949642684843
1098 0.35925882176583
1099 0.359596487921714
1100 0.359861935613472
1101 0.3601264043012
1102 0.360423603277217
1103 0.360706922804602
1104 0.360975706997475
1105 0.361268370716078
1106 0.361559578685992
1107 0.361830188559587
1108 0.3620895404895
1109 0.362330376111135
1110 0.362657835817342
1111 0.362964397440417
1112 0.363300317101968
1113 0.36373397899275
1114 0.364096568415573
1115 0.364403074522885
1116 0.364732830548795
1117 0.365048031344806
1118 0.365374597653464
1119 0.365720603651776
1120 0.366116839570706
1121 0.366486325111414
1122 0.366848787950925
1123 0.367200408967857
1124 0.367554632656288
1125 0.367880437411887
1126 0.368169086132367
1127 0.368520560340808
1128 0.368839007055853
1129 0.369180490695824
1130 0.369577604919169
1131 0.369924012894521
1132 0.370291107569296
1133 0.370655218824694
1134 0.370978764817936
1135 0.371343326910717
1136 0.371699897171579
1137 0.372065679507398
1138 0.372404427423611
1139 0.372701024054735
1140 0.373059031404952
1141 0.373451695307987
1142 0.373811066664988
1143 0.374190955598773
1144 0.374595888978857
1145 0.374877622505965
1146 0.375149813620615
1147 0.375473491710293
1148 0.375795205544713
1149 0.376186636793434
1150 0.376537160831049
1151 0.376848397701347
1152 0.377184986494198
1153 0.377509853840371
1154 0.377814194666188
1155 0.378142881068077
1156 0.37849390326906
1157 0.378819463681439
1158 0.379115966033237
1159 0.379446726028342
1160 0.379800312108933
1161 0.380140187701423
1162 0.380433634596045
1163 0.380774920980497
1164 0.381107573541474
1165 0.381391252581687
1166 0.381711000411979
1167 0.382040968404266
1168 0.38233209804209
1169 0.38262137164879
1170 0.382917515184885
1171 0.383220307204766
1172 0.383521625975929
1173 0.383821294874074
1174 0.384120088989033
1175 0.384438789505023
1176 0.384728145057254
1177 0.384986250472385
1178 0.38527018368356
1179 0.385563739390806
1180 0.385831018234944
1181 0.386126139127508
1182 0.38640338680907
1183 0.386626460648491
1184 0.386850081075273
1185 0.387061417187278
1186 0.387276412370983
1187 0.387522574733186
1188 0.387795378950294
1189 0.388059708820083
1190 0.388344827932213
1191 0.388622156041643
1192 0.388897256679246
1193 0.389170657019742
1194 0.389461293361446
1195 0.389723311039968
1196 0.389983546138986
1197 0.390209686122176
1198 0.390403219937256
1199 0.39057944042169
1200 0.390768828155172
1201 0.390970933952059
1202 0.391192054114756
1203 0.391427918134862
1204 0.391631411937225
1205 0.391801931035761
1206 0.392005689090758
1207 0.392210277156213
1208 0.392416774474334
1209 0.392636164870905
1210 0.392862653123968
1211 0.393086526922625
1212 0.393318868787651
1213 0.393566243391428
1214 0.393819753957996
1215 0.394094875251898
1216 0.39433973742717
1217 0.394589782402856
1218 0.394812951732792
1219 0.394993366703129
1220 0.395212419533514
1221 0.395449104350218
1222 0.395712479673648
1223 0.39595350683854
1224 0.396201558560635
1225 0.396446909168329
1226 0.39668843058414
1227 0.396919152425701
1228 0.397145063949036
1229 0.397389222001304
1230 0.397629267146962
1231 0.397865297140358
1232 0.39812293150829
1233 0.398365944465497
1234 0.398583269039217
1235 0.398813559800948
1236 0.399052210649033
1237 0.39929837734407
1238 0.399514818277689
1239 0.39972723233522
1240 0.399959958519381
1241 0.400196549913262
1242 0.400418246835952
1243 0.400652184642243
1244 0.400878845472031
1245 0.4010772345762
1246 0.401298852871685
1247 0.401528525170542
1248 0.40177954853623
1249 0.402040166938933
1250 0.402310499308943
1251 0.402626204981534
1252 0.402903209402804
1253 0.403165834307512
1254 0.403426735447487
1255 0.403653480857476
1256 0.403910736367304
1257 0.404184608008993
1258 0.404456786194613
1259 0.404745390181288
1260 0.405055960931228
1261 0.405360645289778
1262 0.405678301693425
1263 0.405975761288453
1264 0.406301617352505
1265 0.406550270170317
1266 0.406725110293092
1267 0.406952918431335
1268 0.407178530273273
1269 0.407371069559478
1270 0.407564364659672
1271 0.407767288970636
1272 0.407900921737567
1273 0.408099850966524
1274 0.408388729872657
1275 0.408627485363018
1276 0.408860606821417
1277 0.409088093424166
1278 0.409299235078549
1279 0.409496884536399
1280 0.40969396103327
1281 0.409901401245589
1282 0.410072313827988
1283 0.410222497049195
1284 0.410359507776496
1285 0.410467534998049
1286 0.410585149697545
1287 0.410694374080353
1288 0.410802404200057
1289 0.410927259950013
1290 0.411011375403776
1291 0.411067187511744
1292 0.411125373162246
1293 0.411147176856843
1294 0.411192176853054
1295 0.411253898758229
1296 0.411307286600811
1297 0.411366024448862
1298 0.411417210844964
1299 0.411444846120274
1300 0.411492752868177
1301 0.411563701963652
1302 0.411668651363295
1303 0.411703028039882
1304 0.411732622091098
1305 0.411752067794122
1306 0.411695295484325
1307 0.411719261895572
1308 0.411810030902253
1309 0.411842791251957
1310 0.411861713101027
1311 0.41189448479232
1312 0.41190498905207
1313 0.411934778173008
1314 0.411976553193177
1315 0.412037290828276
1316 0.412095128594167
1317 0.412179860710031
1318 0.412323404271347
1319 0.412429168756817
1320 0.412523722174292
1321 0.412623320107573
1322 0.412716741193369
1323 0.412789571064063
1324 0.41289099458916
1325 0.412994289323489
1326 0.413140387540816
1327 0.413307829237773
1328 0.413483707736675
1329 0.413694652117084
1330 0.413898420545697
1331 0.414109580548525
1332 0.414310527399561
1333 0.414525360681147
1334 0.414722364242545
1335 0.414886726755765
1336 0.415084535279346
1337 0.415299691572061
1338 0.41550439093984
1339 0.415720334112258
1340 0.415931013837222
1341 0.416128850221491
1342 0.416335467214155
1343 0.416574828953885
1344 0.416771596906268
1345 0.416925583812983
1346 0.417107770477336
1347 0.417278550729048
1348 0.417459321437511
1349 0.417636968701622
1350 0.417832552877747
1351 0.418034678576433
1352 0.418220909425082
1353 0.41843856384921
1354 0.418716253398771
1355 0.418920691746253
1356 0.419098165664589
1357 0.41927884953933
1358 0.419418747051663
1359 0.419589668443357
1360 0.419781124752713
1361 0.419963230996924
1362 0.420132427561793
1363 0.420325226344338
1364 0.420524034592765
1365 0.420733212039974
1366 0.420976716027403
1367 0.421196292269366
1368 0.421410160482507
1369 0.421619055552152
1370 0.421836135051805
1371 0.422017278410164
1372 0.422192954113184
1373 0.422337759916258
1374 0.422453926436357
1375 0.422521211546738
1376 0.422546554605395
1377 0.422527549547753
1378 0.422496275026307
1379 0.422406449365918
1380 0.422347833996453
1381 0.422282489690488
1382 0.422225234847625
1383 0.422197747937268
1384 0.422104767902663
1385 0.422008048697269
1386 0.421857213823577
1387 0.421656496215472
1388 0.421425359394013
1389 0.421147070710042
1390 0.420869488004058
1391 0.420563903509469
1392 0.420237258005876
1393 0.419915295544476
1394 0.419546941184009
1395 0.419125785549491
1396 0.418704422355298
1397 0.41825504350847
1398 0.417801046793866
1399 0.41734112002047
1400 0.416870912393159
1401 0.416394670315562
1402 0.415904132612606
1403 0.415394340609386
1404 0.414865218142888
1405 0.414364732837533
1406 0.413846352594678
1407 0.413382556128684
1408 0.412943623697122
1409 0.412542890665846
1410 0.412158326863831
1411 0.41184025229592
1412 0.411536242795029
1413 0.411352734336462
1414 0.411217557655444
1415 0.411214032884357
1416 0.411317680512498
1417 0.411513767862274
1418 0.411834275330731
1419 0.412195258193001
1420 0.412695921406948
1421 0.413142309338099
1422 0.413641345185156
1423 0.414096531895961
1424 0.414530358838051
1425 0.414948743413546
1426 0.41534954607505
1427 0.41574223503011
1428 0.416121421906316
1429 0.416488010372756
1430 0.416835566023812
1431 0.41718643711597
1432 0.417507497305093
1433 0.41786471774815
1434 0.41823382412025
1435 0.418589855953702
1436 0.418929104630727
1437 0.419271078941098
1438 0.419575244431727
1439 0.419838182812858
1440 0.420142491701969
1441 0.420450596616801
1442 0.420745734096572
1443 0.4210593889179
1444 0.421342710088104
1445 0.421593184588985
1446 0.421859477767676
1447 0.422137168709457
1448 0.42238856829148
1449 0.422623695933978
1450 0.422863513478416
1451 0.423086255964655
1452 0.423318496093823
1453 0.423575094639053
1454 0.423792117399527
1455 0.423978113936524
1456 0.42418307041387
1457 0.424366544816973
1458 0.424572960794926
1459 0.424800323279561
1460 0.425031710015127
1461 0.425294785227589
1462 0.425514835700766
1463 0.425727569359904
1464 0.425925426094049
1465 0.426055710055978
1466 0.426235632924779
1467 0.426428105446389
1468 0.426641598806993
1469 0.42687863835507
1470 0.427144538832519
1471 0.427424269157236
1472 0.42771141308072
1473 0.427979621947692
1474 0.428249143730675
1475 0.428488225347027
1476 0.428687573401094
1477 0.428923314086454
1478 0.429156165840558
1479 0.42940021935241
1480 0.429668877269914
1481 0.429913922902034
1482 0.430147579744833
1483 0.430391204657955
1484 0.430627312214744
1485 0.430880487167398
1486 0.431151022493976
1487 0.431406877305009
1488 0.431679249976875
1489 0.431913201761048
1490 0.432113779702133
1491 0.432336948320917
1492 0.432547446269228
1493 0.432760487580684
1494 0.43299735896487
1495 0.433209336398356
1496 0.433385841582713
1497 0.433597500743425
1498 0.433820262931118
1499 0.434039590124337
1500 0.434265647716065
1501 0.434506266181523
1502 0.434755598249981
1503 0.435000645599054
1504 0.435288010627747
1505 0.435524726619792
1506 0.435708654790656
1507 0.435920286514364
1508 0.436131307643312
1509 0.436323370848888
1510 0.436520430920319
1511 0.436714332195645
1512 0.436865135063762
1513 0.437048596066399
1514 0.437270414987829
1515 0.437473316464091
1516 0.437694747166371
1517 0.437890278022394
1518 0.438046554780356
1519 0.438208156769395
1520 0.438297780373093
1521 0.438386250479663
1522 0.438529413301762
1523 0.438676017652662
1524 0.438845381895885
1525 0.439065589946922
1526 0.439277743271165
1527 0.439492006066142
1528 0.439698097223228
1529 0.439928277504357
1530 0.440132668237915
1531 0.440311990470612
1532 0.440496454112808
1533 0.440684597186263
1534 0.440863655865418
1535 0.441026609015313
1536 0.441197022261549
1537 0.441378063184174
1538 0.441535876570368
1539 0.441687860921323
1540 0.44182214527696
1541 0.441923283688451
1542 0.442056308241124
1543 0.442183362184435
1544 0.442333101454163
1545 0.442510049200138
1546 0.442680986602871
1547 0.442865110349756
1548 0.443035443596979
1549 0.44320454446865
1550 0.44337051679667
1551 0.443514916338922
1552 0.443688543910701
1553 0.443880832454723
1554 0.444066155723172
1555 0.444268486447886
1556 0.444456609994604
1557 0.444649855849791
1558 0.444811841464298
1559 0.444952597330464
1560 0.445092915463139
1561 0.445202189252636
1562 0.445326426989873
1563 0.445451053840407
1564 0.445590097373147
1565 0.445732323886411
1566 0.445883313236265
1567 0.446053958729325
1568 0.446221007416908
1569 0.446407994479344
1570 0.446565112686408
1571 0.446692815233831
1572 0.446845256945245
1573 0.446988815842666
1574 0.447139751026241
1575 0.447326538409076
1576 0.44748903287158
1577 0.447639763930563
1578 0.447780049235706
1579 0.447894239264239
1580 0.448028095896012
1581 0.448172984301986
1582 0.4483011989304
1583 0.448417920752751
1584 0.448556809592295
1585 0.448696720653476
1586 0.448833960012301
1587 0.449002579571598
1588 0.449151554196484
1589 0.449300596859591
1590 0.449412205745533
1591 0.44944892917913
1592 0.449557092307786
1593 0.449678474627668
1594 0.449805534961094
1595 0.450005110360646
1596 0.450182433586721
1597 0.450321518540848
1598 0.450483336039715
1599 0.450677872598654
1600 0.45086410368125
1601 0.450985046707358
1602 0.451090301773104
1603 0.451166160970821
1604 0.451222068375742
1605 0.451305474631258
1606 0.451407880193715
1607 0.451516416779191
1608 0.451627994428783
1609 0.451737382160892
1610 0.451862531509739
1611 0.451984786890646
1612 0.452092384237992
1613 0.452222467562547
1614 0.452360761021284
1615 0.452537594918805
1616 0.452736994990031
1617 0.452933827259236
1618 0.453187020263949
1619 0.453337490972904
1620 0.453426235973658
1621 0.45356824810213
1622 0.453677387729039
1623 0.453835832382205
1624 0.454063907782021
1625 0.45420586729127
1626 0.454322641655701
1627 0.454424111354434
1628 0.45447769775459
1629 0.45457674832675
1630 0.454680897004651
1631 0.454793082152979
1632 0.454922287282834
1633 0.45504665404568
1634 0.455172244901993
1635 0.455295618859018
1636 0.45542586482746
1637 0.455550890380884
1638 0.455664962153007
1639 0.455793893728349
1640 0.455927431283306
1641 0.456068822528707
1642 0.456211484408297
1643 0.456383574469859
1644 0.456600639562547
1645 0.456722499379687
1646 0.456829088429388
1647 0.456910370819259
1648 0.456904325572064
1649 0.456989345373745
1650 0.457111811186062
1651 0.457230064828142
1652 0.457357835747456
1653 0.457505041929752
1654 0.457666971553054
1655 0.457828138273738
1656 0.458027019897086
1657 0.458272272876395
1658 0.45847821244104
1659 0.458690916797916
1660 0.458906146337564
1661 0.459030166390664
1662 0.459156744624457
1663 0.459282654908858
1664 0.459371481714867
1665 0.45942247762589
1666 0.459440184659822
1667 0.4595157373583
1668 0.459630427868532
1669 0.459794318899514
1670 0.460028905899297
1671 0.460209731044765
1672 0.460325552057579
1673 0.460480882137006
1674 0.46065481877364
1675 0.4607859073202
1676 0.46092825327543
1677 0.461092282880266
1678 0.461230072862597
1679 0.461423096861933
1680 0.461636541430885
1681 0.461781747816099
1682 0.461950286752314
1683 0.462140676989915
1684 0.462314978823276
1685 0.462513117075677
1686 0.462672326871373
1687 0.462757504647079
1688 0.462869576223332
1689 0.463018355011811
1690 0.463169226756447
1691 0.463314941825355
1692 0.463447114279087
1693 0.463526454539688
1694 0.463555883048033
1695 0.463594816859928
1696 0.46363520250096
1697 0.463701666274865
1698 0.463828848593723
1699 0.464047899636077
1700 0.464222546546637
1701 0.464393842981991
1702 0.464583383909077
1703 0.464791413901171
1704 0.464952190396959
1705 0.465112818364196
1706 0.46525966742079
1707 0.465366398605281
1708 0.465452110066043
1709 0.465537524413498
1710 0.465600931678499
1711 0.465609564633084
1712 0.465620838105552
1713 0.465597472624032
1714 0.465635490976588
1715 0.4657050137506
1716 0.465776591738619
1717 0.465924929447634
1718 0.466000781316244
1719 0.466015643170661
1720 0.466046836469373
1721 0.466032410059936
1722 0.466074076265566
1723 0.4661459601007
1724 0.46624502244617
1725 0.466412690197588
1726 0.466510100991403
1727 0.466588790142022
1728 0.466665233314442
1729 0.466715755195959
1730 0.466745120792294
1731 0.466768440773843
1732 0.46678791473307
1733 0.466738807262321
1734 0.46678775343638
1735 0.466898692084032
1736 0.466990364442309
1737 0.467111993796165
1738 0.467257742158091
1739 0.467421574526026
1740 0.467642299754615
1741 0.467780035515118
1742 0.467885308056865
1743 0.467989798164662
1744 0.467997324402024
1745 0.467937891043883
1746 0.467898530200967
1747 0.467834644893237
1748 0.467801580241407
1749 0.467876854133954
1750 0.467927872538617
1751 0.467940616250689
1752 0.467997815934314
1753 0.468093353485183
1754 0.468230166185562
1755 0.468360508340315
1756 0.468449342220802
1757 0.468523957455075
1758 0.468579707208385
1759 0.468615790678844
1760 0.468711256657921
1761 0.468852204416966
1762 0.468973898489375
1763 0.469160933052194
1764 0.469380755444895
1765 0.469525049303324
1766 0.469638265060181
1767 0.469697619967872
1768 0.469670049525109
1769 0.469671129528676
1770 0.469707294229808
1771 0.469734934093524
1772 0.469755785347377
1773 0.469768355539995
1774 0.469725623913404
1775 0.469759347451107
1776 0.469861004664577
1777 0.469927537205632
1778 0.469990826921037
1779 0.470054510392681
1780 0.470105898867702
1781 0.470191611054063
1782 0.470296242962644
1783 0.4702773596472
1784 0.470271008530871
1785 0.470369503997163
1786 0.470478476614501
1787 0.470639917326342
1788 0.470834450347683
1789 0.470960149738779
1790 0.4710311900172
1791 0.471080311610755
1792 0.471104953044132
1793 0.471152447407606
1794 0.47118677364271
1795 0.471201289581514
1796 0.471266521507605
1797 0.471303099704857
1798 0.471469684192636
1799 0.471782003242423
1800 0.47206444280043
1801 0.472048124828043
1802 0.472101050638873
1803 0.47222854730797
1804 0.47236369700017
1805 0.472459838240073
1806 0.472536388228508
1807 0.472695156633965
1808 0.472838673997883
1809 0.473009132720663
1810 0.47329115395191
1811 0.473545701976927
1812 0.473652902276549
1813 0.473745351048562
1814 0.473727629896065
1815 0.473790893484912
1816 0.47382023410016
1817 0.473775153840107
1818 0.473826432245504
1819 0.473948244672585
1820 0.474002186550261
1821 0.474124121656946
1822 0.474291379904403
1823 0.474389781329233
1824 0.47449764199275
1825 0.474617538312266
1826 0.474727739778735
1827 0.47482471936404
1828 0.475019363855437
1829 0.475055086874773
1830 0.474971488515312
1831 0.474937753870416
1832 0.47483410052729
1833 0.474641037883823
1834 0.474579684503365
1835 0.474572903654652
1836 0.474606410335319
1837 0.474769049279396
1838 0.474844315321987
1839 0.474902262578535
1840 0.474976410707817
1841 0.475040293171787
1842 0.475098117054139
1843 0.475224273566577
1844 0.475361376624525
1845 0.475524902748494
1846 0.475610986136935
1847 0.475670443210751
1848 0.475704027409076
1849 0.475744235249655
1850 0.475661177955029
1851 0.475632909493288
1852 0.475635452293294
1853 0.47550560863866
1854 0.475386938728552
1855 0.475317077273861
1856 0.475306886843655
1857 0.475301676391054
1858 0.475278872057244
1859 0.475291148765486
1860 0.475316050297128
1861 0.475258514343778
1862 0.475132297387223
1863 0.474910275298806
1864 0.474541355777797
1865 0.474034431995072
1866 0.473553009791835
1867 0.473100783390648
1868 0.472669907351026
1869 0.472201893186687
1870 0.471745890241516
1871 0.471259410219756
1872 0.470712032395877
1873 0.470204756477972
1874 0.469638653503465
1875 0.469006703275319
1876 0.468416833583025
1877 0.467684612282168
1878 0.466903600453812
1879 0.466110272692517
1880 0.465212920209904
1881 0.464106475760068
1882 0.462966693527146
1883 0.461669248670345
1884 0.460290418493018
1885 0.458895678284042
1886 0.457449414613484
1887 0.455974648039773
1888 0.454314070908232
1889 0.452550121857727
1890 0.45062525397038
1891 0.448593118492899
1892 0.446332687740269
1893 0.443971508924765
1894 0.441594652665686
1895 0.439026154257973
1896 0.436377822293066
1897 0.43380824135032
1898 0.431099543462527
1899 0.428477403222494
1900 0.425822324207094
1901 0.42334380011072
1902 0.420862455582528
1903 0.418631536831271
1904 0.416675497701847
1905 0.414972190648237
1906 0.413431683517646
1907 0.412070409441774
1908 0.41082411749989
1909 0.409742521491778
1910 0.408849207767929
1911 0.408178172915925
1912 0.407602313060041
1913 0.407214132995336
1914 0.406884517763125
1915 0.406627984674674
1916 0.406574436852058
1917 0.406534865846236
1918 0.406586741332741
1919 0.40682357724627
1920 0.407106540228635
1921 0.407434196675868
1922 0.407912531976169
1923 0.408338884563498
1924 0.408774501247326
1925 0.40917970740099
1926 0.409645665814833
1927 0.410206068907833
1928 0.410760210710724
1929 0.411426729634323
1930 0.41217606824499
1931 0.412808743761243
1932 0.413424951349005
1933 0.414053002189305
1934 0.414604440224373
1935 0.415048913885487
1936 0.415572520560613
1937 0.416023918375094
1938 0.416505729705154
1939 0.417137560339318
1940 0.417759448072338
1941 0.41839408671418
1942 0.419036750887808
1943 0.419692722517814
1944 0.420346089733836
1945 0.420953637742965
1946 0.421583865326036
1947 0.422189957863497
1948 0.422739981904709
1949 0.423262066252594
1950 0.423861018829175
1951 0.424402859930107
1952 0.424864263399101
1953 0.425375965842723
1954 0.425858653317534
1955 0.426291836069411
1956 0.42678637810808
1957 0.427290800756054
1958 0.427785565530684
1959 0.428291743013636
1960 0.428826970230922
1961 0.429288289525197
1962 0.429805658848143
1963 0.4303825362337
1964 0.430940906417094
1965 0.431513420642772
1966 0.432106420461318
1967 0.432650791434016
1968 0.433090335254912
1969 0.433616863507572
1970 0.43418700039938
1971 0.434761854306614
1972 0.435354408832884
1973 0.435977232724597
1974 0.436587897464685
1975 0.437143880432285
1976 0.437758477494111
1977 0.438345828825973
1978 0.438892801732187
1979 0.439406084142906
1980 0.439935790850696
1981 0.440448133922732
1982 0.44095483865882
1983 0.441405478293216
1984 0.441972156298093
1985 0.442598875418715
1986 0.443174039570648
1987 0.443807601547847
1988 0.444585454448226
1989 0.445181224825332
1990 0.44569585731869
1991 0.446208994576375
1992 0.446618864332285
1993 0.447119780199335
1994 0.447661127731411
1995 0.448169940486499
1996 0.448692172018616
1997 0.449245110387778
1998 0.44978245815652
1999 0.45032507789739
2000 0.450944054860657
2001 0.451508956063197
2002 0.45206017903665
2003 0.452559149970354
2004 0.453114229931013
2005 0.453728411401164
2006 0.454269231798007
2007 0.45477982092602
2008 0.455297419160758
2009 0.45577380746949
2010 0.456227253486729
2011 0.456654072987839
2012 0.457165710201763
2013 0.457560256260285
2014 0.458012381540627
2015 0.45845975206481
2016 0.458914444073034
2017 0.459354072021323
2018 0.459801601249405
2019 0.460248162913712
2020 0.460772037871447
2021 0.461160933592267
2022 0.461428011416119
2023 0.461747358233701
2024 0.462037471764831
2025 0.462247187101245
2026 0.462527247892251
2027 0.462969803034307
2028 0.463424929139957
2029 0.463899443663026
2030 0.464299378672146
2031 0.464740365262872
2032 0.465098791286404
2033 0.465331267335024
2034 0.465613005014143
2035 0.46587571979295
2036 0.466184901801548
2037 0.466478839296174
2038 0.46681556790266
2039 0.467224697675875
2040 0.4676560991537
2041 0.467948368530107
2042 0.468268230145231
2043 0.468601898690887
2044 0.46888595796462
2045 0.469201295820662
2046 0.469611496089307
2047 0.469914865230198
2048 0.470156051343161
2049 0.470397787250432
2050 0.470564289995167
2051 0.4707910498813
2052 0.471006180284063
2053 0.471263232126364
2054 0.471597295262935
2055 0.47192526890067
2056 0.47218575439226
2057 0.472453057362478
2058 0.472674274411273
2059 0.472767529142679
2060 0.473012034870809
2061 0.473283921339366
2062 0.473604490311081
2063 0.474111016942664
2064 0.474422104731565
2065 0.474671387555769
2066 0.474894819134385
2067 0.474938798800403
2068 0.475104650220266
2069 0.475330191583954
2070 0.475625736006461
2071 0.475872933428447
2072 0.476191627986548
2073 0.476375898829801
2074 0.476435135560319
2075 0.47662877781304
2076 0.476850848516473
2077 0.477028237093926
2078 0.477230286100876
2079 0.477436222069787
2080 0.477607628861128
2081 0.477791559318573
2082 0.478013320393726
2083 0.478249788836826
2084 0.478530121947397
2085 0.478643258401437
2086 0.478905258855771
2087 0.479285608678558
2088 0.47948578135938
2089 0.479637219764334
2090 0.479832675863085
2091 0.479936253599777
2092 0.480098073095892
2093 0.480312787805456
2094 0.480521184458579
2095 0.480719519511617
2096 0.480938103004468
2097 0.481276478153039
2098 0.481477465791666
2099 0.48156991542966
2100 0.481644073199507
2101 0.481918555097797
2102 0.482109464934997
2103 0.482246799826935
2104 0.482467719712129
2105 0.482604444320177
2106 0.482533791161618
2107 0.482632842179518
2108 0.482786159621543
2109 0.483029055498096
2110 0.483354086219525
2111 0.483654031740113
2112 0.484073423658982
2113 0.484436284176881
2114 0.484781235339114
2115 0.485073799385268
2116 0.485407376060133
2117 0.48561631766929
2118 0.485778519153797
2119 0.485789749050494
2120 0.485975144241755
2121 0.486202352926758
2122 0.486435052912388
2123 0.486771246892894
2124 0.487021414533277
2125 0.487285659444086
2126 0.487392270553183
2127 0.487327171474865
2128 0.487419548063332
2129 0.487464202018104
2130 0.487552311218092
2131 0.487800302031876
2132 0.487975477830831
2133 0.488070564980501
2134 0.488207500683021
2135 0.488309858903975
2136 0.48844797479488
2137 0.488511007918211
2138 0.488525635381288
2139 0.488505570228233
2140 0.488408539103228
2141 0.488388819962579
2142 0.488372289417207
2143 0.488343465765062
2144 0.488417407172074
2145 0.488344669041534
2146 0.488233980860923
2147 0.488004226514252
2148 0.487581559395941
2149 0.487245807462966
2150 0.486866512351548
2151 0.48647710905335
2152 0.486020798403733
2153 0.485742837882273
2154 0.485560029530532
2155 0.485187821404797
2156 0.48478422578867
2157 0.484456693613623
2158 0.483936043511315
2159 0.483133097251463
2160 0.482559065472403
2161 0.481952519345945
2162 0.481511975606109
2163 0.481244342390338
2164 0.480902247918809
2165 0.480707893467342
2166 0.48035498065141
2167 0.479911475581778
2168 0.479441353746431
2169 0.478886832375713
2170 0.478336879868686
2171 0.477700094613169
2172 0.477134107181605
2173 0.476641554703222
2174 0.476046905234284
2175 0.475549951343144
2176 0.475110045617991
2177 0.474677973382165
2178 0.474340583134117
2179 0.473827598752084
2180 0.473220191982061
2181 0.472725973089317
2182 0.47220352945008
2183 0.471629314289823
2184 0.471142438266409
2185 0.470559808114905
2186 0.469775680375557
2187 0.469131690092255
2188 0.468553651568619
2189 0.468005212200778
2190 0.467619611446411
2191 0.467019236201052
2192 0.466256082605368
2193 0.465602910223037
2194 0.464913375237424
2195 0.46413699634869
2196 0.463529397381373
2197 0.462923753456551
2198 0.462330799184831
2199 0.461651236699198
2200 0.46115862422092
2201 0.460917438665587
2202 0.460345309409714
2203 0.459577148652404
2204 0.459067248150723
2205 0.458452699887022
2206 0.458009419196238
2207 0.457790789073259
2208 0.45767351797504
2209 0.457612344031842
2210 0.457620964982131
2211 0.457800098461478
2212 0.458060984570794
2213 0.458095533660492
2214 0.458652687394446
2215 0.459901717997526
2216 0.460825063008243
2217 0.461977496002403
2218 0.463018789276091
2219 0.463637972163036
2220 0.463947644767194
2221 0.464419859305699
2222 0.464834716305294
2223 0.465153533335282
2224 0.46542168395685
2225 0.465714749296247
2226 0.465897383506361
2227 0.466133883001301
2228 0.46652145482916
2229 0.466623205716762
2230 0.466536658570529
2231 0.466504267211773
2232 0.466257346928074
2233 0.466263777390677
2234 0.466490762659963
2235 0.466517150851778
2236 0.466466340850455
2237 0.466566144235
2238 0.466652872326408
2239 0.466720617646388
2240 0.466958690937718
2241 0.467110985148323
2242 0.467221856073737
2243 0.467224593348866
2244 0.467210960597078
2245 0.467058628478122
2246 0.467025382198873
2247 0.466812110444609
2248 0.466692647725092
2249 0.466937507896322
2250 0.467030736730117
2251 0.46706154083666
2252 0.467281816527361
2253 0.467639835528328
2254 0.467922846573277
2255 0.468365571604255
2256 0.468556953322114
2257 0.468559018959423
2258 0.468706569872042
2259 0.468838269998857
2260 0.468905483819853
2261 0.469025663375363
2262 0.469065249509743
2263 0.468860884030941
2264 0.468921061507874
2265 0.469144893799355
2266 0.469321725230381
2267 0.469635221527004
2268 0.469841451319427
2269 0.469998648439924
2270 0.470132457723639
2271 0.470272446910934
2272 0.470297987238629
2273 0.470160534480441
2274 0.470136031399263
2275 0.470165097543435
2276 0.470090309561834
2277 0.470051587702196
2278 0.469901535171834
2279 0.469799869524176
2280 0.469509315800106
2281 0.469292176375044
2282 0.469011271291589
2283 0.468543029485959
2284 0.468523949704837
2285 0.468634285163775
2286 0.469195989692825
2287 0.469195547265377
2288 0.469066640719009
2289 0.469058350973411
2290 0.468792911311265
2291 0.468693695965341
2292 0.469030463337465
2293 0.468837075569153
2294 0.46816385992894
2295 0.467882339579336
2296 0.46752979082413
2297 0.467362307683596
2298 0.467519815356628
2299 0.467477180428021
2300 0.467387452325928
2301 0.467305521814724
2302 0.467172261302599
2303 0.467069378642336
2304 0.46696058760188
2305 0.466960389048908
2306 0.467172728000297
2307 0.46709972515327
2308 0.466999387838821
2309 0.466718763411672
2310 0.465839454930221
2311 0.465567843623796
2312 0.46573970063311
2313 0.465596334181864
2314 0.46557476116164
2315 0.465524567311903
2316 0.465035306034857
2317 0.464957377325966
2318 0.465320998228585
2319 0.46558792576035
2320 0.466101832355176
2321 0.466361299385034
2322 0.466388028316949
2323 0.466361616208083
2324 0.46616960164365
2325 0.46602329812704
2326 0.465992462825737
2327 0.465907494814943
2328 0.465624403940506
2329 0.464869762814727
2330 0.464113962297594
2331 0.463538918659456
2332 0.463410631281362
2333 0.463710744219099
2334 0.463677761275545
2335 0.463861228657889
2336 0.463722775422727
2337 0.463201405281826
2338 0.462686577095147
2339 0.462108092646472
2340 0.46158709941882
2341 0.46077994237179
2342 0.460616274553495
2343 0.460872003114059
2344 0.460802001744895
2345 0.460853905185455
2346 0.460932345701551
2347 0.460934042049587
2348 0.461030768248468
2349 0.461495464355355
2350 0.461415155154617
2351 0.461068092461486
2352 0.460577448788789
2353 0.459548412648382
2354 0.459075621920839
2355 0.458592364572464
2356 0.458459560938263
2357 0.458991670799198
2358 0.458964072147501
2359 0.458829702724247
2360 0.45872835933603
2361 0.458541086535176
2362 0.458133135578417
2363 0.457603604227514
2364 0.457121185005181
2365 0.455899919556933
2366 0.455917703965263
2367 0.457131544735143
2368 0.457329947348194
2369 0.457897399223615
2370 0.457805186833307
2371 0.45653039300932
2372 0.455954830044874
2373 0.455685071587581
2374 0.45527442259235
2375 0.454840907499393
2376 0.454410317583036
2377 0.453620590631093
2378 0.453382316699297
2379 0.453637924447457
2380 0.453824483584534
2381 0.45448373853235
2382 0.454780356016105
2383 0.454931662772095
2384 0.45468997212707
2385 0.454150667542008
2386 0.453677197954096
2387 0.452986049147764
2388 0.452134310442985
2389 0.450768779262316
2390 0.450356233755641
2391 0.450325344637527
2392 0.45013939756938
2393 0.450957908284834
2394 0.450889273258529
2395 0.449514618745001
2396 0.449303173130801
2397 0.449641986900568
2398 0.449689501170678
2399 0.450171377882727
2400 0.450774375126455
2401 0.451433046711649
2402 0.451723065410776
2403 0.45238217188252
2404 0.452160042027253
2405 0.450800065340356
2406 0.450057429396661
2407 0.449421791615533
2408 0.448574493112447
2409 0.44727318001858
2410 0.446642136767567
2411 0.44636047146036
2412 0.446074414820207
2413 0.446800445786732
2414 0.446361730617525
2415 0.444569596003063
2416 0.443734742558737
2417 0.44298522119648
2418 0.442410229354582
2419 0.442731083334765
2420 0.442484399888685
2421 0.441542249831721
2422 0.441381456518105
2423 0.441862868320728
2424 0.441295455131491
2425 0.440721886962565
2426 0.439555119404929
2427 0.436903074065327
2428 0.436121135636062
2429 0.435930837233775
2430 0.435967942440465
2431 0.43784044399835
2432 0.437254548248669
2433 0.434817272022802
2434 0.434167830076266
2435 0.433330664278142
2436 0.432472059186731
2437 0.433210027680473
2438 0.432686883760395
2439 0.430412791990118
2440 0.429744440161223
2441 0.42995260740405
2442 0.429060984262257
2443 0.428857567357432
2444 0.428401273318311
2445 0.428287868158061
2446 0.428677776508594
2447 0.428968593035343
2448 0.428800220078974
2449 0.428260383063245
2450 0.428241515953337
2451 0.427289553803666
2452 0.426675239608565
2453 0.427083374982317
2454 0.425638012013111
2455 0.424707780147102
2456 0.424897529241693
2457 0.424951029261735
2458 0.424643593693324
2459 0.424942777470856
2460 0.42450521647905
2461 0.420917848304822
2462 0.419932887550539
2463 0.419133295384866
2464 0.418346390672312
2465 0.417522238575791
2466 0.415180826611187
2467 0.414600974307228
2468 0.414916198792755
2469 0.415249266838064
2470 0.417883249890505
2471 0.418566870624833
2472 0.418751699147199
2473 0.41794956166891
2474 0.414759053469226
2475 0.413246652955793
2476 0.411608307119262
2477 0.410273452487661
2478 0.409949648917986
2479 0.409657602169084
2480 0.410010204456093
2481 0.409308169093619
2482 0.407999529708079
2483 0.407521667547665
2484 0.406351807164675
2485 0.40540159835371
2486 0.405057900247368
2487 0.406591021557681
2488 0.408730441132612
2489 0.41025297414506
2490 0.414085310303564
2491 0.413894337476467
2492 0.413176550944137
2493 0.4117850583143
2494 0.410874050141802
2495 0.407736358577017
2496 0.403844016030264
2497 0.403150421079359
2498 0.403386701244781
2499 0.402636899377675
2500 0.404572048841801
