"Wavelength" "M025a_m3-w2"
350 0.0912511554094566
351 0.0861249167219988
352 0.0873357977300926
353 0.0893243262559486
354 0.0837583915777959
355 0.0852298607926143
356 0.0885585860303453
357 0.0895136369199053
358 0.0864387281797335
359 0.0862940859077932
360 0.0828663545580975
361 0.0764407771164624
362 0.0817781025707742
363 0.0884510667922744
364 0.0877557329638315
365 0.0782491032338399
366 0.0822290135315761
367 0.0833304887841899
368 0.0818734420536061
369 0.086669109558697
370 0.0867038430831374
371 0.0843710290400464
372 0.0827793195037958
373 0.0838759973372971
374 0.0848836770026051
375 0.0843226853157802
376 0.0822496903463355
377 0.0815678273026124
378 0.0816694551903918
379 0.0813463697841872
380 0.0799095803068952
381 0.0812479004037457
382 0.0820317608835226
383 0.0817294371766925
384 0.0825922337467751
385 0.0799961091268906
386 0.0791840761285388
387 0.0824030021653517
388 0.0823537263070281
389 0.0816602033709117
390 0.0807770489508304
391 0.0799241289624738
392 0.0813306113576249
393 0.0811577614609529
394 0.0797633698673317
395 0.0807462796632687
396 0.0827182382904212
397 0.0830315543592434
398 0.0813440597936434
399 0.0816971563919279
400 0.0828320945448702
401 0.0832970089120941
402 0.0822157603029768
403 0.0815120755688028
404 0.081401910081561
405 0.0814226136255891
406 0.0808490805259116
407 0.0818521088231407
408 0.08256333363528
409 0.0822130613637182
410 0.0831498586272297
411 0.0835178917311996
412 0.0836471354010745
413 0.0841823087225436
414 0.0840514128937544
415 0.083538979323767
416 0.0833282601718901
417 0.084196545377248
418 0.0839846131889259
419 0.0836557841516292
420 0.0839874237277576
421 0.0842509764994805
422 0.0854275379544503
423 0.0865453976478941
424 0.0863732079665335
425 0.086152069254402
426 0.0865013754526492
427 0.0870188167202188
428 0.0864573847389611
429 0.0864217172676014
430 0.0870223004238953
431 0.0879194512567938
432 0.0885178405321008
433 0.0886936074346704
434 0.0885024296615907
435 0.0882449587092444
436 0.0890279241556844
437 0.0897919945694328
438 0.0900298145127045
439 0.0901533848886886
440 0.0902271531312773
441 0.0904725064843035
442 0.0908948856117925
443 0.0906793428115203
444 0.0909114015463143
445 0.0915375831937766
446 0.0918358352039573
447 0.0919772487401388
448 0.0923768264924062
449 0.0929304122694134
450 0.0925831935438184
451 0.092826989549569
452 0.0933063902116807
453 0.0933344385986634
454 0.093516309692489
455 0.0935993746335137
456 0.0936838469553567
457 0.0941555668659963
458 0.094652458389484
459 0.0948110149764852
460 0.09464522901437
461 0.095040987043566
462 0.0953445116786008
463 0.095504568010594
464 0.0956785433488471
465 0.0956147516007876
466 0.0958219778769936
467 0.0963654930721536
468 0.0967124159990282
469 0.0967495839063429
470 0.096787554690143
471 0.0971072396067793
472 0.0975211359979963
473 0.0976718627160033
474 0.0977106401141099
475 0.09806402472764
476 0.0981256837326603
477 0.0982779602489296
478 0.0986686127687438
479 0.0987296832157442
480 0.0988438056934779
481 0.0991443522505925
482 0.0995993294280973
483 0.0997813902302198
484 0.0999468775071662
485 0.100226818742359
486 0.100567568108181
487 0.100820317201847
488 0.10113392461775
489 0.10157763501835
490 0.101754945149354
491 0.101952158497545
492 0.102235134061681
493 0.102525289881888
494 0.10276924854938
495 0.102935643475771
496 0.103064342805338
497 0.103296118815738
498 0.103770252013161
499 0.10426865320015
500 0.104522002864257
501 0.104721334108214
502 0.105034449272427
503 0.105454737083936
504 0.105796886666874
505 0.106102907216771
506 0.106476963219589
507 0.106936014392116
508 0.107164759809079
509 0.107487470122745
510 0.107865634718891
511 0.108056578529966
512 0.108294656285285
513 0.108700016467559
514 0.109206879796569
515 0.109411695782793
516 0.109627033615266
517 0.109910211051412
518 0.110238662958481
519 0.110691589700953
520 0.111127888490254
521 0.111474694323296
522 0.111757407063568
523 0.112146291969496
524 0.112579748229739
525 0.112958162474845
526 0.113279005222169
527 0.113657154732804
528 0.114049367897128
529 0.11430815531946
530 0.114655705488218
531 0.115065603769638
532 0.115464058520749
533 0.115761247175126
534 0.11607271165574
535 0.116468793472233
536 0.116965654598412
537 0.117357876666298
538 0.117723094167079
539 0.118124143323813
540 0.118559749506185
541 0.118970209516197
542 0.119302599294395
543 0.119560478797648
544 0.119965040796631
545 0.120449274362847
546 0.12091857330873
547 0.121272841676518
548 0.121702446645056
549 0.122183195019638
550 0.122667039867212
551 0.123197231598336
552 0.123706394188551
553 0.124184374118914
554 0.124662161992179
555 0.125178380390811
556 0.125625015834202
557 0.125986592482441
558 0.126487616211129
559 0.126998180081752
560 0.127477691067758
561 0.127915473867995
562 0.128284040704793
563 0.128610118815419
564 0.128919074301426
565 0.129229276961858
566 0.129438497534418
567 0.129648655990656
568 0.129980760037895
569 0.130361998328302
570 0.130813100320097
571 0.131344036504488
572 0.131946311883297
573 0.132474723377769
574 0.132964369742176
575 0.133465750980573
576 0.133954301948355
577 0.134386565883027
578 0.134740758227148
579 0.135024202038139
580 0.135364150385207
581 0.1356535878348
582 0.135850012364597
583 0.136089406946057
584 0.136313661819749
585 0.13653124230765
586 0.136786936628525
587 0.137207664364384
588 0.137602546276324
589 0.137945222080615
590 0.138432609297187
591 0.138859090120279
592 0.139255830748924
593 0.139669758837327
594 0.139943122220106
595 0.140269630823173
596 0.140677586804535
597 0.141055321925459
598 0.141434626449132
599 0.141833045339458
600 0.142223327600676
601 0.142455509216692
602 0.14268929293189
603 0.142943133783066
604 0.143177300975675
605 0.143518936042024
606 0.143788866447404
607 0.143944658129299
608 0.144221526604294
609 0.144628229978008
610 0.145037629380882
611 0.145318035858376
612 0.145615681571701
613 0.14596974076239
614 0.146360423987257
615 0.146712304099852
616 0.147057424397499
617 0.147380788166037
618 0.147673408702236
619 0.147973243194462
620 0.148324966647422
621 0.148696081406941
622 0.149002259470186
623 0.149268749841892
624 0.149606523141299
625 0.150039475474701
626 0.150355314701919
627 0.150679704374127
628 0.151035138244802
629 0.151396867138741
630 0.151745990591274
631 0.152118493024808
632 0.152510249079296
633 0.152847117859916
634 0.153178716601182
635 0.153500970832494
636 0.153810859898061
637 0.15418541226564
638 0.154540259885977
639 0.154866254716516
640 0.155233823249973
641 0.155610602352812
642 0.155999676252888
643 0.156389121899675
644 0.156693235462748
645 0.157073945478637
646 0.157514911280385
647 0.157894216007687
648 0.158256213586503
649 0.158654297854068
650 0.15908382191848
651 0.159423714066701
652 0.159732392010267
653 0.160079275109953
654 0.160509224409257
655 0.160881911363192
656 0.161236127661612
657 0.161625802700627
658 0.162106511056629
659 0.162464005209097
660 0.162777539408649
661 0.163164084019386
662 0.163574648708685
663 0.164024296697243
664 0.164491873036642
665 0.164929491224629
666 0.165324740787246
667 0.165717491277652
668 0.166121004390942
669 0.166451797365438
670 0.166893370813368
671 0.167387467932842
672 0.167783907742295
673 0.168116032991832
674 0.168523916633446
675 0.169015746191008
676 0.169405333199973
677 0.169805381212503
678 0.170240951595004
679 0.170702685750263
680 0.171140803880693
681 0.171585343024898
682 0.172054708398963
683 0.172551235492866
684 0.172992376654131
685 0.173407244330457
686 0.173827138353011
687 0.174229847000021
688 0.174669500804514
689 0.175155048752147
690 0.175664101765387
691 0.176136297650591
692 0.176588768647932
693 0.177032806940728
694 0.17745987913519
695 0.177884584140821
696 0.178341337483575
697 0.17884522318628
698 0.179320387864601
699 0.179779018819218
700 0.180249914187551
701 0.180767867075188
702 0.181277433994711
703 0.181759467905484
704 0.182214088390714
705 0.182659630680964
706 0.183172369459286
707 0.183718446064056
708 0.184220815907389
709 0.184706468640947
710 0.185180824994261
711 0.18564735359927
712 0.186106694670329
713 0.186606928815131
714 0.187145888125659
715 0.187692577851553
716 0.188171010557353
717 0.188635160163271
718 0.189135835503328
719 0.189707755054139
720 0.190262963336798
721 0.190757063706466
722 0.191200208359456
723 0.191690479853364
724 0.192205116640576
725 0.192755539160232
726 0.193333312417545
727 0.193779443347618
728 0.194283845908663
729 0.194877129982323
730 0.195408569172866
731 0.195894409196764
732 0.196360337874853
733 0.19683629014598
734 0.197350650064411
735 0.197860798690394
736 0.198399587632823
737 0.199011786774442
738 0.199515742487796
739 0.200019298109894
740 0.200575715144755
741 0.201122202541841
742 0.201622273391771
743 0.202133588118691
744 0.202710584620602
745 0.203307258693956
746 0.203827447491479
747 0.204296567228658
748 0.204817544194353
749 0.205345431580798
750 0.205895508422068
751 0.206449693192057
752 0.206919141612487
753 0.207431608997765
754 0.207962746476661
755 0.208463701667461
756 0.209010913443795
757 0.209564812241949
758 0.210125624684522
759 0.210722133005036
760 0.211277575882374
761 0.211770897946465
762 0.212256079508316
763 0.212936597630264
764 0.213496610866857
765 0.2139622224841
766 0.21446019097718
767 0.214922336936545
768 0.215438404269932
769 0.216017557828933
770 0.216587949685132
771 0.217109326507395
772 0.217650630612234
773 0.218249235914272
774 0.218830723156546
775 0.21937716147199
776 0.219872083474081
777 0.220329400082318
778 0.220876945607822
779 0.221408562115858
780 0.221926383117071
781 0.22253368719567
782 0.223048272499737
783 0.223537463555069
784 0.2240825089445
785 0.224702616098259
786 0.225249298557484
787 0.22578946150973
788 0.226428456710056
789 0.227028656836296
790 0.2275651904146
791 0.22804067930108
792 0.228488462595718
793 0.229064294939687
794 0.229638768358459
795 0.230138499536965
796 0.230701217922763
797 0.231244281769601
798 0.231790488684445
799 0.232367761981537
800 0.232872273579979
801 0.233397653332184
802 0.233968472557674
803 0.234550289483578
804 0.235134490011776
805 0.235696372035769
806 0.236231863786764
807 0.236770909961736
808 0.237302030409648
809 0.237860053713806
810 0.238465344694167
811 0.239072043571904
812 0.239529504788239
813 0.239952297822874
814 0.240561505350431
815 0.241122394935386
816 0.241644191783626
817 0.242172169668608
818 0.242758991578348
819 0.243304338512582
820 0.243781482196802
821 0.2442184046273
822 0.244722731002921
823 0.24527899661131
824 0.245860978983388
825 0.246448473845299
826 0.247108757306193
827 0.247691911175878
828 0.248159865533887
829 0.248585501971538
830 0.249050052239913
831 0.249649000914189
832 0.250340977732604
833 0.250882561237395
834 0.251394820830453
835 0.25188286576491
836 0.252334870258114
837 0.252755172782477
838 0.253266143202602
839 0.253862040556965
840 0.254463440235532
841 0.25500107484104
842 0.255494119520753
843 0.256008625571419
844 0.256628613706924
845 0.25718706928262
846 0.257690699763905
847 0.258184854763764
848 0.258725252059303
849 0.259298291013082
850 0.259836123069994
851 0.2603013111581
852 0.260791096211087
853 0.261278503097079
854 0.261835999197819
855 0.262521768148401
856 0.263098068014442
857 0.263574909353864
858 0.26401369843991
859 0.264500105271355
860 0.265035957630311
861 0.265575192790415
862 0.266112221190626
863 0.26670697250855
864 0.267182111191893
865 0.267613685019316
866 0.268120329085548
867 0.268788090956055
868 0.269334714487984
869 0.269786368213521
870 0.270262387896414
871 0.270747499704584
872 0.271256520979505
873 0.27180944963501
874 0.272410986842244
875 0.272969402047429
876 0.273488062938125
877 0.273999337665855
878 0.274542628847737
879 0.275020597672065
880 0.27541673293129
881 0.275794361421359
882 0.276303816603255
883 0.276847641341001
884 0.277396347335022
885 0.277948817641715
886 0.278536823546146
887 0.279122099534633
888 0.279667052983908
889 0.280167318873877
890 0.28073940051178
891 0.281215537674296
892 0.281609552285129
893 0.282043575259074
894 0.282669260278694
895 0.28325275286233
896 0.283718870197018
897 0.284152586063596
898 0.284719678991481
899 0.285261288786662
900 0.285741813490852
901 0.286289156218877
902 0.286847849095809
903 0.28739041908696
904 0.287917768296954
905 0.288465781473073
906 0.289026875650522
907 0.289566998429701
908 0.290093498889974
909 0.290716720024905
910 0.291164307621025
911 0.291566599060317
912 0.292088707594155
913 0.292630108600443
914 0.293124215553725
915 0.29357731774721
916 0.294040159614298
917 0.294583866725502
918 0.295173287342554
919 0.29582436563593
920 0.296518072704742
921 0.29695819790813
922 0.297346461606127
923 0.297757499873689
924 0.298190274564936
925 0.298858284018452
926 0.299418010139058
927 0.299814696854354
928 0.300268667589285
929 0.300861877749966
930 0.301371694602881
931 0.301824024540776
932 0.3024840334825
933 0.303054174137049
934 0.303577207426511
935 0.304097384719205
936 0.304608126935509
937 0.305186277923753
938 0.305789560686614
939 0.306361050421124
940 0.306862822219232
941 0.307418011746429
942 0.307976919425164
943 0.308469908648579
944 0.308863539949807
945 0.309342210313061
946 0.30983115824942
947 0.31028818521643
948 0.310837016641224
949 0.311381906378461
950 0.311880717801813
951 0.312342788355424
952 0.312849617564252
953 0.313285492134238
954 0.313765006843106
955 0.314345923764489
956 0.314833427874091
957 0.315435659340996
958 0.315986411767754
959 0.316410405734456
960 0.317069490968193
961 0.317624730007396
962 0.3180993891607
963 0.31855127281262
964 0.318854543886223
965 0.319466396301924
966 0.320030497892341
967 0.320308708127399
968 0.320920093293123
969 0.321310328178948
970 0.321694557371452
971 0.32229741514527
972 0.32284922559102
973 0.323417702991374
974 0.323973037285402
975 0.324502574934898
976 0.325081168960171
977 0.325461921774601
978 0.325802293474633
979 0.326288519011469
980 0.326916892287717
981 0.327354714954699
982 0.32783784217733
983 0.328535139072924
984 0.329211397368618
985 0.329610859880752
986 0.329931148869403
987 0.330324849281126
988 0.330676431486657
989 0.331259219601894
990 0.331904679730418
991 0.332454700184447
992 0.332928144371032
993 0.333527369316387
994 0.333997022002171
995 0.334335434115666
996 0.334894484213143
997 0.335239575334981
998 0.335677460221162
999 0.336276730293043
1000 0.336769422692752
1001 0.327972144524598
1002 0.328428793815141
1003 0.328840666773983
1004 0.329246259198807
1005 0.329497425681892
1006 0.329898399040855
1007 0.330400795774524
1008 0.330889707923549
1009 0.33128327467653
1010 0.331706879325093
1011 0.332134623772104
1012 0.332551693942272
1013 0.332997478881951
1014 0.333453724473963
1015 0.333859138580313
1016 0.334270487348016
1017 0.334694655239228
1018 0.335145820979465
1019 0.335584973269374
1020 0.336030668875548
1021 0.336465157323635
1022 0.336859580017147
1023 0.337273874509326
1024 0.337740518126049
1025 0.338112417446158
1026 0.3385309722153
1027 0.338984170486567
1028 0.339352559676336
1029 0.339799654504039
1030 0.34029034108444
1031 0.34082643853996
1032 0.34131825680933
1033 0.341808567353948
1034 0.342296507136488
1035 0.342774390700464
1036 0.34320308141826
1037 0.343649456897425
1038 0.344138349643394
1039 0.344613381226211
1040 0.345075255966719
1041 0.345565837859819
1042 0.3460533429473
1043 0.346486507402953
1044 0.34695150529624
1045 0.347480891682469
1046 0.347966564402491
1047 0.348417073266296
1048 0.348861440233048
1049 0.349282487618183
1050 0.349643605776342
1051 0.350047138936319
1052 0.350471355629868
1053 0.350869140851253
1054 0.351232825782955
1055 0.351587002205086
1056 0.352015040435445
1057 0.352416590667129
1058 0.352818182458736
1059 0.35326427332714
1060 0.353643519414998
1061 0.35399346731668
1062 0.354366498278167
1063 0.354749301905991
1064 0.355135396028847
1065 0.355536101810764
1066 0.35588948417202
1067 0.356180585136642
1068 0.356434751021937
1069 0.3566455692986
1070 0.356858371990927
1071 0.357132668992233
1072 0.357458439485403
1073 0.357787302645246
1074 0.35815618770776
1075 0.358499231737288
1076 0.358804875548327
1077 0.359059889102737
1078 0.359333050980829
1079 0.359604711895119
1080 0.359874133055451
1081 0.360128538719803
1082 0.3603752697305
1083 0.360670864495783
1084 0.360991623412582
1085 0.361360379374384
1086 0.361702654029115
1087 0.361928800952841
1088 0.362161265631871
1089 0.362362521521558
1090 0.362543457836907
1091 0.362762237385221
1092 0.362995904433656
1093 0.363227929614304
1094 0.363466415923145
1095 0.363726023035057
1096 0.364048956948743
1097 0.364387380181829
1098 0.364681129959258
1099 0.365033349759895
1100 0.365345514405767
1101 0.365601325214175
1102 0.365911591089323
1103 0.366232698683192
1104 0.366502980312856
1105 0.366764805883183
1106 0.367040622765064
1107 0.367297398491677
1108 0.367584394955491
1109 0.367891783798972
1110 0.368211655975348
1111 0.368474678258188
1112 0.368796552386936
1113 0.369163601671974
1114 0.369528100427109
1115 0.369926501143286
1116 0.370299037156778
1117 0.370624821704336
1118 0.370941193210201
1119 0.371296452854104
1120 0.371697632984835
1121 0.372069807260157
1122 0.372424293523272
1123 0.372800341994664
1124 0.373189040193719
1125 0.373551474132306
1126 0.373909928490104
1127 0.374287149530848
1128 0.374618376036217
1129 0.374950768222225
1130 0.375339704921473
1131 0.37572660720834
1132 0.376108467244551
1133 0.376542765590702
1134 0.376926837287381
1135 0.377267235788538
1136 0.377615602277882
1137 0.377937964036398
1138 0.37827531636039
1139 0.378605785100029
1140 0.378964170046976
1141 0.379354177786377
1142 0.379721899295848
1143 0.380093019712899
1144 0.38047393719605
1145 0.380803935604273
1146 0.381108743078167
1147 0.381446638137605
1148 0.381784152277993
1149 0.382127660934059
1150 0.382469526608386
1151 0.382812483818107
1152 0.383133287923428
1153 0.383462420028706
1154 0.383795113192535
1155 0.38415360816465
1156 0.384530257992559
1157 0.384883485262319
1158 0.385242956363722
1159 0.385589519838627
1160 0.385917477831865
1161 0.386246163543792
1162 0.386563182052971
1163 0.386895906837077
1164 0.387234196040634
1165 0.387547929103684
1166 0.387870420592939
1167 0.388224101518732
1168 0.388546972716274
1169 0.388851472173026
1170 0.389159636244635
1171 0.389456592565691
1172 0.389762704963374
1173 0.390077162125585
1174 0.390377572419207
1175 0.390682206175737
1176 0.390975413905825
1177 0.391245602472251
1178 0.391532474536979
1179 0.391833514960227
1180 0.392111366074643
1181 0.392407734855512
1182 0.392669839172024
1183 0.39287420099006
1184 0.393083415980888
1185 0.393319447995385
1186 0.393573359302606
1187 0.393831112976412
1188 0.394134738476729
1189 0.394407384328991
1190 0.394646869552423
1191 0.394919292775316
1192 0.39523288145883
1193 0.395503112654545
1194 0.39576460707908
1195 0.396020321987022
1196 0.396254813356526
1197 0.39647373245196
1198 0.396683376995355
1199 0.396891935573379
1200 0.397091181000159
1201 0.397304797247386
1202 0.397508330365043
1203 0.3977360082071
1204 0.397949863568658
1205 0.398136642272165
1206 0.39835356007499
1207 0.39859741601803
1208 0.39881849818687
1209 0.399040498953168
1210 0.399259604732881
1211 0.399449984093143
1212 0.399679383085845
1213 0.399941773774257
1214 0.400189465641287
1215 0.400455804618475
1216 0.400704695722522
1217 0.400949532277783
1218 0.401157434583144
1219 0.40136852466517
1220 0.401628975986112
1221 0.401881163171971
1222 0.402155746657025
1223 0.402397086336162
1224 0.402617823168772
1225 0.402869592151523
1226 0.403129154840397
1227 0.403367765866245
1228 0.403623319331979
1229 0.403867486960715
1230 0.404062441400287
1231 0.404297161089697
1232 0.404583778132991
1233 0.404828975443571
1234 0.405049845445585
1235 0.405291469630005
1236 0.40553745951526
1237 0.405761783080718
1238 0.405983941052978
1239 0.406226433132147
1240 0.406468951938352
1241 0.406697567914109
1242 0.406934557949595
1243 0.40718605140298
1244 0.407441669865411
1245 0.407693415684316
1246 0.407946848267708
1247 0.408230077717611
1248 0.4084863541491
1249 0.408707436614554
1250 0.408953186065844
1251 0.40921751352705
1252 0.409461311812118
1253 0.409691202143222
1254 0.409940589955854
1255 0.410168569500508
1256 0.410428095538179
1257 0.410708074780885
1258 0.411029425387123
1259 0.411337357943928
1260 0.411658692582374
1261 0.411985533154306
1262 0.412328747019016
1263 0.412646434027321
1264 0.412994490998853
1265 0.413263780851471
1266 0.413456121592551
1267 0.413699098348618
1268 0.413934025907448
1269 0.4141482509819
1270 0.414379171102074
1271 0.414595522750604
1272 0.414742858082113
1273 0.414947265657856
1274 0.415204570137765
1275 0.415433560267736
1276 0.415677524823916
1277 0.41590328547431
1278 0.416101593407554
1279 0.416305409687989
1280 0.416501958156969
1281 0.4167041760538
1282 0.416868090477614
1283 0.417024117479064
1284 0.417142269750828
1285 0.417201055882327
1286 0.417305261823662
1287 0.417412041913405
1288 0.417506317032031
1289 0.417621800942072
1290 0.417708441087569
1291 0.417772206546171
1292 0.417823714407486
1293 0.417855104768939
1294 0.417894862827153
1295 0.417904187446512
1296 0.417941701818117
1297 0.418012467851854
1298 0.418065722236029
1299 0.418106006993524
1300 0.418172996280806
1301 0.41822921261057
1302 0.418295056663924
1303 0.418308522664305
1304 0.418317533991938
1305 0.418290630287781
1306 0.418165281388404
1307 0.418164887965584
1308 0.418211261064881
1309 0.418245005718483
1310 0.418350118159701
1311 0.418397157163678
1312 0.418396702047746
1313 0.418422476155898
1314 0.418426982615513
1315 0.41847822799269
1316 0.418547723056206
1317 0.418637789316946
1318 0.41879605160576
1319 0.418908423948484
1320 0.419007199114951
1321 0.419107109369939
1322 0.419179485062405
1323 0.419248820923725
1324 0.4193789490437
1325 0.419538640982414
1326 0.419703040485072
1327 0.419908377274872
1328 0.420093910295919
1329 0.420270665217936
1330 0.420466243377811
1331 0.420680803667556
1332 0.420881696606796
1333 0.421086411884922
1334 0.421286007266521
1335 0.421465144388926
1336 0.421672588114932
1337 0.421889717172015
1338 0.422114953550471
1339 0.422376690772096
1340 0.422607154275418
1341 0.422836260508183
1342 0.42304741314028
1343 0.423239219058715
1344 0.423420597599594
1345 0.423561218265539
1346 0.423739307114403
1347 0.423949056876987
1348 0.424129246246809
1349 0.424309605736427
1350 0.424518501807537
1351 0.424681571366014
1352 0.424778301615045
1353 0.424966604562471
1354 0.425195807035004
1355 0.425391752649308
1356 0.425634125034203
1357 0.425818475031147
1358 0.425928929497075
1359 0.426100995064837
1360 0.426290829999847
1361 0.42647675051123
1362 0.426667432778182
1363 0.426882824578509
1364 0.427087372599005
1365 0.427332564615484
1366 0.427647662610416
1367 0.427918939009366
1368 0.42820634192465
1369 0.428458984716868
1370 0.428702872971014
1371 0.428896129702031
1372 0.429063980544533
1373 0.429182601409133
1374 0.429280548708703
1375 0.429343907511397
1376 0.429379378068992
1377 0.429406063449623
1378 0.429370972033497
1379 0.429263495698965
1380 0.429192094757052
1381 0.429083914336308
1382 0.429012767860964
1383 0.42898348310044
1384 0.428904104423314
1385 0.428832677178839
1386 0.428707652051941
1387 0.428558394474372
1388 0.428359159821317
1389 0.428108840081195
1390 0.427847354055232
1391 0.427546695519473
1392 0.4272269119915
1393 0.426900333937149
1394 0.426532839335596
1395 0.426109373236685
1396 0.425694416519634
1397 0.425270301016779
1398 0.424819639386691
1399 0.424354763277353
1400 0.423881547755312
1401 0.423379520144682
1402 0.422879462374235
1403 0.422347752768365
1404 0.421826637082868
1405 0.421327719848981
1406 0.420806017727861
1407 0.420350750738326
1408 0.41994621478195
1409 0.419540941267177
1410 0.419134486315859
1411 0.418808398537988
1412 0.418472597159158
1413 0.418292345317896
1414 0.418188761824508
1415 0.418205885044894
1416 0.418337185074227
1417 0.418557112366575
1418 0.418907765544393
1419 0.419289248864305
1420 0.419794328531314
1421 0.420264137695271
1422 0.420785294248323
1423 0.42127109695774
1424 0.421774659422988
1425 0.422228962683572
1426 0.422642345848902
1427 0.423055816957106
1428 0.423438083291602
1429 0.423813082267944
1430 0.424190381308301
1431 0.424554758633947
1432 0.424880068127876
1433 0.425233340544163
1434 0.425610232686915
1435 0.425939490470013
1436 0.426284954841398
1437 0.426642382443467
1438 0.42697289167446
1439 0.427282629363397
1440 0.427611153683813
1441 0.427943501175895
1442 0.4282519916791
1443 0.428569364095881
1444 0.428848311408869
1445 0.429083305633855
1446 0.429342926625043
1447 0.429595954161525
1448 0.429850566787319
1449 0.430108920757359
1450 0.430371461041121
1451 0.43064250386621
1452 0.430888340895188
1453 0.431141812587245
1454 0.431365327373777
1455 0.431538390157642
1456 0.431745926195466
1457 0.431944880759608
1458 0.432166112322859
1459 0.432410436798699
1460 0.432659945851648
1461 0.432950642685922
1462 0.433193943580986
1463 0.433429633596272
1464 0.433642738251866
1465 0.433796991623917
1466 0.433980119541372
1467 0.434141988677512
1468 0.434346330829192
1469 0.434583582745227
1470 0.434828373736565
1471 0.43511094471588
1472 0.435395279254996
1473 0.435650583648112
1474 0.43592614094812
1475 0.436182158144107
1476 0.436424727970583
1477 0.436674383410522
1478 0.436918846400891
1479 0.437168315441103
1480 0.437418339470221
1481 0.437672324456566
1482 0.437937937921696
1483 0.438185629099897
1484 0.438421009266311
1485 0.438672475208513
1486 0.438923883001003
1487 0.439172526893296
1488 0.43943540869332
1489 0.43968526455915
1490 0.43992950465212
1491 0.440155993701786
1492 0.440374731762551
1493 0.440585532540651
1494 0.440767992532334
1495 0.44096880493306
1496 0.441169322590884
1497 0.441383324529324
1498 0.441606917900182
1499 0.441833572559888
1500 0.442074515584742
1501 0.442309050237557
1502 0.442542706179333
1503 0.442775960272239
1504 0.443021567572207
1505 0.443247575059941
1506 0.443463792608678
1507 0.443674652199794
1508 0.443850249390697
1509 0.444054584618965
1510 0.444283368244934
1511 0.444497465288894
1512 0.4447248481013
1513 0.444939999819138
1514 0.445139470056191
1515 0.445331845045234
1516 0.445520112750497
1517 0.445702685956119
1518 0.445876353667489
1519 0.446046229975355
1520 0.446164880911288
1521 0.446271159670717
1522 0.446400259877682
1523 0.446497147121583
1524 0.446653727379973
1525 0.446848506495258
1526 0.447062568753977
1527 0.44730483779255
1528 0.447533722561931
1529 0.447795810638294
1530 0.44802434251028
1531 0.448240675261895
1532 0.448439193407093
1533 0.44862433028173
1534 0.448805316431456
1535 0.448971329327595
1536 0.449124815336612
1537 0.449261858410299
1538 0.44941724784568
1539 0.449555018735517
1540 0.449715798349003
1541 0.449915967847634
1542 0.450079907098001
1543 0.450223875466514
1544 0.450385245711613
1545 0.450547397965626
1546 0.450701102039808
1547 0.450864077599272
1548 0.451014496007701
1549 0.451130579819409
1550 0.45128734977392
1551 0.451456743411667
1552 0.451640577099335
1553 0.451864106133731
1554 0.452058196140334
1555 0.452253873108158
1556 0.452437464008526
1557 0.452617137657577
1558 0.452769997478035
1559 0.452893893827381
1560 0.453031215741337
1561 0.453142110504417
1562 0.453275500809144
1563 0.453450021897937
1564 0.453586954178093
1565 0.453691793845255
1566 0.453824105739062
1567 0.45393880539435
1568 0.454083033255276
1569 0.454269823297367
1570 0.454445432782023
1571 0.454638059488381
1572 0.454810934445431
1573 0.454972195490127
1574 0.45513510232793
1575 0.455291863788801
1576 0.455440105403755
1577 0.455591229042422
1578 0.455729694742769
1579 0.455844255166109
1580 0.455968673683915
1581 0.456084020930758
1582 0.456213746908784
1583 0.456363043340869
1584 0.45649997533762
1585 0.456633807557404
1586 0.456774154431143
1587 0.456918412140672
1588 0.45705056346722
1589 0.457190894092983
1590 0.457316449306619
1591 0.457393587830515
1592 0.457512603830327
1593 0.457660340293979
1594 0.457797324541658
1595 0.457952332902612
1596 0.458109404163884
1597 0.45825106131437
1598 0.458403309610542
1599 0.458572735882061
1600 0.458751682966714
1601 0.458886453625321
1602 0.459041422120744
1603 0.459156618931804
1604 0.459222418321402
1605 0.459305150235508
1606 0.459363725836417
1607 0.459448491745931
1608 0.459533286833011
1609 0.459650398739999
1610 0.459788724117732
1611 0.45992316598683
1612 0.460067323172138
1613 0.46024078734625
1614 0.460421723044782
1615 0.460621135188615
1616 0.460872419282508
1617 0.461063927870201
1618 0.461240433848091
1619 0.461396480811595
1620 0.461524061063835
1621 0.461660110780214
1622 0.461772416941993
1623 0.461931257543034
1624 0.462112665537864
1625 0.462271648901808
1626 0.462459013734724
1627 0.462593720649605
1628 0.462680816597771
1629 0.462803023994128
1630 0.462920622271703
1631 0.463050563811492
1632 0.463195883984145
1633 0.463333362961618
1634 0.463468359241341
1635 0.463608475409378
1636 0.4637534595716
1637 0.46389770456957
1638 0.464046387945951
1639 0.464178509365445
1640 0.464302346975137
1641 0.464437126915908
1642 0.464562875770579
1643 0.464706360282955
1644 0.46488499392936
1645 0.464992580682407
1646 0.465069186620886
1647 0.465151520806521
1648 0.465193629897185
1649 0.465275953494202
1650 0.465374407833184
1651 0.465498196211279
1652 0.465621846269548
1653 0.465788412977262
1654 0.466000606711157
1655 0.466238484793896
1656 0.466446711112788
1657 0.466680947969292
1658 0.466885817721526
1659 0.46707803448877
1660 0.467272941941626
1661 0.46738692091847
1662 0.467498721778701
1663 0.467572474166187
1664 0.467635375990929
1665 0.46773944518243
1666 0.467830879959035
1667 0.467951417788328
1668 0.468073433617681
1669 0.468228319398357
1670 0.468434057954989
1671 0.468650836055923
1672 0.468875415990894
1673 0.469068735893601
1674 0.469217620653788
1675 0.469331630864642
1676 0.469447606454393
1677 0.469570723689109
1678 0.469726023567887
1679 0.469957009620732
1680 0.470173994822
1681 0.470344717060834
1682 0.470518432433735
1683 0.470653100803098
1684 0.470754761360831
1685 0.470889253339017
1686 0.471043495197281
1687 0.471172548952454
1688 0.471321201820247
1689 0.471532907378122
1690 0.471718658235842
1691 0.471860873471682
1692 0.472012279674423
1693 0.472101021778839
1694 0.472173373044267
1695 0.472274825765959
1696 0.472361534863015
1697 0.472471224469406
1698 0.472599585321746
1699 0.472802781003712
1700 0.472983863248418
1701 0.473195041804825
1702 0.473383431270006
1703 0.473550780617517
1704 0.473715373476148
1705 0.473884241986109
1706 0.474013039212287
1707 0.474113543193747
1708 0.47420523538558
1709 0.474269711767661
1710 0.474335801044525
1711 0.474392639091645
1712 0.474430879209922
1713 0.474416896274594
1714 0.474473274604725
1715 0.474612749800386
1716 0.474669000787472
1717 0.474712406873307
1718 0.474748659337555
1719 0.474704590643753
1720 0.474682753460872
1721 0.474677713155223
1722 0.474722188136193
1723 0.474758798711654
1724 0.474849810728931
1725 0.475033711967941
1726 0.475157771792862
1727 0.475279796362563
1728 0.475382610046279
1729 0.475483530637867
1730 0.475535139061482
1731 0.475535355470849
1732 0.475556936865609
1733 0.475547631957986
1734 0.475599756226675
1735 0.475664922493496
1736 0.475770999958403
1737 0.475931852809041
1738 0.476061475424365
1739 0.476217944697807
1740 0.476419848471461
1741 0.476522926442972
1742 0.476562189354821
1743 0.476636796656803
1744 0.476611197187126
1745 0.476552692833717
1746 0.476566509714254
1747 0.476541690011286
1748 0.476515227096009
1749 0.476555161398301
1750 0.476641612337174
1751 0.476747982363047
1752 0.476890002404813
1753 0.476988752672872
1754 0.477051873835802
1755 0.477096286972312
1756 0.477093622733206
1757 0.477192023146363
1758 0.477316896446852
1759 0.477407833010961
1760 0.477547243430621
1761 0.477688942014568
1762 0.477800308633766
1763 0.477961347070429
1764 0.478216391781013
1765 0.478371952127188
1766 0.47844221404649
1767 0.478517634311162
1768 0.478480676161705
1769 0.478432850703883
1770 0.478449402275502
1771 0.478462639173908
1772 0.478461043612789
1773 0.478507748198428
1774 0.478585964957538
1775 0.478656225530166
1776 0.478770984564485
1777 0.478831831217536
1778 0.478861049120381
1779 0.478912792741087
1780 0.478947682110078
1781 0.478978578692738
1782 0.479002801454778
1783 0.479023731474154
1784 0.479066154600617
1785 0.479171149250402
1786 0.479357967043701
1787 0.479555303098187
1788 0.479761684466909
1789 0.479918231922096
1790 0.47999826205043
1791 0.480016470650244
1792 0.479995149249516
1793 0.48003457169452
1794 0.480103663153348
1795 0.480132584009215
1796 0.480220210538711
1797 0.480383676672092
1798 0.480554659157462
1799 0.480828172129153
1800 0.481117864040103
1801 0.481011273876629
1802 0.481147556484532
1803 0.481419053375659
1804 0.481623390915582
1805 0.481784940813607
1806 0.481893090237421
1807 0.482005699224402
1808 0.482088830580055
1809 0.482204449654847
1810 0.48236794562171
1811 0.482397308674625
1812 0.482472740340777
1813 0.48258891370384
1814 0.482676578841215
1815 0.482816669296859
1816 0.48288468769246
1817 0.482898618695466
1818 0.482967443393326
1819 0.482994754231622
1820 0.48307067133892
1821 0.483307975584157
1822 0.483478404273937
1823 0.483620774703163
1824 0.48370403034648
1825 0.483810596825874
1826 0.483857524549712
1827 0.483963799121031
1828 0.484279611275004
1829 0.484296515453761
1830 0.484158728095647
1831 0.483960188771618
1832 0.483729601377021
1833 0.483496017364825
1834 0.483501729871923
1835 0.483530120528522
1836 0.483551437959928
1837 0.483574555019357
1838 0.4836703087763
1839 0.483789276526868
1840 0.483993750076326
1841 0.484177078349936
1842 0.48424978173974
1843 0.484303262946348
1844 0.484384173635293
1845 0.484536024177411
1846 0.484719258872812
1847 0.484796506969784
1848 0.484853464987795
1849 0.48480961486954
1850 0.484639210282742
1851 0.484508575532946
1852 0.484487943758711
1853 0.484391623972029
1854 0.484341605404087
1855 0.484318381608328
1856 0.484270249299888
1857 0.484259193354951
1858 0.484242154446271
1859 0.484279177083195
1860 0.48428899826214
1861 0.48418254923573
1862 0.484051648032866
1863 0.483860837272202
1864 0.483569270042019
1865 0.483142203048721
1866 0.482573837602197
1867 0.4820331422218
1868 0.481388501535136
1869 0.480789019824254
1870 0.480306288772491
1871 0.479895788910291
1872 0.479506593527025
1873 0.479014156266467
1874 0.478465076176329
1875 0.47795208806043
1876 0.477375580092971
1877 0.476666818345917
1878 0.475907200332351
1879 0.475112117555279
1880 0.474151845402451
1881 0.47308798232641
1882 0.472022774994892
1883 0.470789787486656
1884 0.469514500613936
1885 0.468072799086905
1886 0.466555418941817
1887 0.465077065492684
1888 0.463376611122117
1889 0.4615127273044
1890 0.459596901089504
1891 0.457499446018665
1892 0.455146417992561
1893 0.452748560484091
1894 0.450205120337961
1895 0.447617080984036
1896 0.444962823613224
1897 0.442257332964731
1898 0.439543046271678
1899 0.436883751387525
1900 0.434104326343824
1901 0.431604171164224
1902 0.429201773007862
1903 0.426996831813179
1904 0.424960320674645
1905 0.423314049090335
1906 0.421797398079007
1907 0.420429822730178
1908 0.419368553628704
1909 0.418366018928355
1910 0.417523881304344
1911 0.416897986063785
1912 0.416351627185152
1913 0.415931138654392
1914 0.415584380754994
1915 0.415340410280406
1916 0.415178047079718
1917 0.415107454288277
1918 0.415196169864324
1919 0.41550886271714
1920 0.415875464776978
1921 0.41626990917345
1922 0.416793437116771
1923 0.417318648501863
1924 0.417889624866248
1925 0.418400293765303
1926 0.418888604619623
1927 0.419554715150188
1928 0.42019932460125
1929 0.420880105290855
1930 0.421772895208739
1931 0.422482231149837
1932 0.423113370834537
1933 0.423650644180131
1934 0.424188005059835
1935 0.424620850148884
1936 0.425084040115182
1937 0.425561278341157
1938 0.42612959659252
1939 0.426778393937031
1940 0.427417048594817
1941 0.428058479354292
1942 0.428684311403052
1943 0.429357094412707
1944 0.430038149319768
1945 0.430716611235046
1946 0.431494001927223
1947 0.432166200878135
1948 0.432777362440519
1949 0.43334776695921
1950 0.433938148138343
1951 0.434482584417409
1952 0.434990024510873
1953 0.435506216059677
1954 0.43599450156258
1955 0.436412674110353
1956 0.436907002215461
1957 0.437434679637102
1958 0.437934067288405
1959 0.43845516339024
1960 0.438956037157468
1961 0.439419217709854
1962 0.439927861815344
1963 0.440415454683143
1964 0.44089046106674
1965 0.4414508191855
1966 0.441986753554123
1967 0.44253887082029
1968 0.443175958528473
1969 0.443736757470714
1970 0.44419136840554
1971 0.44475263795376
1972 0.445338081638012
1973 0.445952130435064
1974 0.446590915414629
1975 0.447241217002498
1976 0.4478992359146
1977 0.448508716016169
1978 0.449075544550596
1979 0.449627879916017
1980 0.450166806171824
1981 0.450590797331559
1982 0.451122892152702
1983 0.451688106265417
1984 0.452293601266675
1985 0.452963583777365
1986 0.453665886110871
1987 0.454269916205177
1988 0.454887550901427
1989 0.455495523521067
1990 0.455951952737268
1991 0.456444584257602
1992 0.456895065573451
1993 0.45742301338133
1994 0.457990070028751
1995 0.458510171671384
1996 0.459059760707084
1997 0.459596581257102
1998 0.460080265704133
1999 0.460548764448323
2000 0.461084197195167
2001 0.461622954179058
2002 0.462207949545403
2003 0.462807355165588
2004 0.463431541543051
2005 0.464194106518823
2006 0.464783505116011
2007 0.465307860532392
2008 0.465802993002054
2009 0.466160252299874
2010 0.466574387788823
2011 0.466961815113138
2012 0.467446876654248
2013 0.467856733393182
2014 0.46825443140272
2015 0.468732172462174
2016 0.469249973778903
2017 0.46971108408638
2018 0.470287634000869
2019 0.470709693107281
2020 0.470974031979723
2021 0.471313893735334
2022 0.471610764773911
2023 0.471923138872413
2024 0.472234451968361
2025 0.472593381823725
2026 0.472977305427025
2027 0.473345099029723
2028 0.473729851014951
2029 0.474191750256126
2030 0.474613422673379
2031 0.475068301556042
2032 0.475430866376227
2033 0.475782004710111
2034 0.476064760074239
2035 0.476218273290186
2036 0.476418210489968
2037 0.476564521532406
2038 0.476776796958663
2039 0.476924920905904
2040 0.477295208573111
2041 0.477720708522936
2042 0.478062518044285
2043 0.478427203988572
2044 0.478842885395011
2045 0.479174715416275
2046 0.479457328558446
2047 0.479760743464828
2048 0.480026868973942
2049 0.480319361782035
2050 0.480648740555651
2051 0.480913036911889
2052 0.48115221924616
2053 0.481407973496072
2054 0.481602301468266
2055 0.481850181759663
2056 0.482089010222663
2057 0.482323021700897
2058 0.482602317418058
2059 0.482903924218599
2060 0.483192975338467
2061 0.483532252995093
2062 0.483856327585735
2063 0.484212583689271
2064 0.484477047841402
2065 0.484655204988016
2066 0.484879480533503
2067 0.485076961322875
2068 0.485239434106801
2069 0.485406211829202
2070 0.485790098022715
2071 0.486065985847961
2072 0.486330162272076
2073 0.486562015233546
2074 0.486824214303398
2075 0.487009967730426
2076 0.487136605443436
2077 0.487236313294844
2078 0.487230355884451
2079 0.487321374567851
2080 0.487386495731959
2081 0.487539100170342
2082 0.487808690573034
2083 0.488054434400016
2084 0.488398754241709
2085 0.488610230290528
2086 0.488830696295124
2087 0.489026568463346
2088 0.489260783363885
2089 0.489487122368867
2090 0.489694031566968
2091 0.489943674569226
2092 0.490117747415664
2093 0.490175833679645
2094 0.490332751851199
2095 0.490510613262855
2096 0.490701164884736
2097 0.490993731784958
2098 0.491189633828025
2099 0.491331391940339
2100 0.491450905056634
2101 0.49164572989885
2102 0.491762119036338
2103 0.491961633626371
2104 0.492314197038956
2105 0.492445635748482
2106 0.492443758599894
2107 0.492557705365611
2108 0.49252654202465
2109 0.492710307360789
2110 0.493060171203846
2111 0.493415051693249
2112 0.493902199856631
2113 0.494327600442555
2114 0.494869277746262
2115 0.49525953026325
2116 0.495602457015848
2117 0.495809992415796
2118 0.496045255097486
2119 0.496031770860111
2120 0.496135232826159
2121 0.496165653289017
2122 0.496374128537802
2123 0.496709868013701
2124 0.496916754992178
2125 0.497235130002701
2126 0.497372999471747
2127 0.49721365884877
2128 0.497310824742086
2129 0.497517585648915
2130 0.497667360843888
2131 0.497966815086428
2132 0.4981294722105
2133 0.498149067602986
2134 0.498177554577609
2135 0.498211758115443
2136 0.498363580657993
2137 0.49842300255807
2138 0.498494652021011
2139 0.49853831965398
2140 0.498542040365981
2141 0.498530804381146
2142 0.498523588014691
2143 0.498503602750946
2144 0.49847738386584
2145 0.498364450871573
2146 0.49825072259764
2147 0.498065890546878
2148 0.497761625302554
2149 0.497438782841146
2150 0.497085700414351
2151 0.496706336204078
2152 0.496156376450994
2153 0.495835199367383
2154 0.495472764357388
2155 0.494894265016428
2156 0.494443791707066
2157 0.494024730309458
2158 0.493507210306041
2159 0.492968396780397
2160 0.492435553075212
2161 0.491739551119407
2162 0.491273047456308
2163 0.491009489329442
2164 0.490588284927493
2165 0.490203825428979
2166 0.489788752367005
2167 0.489206618219633
2168 0.488782493569275
2169 0.488591646692402
2170 0.488169038310619
2171 0.487672815280691
2172 0.487148968048007
2173 0.486371987357895
2174 0.485738462789069
2175 0.485230094362807
2176 0.484841931102956
2177 0.484441296388064
2178 0.484261297922788
2179 0.483697902703311
2180 0.482947202780878
2181 0.482288613549417
2182 0.481390241934508
2183 0.480724360654916
2184 0.480266550245862
2185 0.479683494448148
2186 0.479057558793373
2187 0.478486999287439
2188 0.477925168359616
2189 0.477398668325527
2190 0.477090500758662
2191 0.476500856183441
2192 0.475597698139771
2193 0.474913485935617
2194 0.474169323025055
2195 0.473496458123431
2196 0.472835877255132
2197 0.472374384439316
2198 0.471767554600277
2199 0.470931575094448
2200 0.470402986517859
2201 0.470141918215331
2202 0.469611895676842
2203 0.469050282536999
2204 0.468515219782312
2205 0.467727014551161
2206 0.467266373567995
2207 0.466979576113022
2208 0.466798134774327
2209 0.466723911713031
2210 0.466853586491036
2211 0.467208645223436
2212 0.467583373351457
2213 0.468048079498855
2214 0.468691307889918
2215 0.469635671993481
2216 0.470383092446197
2217 0.471197370467395
2218 0.472018743283228
2219 0.47274777455215
2220 0.473099973718924
2221 0.473569151885033
2222 0.474064040664808
2223 0.474465165244391
2224 0.474755997911731
2225 0.475015920677685
2226 0.47522149541989
2227 0.475418455377216
2228 0.475556726489803
2229 0.475653959507124
2230 0.475823013113185
2231 0.475793914869557
2232 0.475412697113873
2233 0.475415136308985
2234 0.475502989510234
2235 0.475603602818029
2236 0.475977963818367
2237 0.476231141840303
2238 0.476525324193328
2239 0.476589479162353
2240 0.476475760041631
2241 0.476449540414004
2242 0.476165303077074
2243 0.476064980346753
2244 0.476154291010182
2245 0.476313386361076
2246 0.476335266976359
2247 0.476320335304929
2248 0.47617118703621
2249 0.476167475150211
2250 0.476178941831176
2251 0.476242068623748
2252 0.47627161688554
2253 0.476253894169955
2254 0.476440050761179
2255 0.476679393370796
2256 0.477047056978712
2257 0.477717228473829
2258 0.47815615458719
2259 0.478621289032272
2260 0.478872373171256
2261 0.479038058777604
2262 0.479025979076369
2263 0.478645996360403
2264 0.478583724974993
2265 0.478362071391775
2266 0.478480727848953
2267 0.479079514565116
2268 0.479409658338111
2269 0.479933033855912
2270 0.480197661800314
2271 0.480148117430037
2272 0.48016582664153
2273 0.480119451166062
2274 0.480020561095984
2275 0.480108723729896
2276 0.479843324451976
2277 0.479186482613741
2278 0.478491941133996
2279 0.478460334869718
2280 0.478102620296023
2281 0.47821704083518
2282 0.47873095254959
2283 0.478300673792143
2284 0.478239018266787
2285 0.47825415203481
2286 0.478354392498613
2287 0.478344939100639
2288 0.478398468930019
2289 0.478533093864135
2290 0.478717592890028
2291 0.47866891972517
2292 0.478740162372906
2293 0.478579575951148
2294 0.478026112098621
2295 0.477637389737359
2296 0.477094916604923
2297 0.476975433454546
2298 0.477152588391876
2299 0.477017519932018
2300 0.477064514508586
2301 0.477048708257076
2302 0.476666567387909
2303 0.47650111547065
2304 0.476575221005069
2305 0.47661395128557
2306 0.476651833246046
2307 0.476648441022503
2308 0.476870945561629
2309 0.476762532014113
2310 0.47623353975679
2311 0.475933018146026
2312 0.47548790534869
2313 0.475299348712139
2314 0.475486417875175
2315 0.475456474524629
2316 0.475356867905929
2317 0.475386506149678
2318 0.475299851525629
2319 0.475389722635212
2320 0.475927653723777
2321 0.476072247003548
2322 0.476046727914094
2323 0.476192097415035
2324 0.476048688819699
2325 0.475985722708037
2326 0.476151472243281
2327 0.475812345539192
2328 0.474966412658675
2329 0.474392670455015
2330 0.473274697818967
2331 0.472335274445143
2332 0.472086550188553
2333 0.471804701194333
2334 0.472153920935901
2335 0.472839097723909
2336 0.472901310294526
2337 0.472863860655091
2338 0.472501081618236
2339 0.471597125892738
2340 0.47100175601539
2341 0.470202350516357
2342 0.470099800457356
2343 0.470504321795798
2344 0.470258571679239
2345 0.470249152756693
2346 0.469942985557605
2347 0.468866299719155
2348 0.468509364640875
2349 0.468556138756821
2350 0.468472847785507
2351 0.468469771110625
2352 0.468470589137331
2353 0.468531357100208
2354 0.468547078240848
2355 0.468726466454062
2356 0.468593834513737
2357 0.468305289908856
2358 0.468033868803089
2359 0.467322906544075
2360 0.467161977899611
2361 0.467447973454769
2362 0.467249476917057
2363 0.467142575902413
2364 0.466904854730482
2365 0.465965348934473
2366 0.466029124893445
2367 0.466852490903808
2368 0.467101051514707
2369 0.467589567103626
2370 0.467868787650111
2371 0.467847055214578
2372 0.46771146593804
2373 0.467701002165928
2374 0.467267528297441
2375 0.466162513772305
2376 0.465495182128443
2377 0.464787600264296
2378 0.464190111492296
2379 0.463694554395073
2380 0.463496557507397
2381 0.463558605276328
2382 0.463453391240263
2383 0.463740525883062
2384 0.463375904299069
2385 0.462143290340852
2386 0.462105989609688
2387 0.462757519210512
2388 0.462615863993384
2389 0.462711633943278
2390 0.462640790959068
2391 0.46195637556368
2392 0.461052476777563
2393 0.460494140442216
2394 0.45956968789403
2395 0.457223271701455
2396 0.456489722541324
2397 0.456409140893349
2398 0.456574602992948
2399 0.458252336668935
2400 0.45848643807645
2401 0.458081742286687
2402 0.458159884169707
2403 0.457837710911242
2404 0.457534184864116
2405 0.457508028613108
2406 0.457530631846432
2407 0.457487991243584
2408 0.456900116047394
2409 0.456479396538923
2410 0.456039029165159
2411 0.454596319256802
2412 0.453977679304608
2413 0.454178408887008
2414 0.453800828293472
2415 0.453313988386484
2416 0.452479270245036
2417 0.451207803421264
2418 0.450439770941037
2419 0.44991538917513
2420 0.449129041029734
2421 0.448637218077486
2422 0.447927778230202
2423 0.445966036997878
2424 0.445669458424395
2425 0.446685110982572
2426 0.446747207348591
2427 0.447527628396653
2428 0.447332023351509
2429 0.44586902601352
2430 0.445381571261189
2431 0.445405759945466
2432 0.444762629524969
2433 0.443991347223226
2434 0.44309803607578
2435 0.441491848226097
2436 0.44075030214345
2437 0.440599467637466
2438 0.439742295626459
2439 0.438771599977378
2440 0.437954564845144
2441 0.437169250811597
2442 0.437055533658474
2443 0.435855070158952
2444 0.435021724285921
2445 0.433294201982769
2446 0.433980513641347
2447 0.435152059994735
2448 0.434943536169291
2449 0.435475925321095
2450 0.433818357333439
2451 0.431685453922966
2452 0.432255934286901
2453 0.432615666096415
2454 0.43151645799355
2455 0.430791339876744
2456 0.430787460458932
2457 0.430985783324877
2458 0.430303506537034
2459 0.43109642510681
2460 0.430753689753951
2461 0.427450450046793
2462 0.428268746790815
2463 0.429300454012834
2464 0.429139559073649
2465 0.428693633581388
2466 0.426401148981037
2467 0.425045697510796
2468 0.423595567826263
2469 0.423048874054506
2470 0.424394634263592
2471 0.424484048398972
2472 0.424132058879908
2473 0.42455740454063
2474 0.425082783640001
2475 0.424034625377147
2476 0.422635242332492
2477 0.42185205038594
2478 0.419709666329648
2479 0.419121971506813
2480 0.420700612511538
2481 0.420103523281297
2482 0.417832629251716
2483 0.41669713658817
2484 0.41614613765111
2485 0.414948958480861
2486 0.413362249275826
2487 0.413237382860619
2488 0.412889860602148
2489 0.413270859759892
2490 0.416266659241037
2491 0.417108772178128
2492 0.416305426492074
2493 0.415749643579874
2494 0.412306039494307
2495 0.411752160241794
2496 0.413098844599505
2497 0.413224190222055
2498 0.416132514225399
2499 0.41585467170592
2500 0.41351516995976
