"Wavelength" "M027a_m3-w1"
350 0.103137391944927
351 0.0995758526482063
352 0.0934388144114223
353 0.0886854064451935
354 0.0863732393088654
355 0.086235481023847
356 0.089633897074215
357 0.0925678622463772
358 0.0880662977626843
359 0.0890648036592301
360 0.0904252748844637
361 0.0894847149732973
362 0.09290867832888
363 0.0919153385742515
364 0.0895835085420669
365 0.0899637858658108
366 0.0876505123488798
367 0.0860367685619726
368 0.0861521023082464
369 0.0874411116703855
370 0.0906112402262316
371 0.0900905828594737
372 0.0861388350440125
373 0.0865213644215616
374 0.0892055062636337
375 0.0911529313001086
376 0.0901704973296394
377 0.0863598488088873
378 0.0852046762348045
379 0.0854202430391556
380 0.0839831633914724
381 0.0862612352326412
382 0.0880919619854511
383 0.0882015056112148
384 0.0884520839978647
385 0.0872725097341642
386 0.0867717039504349
387 0.0878514151357624
388 0.0878279227357688
389 0.086420956416916
390 0.0855127049755706
391 0.0866337609722241
392 0.0860413495496315
393 0.0854087886953898
394 0.085349457356597
395 0.085458365701719
396 0.0865830670404992
397 0.0879728460677128
398 0.0886330134071657
399 0.0872442485285304
400 0.0884272117925078
401 0.0894987469409849
402 0.0872850521928221
403 0.0865026376220031
404 0.0872684557868444
405 0.0883957721686724
406 0.0881195109743804
407 0.0881972796596412
408 0.0884665661588273
409 0.0887156849628753
410 0.089269549329299
411 0.0888991954288327
412 0.0886485117999555
413 0.0896115297405237
414 0.089694472885886
415 0.090008704272966
416 0.0906725593917054
417 0.0909230309224798
418 0.0909957569441959
419 0.09101509156597
420 0.0910243880889633
421 0.0907984004491526
422 0.0916908719364079
423 0.0928918427423193
424 0.093049756593544
425 0.0923756459375126
426 0.0927863712857942
427 0.0939258792312043
428 0.0933132103954153
429 0.0934095802648952
430 0.0941343567008639
431 0.0949543108209098
432 0.0955765914072488
433 0.095568559357839
434 0.0953410175408413
435 0.0956178340717223
436 0.0962764138647448
437 0.0967440638758336
438 0.0969584831657533
439 0.0975261471523987
440 0.0976258098506479
441 0.097735036941544
442 0.0982448472509172
443 0.0981519242633414
444 0.0986490975593517
445 0.0993908114598424
446 0.0992658745105012
447 0.099533527300683
448 0.100189375816661
449 0.100852300639123
450 0.100785261101713
451 0.100600610333951
452 0.100562284020297
453 0.10079569335229
454 0.101330082949569
455 0.101836379933579
456 0.102216157321051
457 0.102572658954262
458 0.102713670887764
459 0.102722138093151
460 0.102764677895841
461 0.10306887391916
462 0.103736985719732
463 0.104134959089345
464 0.103649431322437
465 0.104021365030139
466 0.104531346449485
467 0.10474132863116
468 0.104813723585139
469 0.104920574468126
470 0.105212651518132
471 0.105681702470313
472 0.105853549903819
473 0.106084559648838
474 0.106353864695622
475 0.106423789971258
476 0.106692525512182
477 0.106970664749806
478 0.107133567532532
479 0.107341409534176
480 0.10746186879461
481 0.107742784849034
482 0.108385131816152
483 0.108594853894595
484 0.108781576056682
485 0.109125306895805
486 0.109477549813751
487 0.109820036537969
488 0.110202235109123
489 0.110616981638663
490 0.110816916727977
491 0.111041143247167
492 0.111273514789292
493 0.111374792981147
494 0.111653310185066
495 0.111984679473109
496 0.112320000022128
497 0.112859778120555
498 0.113478595831485
499 0.113965249142833
500 0.114169425977234
501 0.114399896578336
502 0.11470184892327
503 0.115082267221733
504 0.115525856704519
505 0.115932274690415
506 0.116263148389758
507 0.116558776780048
508 0.117065126852481
509 0.117396470761804
510 0.117633412310244
511 0.118113872084827
512 0.11844070126408
513 0.118723177745081
514 0.119092169535381
515 0.119613340308411
516 0.119996664467154
517 0.120250538380237
518 0.120530887409139
519 0.121110541633214
520 0.121630676687492
521 0.121946986748965
522 0.122224892179131
523 0.122637394393495
524 0.123103737234094
525 0.123514134876779
526 0.123935509348823
527 0.124342308372393
528 0.124732282430477
529 0.125126458531369
530 0.125610638498675
531 0.126119359135273
532 0.126589364485087
533 0.12702355454195
534 0.12743053997179
535 0.127836574007448
536 0.128265218102934
537 0.128646555707706
538 0.12909565724494
539 0.129606103394831
540 0.129956357540566
541 0.130402859348981
542 0.130909496868621
543 0.131376171701472
544 0.1318506702271
545 0.132336247536558
546 0.132836121556373
547 0.133354139963907
548 0.13384870981001
549 0.134357279607522
550 0.134925773164477
551 0.13558927835374
552 0.136172474156057
553 0.136709792871666
554 0.137352641305485
555 0.137871780833063
556 0.138330303393729
557 0.138811250152149
558 0.139356847891196
559 0.139851280570184
560 0.140341082636985
561 0.140907520812735
562 0.141384618377829
563 0.141802962362553
564 0.142183785809991
565 0.142511774032755
566 0.142808358610655
567 0.143088689316094
568 0.143391388327536
569 0.14384209122394
570 0.144420654989252
571 0.145088488670521
572 0.145791623721014
573 0.146450861187288
574 0.14708591709378
575 0.147720031735671
576 0.14831800751566
577 0.148830165979882
578 0.149243221515925
579 0.149573308228952
580 0.149855056356884
581 0.15009013908712
582 0.15028102332068
583 0.150424279699569
584 0.150742159997747
585 0.151080497791687
586 0.151235045353952
587 0.151594840099894
588 0.152060059094359
589 0.152578942537178
590 0.153199691257406
591 0.153761687211607
592 0.154278150079309
593 0.154795626800722
594 0.1552837737833
595 0.155745280965168
596 0.156185050311131
597 0.156607381036757
598 0.156961227370301
599 0.157315936668374
600 0.157707653040699
601 0.158035813615148
602 0.15829368654547
603 0.158530068972744
604 0.158816522768367
605 0.159119496626841
606 0.159392682399829
607 0.159643928548711
608 0.159976180143734
609 0.160313770143567
610 0.160644501057065
611 0.160986586708354
612 0.161400495230601
613 0.161807574312161
614 0.162189845776421
615 0.162606913028467
616 0.16301112566731
617 0.163380835281265
618 0.163714784598232
619 0.164051843367492
620 0.16441630409132
621 0.164813147274793
622 0.165227673957139
623 0.165575675783208
624 0.165961665540449
625 0.166428050706853
626 0.166794914718529
627 0.167181914450439
628 0.167590524043467
629 0.167976391175
630 0.168385312618634
631 0.16879229736979
632 0.169170585120041
633 0.169496015007743
634 0.169892914813167
635 0.170300052270326
636 0.170643158282833
637 0.17108537178444
638 0.171530731603052
639 0.171940245198527
640 0.172343491366821
641 0.172767122824717
642 0.173184812046572
643 0.173576534923598
644 0.173979478647798
645 0.174396041263517
646 0.174820855560728
647 0.175244529584553
648 0.175697681272163
649 0.176134824914349
650 0.176540675471865
651 0.17697789531045
652 0.177424636936629
653 0.177856982978631
654 0.178253820579718
655 0.178617045222992
656 0.17903647440092
657 0.179540301120789
658 0.180076973418939
659 0.180487456862608
660 0.180892180552808
661 0.181408177912148
662 0.181855557911373
663 0.182302532371185
664 0.182761134203636
665 0.183205077688386
666 0.183732261716163
667 0.184250509723057
668 0.184694967623111
669 0.185125325332338
670 0.185596618080699
671 0.186109007038146
672 0.186626132943236
673 0.1870744279727
674 0.187565469678984
675 0.188110732553325
676 0.188559580390968
677 0.189031249410524
678 0.189533128882725
679 0.190048039828547
680 0.19059889318375
681 0.191102876537242
682 0.191599103454565
683 0.192213899585587
684 0.192701410192108
685 0.193116166993005
686 0.193555512561491
687 0.194085097186354
688 0.194626357288147
689 0.195184969836472
690 0.195790839007744
691 0.196361474731151
692 0.19687993799122
693 0.197361926654572
694 0.197858000657018
695 0.19838272710522
696 0.198908354049365
697 0.199410402977482
698 0.199935337785168
699 0.200481907156652
700 0.201056186746474
701 0.201665591940861
702 0.202243330430383
703 0.202784937541259
704 0.203298730311385
705 0.203774925971533
706 0.204385487182775
707 0.205046545472624
708 0.205586161506199
709 0.206112597314977
710 0.206673822441588
711 0.207268488342465
712 0.207837250466693
713 0.208417621118885
714 0.20901124171343
715 0.209606097106175
716 0.210175288733987
717 0.210723679974818
718 0.211295153423773
719 0.211948211696757
720 0.21259673121764
721 0.213180341792055
722 0.213700383835247
723 0.21426305640993
724 0.214878944881313
725 0.21552064433328
726 0.216142754371833
727 0.216718284788819
728 0.217306179892768
729 0.217953257722592
730 0.218679103579039
731 0.219285097199345
732 0.219792892856746
733 0.220294097379204
734 0.220934335228293
735 0.22152937450947
736 0.222096786425951
737 0.222732780920836
738 0.22326692164056
739 0.223853112097362
740 0.224527949103904
741 0.225124030973279
742 0.225730030447458
743 0.226354280142457
744 0.226992390820926
745 0.227678090494751
746 0.228283466105681
747 0.228834006836522
748 0.229457444766415
749 0.230155979105797
750 0.230834343735283
751 0.231441157188194
752 0.23202385408002
753 0.232657737385301
754 0.233296727623875
755 0.233880901963273
756 0.234486254267028
757 0.235116581374709
758 0.235775480605838
759 0.236462534765973
760 0.23712405049586
761 0.23772324881738
762 0.238292885381065
763 0.239009711824373
764 0.239656642165697
765 0.240232047554315
766 0.240802307931888
767 0.241335191312326
768 0.24191123236095
769 0.242560960976371
770 0.243258608611303
771 0.243925120638555
772 0.24461389712273
773 0.245334790191538
774 0.245937769670448
775 0.246560628096014
776 0.247207181809127
777 0.247827270804862
778 0.248351363337732
779 0.248900016917566
780 0.249549909799656
781 0.250310567246634
782 0.250970528836342
783 0.251555860003979
784 0.252150126399064
785 0.252860011084855
786 0.253557523649716
787 0.254228767912783
788 0.254894703818749
789 0.255521052643565
790 0.256185077330203
791 0.256837268937709
792 0.257338660361579
793 0.25797335940793
794 0.258653357398861
795 0.259287701287662
796 0.259904415391742
797 0.260582511881194
798 0.261261422334943
799 0.261868115231531
800 0.262502085086021
801 0.263147249464869
802 0.263788510887273
803 0.264416593657744
804 0.265050111987937
805 0.265737187338726
806 0.266464031624923
807 0.267116123176565
808 0.26771896248872
809 0.268365521343045
810 0.269093359646336
811 0.269692985632551
812 0.270225805420997
813 0.270779384602832
814 0.271429492800981
815 0.272027023496267
816 0.272704579876767
817 0.273490478249869
818 0.274251682642781
819 0.274866363076492
820 0.275382370961391
821 0.27589293969278
822 0.276485147362096
823 0.277120553798264
824 0.277780055217598
825 0.278453774165832
826 0.279160638876629
827 0.279832948921682
828 0.280462269517572
829 0.281085768772856
830 0.28160497133547
831 0.282219414809778
832 0.282985035709954
833 0.283674511408016
834 0.284283318215722
835 0.284849778434366
836 0.285421307234693
837 0.286002978328512
838 0.286651348475933
839 0.287343293226603
840 0.288016496003019
841 0.288648782155462
842 0.289276526643077
843 0.289938395380523
844 0.290654499951652
845 0.291220272222451
846 0.291718527077284
847 0.292275422469443
848 0.293000864775496
849 0.293734051988891
850 0.294407522044266
851 0.295003323662786
852 0.295558218999526
853 0.296104313585117
854 0.296724298535716
855 0.297466723167621
856 0.298094500007334
857 0.298742692253486
858 0.299408666386506
859 0.299978113804218
860 0.300587757970684
861 0.301202879653997
862 0.301826179689826
863 0.302541154893595
864 0.303147119319297
865 0.303713833610508
866 0.304341866048874
867 0.305055764468668
868 0.305683794858817
869 0.306239622945015
870 0.30680267495895
871 0.307401529777881
872 0.308021729752297
873 0.308664256801288
874 0.309335081534652
875 0.310012338180973
876 0.310712709916646
877 0.311389179424346
878 0.311944943852567
879 0.312456117293005
880 0.312966365044037
881 0.313525251406815
882 0.314191788450908
883 0.314831270452873
884 0.315488934925628
885 0.316202516834851
886 0.316888655073359
887 0.31759514315385
888 0.318256169943746
889 0.318823278353492
890 0.319442601568506
891 0.320024350697381
892 0.3205802940233
893 0.321175836819885
894 0.321866863475873
895 0.322605248802357
896 0.323247871279524
897 0.323661143894659
898 0.324267481359498
899 0.324899254228958
900 0.325515767893547
901 0.326264115563599
902 0.32698582376711
903 0.327666869678192
904 0.328309768083267
905 0.328905955155543
906 0.329519822871568
907 0.330112192053627
908 0.330701219588015
909 0.331479159173887
910 0.332076391278033
911 0.332608890875208
912 0.333239957839009
913 0.333813289297773
914 0.334433749614914
915 0.335083323528933
916 0.335717221334223
917 0.336356848703628
918 0.337125766623778
919 0.337937123287686
920 0.338623552916641
921 0.339211331762955
922 0.339749583897304
923 0.340281546347261
924 0.340846495846372
925 0.341516135236729
926 0.342214422869094
927 0.342837588405615
928 0.343332074434457
929 0.344104053042716
930 0.344768369951492
931 0.345271353794859
932 0.345948028221823
933 0.346620518054962
934 0.347386877377632
935 0.348206844804369
936 0.348855849719784
937 0.349385322521996
938 0.34995819055362
939 0.35064066175457
940 0.351327763708976
941 0.351906451149823
942 0.35247290367959
943 0.353086741373357
944 0.35367642945582
945 0.354304740287216
946 0.354918981996978
947 0.355522609141539
948 0.356257467579153
949 0.356976837700257
950 0.357648302919894
951 0.358274142584803
952 0.358865840726515
953 0.359504199044847
954 0.360170546137963
955 0.360812999473991
956 0.361374250079148
957 0.36193726720617
958 0.362499280240415
959 0.363120289690854
960 0.364063379913588
961 0.364689590297022
962 0.365220355275685
963 0.365882488334785
964 0.366286229983219
965 0.367024779163565
966 0.367770678417375
967 0.368242246608878
968 0.368916699842881
969 0.369597936944205
970 0.370194555908792
971 0.37073684656714
972 0.371460614977703
973 0.37211418123763
974 0.372723408761618
975 0.373340540228358
976 0.37389574030121
977 0.374559538048798
978 0.375216308092857
979 0.37576001124498
980 0.376268599085235
981 0.376942072810513
982 0.377641290519823
983 0.378286919206491
984 0.379076281230357
985 0.379700420175078
986 0.380203491162881
987 0.380711894486513
988 0.381320198490875
989 0.381909561191962
990 0.382653694600633
991 0.383453079578311
992 0.383812382644204
993 0.384325373487194
994 0.384874568347134
995 0.385454359015658
996 0.386278186516144
997 0.386641161101955
998 0.387198141212914
999 0.388110241752888
1000 0.388836783200008
1001 0.373785038438719
1002 0.374366768388887
1003 0.37499063475297
1004 0.375562296478485
1005 0.376108906706348
1006 0.376614956364719
1007 0.377087217708452
1008 0.377579065996758
1009 0.378010352635154
1010 0.378511700280928
1011 0.379075505740152
1012 0.379628684071899
1013 0.380224930658206
1014 0.380780622166604
1015 0.381233201710539
1016 0.381780910763062
1017 0.382296444782436
1018 0.382781577514961
1019 0.383277857462652
1020 0.383791568770853
1021 0.38429294438806
1022 0.384760303790793
1023 0.38529774919568
1024 0.385883789649449
1025 0.386368651968185
1026 0.386896437340599
1027 0.387458434109255
1028 0.387917980175947
1029 0.388459429770095
1030 0.389098018917824
1031 0.389709265540865
1032 0.390328358869523
1033 0.391000533783643
1034 0.391672592214882
1035 0.392338473919305
1036 0.392983995194723
1037 0.393628708100744
1038 0.394225162983315
1039 0.394720021238785
1040 0.395276899650872
1041 0.395959006377146
1042 0.396656937079818
1043 0.397330113276652
1044 0.397921194383273
1045 0.398458116598683
1046 0.399007015714155
1047 0.399560217261741
1048 0.400118192489246
1049 0.400708889044932
1050 0.401287779063282
1051 0.401784288312632
1052 0.402285412513437
1053 0.402800006009123
1054 0.40323333102287
1055 0.403709070967323
1056 0.404217825776341
1057 0.404620641870164
1058 0.405031049202028
1059 0.405507553957551
1060 0.405920005267584
1061 0.406324993706763
1062 0.406733623655509
1063 0.407172473764406
1064 0.407533165772302
1065 0.407888038383033
1066 0.408212047722445
1067 0.408506248662147
1068 0.408785542711642
1069 0.409026909561584
1070 0.409281367498542
1071 0.409544522408862
1072 0.409779496504732
1073 0.410016178623259
1074 0.410281156106623
1075 0.410528390216435
1076 0.410789984476332
1077 0.411064500687336
1078 0.411332731676658
1079 0.411606054959448
1080 0.411872671560667
1081 0.412076178443669
1082 0.412262176106191
1083 0.412385786140004
1084 0.41251677994268
1085 0.412718828641373
1086 0.412922675725209
1087 0.413136685213679
1088 0.413353771594679
1089 0.41359324600748
1090 0.413856997204369
1091 0.414073277957864
1092 0.414283306842774
1093 0.414495165611608
1094 0.414686648586403
1095 0.414816592757926
1096 0.415023738114567
1097 0.415257240894931
1098 0.415518705110073
1099 0.415860029547336
1100 0.416147270203406
1101 0.41646268612742
1102 0.416802699484728
1103 0.417090186806499
1104 0.417415531644787
1105 0.417747014649542
1106 0.418075859386233
1107 0.418353545331523
1108 0.418701063554128
1109 0.419077377244109
1110 0.419507100283758
1111 0.41989290972386
1112 0.420316515064652
1113 0.420797686354036
1114 0.421229630002062
1115 0.421656375607473
1116 0.422136387841208
1117 0.422590663328558
1118 0.423027485511174
1119 0.423536337848012
1120 0.424044724977004
1121 0.424544929730203
1122 0.425022672281348
1123 0.425551097471936
1124 0.426120927941727
1125 0.426650873610217
1126 0.427183317292338
1127 0.42773174035372
1128 0.428239684834212
1129 0.428736757820516
1130 0.429246144196003
1131 0.429725382473766
1132 0.430184679925979
1133 0.430663702426523
1134 0.431157074851894
1135 0.431699236823082
1136 0.432236433832628
1137 0.43281042203554
1138 0.433320654241996
1139 0.433803481925445
1140 0.434296634114293
1141 0.434750100920476
1142 0.435249097963647
1143 0.435780655774536
1144 0.436321515894767
1145 0.436817473303704
1146 0.4373179913911
1147 0.43785800660337
1148 0.438376868846662
1149 0.438908893021889
1150 0.43942828326054
1151 0.439907770568246
1152 0.440389672675936
1153 0.440868446074604
1154 0.441351086963777
1155 0.441833054615191
1156 0.442316356470261
1157 0.442774917974278
1158 0.443207981481544
1159 0.443666661823196
1160 0.444131311419465
1161 0.444588769700319
1162 0.445003315128365
1163 0.445474177053931
1164 0.445947776692619
1165 0.446361593287073
1166 0.446781987476207
1167 0.447209941195368
1168 0.447606631787527
1169 0.447991203219272
1170 0.448403922896434
1171 0.448878635061454
1172 0.449286555146441
1173 0.449672538604402
1174 0.45004368028695
1175 0.45037089473367
1176 0.450721450073084
1177 0.451066361320707
1178 0.451425809739408
1179 0.451810066734778
1180 0.452168281068473
1181 0.452549798980914
1182 0.452902302650448
1183 0.453190129905912
1184 0.453476835783065
1185 0.453779150543104
1186 0.454058433974712
1187 0.454334295891255
1188 0.454630566805577
1189 0.454914938364942
1190 0.455164582085487
1191 0.455431834883585
1192 0.455709002354418
1193 0.455997196229806
1194 0.45630417214397
1195 0.456583310254519
1196 0.456882522968499
1197 0.457140523488977
1198 0.457343349441943
1199 0.457556825719546
1200 0.457780328528902
1201 0.458021290580271
1202 0.458280737769976
1203 0.458549769840298
1204 0.45880958124506
1205 0.459060640976435
1206 0.45932274336969
1207 0.459574120077398
1208 0.459860948812078
1209 0.460187803290362
1210 0.46048327371049
1211 0.460804914678021
1212 0.461084458717234
1213 0.46131630979728
1214 0.461560871899309
1215 0.461776724995602
1216 0.462028031449309
1217 0.462287429148741
1218 0.46255723191312
1219 0.46287975112726
1220 0.463231371133211
1221 0.463557532889143
1222 0.463921030271384
1223 0.464213821489257
1224 0.464444023847821
1225 0.464725313874344
1226 0.464994258578686
1227 0.465276004725254
1228 0.465585149751463
1229 0.465891841975833
1230 0.466188036275967
1231 0.466499079799733
1232 0.466832032582489
1233 0.467163503602353
1234 0.467489123890522
1235 0.467825881420912
1236 0.468177380196653
1237 0.468547331903774
1238 0.468849731263085
1239 0.469148822538346
1240 0.469436021329671
1241 0.469674357016583
1242 0.469945014111455
1243 0.470222059894145
1244 0.4705163535295
1245 0.47081078373807
1246 0.471124682156479
1247 0.471474929397373
1248 0.47180841980881
1249 0.472133180908355
1250 0.47247432983943
1251 0.472849276074129
1252 0.473179760244606
1253 0.473462045294613
1254 0.47380297518931
1255 0.474107422373719
1256 0.4744821449377
1257 0.474941924975339
1258 0.47541720047469
1259 0.475909619169268
1260 0.476444526119996
1261 0.476966847957967
1262 0.477528823468105
1263 0.478024037913042
1264 0.478522460377199
1265 0.478945694806922
1266 0.479285849325859
1267 0.479654741715594
1268 0.480011684728826
1269 0.48032647936461
1270 0.480615849067104
1271 0.480905581107357
1272 0.481140953089663
1273 0.481397498768539
1274 0.481697649631246
1275 0.481948102236189
1276 0.482179588745735
1277 0.482384952965176
1278 0.48255079141691
1279 0.482704185358098
1280 0.48284933282942
1281 0.482999924162847
1282 0.48306292357914
1283 0.483081658404799
1284 0.483093119755764
1285 0.483034341675868
1286 0.48299469465738
1287 0.482964298133358
1288 0.482918134657273
1289 0.482843447848625
1290 0.482773828843069
1291 0.482719908649481
1292 0.482634163542305
1293 0.482499473552246
1294 0.482406282280818
1295 0.482336022902236
1296 0.482240910601501
1297 0.482178342214528
1298 0.482072499532391
1299 0.481931273631059
1300 0.481758448088333
1301 0.481598704227575
1302 0.481440151593107
1303 0.481235721748895
1304 0.481001672384039
1305 0.480789260869034
1306 0.480521168105415
1307 0.480340486844369
1308 0.480212929167496
1309 0.48008525707884
1310 0.480005197826834
1311 0.479895265171784
1312 0.479774063559278
1313 0.479674123779559
1314 0.479555908236716
1315 0.479482687777088
1316 0.479426514239647
1317 0.479411682023327
1318 0.479449436428108
1319 0.479482010097754
1320 0.479504733126809
1321 0.479594329807654
1322 0.47970917061742
1323 0.479853355104961
1324 0.480053230872429
1325 0.480348271120488
1326 0.480570041286015
1327 0.480774810011601
1328 0.481034036490762
1329 0.481279062720217
1330 0.481589088438686
1331 0.481972721491009
1332 0.482336202989667
1333 0.482726836944713
1334 0.483098878763077
1335 0.483462278915453
1336 0.483848353073821
1337 0.484266030193174
1338 0.484632773479551
1339 0.484994393925224
1340 0.485344940412533
1341 0.485613861063908
1342 0.485956649965805
1343 0.486342193468936
1344 0.486730835169869
1345 0.487156921768742
1346 0.487580158754566
1347 0.487999295029499
1348 0.488442331227934
1349 0.488875562188326
1350 0.489321137225247
1351 0.489751971164352
1352 0.490171835796887
1353 0.490609570098847
1354 0.491064401010807
1355 0.491484968862103
1356 0.491904785622475
1357 0.492309032951328
1358 0.492659773035633
1359 0.49307022842868
1360 0.493509769098538
1361 0.493940988093501
1362 0.494400139991597
1363 0.494839630586403
1364 0.49526400179272
1365 0.495689042899039
1366 0.496129453962317
1367 0.496534146482536
1368 0.49691093434491
1369 0.497290509603149
1370 0.497686645047006
1371 0.498016323368133
1372 0.498322122995327
1373 0.498602139785359
1374 0.498820328004579
1375 0.498990671806945
1376 0.49913936668958
1377 0.499264034420904
1378 0.499360477810978
1379 0.49940107206759
1380 0.499469983134453
1381 0.499535558554353
1382 0.499586048191346
1383 0.499654856514029
1384 0.49966322264941
1385 0.499676486868123
1386 0.49958113693292
1387 0.499416736616948
1388 0.499210724849787
1389 0.498906572407971
1390 0.498611994957453
1391 0.498288351856619
1392 0.497950710748703
1393 0.497604686169119
1394 0.497216171634964
1395 0.496810553530433
1396 0.496361955663524
1397 0.495855427141304
1398 0.495344946965951
1399 0.494800084773274
1400 0.49425289669923
1401 0.49370702117889
1402 0.493146803585511
1403 0.492513812459817
1404 0.491889633938994
1405 0.491264288000025
1406 0.49058961045013
1407 0.489982814142378
1408 0.489398272233595
1409 0.48885700836146
1410 0.488317552040336
1411 0.487876893414675
1412 0.487449431660731
1413 0.487197683954184
1414 0.487015378282459
1415 0.487010959770687
1416 0.487193869512519
1417 0.487419775861536
1418 0.487790578699063
1419 0.48818116513928
1420 0.488666467378948
1421 0.489133397850202
1422 0.489679183930035
1423 0.490163119402922
1424 0.490611884602634
1425 0.491081325891798
1426 0.491551203836436
1427 0.491998420089936
1428 0.492457442309008
1429 0.492887518569313
1430 0.49327369269265
1431 0.493668818681016
1432 0.494042882369491
1433 0.494453880722069
1434 0.494834371127429
1435 0.495183950367255
1436 0.495563078193603
1437 0.49594003411399
1438 0.496315838998762
1439 0.496707168194273
1440 0.497092908905221
1441 0.497484716663493
1442 0.497828982775403
1443 0.498176956830649
1444 0.49847419845321
1445 0.498695419274434
1446 0.498964334227331
1447 0.499217474620903
1448 0.499503627526423
1449 0.499813682548113
1450 0.500129542645869
1451 0.500485959406596
1452 0.500794419165449
1453 0.50110143404005
1454 0.501375957073598
1455 0.501589414725265
1456 0.501846003053795
1457 0.5020958587956
1458 0.50236912130484
1459 0.50267098514736
1460 0.50297161538002
1461 0.503319018779467
1462 0.503603984456989
1463 0.503852000479481
1464 0.504111169546624
1465 0.504308036358802
1466 0.504554825609443
1467 0.504828499605542
1468 0.505125991515214
1469 0.505460311444169
1470 0.505797613786572
1471 0.506145636514555
1472 0.506487642962834
1473 0.506814957871725
1474 0.507153322648609
1475 0.50748397951699
1476 0.507820587214942
1477 0.508145512166253
1478 0.50845671630791
1479 0.508777397237051
1480 0.509096414436453
1481 0.509421927273999
1482 0.509756349838829
1483 0.510081480490221
1484 0.510398919406654
1485 0.510733239823505
1486 0.511083859125818
1487 0.511403195948126
1488 0.51172825509439
1489 0.51203002277933
1490 0.512290618753325
1491 0.512572199840823
1492 0.512863148497664
1493 0.513135231795686
1494 0.513391778520316
1495 0.513661359836028
1496 0.513923356096425
1497 0.51419668220735
1498 0.514485222347674
1499 0.514769321245579
1500 0.51505091838013
1501 0.515336627043455
1502 0.515633655506904
1503 0.515918372178963
1504 0.516223457633958
1505 0.516483576562536
1506 0.516687742311008
1507 0.516930124190895
1508 0.517147797441863
1509 0.517395794623267
1510 0.517712435715636
1511 0.51798419635859
1512 0.518233997244048
1513 0.518491167886359
1514 0.518721746749117
1515 0.518970394072683
1516 0.519249686557152
1517 0.519505797967983
1518 0.519754755077856
1519 0.520021091759121
1520 0.520279990014431
1521 0.520536988054232
1522 0.520777297079927
1523 0.521016308409888
1524 0.521242424946772
1525 0.521448386331785
1526 0.521660901283181
1527 0.521864598171155
1528 0.522087973589895
1529 0.522301851585945
1530 0.522556083023983
1531 0.52285783841984
1532 0.523111180580937
1533 0.52338125765407
1534 0.523601022755967
1535 0.523758209679217
1536 0.523966927271717
1537 0.524174148824682
1538 0.524388625697832
1539 0.524632563385936
1540 0.524854391841297
1541 0.525058613423031
1542 0.525275959084267
1543 0.525493753413935
1544 0.525718869917904
1545 0.525955746065337
1546 0.526182158280401
1547 0.52641459524122
1548 0.526633836846664
1549 0.526845068901322
1550 0.527047170859456
1551 0.527223939517632
1552 0.527429454979077
1553 0.527618569999195
1554 0.527857517443023
1555 0.528164847794143
1556 0.528420292057632
1557 0.528689869765826
1558 0.528930447595656
1559 0.529119890906274
1560 0.529330861221205
1561 0.529561062786312
1562 0.529757182722612
1563 0.529924867232619
1564 0.530110539327681
1565 0.530276427801589
1566 0.53045669490739
1567 0.530653458574106
1568 0.530856087475903
1569 0.531066260301712
1570 0.531274743193285
1571 0.531502475485895
1572 0.531713222419988
1573 0.531909460908248
1574 0.532105525165666
1575 0.532261494696967
1576 0.53247637963889
1577 0.532748006335023
1578 0.532982216296962
1579 0.533269484545852
1580 0.533491088723445
1581 0.533630147189235
1582 0.533790005664325
1583 0.533899338772865
1584 0.534063221349605
1585 0.534269285961443
1586 0.534467908420802
1587 0.534727458009372
1588 0.534931727803947
1589 0.535120496746715
1590 0.535266273946739
1591 0.53529695396965
1592 0.535416828758779
1593 0.535544303361723
1594 0.535703504121141
1595 0.535983918819548
1596 0.536201719789443
1597 0.536377217114997
1598 0.536569765280893
1599 0.536762941340598
1600 0.536922645647136
1601 0.537108231992462
1602 0.537307749155934
1603 0.537473153310044
1604 0.537650825690567
1605 0.537828389124527
1606 0.538010463114004
1607 0.53818407050307
1608 0.538354456568651
1609 0.538533140700537
1610 0.538707651247758
1611 0.538893799175471
1612 0.539086504918394
1613 0.539297503778396
1614 0.539515624484261
1615 0.539748332073116
1616 0.54002169635987
1617 0.540219149517909
1618 0.540388970825256
1619 0.540579186580966
1620 0.540733452602852
1621 0.540916867408485
1622 0.54112341443375
1623 0.541340764440063
1624 0.541571936481518
1625 0.541759294009231
1626 0.541964963567799
1627 0.542117854095642
1628 0.542194280638548
1629 0.54233544709035
1630 0.542480245761916
1631 0.542668608198719
1632 0.542901482599184
1633 0.54308128222454
1634 0.543264357377181
1635 0.543455335215613
1636 0.543627608663458
1637 0.543789397030824
1638 0.54398659739729
1639 0.544104891557065
1640 0.544131564392579
1641 0.544271110436068
1642 0.544413073029204
1643 0.544620605107022
1644 0.544929453245496
1645 0.545141949106988
1646 0.545332817303996
1647 0.545556725829169
1648 0.545758169934201
1649 0.545985716659892
1650 0.546271363373294
1651 0.546484013321211
1652 0.546659864362228
1653 0.546836738566299
1654 0.546987083757502
1655 0.547135008985648
1656 0.547330586184797
1657 0.547582940707632
1658 0.547812903307398
1659 0.548101947053023
1660 0.548347729864108
1661 0.548495607773798
1662 0.548694631265168
1663 0.548880555103982
1664 0.54903067322809
1665 0.54916688748904
1666 0.549266505048763
1667 0.549348943005901
1668 0.549477100096188
1669 0.549739475288636
1670 0.550047606469957
1671 0.550325474023434
1672 0.550604809590105
1673 0.550883770217588
1674 0.551136692828668
1675 0.551377911138183
1676 0.551631485338964
1677 0.551869926381164
1678 0.55210845767622
1679 0.552401359372984
1680 0.552698785362928
1681 0.55294620281078
1682 0.553178115705677
1683 0.553382241545184
1684 0.553565545315958
1685 0.553738092462136
1686 0.553891976484606
1687 0.554071387995181
1688 0.554278638763827
1689 0.554515039817575
1690 0.554777495289493
1691 0.555008088915568
1692 0.555250317279583
1693 0.555490213819579
1694 0.55566917313405
1695 0.555837598976641
1696 0.556032411989528
1697 0.556235405992865
1698 0.5564860695516
1699 0.55684024479529
1700 0.557129353818289
1701 0.557416427862255
1702 0.557689277296765
1703 0.557938771691978
1704 0.558162764299049
1705 0.558377422916245
1706 0.55856862659188
1707 0.558698437440652
1708 0.558852287660759
1709 0.559029166627314
1710 0.559159494377274
1711 0.559252715244063
1712 0.559366392563746
1713 0.559461364063852
1714 0.559577763134683
1715 0.559739150806611
1716 0.559881260621173
1717 0.560006866999461
1718 0.560095017805257
1719 0.560141752787584
1720 0.560217496770158
1721 0.560271693604933
1722 0.56040856319766
1723 0.560611722685387
1724 0.560805337311764
1725 0.56103155044108
1726 0.561239103823547
1727 0.561460791253408
1728 0.561627030347938
1729 0.561773022446202
1730 0.56191484581911
1731 0.562025992666905
1732 0.562121700606822
1733 0.562201530035133
1734 0.562320445702551
1735 0.562389792484248
1736 0.562552555349437
1737 0.562817501719341
1738 0.562994673494623
1739 0.563179581639728
1740 0.563384825723262
1741 0.56353023223817
1742 0.563716479450294
1743 0.563873794076451
1744 0.563971005625995
1745 0.564035627457702
1746 0.564062308172081
1747 0.564092039781635
1748 0.564137268838518
1749 0.56423881288905
1750 0.564386760110012
1751 0.564478191851227
1752 0.564585480886676
1753 0.564742564196964
1754 0.564873214939714
1755 0.565013995258119
1756 0.565174866040028
1757 0.565327164040192
1758 0.56548445375946
1759 0.565692091591456
1760 0.565935207707004
1761 0.566154393457063
1762 0.566310669145034
1763 0.566467185358249
1764 0.566653212208844
1765 0.566733438769568
1766 0.566849615860409
1767 0.567105926811633
1768 0.567263599259468
1769 0.567401857614002
1770 0.567591157792599
1771 0.567694330674934
1772 0.567716985421411
1773 0.567812637982963
1774 0.567897185758344
1775 0.568022397128678
1776 0.568222919693683
1777 0.568388221876596
1778 0.568570776856134
1779 0.568720562151999
1780 0.568810603152721
1781 0.569046704382387
1782 0.569219497101069
1783 0.569305934251597
1784 0.569428619704091
1785 0.56952995236554
1786 0.569595599174156
1787 0.5697629633464
1788 0.569988817611611
1789 0.570171179406559
1790 0.570404173616313
1791 0.570613131451588
1792 0.570811667408603
1793 0.571049122343808
1794 0.571273168081691
1795 0.571506796919871
1796 0.571654885769879
1797 0.571803392049379
1798 0.57207833475681
1799 0.572438671280581
1800 0.572922352720233
1801 0.57908078832827
1802 0.579128939542573
1803 0.579337913064237
1804 0.579488522347803
1805 0.579653938154349
1806 0.57977284269448
1807 0.580013852201382
1808 0.580317286080314
1809 0.58060681383083
1810 0.581010984799435
1811 0.581331289372892
1812 0.58150752606208
1813 0.581616235000191
1814 0.581610573711861
1815 0.581645079410898
1816 0.581684083933758
1817 0.581720090677528
1818 0.581803919848923
1819 0.581931453215656
1820 0.581972473944044
1821 0.582134991748872
1822 0.582310968680134
1823 0.582428806084309
1824 0.582483881977685
1825 0.582666977531634
1826 0.582914382448392
1827 0.583095306866927
1828 0.583498707305619
1829 0.583630296719725
1830 0.583582776373269
1831 0.58343753691623
1832 0.583300300069579
1833 0.58318770623968
1834 0.583293285562247
1835 0.583387361366124
1836 0.583511027805604
1837 0.583754266738468
1838 0.583876296204484
1839 0.583905551254206
1840 0.584091210161718
1841 0.584251681941595
1842 0.584182891050902
1843 0.584202528745266
1844 0.58428314172676
1845 0.584339626822907
1846 0.584413872634261
1847 0.584467730681475
1848 0.584564844254341
1849 0.584570450364788
1850 0.584505230250915
1851 0.584564402850841
1852 0.584595442073794
1853 0.58453615560056
1854 0.584551905801009
1855 0.584493263952735
1856 0.584463352101263
1857 0.584443654434915
1858 0.584351662351322
1859 0.584168515380605
1860 0.584084267776587
1861 0.583985266290006
1862 0.583729577942451
1863 0.583437222131006
1864 0.583022573858866
1865 0.582386715952439
1866 0.581775155141575
1867 0.58124914304929
1868 0.58075226416998
1869 0.580251871937717
1870 0.579861910977147
1871 0.579449296293842
1872 0.578914390593582
1873 0.578325045348301
1874 0.577638456738724
1875 0.576795810233887
1876 0.575872125046392
1877 0.574876565849366
1878 0.573777482758996
1879 0.572548364223556
1880 0.571272348783806
1881 0.569928331593396
1882 0.56838423006851
1883 0.566699591617496
1884 0.564954171431669
1885 0.563076504933978
1886 0.561153709802281
1887 0.559229924339146
1888 0.557090625480676
1889 0.554815402553027
1890 0.552384418785728
1891 0.54986374624041
1892 0.547080672985122
1893 0.544142069657593
1894 0.541141041521467
1895 0.537923080701357
1896 0.534632783405863
1897 0.53141757916602
1898 0.528166819577905
1899 0.524974329264828
1900 0.521687360555703
1901 0.518668711414805
1902 0.515726091655149
1903 0.513003315162238
1904 0.510519646526718
1905 0.508466083500948
1906 0.506437511006438
1907 0.5045665174217
1908 0.503005374059091
1909 0.501525395742023
1910 0.500299947703013
1911 0.499348441931503
1912 0.498579391231107
1913 0.498013225301086
1914 0.497625465275405
1915 0.497336567865413
1916 0.497255663874418
1917 0.497304720163785
1918 0.497404121541349
1919 0.49776335181813
1920 0.498191478675118
1921 0.498596653121954
1922 0.499066077679444
1923 0.499536505919403
1924 0.50000386237827
1925 0.500476389807567
1926 0.501017488166137
1927 0.501602726774169
1928 0.502335739973269
1929 0.503184817176726
1930 0.504013520884941
1931 0.504831332781172
1932 0.505584858484982
1933 0.506201066927644
1934 0.506903176697255
1935 0.507607800647781
1936 0.508361087469584
1937 0.509029627199201
1938 0.50986382849982
1939 0.510743935001937
1940 0.511552292497988
1941 0.512387394716256
1942 0.513112860790731
1943 0.513840244436697
1944 0.514458439314497
1945 0.515137392847791
1946 0.515851189041898
1947 0.516540136243638
1948 0.517215957486864
1949 0.517847518144563
1950 0.518519895907644
1951 0.519220912953518
1952 0.519838431539616
1953 0.52052965060534
1954 0.52117265493676
1955 0.521777796561557
1956 0.522408531943154
1957 0.522961626272814
1958 0.523615083412272
1959 0.524322340490998
1960 0.525060262557382
1961 0.52577805921346
1962 0.526685068757874
1963 0.527416542450516
1964 0.528007903136717
1965 0.528706361153476
1966 0.529378726898539
1967 0.530091438214851
1968 0.530878206034565
1969 0.531652397072818
1970 0.532399447588192
1971 0.533181636285184
1972 0.534014247882012
1973 0.534820546179055
1974 0.535571270150012
1975 0.5364186668233
1976 0.53723189124558
1977 0.5379329571452
1978 0.538628799378544
1979 0.539293837352972
1980 0.539964553639658
1981 0.540547917538139
1982 0.541240247505508
1983 0.541964504536595
1984 0.542719493669889
1985 0.543515686262817
1986 0.544396307528812
1987 0.545159310045722
1988 0.546013793623813
1989 0.546842043896357
1990 0.547478016408544
1991 0.548124739323217
1992 0.548709006874868
1993 0.549328641237193
1994 0.549871754018606
1995 0.550498561753426
1996 0.55118649779783
1997 0.551872969875194
1998 0.552603658467885
1999 0.553308177930605
2000 0.55396472128889
2001 0.554627940301183
2002 0.555295719067209
2003 0.555856493406734
2004 0.556645166781868
2005 0.557634552685808
2006 0.558433087528127
2007 0.559362692111125
2008 0.560048147975935
2009 0.560434930079608
2010 0.560966687207517
2011 0.561438375210269
2012 0.561976897839614
2013 0.562508227911616
2014 0.563111124862343
2015 0.563742592469227
2016 0.564411077761133
2017 0.565006626272393
2018 0.56570069784813
2019 0.566240487567165
2020 0.566618496255349
2021 0.567073184676282
2022 0.567486292475964
2023 0.567897030197256
2024 0.568288185162539
2025 0.568740235617112
2026 0.569124665407731
2027 0.569651699370323
2028 0.57013630436993
2029 0.570646921476364
2030 0.571154541458817
2031 0.571713951066423
2032 0.572124685981069
2033 0.572470880730551
2034 0.572830176618384
2035 0.573000896190253
2036 0.573383298951192
2037 0.573950919841028
2038 0.574411493831386
2039 0.57486943439915
2040 0.575406814477364
2041 0.575851125224859
2042 0.576240646073276
2043 0.576672246671938
2044 0.577158433752565
2045 0.577553969012442
2046 0.577884285507942
2047 0.578261026350156
2048 0.578688025206491
2049 0.578991070129879
2050 0.579185330293464
2051 0.579472893347746
2052 0.579721997865243
2053 0.579970930117407
2054 0.580238736999935
2055 0.580648558864485
2056 0.580931607331968
2057 0.581096849061092
2058 0.581390214902789
2059 0.581713247645004
2060 0.582057086195574
2061 0.582455363459713
2062 0.582849477373591
2063 0.583318316871282
2064 0.58370171726305
2065 0.584059391268597
2066 0.584392337706355
2067 0.584682108900483
2068 0.584896497144951
2069 0.58523697191629
2070 0.585612993788257
2071 0.585854659625893
2072 0.586083884481018
2073 0.586270596410892
2074 0.586255466150235
2075 0.58648527387858
2076 0.586885098816171
2077 0.587139826361238
2078 0.587397047673683
2079 0.587659914719473
2080 0.587861505131428
2081 0.588080990626896
2082 0.588300172161816
2083 0.58861053602403
2084 0.588951249279761
2085 0.589254061775133
2086 0.589666870739268
2087 0.590249130952401
2088 0.590670772445896
2089 0.591100899801596
2090 0.59142077752334
2091 0.591663690506758
2092 0.591871333415382
2093 0.591959239919681
2094 0.592104096796198
2095 0.59216948263454
2096 0.592347044772453
2097 0.592651358947145
2098 0.592874788220308
2099 0.593077299595933
2100 0.59334638011216
2101 0.593627066772058
2102 0.593762699808196
2103 0.593975666628575
2104 0.594227402715778
2105 0.594485360343785
2106 0.594739097305749
2107 0.594993325559777
2108 0.595272490381987
2109 0.595565850504635
2110 0.595763593211384
2111 0.596121839152951
2112 0.596644391203794
2113 0.597087198149843
2114 0.597585025385346
2115 0.5980719137444
2116 0.598580440651075
2117 0.599029672178056
2118 0.599335053220746
2119 0.599518849172495
2120 0.599747375995958
2121 0.59978617897181
2122 0.599995946130173
2123 0.600356417391067
2124 0.600613151845166
2125 0.600845449796787
2126 0.601053662860108
2127 0.601212588389334
2128 0.60141281774682
2129 0.601640251805682
2130 0.60181531721523
2131 0.601953502204004
2132 0.602145292603473
2133 0.602296436938136
2134 0.602542457387846
2135 0.602737185394892
2136 0.602831455410337
2137 0.60281219820107
2138 0.602568590973691
2139 0.602498416601712
2140 0.602432465972868
2141 0.602354546649552
2142 0.602399752379818
2143 0.602246089384836
2144 0.601988164283072
2145 0.601689208139584
2146 0.60125342362359
2147 0.600865731306359
2148 0.600428664608663
2149 0.60000645184016
2150 0.599608833460594
2151 0.599192407380148
2152 0.598661945365444
2153 0.598320720362525
2154 0.598108995700802
2155 0.59760598095752
2156 0.597257492506684
2157 0.597087941750551
2158 0.596548163280901
2159 0.595798889327698
2160 0.595183369246627
2161 0.594293808777574
2162 0.593749164036718
2163 0.593557428224658
2164 0.593089603674411
2165 0.592628619608173
2166 0.592109616114186
2167 0.591342954043306
2168 0.590804127009002
2169 0.590539399942203
2170 0.590008739736948
2171 0.589329729954247
2172 0.588758674090916
2173 0.588104728797293
2174 0.587424354886422
2175 0.58680712322204
2176 0.586355389705616
2177 0.585812735833052
2178 0.585213150485386
2179 0.584578600249898
2180 0.583955658812357
2181 0.583358694236531
2182 0.582706338441391
2183 0.582041634154256
2184 0.581438286597331
2185 0.580783385507634
2186 0.580011919801565
2187 0.579319487032204
2188 0.578696801398301
2189 0.578029408855443
2190 0.577492047426086
2191 0.576695017576203
2192 0.575652061545407
2193 0.57473926883037
2194 0.57372533007843
2195 0.5726719863037
2196 0.571741638861725
2197 0.571037911195923
2198 0.570337082904307
2199 0.569654742576113
2200 0.569116914855351
2201 0.568831759755883
2202 0.568271646585968
2203 0.567651989936233
2204 0.56705729977202
2205 0.566264806458191
2206 0.565724699632358
2207 0.565156849187486
2208 0.564984338877577
2209 0.565022098205649
2210 0.565276161952029
2211 0.566027199737982
2212 0.566648707504956
2213 0.567264075554422
2214 0.568077636620355
2215 0.569151313023006
2216 0.570070749984776
2217 0.571157123268065
2218 0.572121606933127
2219 0.572690125629893
2220 0.57321111654392
2221 0.573799835755261
2222 0.574359072964086
2223 0.574768125410885
2224 0.57519157220405
2225 0.575479604968587
2226 0.575444176487113
2227 0.575694139413088
2228 0.576080628370578
2229 0.576330710297941
2230 0.576732470106483
2231 0.576844481523664
2232 0.576587166676024
2233 0.576664396844922
2234 0.576746731997203
2235 0.576857133390628
2236 0.577247365466915
2237 0.57745451308122
2238 0.577506893087652
2239 0.577587916927369
2240 0.577686388232757
2241 0.577720570654139
2242 0.577738292265714
2243 0.577698522443866
2244 0.577586442298669
2245 0.577379828262848
2246 0.577485231934573
2247 0.577360370612267
2248 0.577298435823459
2249 0.57752907389609
2250 0.577609273173563
2251 0.577571923985521
2252 0.577727342974247
2253 0.577978519263689
2254 0.578243112589829
2255 0.578637040946339
2256 0.578951500825762
2257 0.579369084878409
2258 0.579535638099811
2259 0.579507708755017
2260 0.57958321302838
2261 0.579597273907821
2262 0.579525207289432
2263 0.579383460264501
2264 0.579400772020559
2265 0.579298786423421
2266 0.579356033951118
2267 0.579718810924531
2268 0.579961119462885
2269 0.580127162282834
2270 0.580405594107007
2271 0.580807933416334
2272 0.581100268784755
2273 0.581529770476313
2274 0.581703830789357
2275 0.581782578103917
2276 0.581660645109201
2277 0.581191337563593
2278 0.580609134454934
2279 0.580827384653158
2280 0.580681240340886
2281 0.580390394030307
2282 0.580527801351329
2283 0.579839576044655
2284 0.579331116621105
2285 0.579304241114599
2286 0.579851930503419
2287 0.579919392284299
2288 0.580077596094235
2289 0.580139505673232
2290 0.579984371380772
2291 0.579828560073392
2292 0.579864770606303
2293 0.579544989560374
2294 0.578809712237898
2295 0.578355899552666
2296 0.577698879575492
2297 0.577512006374422
2298 0.577651663616796
2299 0.577750101989896
2300 0.578311765901243
2301 0.578386516659418
2302 0.578215144417546
2303 0.578113072061389
2304 0.577852744663511
2305 0.577599812111441
2306 0.577311483900505
2307 0.577042614465429
2308 0.576555966148704
2309 0.57635869396065
2310 0.576432239554555
2311 0.576444924658696
2312 0.576819746772048
2313 0.576782033046247
2314 0.576395353253419
2315 0.576132493429026
2316 0.575418213871113
2317 0.575167697149845
2318 0.5754047439375
2319 0.575497014692317
2320 0.575838651236681
2321 0.576104838303768
2322 0.575919302943524
2323 0.575420272417118
2324 0.574988056654805
2325 0.574732460806571
2326 0.57467972863751
2327 0.574693165097198
2328 0.574634981894458
2329 0.573956388640515
2330 0.573075151321777
2331 0.57259117097875
2332 0.572339688194451
2333 0.572454384096664
2334 0.572455880222563
2335 0.572413605235066
2336 0.571987729320358
2337 0.570995356540707
2338 0.570258137660536
2339 0.569375243481165
2340 0.568856196808207
2341 0.568248651099904
2342 0.568376536262711
2343 0.569496234696569
2344 0.569355635713816
2345 0.569005174444648
2346 0.568746711127756
2347 0.56750666413303
2348 0.567222406164224
2349 0.567950120520843
2350 0.567975969503237
2351 0.567835856324096
2352 0.567878882285742
2353 0.56778115965314
2354 0.567607496522106
2355 0.567580154242856
2356 0.567279581700607
2357 0.566693360455877
2358 0.566289598515022
2359 0.565925414678447
2360 0.565497575307392
2361 0.565111402645866
2362 0.564517522254125
2363 0.563580026734611
2364 0.563130624771262
2365 0.562594321753348
2366 0.56264836005301
2367 0.56338342405501
2368 0.563907452671963
2369 0.565051686126801
2370 0.565193271108366
2371 0.564581790189338
2372 0.564553948208578
2373 0.564541417635076
2374 0.564100613094464
2375 0.563851910811201
2376 0.56322661256743
2377 0.561556534491795
2378 0.560499322787835
2379 0.559778687141817
2380 0.559348021776098
2381 0.558897789927007
2382 0.558900743451529
2383 0.559906049021035
2384 0.5598370353827
2385 0.559278886427557
2386 0.559188563929557
2387 0.55895090791315
2388 0.558395190548742
2389 0.557933502195898
2390 0.557718921763765
2391 0.557299614413094
2392 0.556564134575307
2393 0.556090907143996
2394 0.555444249571284
2395 0.553713076271486
2396 0.553179938838006
2397 0.553813965852893
2398 0.553810019130371
2399 0.553713201585094
2400 0.553769566996316
2401 0.553810698291068
2402 0.554012201659388
2403 0.555074566277608
2404 0.55490767538426
2405 0.553483327776949
2406 0.552966070808739
2407 0.552521557311714
2408 0.551477773047887
2409 0.550673820618333
2410 0.549884305173535
2411 0.547875684247915
2412 0.547507469429559
2413 0.548942301933408
2414 0.548802386353673
2415 0.548435627389423
2416 0.547614847039497
2417 0.545668315654936
2418 0.544746002599859
2419 0.544467136846565
2420 0.543556863863364
2421 0.542804538358106
2422 0.541542010094823
2423 0.539128209716329
2424 0.538316214722577
2425 0.537987557078826
2426 0.537554741359221
2427 0.538334543387636
2428 0.537789466320925
2429 0.53628654417259
2430 0.535760052139885
2431 0.535083484553082
2432 0.535147201416454
2433 0.536404071601465
2434 0.536317118507098
2435 0.536188970639721
2436 0.53515529885641
2437 0.532755298798157
2438 0.53099984615888
2439 0.528739770219947
2440 0.527688717630565
2441 0.527621601694999
2442 0.527384411238567
2443 0.52691422343753
2444 0.526998864260414
2445 0.525460768572521
2446 0.522984008338196
2447 0.52209380278574
2448 0.522207836964809
2449 0.521976098532674
2450 0.522240690829496
2451 0.523071086654245
2452 0.522819084546527
2453 0.521847918109459
2454 0.520949726743831
2455 0.519636880073433
2456 0.520182938752134
2457 0.519760473845291
2458 0.516955917313617
2459 0.517298626650011
2460 0.516493647914546
2461 0.513711682924644
2462 0.514687510031691
2463 0.51453698514385
2464 0.509341992318072
2465 0.507035778613937
2466 0.504182153586563
2467 0.503756794353953
2468 0.507557493859043
2469 0.509160720202906
2470 0.5125502090693
2471 0.512715896819105
2472 0.50914789095639
2473 0.507485545861857
2474 0.504556563463781
2475 0.502935866244977
2476 0.502961806672424
2477 0.502254841238282
2478 0.501439197522151
2479 0.500277338250201
2480 0.499551130375212
2481 0.497717985474653
2482 0.493890663524543
2483 0.493267363736377
2484 0.493818789059834
2485 0.492722605444021
2486 0.493261676654177
2487 0.49341104396826
2488 0.491446574438641
2489 0.491745819755828
2490 0.494346078265997
2491 0.493432730882705
2492 0.493508286376653
2493 0.490836949217556
2494 0.489491250351593
2495 0.490291670790238
2496 0.487797840747981
2497 0.488251905122995
2498 0.49269073240678
2499 0.49155371852626
2500 0.489916166485445
