"Wavelength" "M027a_m5-w1"
350 0.0984103427712336
351 0.0997562190713006
352 0.0986696895244126
353 0.0958522339536373
354 0.0951315268292248
355 0.0943178920653777
356 0.096011465891244
357 0.0977790697930357
358 0.0939166692235701
359 0.0942744042155776
360 0.0951297858047963
361 0.0950430426135833
362 0.100473863353751
363 0.100258387594301
364 0.0975203773928734
365 0.0970729756215071
366 0.093601616829953
367 0.0928414517660792
368 0.0951843894354574
369 0.097357577748212
370 0.096995595355537
371 0.0930788251146455
372 0.0888177171501198
373 0.0915863237924922
374 0.0961573899990553
375 0.0982815180989334
376 0.0967904280971293
377 0.0973846997195986
378 0.0980314040102057
379 0.0971153571426962
380 0.0940216068661663
381 0.0923930343336126
382 0.0927605228253224
383 0.0938916718456586
384 0.0933024565259846
385 0.0900928338513278
386 0.0907940223298747
387 0.0966474172474653
388 0.0956076753375481
389 0.0938133662659131
390 0.0928420714532638
391 0.0928723230683559
392 0.0948569230583825
393 0.0943120677999323
394 0.0921262893178879
395 0.09312779604371
396 0.0940931803588978
397 0.0937089879665195
398 0.0924500385424219
399 0.0934962310902944
400 0.0945387424342556
401 0.0951173370453581
402 0.0951812941574879
403 0.0937419585577618
404 0.0932519394235485
405 0.093755552728846
406 0.093592451705404
407 0.0951286721207596
408 0.0958912600079476
409 0.0950305288957079
410 0.0959148169699964
411 0.0961319901369662
412 0.0962325931584439
413 0.0971734381534646
414 0.0976454857889272
415 0.0973104290510825
416 0.0969024508188421
417 0.097793783510902
418 0.097915836557295
419 0.0978223183175317
420 0.0980897011740093
421 0.0983902169104543
422 0.0994668740768336
423 0.100344126739357
424 0.09999358180293
425 0.100584934407353
426 0.101027780606382
427 0.10100996649545
428 0.10115466716491
429 0.101563975231322
430 0.102236203282931
431 0.102987808582319
432 0.103309018852184
433 0.103385089039857
434 0.103462987520212
435 0.103748089028848
436 0.103857357752324
437 0.104115562079476
438 0.104688543293016
439 0.105481112499464
440 0.105974974118866
441 0.106189078307885
442 0.106292261799752
443 0.106353722388954
444 0.106793089888884
445 0.107481268418243
446 0.107959623896564
447 0.108140645570778
448 0.108624559155178
449 0.109377285722698
450 0.109142851816649
451 0.109485755701816
452 0.109847594362611
453 0.109497118501325
454 0.109998112389014
455 0.110631734788642
456 0.111080359426109
457 0.111438928461869
458 0.111516499843863
459 0.111598248572197
460 0.111890357463055
461 0.112236964853604
462 0.112638835442054
463 0.112910220985505
464 0.112899636977187
465 0.113171271693419
466 0.113552253037525
467 0.113830794714409
468 0.113830515445476
469 0.113972899948248
470 0.114320296363464
471 0.114786129199822
472 0.115177448352268
473 0.11527573637586
474 0.11537097957746
475 0.115980912798463
476 0.116148886305523
477 0.11622211641212
478 0.116465374525994
479 0.116635083229041
480 0.116731622673857
481 0.117148672927416
482 0.118118247997476
483 0.118180383926396
484 0.118406475453052
485 0.11901071701273
486 0.119138816703684
487 0.119335088343117
488 0.119565819170516
489 0.119753570468307
490 0.120065302339106
491 0.120470583167893
492 0.120854731988593
493 0.121084453963499
494 0.121372000901783
495 0.121791987191584
496 0.122326293607777
497 0.122841979666649
498 0.123268770575967
499 0.123684495920553
500 0.124178139113094
501 0.124568831089125
502 0.124878492635972
503 0.125222379062298
504 0.125792081080254
505 0.126205152183648
506 0.126505484485194
507 0.126828240298194
508 0.127266500970031
509 0.127671858221607
510 0.128059784242025
511 0.128534017003728
512 0.128906428975678
513 0.129261962917028
514 0.129670617778544
515 0.130102148718058
516 0.130558163667408
517 0.130975988490405
518 0.131319777217364
519 0.131857190134684
520 0.132402260647874
521 0.132819272389196
522 0.133071451837064
523 0.13348470542201
524 0.133993327835996
525 0.134469623100238
526 0.134981141691259
527 0.135446011522834
528 0.135872502060914
529 0.136336095091002
530 0.136803412627536
531 0.137318158042318
532 0.137860412655837
533 0.138218722887042
534 0.138640622065883
535 0.139149239491898
536 0.139658221182632
537 0.140110930005697
538 0.140582135297196
539 0.141109352678982
540 0.141656838767177
541 0.142176038175035
542 0.142674667566375
543 0.143174940301613
544 0.143661995336843
545 0.144144846931427
546 0.144637889102693
547 0.145159270469323
548 0.145689194146863
549 0.146280021006674
550 0.14695340621183
551 0.147600086556117
552 0.148228687014265
553 0.148859991889741
554 0.149514933543723
555 0.15010107175629
556 0.15062812841825
557 0.151133173798058
558 0.151675602495774
559 0.152219661565317
560 0.152761997239379
561 0.153305683255955
562 0.153815747605726
563 0.154303160942976
564 0.154775905348461
565 0.155234765100266
566 0.155570192901341
567 0.155817773700045
568 0.156069553647344
569 0.156410779481118
570 0.156985592993789
571 0.157735063025799
572 0.15841776357479
573 0.159100331044385
574 0.159822282093331
575 0.160577789177436
576 0.161242516657086
577 0.161777651829965
578 0.162199552116385
579 0.162568437972235
580 0.162950697349025
581 0.163320932912917
582 0.163624510358225
583 0.163758071227312
584 0.164016560263446
585 0.164346413623575
586 0.164611036777517
587 0.165026250735804
588 0.165446654307144
589 0.165886742096514
590 0.166582776336716
591 0.167169251870356
592 0.167714032038852
593 0.168330563274666
594 0.168835659514794
595 0.169281246466851
596 0.169715958844326
597 0.17017999324696
598 0.170673214682755
599 0.171104395288047
600 0.171440983648601
601 0.171851887993146
602 0.172082889510747
603 0.172239010560798
604 0.172579778789808
605 0.172974116927142
606 0.173296496049835
607 0.173540408544711
608 0.173895573158422
609 0.174302529478661
610 0.174691622373404
611 0.175026396053833
612 0.175491110499711
613 0.175933744513181
614 0.176320039380079
615 0.17676878886078
616 0.177170577115818
617 0.177542600416791
618 0.177927635269261
619 0.178352836056364
620 0.178750579343012
621 0.17911990909347
622 0.179506927823168
623 0.179840454030873
624 0.180260420067798
625 0.180797744091478
626 0.181141394716838
627 0.181544212602593
628 0.182008885296757
629 0.182433976470798
630 0.182862246389081
631 0.183305645127737
632 0.183752221327968
633 0.184157853041473
634 0.184527999634254
635 0.184891672234435
636 0.185291954390289
637 0.185798245263363
638 0.186251804261856
639 0.186638633877801
640 0.187094442264806
641 0.187568949388949
642 0.188004149989767
643 0.188382968366431
644 0.188815269791187
645 0.189286537554858
646 0.189757260773037
647 0.19018452597561
648 0.190706405164194
649 0.191212627868806
650 0.191644701632896
651 0.192110300233727
652 0.192556839646294
653 0.192994961333763
654 0.193449211255425
655 0.193887673906017
656 0.194331870046649
657 0.194819318457713
658 0.195402271145728
659 0.195828785276848
660 0.19620362747076
661 0.196673777989311
662 0.197176894675389
663 0.197679960398984
664 0.198181078453989
665 0.198699938863846
666 0.199206248960643
667 0.199718872644369
668 0.200228097894562
669 0.200620769890818
670 0.201136500801734
671 0.201729117847956
672 0.202242687326467
673 0.202740967556302
674 0.203268036454273
675 0.203806560663868
676 0.204253167415416
677 0.204750958520131
678 0.205300486829271
679 0.205854487719694
680 0.20635139235102
681 0.206864971228659
682 0.207420928130714
683 0.207999052808318
684 0.208556966605299
685 0.209066676270693
686 0.20954254851014
687 0.210087101112008
688 0.210660659611436
689 0.211272016505052
690 0.211925188067781
691 0.212446936496685
692 0.212953366439372
693 0.213504655321001
694 0.214041210058641
695 0.214629171330097
696 0.215209121661409
697 0.215730446257915
698 0.21632971048725
699 0.216920200198465
700 0.217486860415303
701 0.218075763071819
702 0.218657066867942
703 0.219259595014605
704 0.219874853002812
705 0.220371415157903
706 0.220944294444909
707 0.221583407018073
708 0.222190052873929
709 0.222747796538273
710 0.223355327264372
711 0.224008931436602
712 0.224559444849922
713 0.225196291546068
714 0.225872421152998
715 0.226495835179884
716 0.227043553834774
717 0.227592601554345
718 0.228209206970343
719 0.228929728350199
720 0.229594585167091
721 0.230161547996479
722 0.23067325476735
723 0.231296767938325
724 0.231958610816631
725 0.232625456309058
726 0.233272341540243
727 0.233871806612315
728 0.234456793766416
729 0.235092078265469
730 0.2358577638011
731 0.236488949665705
732 0.237031783081429
733 0.237599172670037
734 0.23830286064212
735 0.23893048568561
736 0.239510140168568
737 0.240170813361346
738 0.24076294975132
739 0.241408261595456
740 0.242127150176154
741 0.242765962458066
742 0.243386904167683
743 0.244055761870965
744 0.244788375540614
745 0.245417830502015
746 0.246034514545114
747 0.246667051345426
748 0.247302879030522
749 0.247975879170394
750 0.248662182956001
751 0.249332578005904
752 0.249964232979178
753 0.250602909406861
754 0.251239147493167
755 0.251855347407561
756 0.252477252144739
757 0.253151537716785
758 0.253873427944747
759 0.254590296422551
760 0.255223255817615
761 0.255829839666728
762 0.256478376140068
763 0.257222326876151
764 0.257903599003735
765 0.258526603071835
766 0.259147725786559
767 0.259737027725098
768 0.260343653166122
769 0.261006023691504
770 0.261738053873803
771 0.262372685454092
772 0.263077272315675
773 0.263904977766369
774 0.264516576766894
775 0.265128623235384
776 0.265776969024
777 0.266426170385306
778 0.267001830126217
779 0.26762214277269
780 0.268322640102447
781 0.269045867511208
782 0.269676256438704
783 0.27030740645893
784 0.271006474267259
785 0.271697139583511
786 0.272351817530524
787 0.273007702242253
788 0.273708437292245
789 0.274387241938436
790 0.2750528483339
791 0.2756840899677
792 0.276246253310317
793 0.276925412030091
794 0.277617297459153
795 0.278263893526257
796 0.279000470036664
797 0.279745510909258
798 0.280470486902016
799 0.281158338677728
800 0.281763581248001
801 0.282378454562447
802 0.28303482728358
803 0.283707881563364
804 0.284342364766402
805 0.284969506138632
806 0.285634301574449
807 0.286385312868889
808 0.287004690439737
809 0.287615780131632
810 0.288356565131138
811 0.289077737777689
812 0.289671087632662
813 0.290221036303941
814 0.290894137192312
815 0.291525893152325
816 0.292215268566685
817 0.292991196930207
818 0.29376526304176
819 0.294459485554727
820 0.295046316769294
821 0.295566005215824
822 0.296171653811662
823 0.296820737638553
824 0.297503812593372
825 0.298224025866106
826 0.299025857266967
827 0.299714281889603
828 0.30027930047778
829 0.300869086783588
830 0.301472590293977
831 0.302151038039
832 0.302884834077612
833 0.303521845758914
834 0.304118617441534
835 0.304734575051021
836 0.305386902122796
837 0.305948620133875
838 0.306556973371042
839 0.307229884224696
840 0.307924745142152
841 0.308639410402107
842 0.309284663219819
843 0.309907085748447
844 0.31065407030527
845 0.311230199870857
846 0.311767709526443
847 0.312388499018378
848 0.313077771429381
849 0.313841306906648
850 0.31456203247407
851 0.315161656348676
852 0.315772810225415
853 0.316370375761756
854 0.3170180536112
855 0.317775072078074
856 0.318483475139722
857 0.319097654463156
858 0.319645661022454
859 0.320215145925553
860 0.320889750860887
861 0.321591100669148
862 0.322269966943447
863 0.322954836203934
864 0.323533442150169
865 0.324072628949636
866 0.324668729774059
867 0.325390635668608
868 0.326056248524554
869 0.326698025938544
870 0.32738458608043
871 0.327987873709565
872 0.328612297679962
873 0.32928046661671
874 0.329956512494857
875 0.330600092814457
876 0.331230030376149
877 0.331868851258002
878 0.3325247423342
879 0.333067935040479
880 0.333598120443162
881 0.334189687982861
882 0.334822036971648
883 0.335541898219323
884 0.336247856198883
885 0.336870813154736
886 0.337489319299904
887 0.338221419677584
888 0.338953090787405
889 0.339562312144534
890 0.340211758734443
891 0.34084532545637
892 0.3414409278893
893 0.342017549815222
894 0.342718243758827
895 0.343391484006634
896 0.343959091844253
897 0.344453183178887
898 0.345166298235528
899 0.345876781244946
900 0.346518430273406
901 0.347239577251541
902 0.347879368379647
903 0.348557556405087
904 0.349296239542659
905 0.34991236770422
906 0.350507582868175
907 0.351118256072681
908 0.351781341824985
909 0.352568492172389
910 0.353200374312198
911 0.353718646204709
912 0.354269549324909
913 0.354991888318715
914 0.355658635481377
915 0.356305305720802
916 0.357008168791266
917 0.357571764177382
918 0.358215150576008
919 0.358955684579132
920 0.359681149087451
921 0.360229247014881
922 0.360847022110372
923 0.361525467673969
924 0.36211462423189
925 0.362806695254756
926 0.36347242583036
927 0.364085032932635
928 0.364724676011353
929 0.365444336227466
930 0.366096895836079
931 0.366655104003618
932 0.367239126871406
933 0.367934454960283
934 0.368715832215601
935 0.369520073696498
936 0.370264587361006
937 0.370808509856585
938 0.37135792755113
939 0.372040354573819
940 0.372772894580563
941 0.373399076715383
942 0.373995160567917
943 0.374626239220704
944 0.375256657290862
945 0.376007344771476
946 0.376657437007112
947 0.377145450418254
948 0.377819459545026
949 0.378517014871922
950 0.379198016872149
951 0.379850744217242
952 0.380471040041147
953 0.381059866159141
954 0.381637022326693
955 0.382228537723592
956 0.382860534032688
957 0.383378302896271
958 0.38395885986267
959 0.384736880538849
960 0.3855472587299
961 0.386217859188063
962 0.386861570560616
963 0.387542322727282
964 0.387988916634178
965 0.388624845530825
966 0.38936172657306
967 0.390028954707471
968 0.390655196087386
969 0.391142068905296
970 0.3917249339735
971 0.392507038804669
972 0.393075653888911
973 0.39373671972697
974 0.394398055030792
975 0.394954569081727
976 0.395516101649228
977 0.39606023254661
978 0.39677965410554
979 0.397620134923357
980 0.397958071965926
981 0.398485257099722
982 0.399179497429908
983 0.399923807589384
984 0.400777113522607
985 0.401492158148851
986 0.40199313383832
987 0.40238566124059
988 0.4029583296418
989 0.403619352007624
990 0.404333187489482
991 0.405047140896063
992 0.405687971580884
993 0.406260732903992
994 0.406797288135669
995 0.407356689785885
996 0.408001597713694
997 0.408586646376523
998 0.409318454340067
999 0.410146266640573
1000 0.410750448439931
1001 0.400862322740042
1002 0.401468139188234
1003 0.402082650892285
1004 0.402670526305647
1005 0.403246450966723
1006 0.403824056053527
1007 0.404434632060938
1008 0.40494234619836
1009 0.405343968764967
1010 0.405880612844739
1011 0.406413291349535
1012 0.406962537812464
1013 0.407586427428867
1014 0.408206850232209
1015 0.408779318188948
1016 0.409274939089675
1017 0.409794298646736
1018 0.410285619831171
1019 0.410812587884469
1020 0.411328873122422
1021 0.411951311179237
1022 0.412469682468028
1023 0.413014249053816
1024 0.413623580080411
1025 0.414067194414449
1026 0.414593655692533
1027 0.41520942420835
1028 0.415719022661798
1029 0.416239212587611
1030 0.416782803672884
1031 0.417388270675
1032 0.417980636899055
1033 0.418565203868777
1034 0.419210228668525
1035 0.41992815501735
1036 0.420553389168317
1037 0.421126463553103
1038 0.421759589437964
1039 0.422300318002698
1040 0.42277699397417
1041 0.423354495217837
1042 0.423954794084031
1043 0.424493792912414
1044 0.425118721751926
1045 0.425814544178892
1046 0.426512088479338
1047 0.427161941919904
1048 0.427836034211798
1049 0.42842937859513
1050 0.428963964074016
1051 0.429466677663136
1052 0.429967488046451
1053 0.430540554360748
1054 0.431107973956416
1055 0.431649878811884
1056 0.432208713864147
1057 0.432679018116746
1058 0.433160125671092
1059 0.433676819292806
1060 0.434088309489222
1061 0.434499766103108
1062 0.434968220811554
1063 0.435449007961342
1064 0.43590920868652
1065 0.436402593202295
1066 0.436819243534553
1067 0.437127682419303
1068 0.437468656778619
1069 0.437791592071149
1070 0.438091020513269
1071 0.438442142607439
1072 0.438769245703539
1073 0.439061335136563
1074 0.439430087789975
1075 0.439816203190446
1076 0.440146176989677
1077 0.440414164496516
1078 0.440699673412947
1079 0.441021674357259
1080 0.441303169035408
1081 0.441560867059563
1082 0.441828091087648
1083 0.442096013871017
1084 0.44230640803174
1085 0.442532050495318
1086 0.442806725206789
1087 0.443034375926904
1088 0.44331291397322
1089 0.443639499307709
1090 0.443914273594717
1091 0.444160881603828
1092 0.44436642637203
1093 0.444596328825497
1094 0.444803013721414
1095 0.445016416200097
1096 0.445288685620738
1097 0.445561555402459
1098 0.445901527507545
1099 0.446282317667861
1100 0.446626647483886
1101 0.446987756092603
1102 0.447356320607775
1103 0.447703651609059
1104 0.448021071511376
1105 0.448384773411919
1106 0.448727689048849
1107 0.449003650197431
1108 0.44933862472037
1109 0.449707327600059
1110 0.450085214999686
1111 0.450472445648095
1112 0.450903511782156
1113 0.451382204841874
1114 0.451846097259731
1115 0.452286905611461
1116 0.452748732911497
1117 0.453199866804914
1118 0.453662340278665
1119 0.454154012878686
1120 0.454662294461924
1121 0.455162491292369
1122 0.455659831663386
1123 0.456156438640083
1124 0.456643313262718
1125 0.457162179431234
1126 0.457696986263574
1127 0.458232122001513
1128 0.458790263071369
1129 0.459315903714127
1130 0.459808781793773
1131 0.460322938847814
1132 0.460830279446424
1133 0.461326345778133
1134 0.461835135639015
1135 0.462361826709783
1136 0.462883225172128
1137 0.463417195594241
1138 0.46394097298316
1139 0.46444337151721
1140 0.464965831304196
1141 0.465506177653624
1142 0.466025268146369
1143 0.466546555242911
1144 0.467083556775371
1145 0.46755382217734
1146 0.468054779437793
1147 0.468571543899632
1148 0.469079699258718
1149 0.469621436196391
1150 0.470104199877033
1151 0.470577776481291
1152 0.471062342611474
1153 0.471525047220913
1154 0.471967631146396
1155 0.472444257904489
1156 0.472918281485913
1157 0.473389982007106
1158 0.473882918899806
1159 0.474364404344477
1160 0.474838529221607
1161 0.475314040220799
1162 0.475765714323796
1163 0.476210788830753
1164 0.476655163938602
1165 0.477113110837073
1166 0.477592536356363
1167 0.478095576633409
1168 0.478577874755382
1169 0.47900462735704
1170 0.479421890989728
1171 0.479809981610248
1172 0.480203681181327
1173 0.48058757366601
1174 0.480956318789008
1175 0.481303172653526
1176 0.481663750443341
1177 0.482010733176152
1178 0.482363208969261
1179 0.48271491405164
1180 0.483107688756416
1181 0.483480264808097
1182 0.483838524897265
1183 0.484189273863795
1184 0.484497667411346
1185 0.484804214435422
1186 0.485101454332523
1187 0.485399772447051
1188 0.485709855039641
1189 0.486002968836793
1190 0.486284792178845
1191 0.486561744774205
1192 0.486807702041344
1193 0.487095008627929
1194 0.487415642404425
1195 0.487703024993992
1196 0.488020926816975
1197 0.488292573595758
1198 0.488512891061306
1199 0.488714384089097
1200 0.488960129682795
1201 0.489248386011648
1202 0.489545130818412
1203 0.489836217110116
1204 0.490102314486688
1205 0.490321595760585
1206 0.490584421335806
1207 0.490849423806548
1208 0.49114137626393
1209 0.491473159994258
1210 0.491775503429239
1211 0.492089293885539
1212 0.492381449393669
1213 0.492654299676819
1214 0.492928524627633
1215 0.493195848039755
1216 0.493453760041415
1217 0.493691493496704
1218 0.493930211839033
1219 0.494199798729145
1220 0.494527919812814
1221 0.494856354478797
1222 0.4952600975418
1223 0.495571075127777
1224 0.495841001620723
1225 0.496126534830383
1226 0.49637242752081
1227 0.496652216528189
1228 0.496957210335678
1229 0.497257712824137
1230 0.497555873799574
1231 0.497864310488945
1232 0.498187932219837
1233 0.498503630725877
1234 0.498837239382468
1235 0.499143198948718
1236 0.499423738731377
1237 0.499720231513074
1238 0.499968953576588
1239 0.500238568212327
1240 0.500523238143631
1241 0.500807358269744
1242 0.501106668192896
1243 0.501428950695355
1244 0.501750384107858
1245 0.502080362848846
1246 0.502410278640852
1247 0.502763526395932
1248 0.503087985252794
1249 0.503384763008123
1250 0.503704332388243
1251 0.504050578034456
1252 0.504347209455332
1253 0.50460481423811
1254 0.504905001220979
1255 0.505141931542065
1256 0.505461740171836
1257 0.505860852036965
1258 0.50627455059302
1259 0.506730471398598
1260 0.507251624968924
1261 0.507738259605289
1262 0.508264641867286
1263 0.508736686557196
1264 0.509212336924555
1265 0.509611518337406
1266 0.50995465296077
1267 0.510290063182563
1268 0.510553625125802
1269 0.510844669359541
1270 0.511127826715765
1271 0.51142548207233
1272 0.51172465325391
1273 0.512023650900893
1274 0.512372003882226
1275 0.512652184755708
1276 0.512885707289286
1277 0.513120998343011
1278 0.513310757015856
1279 0.513506711881433
1280 0.513696706757305
1281 0.513902742074664
1282 0.514063800214218
1283 0.514214057141692
1284 0.514312500513395
1285 0.514355761771472
1286 0.514426480109995
1287 0.514470215543325
1288 0.514520093484054
1289 0.514603545003148
1290 0.514635209549582
1291 0.514629208274137
1292 0.51462156789681
1293 0.514593236558023
1294 0.514558696571753
1295 0.514506759232587
1296 0.514460254076333
1297 0.514435978530511
1298 0.51436372298587
1299 0.514253951265011
1300 0.514152033000727
1301 0.514057718674107
1302 0.513956237474832
1303 0.513802228585573
1304 0.513641131893195
1305 0.513483202651765
1306 0.513240444416872
1307 0.513098118314736
1308 0.513017755524455
1309 0.512940056876839
1310 0.512891878841369
1311 0.512841513442337
1312 0.512827143763763
1313 0.512784747162314
1314 0.512710814282489
1315 0.512676753737654
1316 0.512637053074665
1317 0.512633128023224
1318 0.51267650701237
1319 0.512714530429106
1320 0.512745841915863
1321 0.512816671908771
1322 0.512901345548404
1323 0.513010393526511
1324 0.513158741270395
1325 0.513352312883796
1326 0.513546602475419
1327 0.513763062817549
1328 0.513992028165298
1329 0.514223777222107
1330 0.51450152803932
1331 0.514814327628282
1332 0.515129620407757
1333 0.515491631728297
1334 0.515820599657314
1335 0.516129509060714
1336 0.516463972212655
1337 0.516802022776115
1338 0.517145290184599
1339 0.517516333936479
1340 0.517867138923696
1341 0.518194820990932
1342 0.518546568162014
1343 0.518892149649888
1344 0.519262814321744
1345 0.519678181979107
1346 0.520070479679052
1347 0.520459181075277
1348 0.520865302947412
1349 0.521240732891994
1350 0.521594381309429
1351 0.521961479830605
1352 0.522314860334541
1353 0.522696042553191
1354 0.523113972924119
1355 0.523472728876553
1356 0.523820273226315
1357 0.524161825121993
1358 0.524442002237548
1359 0.524786016367086
1360 0.525156001361189
1361 0.525539422252575
1362 0.525957719884203
1363 0.526359604120511
1364 0.526751639893283
1365 0.527174100921158
1366 0.527619405396926
1367 0.528044679805132
1368 0.528512275161872
1369 0.528925895122893
1370 0.529325392093502
1371 0.529665407758473
1372 0.529968211816761
1373 0.530218802815251
1374 0.53045167612014
1375 0.530624787902384
1376 0.530759239668918
1377 0.530867076164009
1378 0.530920984991486
1379 0.530892023538061
1380 0.530902120759382
1381 0.530890460933512
1382 0.530883749394842
1383 0.530896941129587
1384 0.530864402320616
1385 0.530828014818922
1386 0.530734532098122
1387 0.530644292083888
1388 0.530435575416192
1389 0.530129063402231
1390 0.529820215326477
1391 0.529422719106018
1392 0.529033168540758
1393 0.528660618823454
1394 0.528228663713776
1395 0.527750491370305
1396 0.527249732063259
1397 0.526699492385774
1398 0.52614692793472
1399 0.525577849683005
1400 0.52499239366119
1401 0.524376892126441
1402 0.523787092929541
1403 0.523158322837819
1404 0.522522987619211
1405 0.521906023462417
1406 0.521283703403109
1407 0.520689921803548
1408 0.520098992350191
1409 0.519558661700761
1410 0.519004790217345
1411 0.518584804514132
1412 0.518200193530044
1413 0.517969180367361
1414 0.517829719275698
1415 0.517840689398103
1416 0.517976895267683
1417 0.518230350982817
1418 0.51864530098249
1419 0.519114196131852
1420 0.519748726426869
1421 0.520327978681047
1422 0.520980030900014
1423 0.5215840596455
1424 0.52217411793537
1425 0.522744622854882
1426 0.523327650457789
1427 0.523852368448272
1428 0.524339111078637
1429 0.524792343577422
1430 0.525185440308736
1431 0.525577428186342
1432 0.525924164449888
1433 0.526294310343253
1434 0.526682085087938
1435 0.527062062657225
1436 0.527462507654917
1437 0.527885438771799
1438 0.528304233694487
1439 0.528727911265669
1440 0.529158298360829
1441 0.529615194867683
1442 0.530020234070585
1443 0.530420379340321
1444 0.530779785564147
1445 0.53108285336801
1446 0.531416736694389
1447 0.531735157273608
1448 0.532073793614994
1449 0.53243880330601
1450 0.53277791196631
1451 0.533122970967888
1452 0.533436635542715
1453 0.533737157641876
1454 0.534008522068181
1455 0.534223177865093
1456 0.534483402302064
1457 0.534717822420233
1458 0.535003400649215
1459 0.53536503577296
1460 0.535684647378956
1461 0.536038847625943
1462 0.536331503751973
1463 0.536555721912936
1464 0.536807761171124
1465 0.537018998190497
1466 0.537267131223366
1467 0.537554813772655
1468 0.53783453008387
1469 0.538106959932268
1470 0.538409398298775
1471 0.538748294629442
1472 0.539074300646623
1473 0.539386421036661
1474 0.539717862497394
1475 0.540005960384447
1476 0.540240479926205
1477 0.540523681448553
1478 0.540805920760773
1479 0.541115429188845
1480 0.541447018561548
1481 0.5417772825089
1482 0.542132072993335
1483 0.542466218528629
1484 0.542793086932935
1485 0.543132166464038
1486 0.543480717183651
1487 0.543801473490384
1488 0.544121072004259
1489 0.544428520711677
1490 0.544710550314607
1491 0.544993624376871
1492 0.545283461232688
1493 0.545548192568081
1494 0.545792278405043
1495 0.546031659536701
1496 0.546234484671765
1497 0.546482711495642
1498 0.546744266379589
1499 0.547010579425274
1500 0.547297926984312
1501 0.54759607134978
1502 0.547917166611457
1503 0.548210667268068
1504 0.548533186014841
1505 0.548807610880133
1506 0.548991634364281
1507 0.549246262898003
1508 0.549524611721282
1509 0.549793888175009
1510 0.550118157093472
1511 0.550402518546917
1512 0.550642304330109
1513 0.550892523577348
1514 0.551138113209936
1515 0.551380924321663
1516 0.551626582315745
1517 0.551869735422325
1518 0.552082370366562
1519 0.552294207527074
1520 0.552467562492568
1521 0.552608454293008
1522 0.552788771960146
1523 0.552962078204836
1524 0.553164457242869
1525 0.553387843376006
1526 0.553643608068617
1527 0.553916025753472
1528 0.554203054804997
1529 0.554540955495901
1530 0.554834901730508
1531 0.555132597109681
1532 0.555394855664144
1533 0.555634443178047
1534 0.555864069421495
1535 0.556063063678359
1536 0.556270017704714
1537 0.556476863106764
1538 0.55666559232901
1539 0.556851383682477
1540 0.557011669461064
1541 0.55712781348432
1542 0.557289591649648
1543 0.557437883468666
1544 0.557631912110491
1545 0.5578807643314
1546 0.558107172797932
1547 0.558359676869579
1548 0.558575827088468
1549 0.55876957686326
1550 0.558971692275768
1551 0.559144793968152
1552 0.559353193998726
1553 0.559585871560106
1554 0.559811280178415
1555 0.560059113316537
1556 0.560284029956128
1557 0.560507536724479
1558 0.560708114411672
1559 0.560864204177094
1560 0.561063604331057
1561 0.56129025375666
1562 0.561479161639149
1563 0.561686586404229
1564 0.561862864859903
1565 0.561958499395014
1566 0.562113831643764
1567 0.562289344754328
1568 0.56247654359574
1569 0.562723958774328
1570 0.562919471436435
1571 0.56308054747152
1572 0.563264182809876
1573 0.56342055718051
1574 0.563601712847203
1575 0.563791800604532
1576 0.564022275087563
1577 0.56431157652203
1578 0.564556130028317
1579 0.564849076349314
1580 0.565072792336874
1581 0.565195177854734
1582 0.565357850029103
1583 0.565519198466831
1584 0.565668002032173
1585 0.565806044002053
1586 0.565971066668812
1587 0.566141046247008
1588 0.566305453691767
1589 0.566523532732351
1590 0.566691045488126
1591 0.566759698968584
1592 0.566912400266716
1593 0.567109538265846
1594 0.567287360766238
1595 0.567539813184924
1596 0.567741803982472
1597 0.567855279891382
1598 0.568015622790304
1599 0.568187550195659
1600 0.568367521020055
1601 0.568571244313816
1602 0.568773930191984
1603 0.568949318182845
1604 0.569099421277407
1605 0.569235065525161
1606 0.569344219667596
1607 0.569469315193815
1608 0.569568009415229
1609 0.569736040589156
1610 0.569934273088523
1611 0.570138379147545
1612 0.570387676266001
1613 0.570597100102641
1614 0.570790497511758
1615 0.571007405412109
1616 0.571242857614412
1617 0.5714240336852
1618 0.571606365392769
1619 0.571742486998686
1620 0.571804627096697
1621 0.571941166804149
1622 0.5720757305554
1623 0.572263550356542
1624 0.572521845884807
1625 0.572686233048308
1626 0.57284637635295
1627 0.572985513266554
1628 0.573051460505138
1629 0.573187286109635
1630 0.573351155585144
1631 0.573522922648973
1632 0.573721637854478
1633 0.57388108074704
1634 0.574029013270745
1635 0.574217150950654
1636 0.574397204507661
1637 0.57459324242856
1638 0.574855396566563
1639 0.575016402637295
1640 0.575102243024662
1641 0.575277731409056
1642 0.57545417254316
1643 0.575644231675784
1644 0.57590591710871
1645 0.576075192027381
1646 0.576175559529202
1647 0.576345607777639
1648 0.576516401127805
1649 0.576706189402598
1650 0.57694353374208
1651 0.577145727633503
1652 0.577317572714259
1653 0.577537924886311
1654 0.577783540448916
1655 0.577969121648834
1656 0.578220136108248
1657 0.578463193228419
1658 0.578668247431509
1659 0.578885802372318
1660 0.579073189724595
1661 0.579185652354684
1662 0.579306306864884
1663 0.579468666756452
1664 0.57962668238682
1665 0.579747755516463
1666 0.579865771638857
1667 0.580029675373558
1668 0.58020388700558
1669 0.580460834663008
1670 0.580801021509386
1671 0.58110067206801
1672 0.581381243775197
1673 0.581690075252935
1674 0.581976290196126
1675 0.582194128973169
1676 0.582383333069323
1677 0.582549075587052
1678 0.582687864477575
1679 0.582902159785565
1680 0.583179881113802
1681 0.583428892209419
1682 0.583678790399879
1683 0.583904194153926
1684 0.584091468088344
1685 0.584305888332778
1686 0.584514719745427
1687 0.584663215894674
1688 0.584839529124815
1689 0.585040286367271
1690 0.585202742930433
1691 0.585407530056301
1692 0.585638259707058
1693 0.585805620973581
1694 0.585947599921745
1695 0.586083852048595
1696 0.586178663347824
1697 0.586284483241729
1698 0.58648695305238
1699 0.586846993328981
1700 0.587145238019733
1701 0.587515416785549
1702 0.587809757897796
1703 0.588032602388856
1704 0.588250974470214
1705 0.588452492024112
1706 0.58862051663075
1707 0.588741104570214
1708 0.588854842549221
1709 0.588937958473751
1710 0.589030013199852
1711 0.589126233911645
1712 0.589204756928692
1713 0.589260010517112
1714 0.589334704597864
1715 0.589411456744567
1716 0.589498101094995
1717 0.589610935547271
1718 0.589688051732361
1719 0.58973706381251
1720 0.58978965069485
1721 0.589816925480106
1722 0.589890912617067
1723 0.589955262857121
1724 0.590115355208806
1725 0.590355264837178
1726 0.590565467662863
1727 0.590868392628983
1728 0.591059744375513
1729 0.591190498434068
1730 0.591303278964882
1731 0.591374571449004
1732 0.591404311543337
1733 0.591358963996271
1734 0.591410154215083
1735 0.591423464161677
1736 0.591565277560168
1737 0.591833801279267
1738 0.592069875912181
1739 0.592367171823114
1740 0.592700908515258
1741 0.592897601267565
1742 0.593069358504441
1743 0.593289054627923
1744 0.593376671709396
1745 0.593412341227426
1746 0.593473405823674
1747 0.593464483737773
1748 0.593481193452716
1749 0.593636398932747
1750 0.593797239160573
1751 0.593912990589152
1752 0.594028148341952
1753 0.594053839797756
1754 0.594109681898946
1755 0.594216599030519
1756 0.594280924603733
1757 0.594427787691584
1758 0.594549380799696
1759 0.594615579371771
1760 0.594751285538244
1761 0.594882351597207
1762 0.594958976824244
1763 0.595106299671966
1764 0.595316924334304
1765 0.595495197060644
1766 0.595731075199905
1767 0.595913786779935
1768 0.596003363439161
1769 0.596153741679673
1770 0.596300318642535
1771 0.596440013985093
1772 0.596530393889778
1773 0.596616584784112
1774 0.59665937758191
1775 0.596757168412558
1776 0.596892598114013
1777 0.597055317387717
1778 0.597243927687359
1779 0.597453292254463
1780 0.597715308398548
1781 0.597919065084943
1782 0.598079169644933
1783 0.598130203375903
1784 0.598130112479167
1785 0.598217468514743
1786 0.598356818328709
1787 0.598514439287545
1788 0.598714906302165
1789 0.598813745079482
1790 0.598917780296264
1791 0.599081880084251
1792 0.599212556183921
1793 0.599438884675263
1794 0.599689918361511
1795 0.599806395946906
1796 0.59994811113489
1797 0.600129038336699
1798 0.600293991114308
1799 0.600587052847771
1800 0.60099325440209
1801 0.603146784330985
1802 0.603151270728159
1803 0.603390048006623
1804 0.603546589151205
1805 0.603749613174355
1806 0.604069341884162
1807 0.604340807479805
1808 0.604530903768581
1809 0.604792261603636
1810 0.605183994500775
1811 0.605449739068721
1812 0.605567115852088
1813 0.605803971354531
1814 0.605845917883237
1815 0.605890732698844
1816 0.605963714223046
1817 0.606066325334549
1818 0.606143381094371
1819 0.606238093022698
1820 0.606218374207189
1821 0.606399322357341
1822 0.606542673800399
1823 0.606673682678555
1824 0.606868299212679
1825 0.607051776655985
1826 0.60720154565857
1827 0.607337423073763
1828 0.60762835537986
1829 0.607705628709367
1830 0.607645190016815
1831 0.607498608064708
1832 0.607345659459954
1833 0.607173742131306
1834 0.6071693586129
1835 0.607297876144049
1836 0.607414318021855
1837 0.60767024343847
1838 0.607785469552805
1839 0.607868525176236
1840 0.607907040007151
1841 0.607925965517363
1842 0.607973589454527
1843 0.607995693457929
1844 0.608065626223793
1845 0.608180457363788
1846 0.608200996623761
1847 0.608207538121227
1848 0.608222909000505
1849 0.60820430188273
1850 0.608112653654354
1851 0.608168890227749
1852 0.608351241881931
1853 0.608439751238304
1854 0.608467996040208
1855 0.608429101524454
1856 0.60834721583878
1857 0.608224496182575
1858 0.608118333422607
1859 0.608031772774487
1860 0.60798243470009
1861 0.607816382211853
1862 0.607644938000586
1863 0.607421695861152
1864 0.607090357017089
1865 0.606617715085255
1866 0.605978783292862
1867 0.605382061147126
1868 0.604714757884121
1869 0.604023455777365
1870 0.603370557481192
1871 0.602892964404095
1872 0.602378297324187
1873 0.601763993779841
1874 0.601165014764039
1875 0.600415060964385
1876 0.599613776500018
1877 0.598706235632339
1878 0.597670446755629
1879 0.596523053517755
1880 0.595299518359026
1881 0.593920559907964
1882 0.592430530515067
1883 0.590775346670981
1884 0.589064658767558
1885 0.587268444664588
1886 0.585309080742486
1887 0.583388416389061
1888 0.581260578159185
1889 0.579006763670969
1890 0.576484850291435
1891 0.573926317950317
1892 0.571167579378128
1893 0.568212055848025
1894 0.565186569327584
1895 0.562038182741955
1896 0.558748396538055
1897 0.555456212524061
1898 0.552171824696146
1899 0.548980267058208
1900 0.545716981022485
1901 0.542720778391632
1902 0.539815556866186
1903 0.537200364388181
1904 0.534745825446142
1905 0.532623611843128
1906 0.530801394840639
1907 0.529110809719398
1908 0.527672583436397
1909 0.526487894390707
1910 0.525416458933466
1911 0.524441542122605
1912 0.523737851092269
1913 0.523243072920905
1914 0.522916191228717
1915 0.522833244491247
1916 0.522978438002957
1917 0.523179157421522
1918 0.523448965589546
1919 0.523875230063946
1920 0.524370942733838
1921 0.524878342480583
1922 0.525539269324803
1923 0.526116057560949
1924 0.526662680354488
1925 0.527159284737152
1926 0.527765589731889
1927 0.528468791591442
1928 0.529311695130885
1929 0.530250799985143
1930 0.531130135332456
1931 0.53196293841663
1932 0.532753644108919
1933 0.533401007654673
1934 0.534133114670768
1935 0.53486778685979
1936 0.53570011910856
1937 0.536369867847399
1938 0.537136224622229
1939 0.53802327012959
1940 0.538768204465645
1941 0.539550381207931
1942 0.540398832549468
1943 0.541171209363449
1944 0.541811098216341
1945 0.542552339506939
1946 0.543341189817015
1947 0.544086479799672
1948 0.544851980276285
1949 0.545590730890737
1950 0.546231272904011
1951 0.546953464659869
1952 0.547601593981222
1953 0.548292330653827
1954 0.548993446459789
1955 0.549741972589954
1956 0.55041191982988
1957 0.551036574586049
1958 0.551678828495459
1959 0.552288343217863
1960 0.552915328388863
1961 0.553552591324218
1962 0.554279727984635
1963 0.554897856705556
1964 0.555492682997104
1965 0.556212354979913
1966 0.556910092022019
1967 0.55765664779855
1968 0.558516699168833
1969 0.559314450511494
1970 0.560088255800773
1971 0.560893389929569
1972 0.561730007698373
1973 0.562535595548095
1974 0.563300886631656
1975 0.563992870579664
1976 0.564747668792453
1977 0.565467917819283
1978 0.566094392313728
1979 0.566631837899704
1980 0.567301184037021
1981 0.567889834050927
1982 0.568581460090907
1983 0.569469398567248
1984 0.570304139563367
1985 0.571123341741597
1986 0.571943939825828
1987 0.572768197141969
1988 0.573540886347781
1989 0.574282564075144
1990 0.574876489314431
1991 0.575525814321452
1992 0.576152878142323
1993 0.576800238907861
1994 0.577503925340539
1995 0.578101510858659
1996 0.578612794102383
1997 0.579187660956701
1998 0.579694608114833
1999 0.58025520742374
2000 0.580897348127442
2001 0.581562784608347
2002 0.582248474438864
2003 0.58294392313291
2004 0.58365177900825
2005 0.584475635036953
2006 0.585156677087545
2007 0.585715140510908
2008 0.586370729955609
2009 0.586998264277098
2010 0.58763407359832
2011 0.588333254197361
2012 0.589088197186028
2013 0.5895846540036
2014 0.59011210819627
2015 0.590637525747433
2016 0.591067982739181
2017 0.591538563451929
2018 0.592091264133105
2019 0.592564240087071
2020 0.592949887421981
2021 0.593417245246184
2022 0.59393143823494
2023 0.594357558809264
2024 0.594760715419412
2025 0.595169994381509
2026 0.595473487389587
2027 0.59589698946217
2028 0.596397477133868
2029 0.596881690551353
2030 0.597395344603435
2031 0.59800264372754
2032 0.598496668280787
2033 0.598953616851427
2034 0.599404357985389
2035 0.599742242851807
2036 0.600186101711303
2037 0.600719240332966
2038 0.601185988649465
2039 0.601614463530078
2040 0.60218196040095
2041 0.602618106625405
2042 0.60294821732146
2043 0.603310899604967
2044 0.603673028401284
2045 0.603962483396453
2046 0.604195162517771
2047 0.604446248506968
2048 0.604610203617143
2049 0.604881097185785
2050 0.605233304589566
2051 0.605537040950282
2052 0.60589292676462
2053 0.606196221932318
2054 0.606439715447166
2055 0.606674011312353
2056 0.606934217294496
2057 0.607167566118012
2058 0.607497255580223
2059 0.607872391003449
2060 0.608278588211628
2061 0.608776006179066
2062 0.609214608078731
2063 0.609674253595496
2064 0.610084605242197
2065 0.610513431038108
2066 0.610851159601435
2067 0.611118727535177
2068 0.611332108700798
2069 0.611562311816588
2070 0.611880515399519
2071 0.612161783320309
2072 0.612507662969466
2073 0.612812863192555
2074 0.613079141277889
2075 0.613331274125246
2076 0.613577849951933
2077 0.613840563048144
2078 0.614043670823791
2079 0.614315462185065
2080 0.614667514020155
2081 0.614996439191187
2082 0.615356367376559
2083 0.615683382762274
2084 0.616031847442827
2085 0.616308559149258
2086 0.616559967527018
2087 0.616755199820875
2088 0.616970254500956
2089 0.617168969856741
2090 0.617352979131522
2091 0.617497964328136
2092 0.617703700781279
2093 0.61793372371131
2094 0.618128060530548
2095 0.618353125291828
2096 0.618567418641942
2097 0.618720425312277
2098 0.618914636545659
2099 0.619171999201906
2100 0.619367895996605
2101 0.619664654284987
2102 0.619830502591814
2103 0.619987549354778
2104 0.620076636247454
2105 0.620280330572099
2106 0.620509164772671
2107 0.620685083243406
2108 0.620859051766627
2109 0.621118182197966
2110 0.621302172979248
2111 0.621625186929798
2112 0.622152630154421
2113 0.622618425362404
2114 0.62319506489741
2115 0.623617021215372
2116 0.624005706874504
2117 0.624293515002483
2118 0.624589637580655
2119 0.624696397932618
2120 0.624920715167474
2121 0.625118740128611
2122 0.625501562687517
2123 0.626020505531868
2124 0.626413936338046
2125 0.62698609941827
2126 0.627280691538788
2127 0.627259091203345
2128 0.627430305482224
2129 0.627601106245384
2130 0.627772055614309
2131 0.628100901535369
2132 0.628264566010194
2133 0.628227811438379
2134 0.628312200011167
2135 0.628502148585086
2136 0.628451923471719
2137 0.628366396008429
2138 0.62826819170683
2139 0.628097204159413
2140 0.627700043996038
2141 0.627501087886375
2142 0.62739486759869
2143 0.627255974209348
2144 0.627185437978309
2145 0.627009104519151
2146 0.626931670807968
2147 0.626592829977149
2148 0.625870693507934
2149 0.625442796401718
2150 0.625070512056085
2151 0.624598331035055
2152 0.624056484354156
2153 0.623913517333145
2154 0.623588201303838
2155 0.622945902757274
2156 0.622433934300744
2157 0.622119466308493
2158 0.62139653144271
2159 0.620328420824078
2160 0.619534165896268
2161 0.61853500399563
2162 0.617888680721868
2163 0.617598623917523
2164 0.61712139363595
2165 0.616788660285381
2166 0.616291485645998
2167 0.615632233600222
2168 0.615044739548254
2169 0.614400457348427
2170 0.613794311649616
2171 0.613218863961485
2172 0.612644674873886
2173 0.612034493860186
2174 0.611577412991302
2175 0.610976934819943
2176 0.610341223555938
2177 0.609705776905665
2178 0.609018553507538
2179 0.608350565672428
2180 0.607714642842954
2181 0.607058152438208
2182 0.606334885279644
2183 0.605663522449567
2184 0.605102335670916
2185 0.604360138247195
2186 0.603554414233238
2187 0.60273955576986
2188 0.601717262659835
2189 0.600861458470297
2190 0.600286172097081
2191 0.599373708820261
2192 0.598171477930031
2193 0.597204080946754
2194 0.596159079799161
2195 0.595117570744348
2196 0.594315615360171
2197 0.593593526156831
2198 0.592793720603048
2199 0.591825243935016
2200 0.591149305423373
2201 0.590723542990801
2202 0.590035216016031
2203 0.589338198485415
2204 0.588649990408355
2205 0.587701298115445
2206 0.587108585885964
2207 0.586655334098234
2208 0.586404227139713
2209 0.586298712341485
2210 0.586423960159493
2211 0.586749245009016
2212 0.587300340513397
2213 0.588191529757453
2214 0.589092107401515
2215 0.590350510542561
2216 0.591422258361476
2217 0.592594617796625
2218 0.593535513461323
2219 0.59415477406733
2220 0.594649656171393
2221 0.595245917218901
2222 0.595646273920503
2223 0.596199032152148
2224 0.597032782462114
2225 0.597440868331359
2226 0.597555699578661
2227 0.597857763708628
2228 0.598044592850142
2229 0.598290312546803
2230 0.598817633605753
2231 0.598936127315018
2232 0.59866483539929
2233 0.598711046185984
2234 0.598666032084834
2235 0.598726385284476
2236 0.599135655502849
2237 0.599300828924361
2238 0.599367027163822
2239 0.599337655522168
2240 0.59897928233377
2241 0.598967557973682
2242 0.599178379044839
2243 0.599257057919724
2244 0.59951772071779
2245 0.599682182635581
2246 0.599767003160362
2247 0.599690108972756
2248 0.599714190126982
2249 0.600077708799895
2250 0.600291445870548
2251 0.600449557771998
2252 0.600692218184441
2253 0.600997750263217
2254 0.601325624660191
2255 0.60174561531344
2256 0.602086491584969
2257 0.602481343077364
2258 0.602719063287662
2259 0.602784199604453
2260 0.602972753320381
2261 0.603206556246111
2262 0.603282583997051
2263 0.603280655637324
2264 0.603392103389224
2265 0.603292237413788
2266 0.603466380885194
2267 0.603928799320954
2268 0.604333977071431
2269 0.605029027053619
2270 0.605379494198195
2271 0.60553715775325
2272 0.60568056845033
2273 0.605675786477658
2274 0.605552965363269
2275 0.605495270754173
2276 0.605216531682106
2277 0.604775542241367
2278 0.603808667971975
2279 0.603480099403021
2280 0.603068024068367
2281 0.602516256053014
2282 0.602652389841452
2283 0.60258410312853
2284 0.602549899829623
2285 0.602734449168663
2286 0.603449704885267
2287 0.603450506937288
2288 0.603130696646731
2289 0.603075933082719
2290 0.602822997215856
2291 0.602622756895741
2292 0.602717995737743
2293 0.602520574688516
2294 0.602001797662578
2295 0.601624604027342
2296 0.601050759082734
2297 0.600959288620998
2298 0.60123961465815
2299 0.601275244325475
2300 0.601761599087548
2301 0.60165416447942
2302 0.600733597340953
2303 0.600426171936276
2304 0.600231632551099
2305 0.600138690360396
2306 0.600355566910414
2307 0.600583670790174
2308 0.60089102861308
2309 0.601011554413856
2310 0.60133143425618
2311 0.601371812536747
2312 0.601101523580655
2313 0.60084503759105
2314 0.600248082179902
2315 0.599997609982649
2316 0.599767505194243
2317 0.599766575067292
2318 0.60033077863081
2319 0.60053009939508
2320 0.600677053271984
2321 0.600824669910075
2322 0.600360151045582
2323 0.600098575202298
2324 0.599731447677883
2325 0.59911733219221
2326 0.598730302487901
2327 0.598445868418233
2328 0.598184084869439
2329 0.597803699368629
2330 0.597405999445403
2331 0.597405720190416
2332 0.597540803760514
2333 0.597750234578389
2334 0.597979879585773
2335 0.597862800385453
2336 0.597392290169173
2337 0.596439254583543
2338 0.595629612697603
2339 0.594424147243633
2340 0.593631865114878
2341 0.592878368542608
2342 0.592626336656664
2343 0.59303320154791
2344 0.592699573426161
2345 0.592335501320548
2346 0.591953530836744
2347 0.590856111280763
2348 0.5905217575263
2349 0.59087768937241
2350 0.59087577546852
2351 0.591008732588371
2352 0.590881206660599
2353 0.590449798802735
2354 0.590241648991994
2355 0.589658344901878
2356 0.590062134793162
2357 0.59150623439879
2358 0.591911442240314
2359 0.592800870511323
2360 0.592642844659142
2361 0.591126709352
2362 0.590145422945135
2363 0.588663799715185
2364 0.587872569408784
2365 0.587237765994017
2366 0.587074667776647
2367 0.587731293567893
2368 0.588086473477944
2369 0.588988923195316
2370 0.588912500927225
2371 0.587976341724266
2372 0.587720319603155
2373 0.587370965827028
2374 0.586811973538259
2375 0.586696406773452
2376 0.586225257326287
2377 0.584763326751551
2378 0.584059192037618
2379 0.584313354726187
2380 0.583858565272117
2381 0.58286813824417
2382 0.582596302231792
2383 0.58243359473019
2384 0.581937424645303
2385 0.581550964945917
2386 0.581696369377931
2387 0.582058276676733
2388 0.581946905608474
2389 0.582328344820343
2390 0.582296347749893
2391 0.581212037852236
2392 0.580605931532306
2393 0.580713645630798
2394 0.580102961740287
2395 0.578596021891594
2396 0.578167295074239
2397 0.577967648399881
2398 0.577736035384018
2399 0.578200093357742
2400 0.57853315267681
2401 0.578593696929986
2402 0.57916618574081
2403 0.580855192294246
2404 0.580804844558724
2405 0.579589075943568
2406 0.579266952395185
2407 0.578535078352208
2408 0.577737167647322
2409 0.577689762317799
2410 0.577000962261839
2411 0.575215544929799
2412 0.574218511112361
2413 0.573961630588159
2414 0.57301405888082
2415 0.571595331254417
2416 0.570314555418412
2417 0.568706460444846
2418 0.56764956593864
2419 0.567027904002739
2420 0.566419986046488
2421 0.566275238069254
2422 0.565368773086777
2423 0.563860916713597
2424 0.563051617705444
2425 0.562158864908877
2426 0.56167690964905
2427 0.561999224957676
2428 0.561620147799495
2429 0.561349497703929
2430 0.559933764602857
2431 0.557296188333092
2432 0.556335086905439
2433 0.555431667894351
2434 0.554357734137667
2435 0.554715259233704
2436 0.55345548259376
2437 0.549951659083163
2438 0.549445648791612
2439 0.55039074023545
2440 0.550351201873109
2441 0.551609951551107
2442 0.550798093998134
2443 0.550124195748143
2444 0.548849777085359
2445 0.546831320244441
2446 0.546230881530618
2447 0.544999635266515
2448 0.544017959990169
2449 0.544976724406601
2450 0.545080434112661
2451 0.543715309090295
2452 0.544508895553009
2453 0.544957911055042
2454 0.543330541774388
2455 0.542655869930723
2456 0.542295312079375
2457 0.541977739495517
2458 0.542620805015828
2459 0.543437796362373
2460 0.540932243236846
2461 0.538539080517149
2462 0.538894875931402
2463 0.537724796037613
2464 0.537589639684072
2465 0.537008627982591
2466 0.534678563904166
2467 0.533122248436954
2468 0.531812860681814
2469 0.531600358356879
2470 0.532355304028236
2471 0.532180013568927
2472 0.533346796704057
2473 0.533088273593028
2474 0.531575352865866
2475 0.529178239941777
2476 0.52410600470888
2477 0.522767406065822
2478 0.521869749698626
2479 0.521984134423251
2480 0.527053000618503
2481 0.527095339119413
2482 0.523858932960788
2483 0.523017008961745
2484 0.522224182921629
2485 0.519825551422661
2486 0.51731325033635
2487 0.516060483953992
2488 0.512290463373826
2489 0.512714901958951
2490 0.518072261646922
2491 0.517613563991133
2492 0.517330325929711
2493 0.515267838732294
2494 0.514012797346206
2495 0.516073011869679
2496 0.515365757428817
2497 0.514365957920644
2498 0.514661153256754
2499 0.512109429270082
2500 0.512668992999243
