"Wavelength" "M027a_m4-w3"
350 0.0818521927088268
351 0.0800683957038654
352 0.0799449383722735
353 0.0809375285602542
354 0.0810898385973358
355 0.0777110684148214
356 0.0771572948962717
357 0.0798530383077147
358 0.0809476059076952
359 0.0810058439136699
360 0.0773559194719937
361 0.0722629377625683
362 0.0772330345889576
363 0.0760700226258077
364 0.0735295325719393
365 0.0766330121910699
366 0.0785044336998395
367 0.0751833355160516
368 0.072118883664126
369 0.0780669035017312
370 0.0815152842424024
371 0.0799379100945932
372 0.0749960261402381
373 0.0719716733884017
374 0.0760206947132071
375 0.0790355220633314
376 0.0754602374666314
377 0.0735215538582227
378 0.0748716893316001
379 0.0774264633942211
380 0.077922537477801
381 0.0773775573809191
382 0.0766046318266425
383 0.076132996360446
384 0.0761532821809851
385 0.075052524382239
386 0.0757706382983506
387 0.0787916284475898
388 0.0779243204326685
389 0.0777552655606003
390 0.0772511743059662
391 0.0747770351492321
392 0.0744560783244385
393 0.0759675612643563
394 0.0767515837294068
395 0.0735071818840426
396 0.0747228070320206
397 0.0763607454958583
398 0.0757737414270459
399 0.0764461183135995
400 0.0768223767121271
401 0.0775744964661967
402 0.0790322221440934
403 0.07712289686177
404 0.0762791451649461
405 0.0771407327231795
406 0.0773379969077894
407 0.0775358104879496
408 0.0773824566898359
409 0.0770604478665427
410 0.0781335606739208
411 0.0773220484484575
412 0.0766887654281866
413 0.0785650799260411
414 0.0785456986528082
415 0.0786431051595234
416 0.0792854511905076
417 0.0794058392572792
418 0.0787676248006122
419 0.0787502622461788
420 0.079698827544975
421 0.0792060056996408
422 0.0797021349351301
423 0.0806951783872837
424 0.0808907879849863
425 0.0805608978181025
426 0.0809092128385035
427 0.0817703933733754
428 0.0816858064548307
429 0.0817059520670967
430 0.0819707552060593
431 0.0824178933757851
432 0.083005523754315
433 0.0831301626159203
434 0.0830520470326549
435 0.0833498636569793
436 0.0837140793194281
437 0.0842167828269482
438 0.0847140456741775
439 0.0847813786582679
440 0.0848185008226645
441 0.0849316440721035
442 0.0851461826639833
443 0.0854790444630788
444 0.0858552695723237
445 0.0861936852663551
446 0.0864349436663378
447 0.0867345096923564
448 0.0870540000235668
449 0.0872700317896015
450 0.0871380710284301
451 0.0872713797354667
452 0.0875152183344131
453 0.0876037530308144
454 0.087973135723176
455 0.0882079362623259
456 0.0883384163671761
457 0.0887620009118745
458 0.0890053103891117
459 0.0889750358627601
460 0.0888557417760463
461 0.0893315482045259
462 0.0898222452588305
463 0.0900048376740451
464 0.0898016845810037
465 0.0899392084949919
466 0.0903096110237637
467 0.0906170868812808
468 0.0904384786907437
469 0.0905514634003647
470 0.0908492214757695
471 0.0910611051184058
472 0.0911652997289361
473 0.091297601831453
474 0.0915230982775279
475 0.0918259137388953
476 0.0918753776480561
477 0.0920467307317181
478 0.0924547952223235
479 0.0925264299630522
480 0.0925621915371156
481 0.0928698015182559
482 0.0935550499118716
483 0.0935783973538601
484 0.0937381043418778
485 0.0941978717976437
486 0.094332527626821
487 0.094564409233227
488 0.094858471519517
489 0.0951183284946594
490 0.0953807421521255
491 0.095526734249048
492 0.0956569758813732
493 0.0959660387736755
494 0.096119498715026
495 0.0963306690834979
496 0.0967214168324617
497 0.0971378146578849
498 0.0974937008601852
499 0.0977300511406443
500 0.097850425355649
501 0.0980401484707278
502 0.0983817447698661
503 0.0988152118429435
504 0.0991447702271628
505 0.0993913500911929
506 0.099619148465965
507 0.0999051833849651
508 0.100339904985628
509 0.100687110339299
510 0.101007565120458
511 0.101503291976135
512 0.101627276027296
513 0.101783055193962
514 0.102197867226848
515 0.102505319245444
516 0.102811549180058
517 0.103105907171984
518 0.103366185517986
519 0.10371123303899
520 0.104046430992486
521 0.104357900420903
522 0.104747544876842
523 0.105081726297361
524 0.105382147294604
525 0.105714061758296
526 0.106162308807651
527 0.106526371532058
528 0.106813440039141
529 0.107181672278003
530 0.107465616570603
531 0.107825063813291
532 0.108310212321993
533 0.108591395972846
534 0.108856581740388
535 0.109169415492374
536 0.109530910610327
537 0.109898119875292
538 0.110258720992457
539 0.110624586945156
540 0.111039378848944
541 0.111454262508899
542 0.111844660316195
543 0.112206759657962
544 0.112591281047686
545 0.112965391641655
546 0.113305087213246
547 0.113602928980317
548 0.114007027708836
549 0.114455698161496
550 0.1148794881606
551 0.115342865181683
552 0.11583085934277
553 0.116300063510477
554 0.116704877037517
555 0.117209520660143
556 0.117712495883423
557 0.118136800720484
558 0.1185280518826
559 0.118955982075641
560 0.119417673399852
561 0.119869577027228
562 0.120247524714926
563 0.12060490836718
564 0.12094569526441
565 0.121190706573347
566 0.121479203065193
567 0.121783302786417
568 0.122061215163609
569 0.122416646259156
570 0.122862737901491
571 0.123338035057935
572 0.12372306051927
573 0.124150154586542
574 0.124617274282163
575 0.125092819432782
576 0.125555690620211
577 0.125878174334472
578 0.126124976318366
579 0.126458054703168
580 0.126728829628303
581 0.126978010842339
582 0.127228783918417
583 0.12741558100078
584 0.12770933031825
585 0.12804216517967
586 0.128295839009157
587 0.12862539412225
588 0.128967156628153
589 0.129309699985641
590 0.129721617715136
591 0.130106355911087
592 0.130467200287428
593 0.130825117847133
594 0.131152412105918
595 0.131500427068444
596 0.131846671918793
597 0.132117083097495
598 0.132460744332134
599 0.132837247213745
600 0.133172149537351
601 0.133383777953978
602 0.133623252768562
603 0.133887440695033
604 0.134112645931201
605 0.134454016065766
606 0.134764927201075
607 0.134987431395357
608 0.135263191505124
609 0.135606919311749
610 0.135919844568074
611 0.136117952742251
612 0.136438600846898
613 0.136737620508026
614 0.136993177737083
615 0.137343314896156
616 0.137691312697778
617 0.137991142759674
618 0.138240091052321
619 0.138532777971925
620 0.138867459842655
621 0.139201978212589
622 0.139473762414351
623 0.1397696523696
624 0.140080813801161
625 0.140389663530134
626 0.14070052030731
627 0.140975983217766
628 0.14124724747337
629 0.141569033903325
630 0.141910799567368
631 0.142237143252778
632 0.142552275275081
633 0.142924545074281
634 0.143238985630397
635 0.143514725869488
636 0.143815180319468
637 0.144197780655593
638 0.144513261903725
639 0.14477070147242
640 0.145137840733422
641 0.1454820167922
642 0.145798666586301
643 0.14610877704729
644 0.146424057640273
645 0.146773632349874
646 0.14713648534173
647 0.147468170649904
648 0.14785578183699
649 0.148222878912767
650 0.1485398315855
651 0.148914463392155
652 0.149249639110556
653 0.149567393543924
654 0.149917651105919
655 0.150234437296206
656 0.150539908924508
657 0.150883784008516
658 0.151340672106701
659 0.151692021844632
660 0.151977680408352
661 0.152300078229739
662 0.152723615157089
663 0.153129021109139
664 0.153496508601995
665 0.153882472995465
666 0.154265949683652
667 0.154642364588298
668 0.155006549211619
669 0.155336605033136
670 0.155743170475692
671 0.156188416183708
672 0.156572961997994
673 0.156884690018272
674 0.157250079872333
675 0.157684676404784
676 0.158034235024441
677 0.158388576500144
678 0.158774404798479
679 0.159188921946543
680 0.159579866564324
681 0.159987578955616
682 0.160416001627935
683 0.160837321771797
684 0.161241862395585
685 0.161633872377714
686 0.162019958450306
687 0.162401942484501
688 0.162794002697137
689 0.163220191855813
690 0.163692490235285
691 0.164111910922688
692 0.164534193763207
693 0.164966661407505
694 0.165326156542711
695 0.165714517892676
696 0.166114881855603
697 0.166504362106915
698 0.16699117598914
699 0.16742849941354
700 0.167810946055128
701 0.168251535804721
702 0.168734694416294
703 0.169190566152391
704 0.169589326380739
705 0.170012695810485
706 0.170474661468565
707 0.170947267865168
708 0.171388248780834
709 0.171828102598976
710 0.172290570835888
711 0.172760702173572
712 0.173174179674632
713 0.173608083629333
714 0.174069425985214
715 0.174541917398848
716 0.174999904967783
717 0.175437123299495
718 0.175899298814621
719 0.176450189485922
720 0.176929288245841
721 0.177343462024395
722 0.177739318554058
723 0.178185586753905
724 0.178690488877996
725 0.179210633078488
726 0.179689403262065
727 0.180133188560326
728 0.180572734461967
729 0.18105039766889
730 0.181610698235184
731 0.182112508619029
732 0.182552603264175
733 0.182979146131835
734 0.18349797730813
735 0.183962559839137
736 0.184385126887865
737 0.184849425639094
738 0.18529070139585
739 0.18579291090584
740 0.186344755013757
741 0.186786707978014
742 0.187217245242848
743 0.187696518458568
744 0.188242293127064
745 0.18876730565562
746 0.18924754366218
747 0.189702933205656
748 0.190184345384794
749 0.19071775451209
750 0.191243993286749
751 0.191724264564497
752 0.192174957637929
753 0.192664580332808
754 0.193146371522999
755 0.193563883034434
756 0.193993714119852
757 0.194467457774019
758 0.19498653050693
759 0.195523599944581
760 0.196027246417407
761 0.196455427979336
762 0.196857155180395
763 0.197472611672924
764 0.198016642812808
765 0.198460489620592
766 0.198879951561607
767 0.199354260898299
768 0.199851934922102
769 0.200365193830997
770 0.200907420825836
771 0.201379197804158
772 0.201835479391461
773 0.202330267123125
774 0.20285539466547
775 0.203351335739179
776 0.203824048700821
777 0.204299157689494
778 0.204736869605821
779 0.205205637758646
780 0.205727082638334
781 0.206270209567107
782 0.206769321889295
783 0.20723923118095
784 0.207713777548144
785 0.208234070314527
786 0.20871615139428
787 0.209210064776006
788 0.209774617224899
789 0.210249538196461
790 0.210719505017194
791 0.21120113613075
792 0.21164764298169
793 0.212137316440031
794 0.21265391385115
795 0.213171262856532
796 0.213675845603388
797 0.214221019898678
798 0.214750133654686
799 0.215202670575646
800 0.215672733638958
801 0.216123101482516
802 0.216578609278683
803 0.217102089718722
804 0.217623082799428
805 0.218150462408694
806 0.218676186843116
807 0.219148363851838
808 0.219618381494861
809 0.220097954767042
810 0.220593037844517
811 0.22114947248833
812 0.221598612856731
813 0.222007200742008
814 0.222543522822063
815 0.223018698570157
816 0.223461076107609
817 0.223930715064944
818 0.224490916371498
819 0.225014096017658
820 0.22545088159718
821 0.225830397084927
822 0.226320896957688
823 0.226811354926156
824 0.227295747784534
825 0.22780720042386
826 0.228377573182198
827 0.228894619353715
828 0.229334143740712
829 0.229757252023967
830 0.230229551315824
831 0.23074369891993
832 0.231266034658703
833 0.231743278358919
834 0.232212762030732
835 0.232688533676303
836 0.233166639048938
837 0.233600593133282
838 0.234072470690546
839 0.23457769331638
840 0.235073552122301
841 0.235580551444224
842 0.236037841299072
843 0.236475775508726
844 0.236993688259458
845 0.237386637597054
846 0.237784149242745
847 0.238288699359257
848 0.238869402555169
849 0.239380403477984
850 0.239834924269502
851 0.240290641044022
852 0.240792199263997
853 0.241199941654532
854 0.241627210492649
855 0.242230531836909
856 0.242734528116624
857 0.243182997838398
858 0.243591856932974
859 0.243958485511004
860 0.244470429730086
861 0.244991353876077
862 0.245459163684955
863 0.245979772232794
864 0.246463921339324
865 0.246934024787777
866 0.247426788280068
867 0.247961425947062
868 0.248381493116331
869 0.248787118123897
870 0.249294938797376
871 0.249684588492805
872 0.25009116350144
873 0.250574560005729
874 0.25112618203346
875 0.251667786591291
876 0.252115751327691
877 0.252504408961935
878 0.252966838001329
879 0.253442752173529
880 0.253861128338932
881 0.254235851543167
882 0.254703220305067
883 0.25517382258287
884 0.255658207681648
885 0.256181747096472
886 0.25676003506291
887 0.257269005971991
888 0.257710795127236
889 0.258146590380337
890 0.258672426358569
891 0.25915727648703
892 0.259571615760678
893 0.259965376582502
894 0.260491452625438
895 0.261009641972579
896 0.261446677336934
897 0.261821992118982
898 0.262324926354005
899 0.262822114144531
900 0.263272652921462
901 0.263768167923086
902 0.264262096574578
903 0.2647554787449
904 0.265254597007741
905 0.265760636734942
906 0.266127755864183
907 0.266524355372393
908 0.267057473029159
909 0.267555560016593
910 0.268015095788607
911 0.268476309819852
912 0.268955501823086
913 0.269337329298667
914 0.269783668967841
915 0.270215795762562
916 0.270549590853528
917 0.271033958620698
918 0.271599803274881
919 0.27219080232302
920 0.272742137082885
921 0.273119799646353
922 0.273495440371197
923 0.273934720608814
924 0.274412761439423
925 0.274902786541739
926 0.275405492006824
927 0.275866601840417
928 0.276228384886368
929 0.276768696865625
930 0.277265634696599
931 0.277635685753267
932 0.278003026163132
933 0.278511047159928
934 0.279100147470006
935 0.279659226036047
936 0.280081319709523
937 0.280522024360366
938 0.280983764509514
939 0.281467904507114
940 0.282002897125635
941 0.282471392218368
942 0.282864458821137
943 0.283238106113433
944 0.283701194717046
945 0.284121991516379
946 0.284547313014604
947 0.285027475332352
948 0.28554400124207
949 0.28606465273634
950 0.286567074781187
951 0.287035619064077
952 0.287462270246111
953 0.287839966832244
954 0.28827731630625
955 0.288793271190488
956 0.289156960664063
957 0.289573213467325
958 0.290028457676025
959 0.29048988316549
960 0.291025177704468
961 0.291505378483269
962 0.292010670065505
963 0.292551999863328
964 0.292838433883754
965 0.293234498475813
966 0.293707594550462
967 0.294165069883681
968 0.294676556192135
969 0.2949426362413
970 0.295287153458546
971 0.295915367009699
972 0.296343192138516
973 0.296776717645855
974 0.297275606329302
975 0.297797633442107
976 0.298167347632009
977 0.298616467514447
978 0.299164365535521
979 0.29969801570277
980 0.299982148890056
981 0.300357176368206
982 0.300799355371661
983 0.301238192630857
984 0.301701072375125
985 0.302152490357674
986 0.302610061732924
987 0.303076176357379
988 0.303508213804007
989 0.303934271398825
990 0.304379813961114
991 0.304809483412165
992 0.305132035901524
993 0.305722240593479
994 0.306208137979724
995 0.306487167073786
996 0.306915671725865
997 0.307160476491453
998 0.307754771848309
999 0.308642404520612
1000 0.309116375075344
1001 0.300332923466213
1002 0.300775615234957
1003 0.301358374920176
1004 0.301796158714147
1005 0.302077381214556
1006 0.302456451947149
1007 0.302873673212698
1008 0.303228672004244
1009 0.303619499604429
1010 0.304001900059287
1011 0.304332003905122
1012 0.304743694246594
1013 0.305129900955671
1014 0.3054811796575
1015 0.305861169066905
1016 0.306222246465078
1017 0.306607876932461
1018 0.307032800779844
1019 0.307452584794207
1020 0.307888811959601
1021 0.308300493813657
1022 0.30866833898681
1023 0.308987609451007
1024 0.309341568322389
1025 0.309698320485811
1026 0.310054197043556
1027 0.310438412936357
1028 0.310848861013137
1029 0.311181058263451
1030 0.311526639436236
1031 0.311984754396961
1032 0.312410940204208
1033 0.312817736006573
1034 0.313265755334575
1035 0.313804818400892
1036 0.314182473259479
1037 0.314488779082787
1038 0.314822460411402
1039 0.315104851818191
1040 0.315440273556818
1041 0.315902961105263
1042 0.316346003086001
1043 0.31670761485315
1044 0.317077381206322
1045 0.317457308968667
1046 0.317839273922251
1047 0.318227770742514
1048 0.318668136180377
1049 0.319050443806996
1050 0.31936846470405
1051 0.319714632752978
1052 0.320046605008289
1053 0.320394391447389
1054 0.320737581177402
1055 0.321024353904601
1056 0.321339447495705
1057 0.321651057872033
1058 0.322007580829188
1059 0.322438073004182
1060 0.322757651745912
1061 0.323065036122902
1062 0.32340207359758
1063 0.323747812018736
1064 0.32402536886047
1065 0.324365071299385
1066 0.324693891915264
1067 0.32497849854136
1068 0.325276941779101
1069 0.325566202054082
1070 0.325879242920207
1071 0.326169189279085
1072 0.326447025197905
1073 0.326725882784299
1074 0.327003461130765
1075 0.327319225928622
1076 0.327624773213875
1077 0.327933506354885
1078 0.328230750640159
1079 0.328590933900532
1080 0.328927824675661
1081 0.329186437363583
1082 0.329507324134649
1083 0.329813409539114
1084 0.330079423427156
1085 0.33037462379055
1086 0.330664232305642
1087 0.330937134037748
1088 0.331168092194301
1089 0.331428055786217
1090 0.331710728101937
1091 0.331983542138922
1092 0.332240378315837
1093 0.332516950383237
1094 0.3328107499415
1095 0.33307524492711
1096 0.333376674083349
1097 0.333659743369528
1098 0.333942254801318
1099 0.334271899673172
1100 0.334591734954814
1101 0.334903115607425
1102 0.335188194194095
1103 0.335479250294108
1104 0.33575192357417
1105 0.335967039895717
1106 0.336206382654014
1107 0.336450072649381
1108 0.336696473786896
1109 0.336915166061474
1110 0.337211290165766
1111 0.337530432583509
1112 0.337843792294768
1113 0.338178577862595
1114 0.338470619889029
1115 0.33876503612152
1116 0.339047128801072
1117 0.339318632857325
1118 0.339643737664329
1119 0.339952642944993
1120 0.340230468783964
1121 0.340510967411922
1122 0.340776711726735
1123 0.341053630761853
1124 0.341326516736846
1125 0.341614815520652
1126 0.341906921117741
1127 0.34223165597427
1128 0.342563023831324
1129 0.34287433582596
1130 0.343187119183257
1131 0.343484699086954
1132 0.343760873842925
1133 0.344029203009409
1134 0.344303340914535
1135 0.344590057253109
1136 0.344856880566508
1137 0.345106514495389
1138 0.345364579154876
1139 0.345605982470214
1140 0.345871382076868
1141 0.346158863975317
1142 0.34643693743473
1143 0.346729985568122
1144 0.347014289749584
1145 0.347248294087474
1146 0.347478703565119
1147 0.347743474468065
1148 0.34801211614539
1149 0.3483140414605
1150 0.348580323845938
1151 0.348837754974645
1152 0.349119232822237
1153 0.349366312454297
1154 0.349590673340564
1155 0.349855185195764
1156 0.350111696862524
1157 0.350364927968135
1158 0.350635118253595
1159 0.350916493411863
1160 0.351191854862795
1161 0.35148853651891
1162 0.351777841278291
1163 0.352074508578106
1164 0.352346739936429
1165 0.352586082633077
1166 0.352848217584909
1167 0.353129367471773
1168 0.353388393887422
1169 0.353647705322125
1170 0.353909486460449
1171 0.354155349044187
1172 0.354425851541573
1173 0.354736972263087
1174 0.354990766059424
1175 0.355213072787483
1176 0.355466802451624
1177 0.355680496963618
1178 0.355944190415773
1179 0.35626459472359
1180 0.35658310936045
1181 0.356871490749422
1182 0.357138488388901
1183 0.357354511145553
1184 0.357558885410595
1185 0.357793412763272
1186 0.35800744647546
1187 0.358208490231579
1188 0.358394095629051
1189 0.358604163089042
1190 0.358791263005771
1191 0.359030346757024
1192 0.359317214201085
1193 0.359592334283056
1194 0.359899557639607
1195 0.360164949935682
1196 0.360428387789289
1197 0.360672214932408
1198 0.360891085884233
1199 0.361093316384393
1200 0.361280773468926
1201 0.361483524955623
1202 0.361680951450339
1203 0.361885824393792
1204 0.362092526550255
1205 0.362301598265991
1206 0.362510575956637
1207 0.362721794238652
1208 0.362936534982083
1209 0.363175412026883
1210 0.363375035124234
1211 0.363555568667091
1212 0.363735579382773
1213 0.363863961477103
1214 0.364048042301019
1215 0.364279655106182
1216 0.364484220279673
1217 0.364707974368973
1218 0.364903848547085
1219 0.365082541304616
1220 0.365311477212949
1221 0.365546717996644
1222 0.365827275686272
1223 0.366055730471104
1224 0.366282809289465
1225 0.366483808972431
1226 0.366646731298049
1227 0.366822285853709
1228 0.366982677910362
1229 0.367160290766889
1230 0.367334448855382
1231 0.367528671580147
1232 0.367751334808242
1233 0.367958264482927
1234 0.368164001911053
1235 0.368374604346502
1236 0.368584808545994
1237 0.368798130617749
1238 0.368991887302923
1239 0.369176291142209
1240 0.369368914638508
1241 0.369537050213603
1242 0.369735256807642
1243 0.369954546764485
1244 0.370178008894152
1245 0.370417276785331
1246 0.370636897748715
1247 0.370869746210588
1248 0.371080487952781
1249 0.371251040083555
1250 0.37145480473428
1251 0.37168758883631
1252 0.371887452509211
1253 0.372080766786257
1254 0.372275560057303
1255 0.37241774764642
1256 0.37260842783782
1257 0.372815370800246
1258 0.373069396191119
1259 0.37331814252271
1260 0.373594590290971
1261 0.373867192829026
1262 0.374170634605788
1263 0.374408382175313
1264 0.374637813310159
1265 0.374841546269104
1266 0.374971715158777
1267 0.375149956474295
1268 0.375367541307505
1269 0.375525754699014
1270 0.375647092337835
1271 0.375795356627556
1272 0.375896575911108
1273 0.376047423149827
1274 0.376255144648408
1275 0.376444487822548
1276 0.376651762480181
1277 0.376842844571835
1278 0.377029187522249
1279 0.377205212749391
1280 0.377370318188845
1281 0.377528095255027
1282 0.37766454145236
1283 0.377775479179303
1284 0.377905024435254
1285 0.378026833603384
1286 0.378147385000714
1287 0.378275178707126
1288 0.378400629026476
1289 0.378520249903738
1290 0.378633518838051
1291 0.378761152335362
1292 0.378861383585093
1293 0.378908656248258
1294 0.379008044037311
1295 0.379136773379077
1296 0.379243655230229
1297 0.379372147993625
1298 0.3794892840276
1299 0.379584664226719
1300 0.379663854340371
1301 0.379776056709171
1302 0.379914111859987
1303 0.380023164563396
1304 0.380127162135509
1305 0.380239650129316
1306 0.38033932674662
1307 0.380452950543086
1308 0.380590006354814
1309 0.380704918473266
1310 0.380817644403979
1311 0.380914667047282
1312 0.380991304397204
1313 0.381079784476034
1314 0.381165033116318
1315 0.381245980040669
1316 0.381308633488291
1317 0.381408199088225
1318 0.381517736796115
1319 0.381635253432758
1320 0.381788924013882
1321 0.381936174776896
1322 0.382085504687264
1323 0.38222625638018
1324 0.382368181082696
1325 0.382520227547114
1326 0.382651383577483
1327 0.382768911240588
1328 0.382887173927535
1329 0.382990069927093
1330 0.383115076690878
1331 0.383241903469824
1332 0.383379450620163
1333 0.383529065414456
1334 0.383685407518075
1335 0.383847685295168
1336 0.384016703968457
1337 0.384216698487011
1338 0.384380951628889
1339 0.38456034260126
1340 0.38468434247871
1341 0.384726424647878
1342 0.384825956057614
1343 0.384929677375578
1344 0.385024971246153
1345 0.385159267375524
1346 0.385272106334288
1347 0.385350817620047
1348 0.385433376332668
1349 0.385522759029894
1350 0.385623869447629
1351 0.385709407417119
1352 0.385784535044498
1353 0.385871624674609
1354 0.38596874854366
1355 0.386039875861021
1356 0.386108655474655
1357 0.386168556729683
1358 0.386185265719062
1359 0.386250561778159
1360 0.386324956797793
1361 0.386427190854658
1362 0.386572227667201
1363 0.386699786489342
1364 0.386831672837706
1365 0.386976824344578
1366 0.387137279373608
1367 0.387275795895514
1368 0.387425937545098
1369 0.387557917224296
1370 0.387683534177389
1371 0.387771812127811
1372 0.387840028678854
1373 0.387889938827255
1374 0.387928143639019
1375 0.38792942396833
1376 0.387901497862867
1377 0.387871778160918
1378 0.387778233869667
1379 0.387606796312962
1380 0.387478030005018
1381 0.387327286207202
1382 0.387189983568606
1383 0.387081226803263
1384 0.386926962341998
1385 0.386760513328087
1386 0.386571871549096
1387 0.386359014938739
1388 0.386133188698345
1389 0.38590917092217
1390 0.385635052281243
1391 0.38531367647525
1392 0.384994623973458
1393 0.384645370231142
1394 0.384288120137446
1395 0.383930830020592
1396 0.383557987681716
1397 0.383158208865186
1398 0.38275641084541
1399 0.382341346887914
1400 0.381932449212998
1401 0.381526395380661
1402 0.381121935688127
1403 0.380665136177857
1404 0.38021834781391
1405 0.379762631726361
1406 0.379251428787943
1407 0.378829972268381
1408 0.378441318650626
1409 0.378077249631737
1410 0.377734837456247
1411 0.377458753141361
1412 0.37719304403082
1413 0.377039629671167
1414 0.376941268873574
1415 0.376956877960179
1416 0.377056321130592
1417 0.377255238764634
1418 0.377594229345294
1419 0.377940418950403
1420 0.378390875160083
1421 0.378813179115641
1422 0.37926689341934
1423 0.379706225325406
1424 0.380166397644981
1425 0.380593454662456
1426 0.381011032511882
1427 0.381407863182591
1428 0.381791400265076
1429 0.382140419720981
1430 0.382449652752311
1431 0.382762485063853
1432 0.383039780796516
1433 0.383329763527108
1434 0.383632109706376
1435 0.383942833480567
1436 0.384256409478459
1437 0.384575135308462
1438 0.38489554271469
1439 0.385218974801603
1440 0.385557147335566
1441 0.385922642821444
1442 0.386232618902012
1443 0.386545107691954
1444 0.386810788610042
1445 0.387025322153976
1446 0.387237405689213
1447 0.387415899622213
1448 0.387618193490015
1449 0.387798484626045
1450 0.388012731572545
1451 0.388269493328604
1452 0.388491898295321
1453 0.388730620377449
1454 0.388924437797763
1455 0.389058820971068
1456 0.38923946098269
1457 0.389415671373252
1458 0.389600100149835
1459 0.389802512896765
1460 0.390020188074028
1461 0.390274363767397
1462 0.390476264495096
1463 0.390678375517655
1464 0.39086457375852
1465 0.390981232662206
1466 0.391127813143828
1467 0.391289596018099
1468 0.391455936172383
1469 0.391615272324383
1470 0.391797678584398
1471 0.392018452762842
1472 0.392226257153398
1473 0.39242676091991
1474 0.392651718873475
1475 0.392844216314178
1476 0.393011187449319
1477 0.393189393396087
1478 0.393349865224553
1479 0.393550881903916
1480 0.393766799499737
1481 0.393987607415164
1482 0.394246726304505
1483 0.394472391797598
1484 0.394684545548665
1485 0.394896570357928
1486 0.395107916601841
1487 0.395298511853008
1488 0.395476159279839
1489 0.395652576517661
1490 0.395807750639338
1491 0.39597895572302
1492 0.396155002744539
1493 0.39632947671744
1494 0.396517765937881
1495 0.396682632925461
1496 0.396814773011137
1497 0.396991149491225
1498 0.39716392240529
1499 0.39736592179178
1500 0.397627278776891
1501 0.397857790039517
1502 0.398105578911387
1503 0.398312567483808
1504 0.398497982372098
1505 0.398668992531301
1506 0.398789883047187
1507 0.39893728469279
1508 0.399085386113831
1509 0.399236151083075
1510 0.399390276895447
1511 0.399557699676304
1512 0.399740549496719
1513 0.399912767747401
1514 0.400111033271419
1515 0.400277185089524
1516 0.400428961633625
1517 0.40054392095774
1518 0.400655585504529
1519 0.400778836499725
1520 0.400900830813977
1521 0.401020976588744
1522 0.401128416918281
1523 0.401214083769786
1524 0.401347180088943
1525 0.401491086400856
1526 0.401641178183911
1527 0.401828210262901
1528 0.401983612041051
1529 0.402112536728442
1530 0.402278266986374
1531 0.402454635810351
1532 0.402645129138682
1533 0.402868655889135
1534 0.403057750481659
1535 0.40326132947036
1536 0.403408696211015
1537 0.403520222781838
1538 0.40361997244787
1539 0.403683779370566
1540 0.403745337868527
1541 0.403778662475492
1542 0.40384263926667
1543 0.40388212905435
1544 0.403983236801289
1545 0.404128500073916
1546 0.404276927617768
1547 0.404480857588075
1548 0.404638476163756
1549 0.404791676426114
1550 0.40492965191929
1551 0.4050305257868
1552 0.40515497026155
1553 0.405258498575856
1554 0.405414851754525
1555 0.405625402466677
1556 0.405798367348609
1557 0.406008761042342
1558 0.406166848416354
1559 0.406272793217711
1560 0.406384141612271
1561 0.406474445461989
1562 0.406568981081485
1563 0.406655730369275
1564 0.406743589655004
1565 0.406812117047161
1566 0.406914726302484
1567 0.407036434698765
1568 0.407157000591319
1569 0.407334538802369
1570 0.407448955774742
1571 0.407511328457657
1572 0.407595414299546
1573 0.407629921745362
1574 0.407716899144764
1575 0.407840196855878
1576 0.407976909642025
1577 0.40816273416582
1578 0.408321777723038
1579 0.408513890464936
1580 0.408648056811402
1581 0.408739444417388
1582 0.4088174585519
1583 0.408815843691297
1584 0.408871810135774
1585 0.408945317504986
1586 0.409029193397057
1587 0.409158275019376
1588 0.409275160505326
1589 0.409395175823324
1590 0.409505035833241
1591 0.409595736771315
1592 0.409708594244682
1593 0.409830640431114
1594 0.409948370671217
1595 0.410104336956604
1596 0.410222833048277
1597 0.410286817175235
1598 0.410383525628275
1599 0.410479086744002
1600 0.410577059523764
1601 0.410702786374156
1602 0.410850729734076
1603 0.410974395601953
1604 0.411069530961208
1605 0.411132534066687
1606 0.411162556421208
1607 0.411203125796859
1608 0.411199834462139
1609 0.411276913482917
1610 0.411394172221491
1611 0.411486972414176
1612 0.411589851289279
1613 0.411740420425697
1614 0.411894171733453
1615 0.412073811629931
1616 0.412330793607514
1617 0.412503029500573
1618 0.412650909053892
1619 0.412765246451169
1620 0.412841756655022
1621 0.412933947597499
1622 0.4129872405987
1623 0.413099439538617
1624 0.413256117416234
1625 0.413355291743058
1626 0.41345635863364
1627 0.413533910954537
1628 0.413558059584991
1629 0.413638996881801
1630 0.413738344823414
1631 0.413849353491536
1632 0.413992222717859
1633 0.414087212295013
1634 0.414187847845925
1635 0.414237415787339
1636 0.414218256389727
1637 0.414293585600749
1638 0.414381807274909
1639 0.414474779246624
1640 0.414609172294462
1641 0.414747774288643
1642 0.41487739816689
1643 0.415020700727299
1644 0.415227289717925
1645 0.415339177141996
1646 0.415398595624136
1647 0.415469110369679
1648 0.415499832940491
1649 0.415581027049251
1650 0.415685051898759
1651 0.415766598486877
1652 0.415854318651879
1653 0.415936533187269
1654 0.415993507206545
1655 0.416067693359931
1656 0.416193183344872
1657 0.416346056922397
1658 0.416508026899256
1659 0.416682609519258
1660 0.416820293724286
1661 0.416876277750967
1662 0.416918537406393
1663 0.416939195391595
1664 0.416982306673339
1665 0.417069430880545
1666 0.417137119746576
1667 0.417218396631376
1668 0.417289776200034
1669 0.417392213374339
1670 0.417541274577895
1671 0.417636305144592
1672 0.417743370621327
1673 0.417879974401442
1674 0.418005107869886
1675 0.418187001338025
1676 0.418364626447434
1677 0.418470544231132
1678 0.418574115709908
1679 0.418723055558004
1680 0.418880263030637
1681 0.419022076315321
1682 0.419181980656765
1683 0.419331870121655
1684 0.419464256108119
1685 0.419620651643727
1686 0.419721863842864
1687 0.419709216312181
1688 0.419719117054591
1689 0.419798831725608
1690 0.41988226044587
1691 0.420007204094029
1692 0.420165704421669
1693 0.420248497124532
1694 0.420283052854647
1695 0.4203122565888
1696 0.420335681222283
1697 0.420389274489221
1698 0.420488360078032
1699 0.420703113820586
1700 0.420862160028942
1701 0.421035234278026
1702 0.421175538659634
1703 0.421287187786396
1704 0.421383652565886
1705 0.421420387073901
1706 0.421496143777807
1707 0.4215984691562
1708 0.421654681900489
1709 0.421728895213971
1710 0.421782450673587
1711 0.421776195879817
1712 0.421779623541953
1713 0.421777094624536
1714 0.421779469961995
1715 0.421798666961616
1716 0.42178380660473
1717 0.421745850099212
1718 0.421726144912423
1719 0.421669298753666
1720 0.421629146411527
1721 0.421596167241779
1722 0.421628654893719
1723 0.421701383694346
1724 0.42178410812966
1725 0.421945081576948
1726 0.422032594731906
1727 0.42206938548138
1728 0.4221290105518
1729 0.422183898780356
1730 0.422234777813294
1731 0.422311809939769
1732 0.422310764714249
1733 0.422231828678843
1734 0.422278340230133
1735 0.42233993809734
1736 0.422413018278996
1737 0.422574158235996
1738 0.422665706714455
1739 0.422696544364704
1740 0.422819515201799
1741 0.422942673574532
1742 0.423071154312502
1743 0.423133847889201
1744 0.423103293119947
1745 0.423061083974258
1746 0.423011636213527
1747 0.422953059293484
1748 0.422926115459437
1749 0.422933113062241
1750 0.422892390527277
1751 0.422830224162935
1752 0.422828958556
1753 0.422816018149518
1754 0.422856094859154
1755 0.422927500583807
1756 0.422950983588881
1757 0.423013086657158
1758 0.423031393812277
1759 0.423027679024252
1760 0.423099338512223
1761 0.423163071504707
1762 0.423162588854406
1763 0.423215966530528
1764 0.42333811153279
1765 0.423363209449611
1766 0.423410087806705
1767 0.423533028250883
1768 0.42353587729927
1769 0.42351308621414
1770 0.423528811912539
1771 0.423546082711813
1772 0.423561436634308
1773 0.423548768705011
1774 0.423532141386224
1775 0.423527147352365
1776 0.423490167117773
1777 0.423499532492602
1778 0.42355192438004
1779 0.4235950282601
1780 0.423662647023352
1781 0.423691228659852
1782 0.423694786007729
1783 0.42365043228915
1784 0.423591492028047
1785 0.423621674534277
1786 0.423672299864228
1787 0.423701946225076
1788 0.423758253568739
1789 0.423764929367727
1790 0.423777733358371
1791 0.423808072866274
1792 0.423795676240277
1793 0.423743005150578
1794 0.423716038600633
1795 0.42368100220282
1796 0.423610183611812
1797 0.423605995645006
1798 0.423633930383895
1799 0.423718296606184
1800 0.423907451104902
1801 0.424263546637572
1802 0.424213134711553
1803 0.424325984573327
1804 0.42444351946698
1805 0.424552654615558
1806 0.424667334755301
1807 0.424849432356398
1808 0.425076449941391
1809 0.425247248754851
1810 0.425450627280038
1811 0.425659905834634
1812 0.425781458093783
1813 0.425838010116397
1814 0.425814130702465
1815 0.425828482515412
1816 0.425889621822301
1817 0.425933547979664
1818 0.426051546058491
1819 0.426285178286836
1820 0.426439419583217
1821 0.426621535976575
1822 0.426783868097729
1823 0.426858956214333
1824 0.426848462215137
1825 0.426885124737531
1826 0.426831309580086
1827 0.426854657779326
1828 0.427032116237136
1829 0.42708033287771
1830 0.427071676688928
1831 0.427052458754707
1832 0.426963886978945
1833 0.426811323892539
1834 0.426862493253728
1835 0.426878078351689
1836 0.426882613254406
1837 0.426966173582119
1838 0.426998660484377
1839 0.426954395356023
1840 0.426947000358934
1841 0.426987778154537
1842 0.427042944124627
1843 0.427097468688375
1844 0.427174508383556
1845 0.427298581741597
1846 0.427324643189197
1847 0.427359563127831
1848 0.427376313571148
1849 0.427398808502698
1850 0.427419369635888
1851 0.427532841279728
1852 0.427639126934956
1853 0.42767973015398
1854 0.427645242985358
1855 0.427540383353549
1856 0.42745238002124
1857 0.427355756719736
1858 0.42728911123795
1859 0.42726048541751
1860 0.427275373142328
1861 0.427208512624702
1862 0.427033568818896
1863 0.426776866542724
1864 0.426505952307033
1865 0.426141892936161
1866 0.425755897666574
1867 0.425318050915388
1868 0.424844998725397
1869 0.424263536941659
1870 0.423725764239836
1871 0.423200133000535
1872 0.422795524669472
1873 0.422390173802217
1874 0.421892422647899
1875 0.421444332585234
1876 0.420859768143085
1877 0.420230209973109
1878 0.419587365014102
1879 0.418935438742583
1880 0.418137022582844
1881 0.41738732099646
1882 0.41651005963647
1883 0.415513106277816
1884 0.414477322179405
1885 0.413154897724303
1886 0.411725734184232
1887 0.410250190425733
1888 0.408722136218644
1889 0.407105005596224
1890 0.405474176053998
1891 0.403700859799328
1892 0.401789232057251
1893 0.399736432372442
1894 0.397510545015895
1895 0.395324557699721
1896 0.39305397850518
1897 0.390660847965969
1898 0.388400923461313
1899 0.386150877111952
1900 0.383782788101651
1901 0.381648335035998
1902 0.379625657591973
1903 0.37770238179316
1904 0.375987454931175
1905 0.374617989438619
1906 0.373282953314666
1907 0.372107863309589
1908 0.371129745975717
1909 0.370201685014958
1910 0.369481389539166
1911 0.369003929005692
1912 0.368598968517067
1913 0.368313744296008
1914 0.3682066388454
1915 0.368121703489612
1916 0.368060380438121
1917 0.368129296820284
1918 0.368216347975355
1919 0.368478593098393
1920 0.368838476952722
1921 0.369159898601145
1922 0.369500817774342
1923 0.369905269122124
1924 0.370322608119073
1925 0.370771608539661
1926 0.371269502223715
1927 0.371811471513628
1928 0.372368845481975
1929 0.372918623549577
1930 0.373550701477683
1931 0.374092777711584
1932 0.37463845011035
1933 0.375177616710954
1934 0.375687537259275
1935 0.376123381312536
1936 0.376678455569271
1937 0.377193761976621
1938 0.377695511434533
1939 0.378357426398498
1940 0.378898447696398
1941 0.379365026110773
1942 0.379914079845466
1943 0.380439770447613
1944 0.380919206752249
1945 0.38140815272644
1946 0.38194121920801
1947 0.382405811722506
1948 0.382784255575146
1949 0.383227526510451
1950 0.383678487411487
1951 0.384179563878865
1952 0.384593211787167
1953 0.38501609105729
1954 0.385500155379696
1955 0.385995461391107
1956 0.386493691705956
1957 0.387071810505155
1958 0.387575635231075
1959 0.388039069647624
1960 0.388493705677528
1961 0.388921174243074
1962 0.389456484271729
1963 0.389952801552339
1964 0.390389031871934
1965 0.390869409700286
1966 0.391259252544933
1967 0.391739570862703
1968 0.392265513720116
1969 0.392798499496214
1970 0.393395402811318
1971 0.393968723246753
1972 0.394571555962845
1973 0.395075099587163
1974 0.395598107595301
1975 0.396152803579987
1976 0.396704096202356
1977 0.397264149947649
1978 0.397777298854593
1979 0.398287474326661
1980 0.398744196671235
1981 0.399118111532875
1982 0.399546219085049
1983 0.399922211698676
1984 0.400379459214513
1985 0.40088465358528
1986 0.401447102691644
1987 0.40194306384982
1988 0.402503643645869
1989 0.402995850818133
1990 0.403359429904698
1991 0.403765612838609
1992 0.404098375776485
1993 0.404550519417358
1994 0.405100627772084
1995 0.405561959121721
1996 0.406030035264531
1997 0.406519459657818
1998 0.406968715262399
1999 0.407392907892694
2000 0.407949285953855
2001 0.408495110304066
2002 0.408942171808303
2003 0.40927453920061
2004 0.409766012638467
2005 0.410297111672326
2006 0.410773455226342
2007 0.411373111813469
2008 0.411823554958916
2009 0.41207626292179
2010 0.412446587697642
2011 0.412841775150422
2012 0.413248838864788
2013 0.413597719997119
2014 0.413992719627819
2015 0.414361487083377
2016 0.414665279677652
2017 0.415010811644392
2018 0.415418556397738
2019 0.41578370640641
2020 0.416128443967986
2021 0.416465356662108
2022 0.416808624434584
2023 0.417082788751913
2024 0.417253517267835
2025 0.417529859986172
2026 0.41777885067926
2027 0.418075849112213
2028 0.418471883346502
2029 0.418867937951802
2030 0.41919202798598
2031 0.419486607061745
2032 0.419788876059587
2033 0.420016506517841
2034 0.420304814580504
2035 0.420674064536371
2036 0.420972677790716
2037 0.421215287583173
2038 0.421497903663321
2039 0.421739380175421
2040 0.422034621830707
2041 0.422416374193056
2042 0.422812488173177
2043 0.423151302960193
2044 0.423556678660704
2045 0.423774729222206
2046 0.423817683483486
2047 0.423984026910897
2048 0.424079092760414
2049 0.424226376421953
2050 0.424480449689411
2051 0.42468417714717
2052 0.424799027838845
2053 0.425010150415543
2054 0.425313823250385
2055 0.425559077196251
2056 0.425808231488838
2057 0.426120274584512
2058 0.42637007794884
2059 0.426514879944504
2060 0.426781722597472
2061 0.427124138785219
2062 0.427380911531506
2063 0.427703402797049
2064 0.427924927579973
2065 0.427992073243969
2066 0.42815225031653
2067 0.428266781315233
2068 0.428469900629256
2069 0.428790730139918
2070 0.429130375774314
2071 0.429380244523365
2072 0.429658219484266
2073 0.429854218343836
2074 0.429945935931886
2075 0.430080257196576
2076 0.430168701490698
2077 0.430337270846949
2078 0.430565575428332
2079 0.430704814748987
2080 0.430853182009699
2081 0.431015289225597
2082 0.431036021959973
2083 0.431192399972689
2084 0.431475393576025
2085 0.431794118620206
2086 0.431985757174098
2087 0.43215091841574
2088 0.432338416076258
2089 0.432468721038957
2090 0.432596574731057
2091 0.432749914346552
2092 0.432899766275152
2093 0.432983706915792
2094 0.433099566810323
2095 0.433265361657617
2096 0.433426874084526
2097 0.43361044127938
2098 0.433741833333641
2099 0.433802170720289
2100 0.43397062907823
2101 0.434183637428804
2102 0.434185593314699
2103 0.434290646128876
2104 0.434435079683447
2105 0.434581256301156
2106 0.434724375625732
2107 0.434855555253032
2108 0.434977995598633
2109 0.435157308078245
2110 0.435268471607514
2111 0.435517282337771
2112 0.436013056680524
2113 0.436313044372447
2114 0.436579640484208
2115 0.436832451269301
2116 0.437077646463461
2117 0.437085891432557
2118 0.437236670721757
2119 0.437462220181999
2120 0.437639020421093
2121 0.437793987426955
2122 0.438012935018388
2123 0.438282592700763
2124 0.438465489211244
2125 0.438649731128295
2126 0.438797739131379
2127 0.438829121452691
2128 0.438970669544633
2129 0.439213606808185
2130 0.439357558832752
2131 0.439509436693816
2132 0.439622578294014
2133 0.4396281966938
2134 0.439688661195034
2135 0.43977192817117
2136 0.439740037263838
2137 0.439733268609788
2138 0.439688068068213
2139 0.43966513453213
2140 0.439670200756265
2141 0.439607412942456
2142 0.43952176644052
2143 0.439410073160007
2144 0.439249588948167
2145 0.439065454158498
2146 0.438939932141492
2147 0.438659413555822
2148 0.438140195664546
2149 0.437809371742306
2150 0.437550458758872
2151 0.437184581704904
2152 0.436758115383253
2153 0.436518896475094
2154 0.436291675576288
2155 0.435934113746541
2156 0.435627353129946
2157 0.435525520679378
2158 0.4351356896378
2159 0.434548897983799
2160 0.43399539938327
2161 0.433284105534789
2162 0.432790375874755
2163 0.432344019287276
2164 0.431899363779375
2165 0.431607069385012
2166 0.431239075580827
2167 0.430775365014664
2168 0.430399309293734
2169 0.430172325662075
2170 0.429804568940342
2171 0.429319181981557
2172 0.428920923863297
2173 0.428550605840122
2174 0.428080845451718
2175 0.427634285330778
2176 0.427242932068623
2177 0.426828432514287
2178 0.426381519106157
2179 0.425880358836681
2180 0.425414316636952
2181 0.424891642274854
2182 0.424186492876321
2183 0.423641174757965
2184 0.423210186519828
2185 0.422687469455203
2186 0.422158293277574
2187 0.421654446752008
2188 0.421125529505956
2189 0.420612478738729
2190 0.420245972964401
2191 0.41967897773638
2192 0.418870055929818
2193 0.418221320303263
2194 0.417614064410893
2195 0.416943725838406
2196 0.416101939580462
2197 0.415512253009579
2198 0.414848519249098
2199 0.413974651703211
2200 0.413406790803253
2201 0.413171457515588
2202 0.41262974188643
2203 0.411987256712986
2204 0.411469576120099
2205 0.41076782654717
2206 0.41041843454475
2207 0.410343551190605
2208 0.410260225512295
2209 0.410329123610947
2210 0.410433843940578
2211 0.410460012943807
2212 0.410779133178021
2213 0.411394157781947
2214 0.411952742525624
2215 0.412755945536844
2216 0.413459507093022
2217 0.414175107792105
2218 0.414748187168405
2219 0.415246305886189
2220 0.415672477645324
2221 0.416141823195481
2222 0.416527726232652
2223 0.41691363864101
2224 0.417427614193951
2225 0.417669251961135
2226 0.417656924954461
2227 0.417807867574715
2228 0.417881136257497
2229 0.418027050131455
2230 0.418407900168594
2231 0.418444891762801
2232 0.418201871617508
2233 0.418207612169939
2234 0.418100641241711
2235 0.418105788178012
2236 0.418407591036254
2237 0.418538302421787
2238 0.418587725937107
2239 0.418617481377548
2240 0.418547870627034
2241 0.418554592296444
2242 0.418619031705833
2243 0.418627499729453
2244 0.418623486894973
2245 0.418632730858372
2246 0.418895262548984
2247 0.418893340578853
2248 0.419015667698802
2249 0.419272060994949
2250 0.419324132776027
2251 0.419134092031888
2252 0.419179602420767
2253 0.41928496914461
2254 0.419412225549449
2255 0.419626268665442
2256 0.419795737496763
2257 0.420017417980461
2258 0.420104727575097
2259 0.419961845800419
2260 0.420212968160585
2261 0.420758646436587
2262 0.420934139399092
2263 0.421163515017142
2264 0.421378976495039
2265 0.421164197569032
2266 0.421230447443147
2267 0.421618749768544
2268 0.421914138658124
2269 0.422296421388523
2270 0.422512617837048
2271 0.422650528151764
2272 0.422786015376223
2273 0.422818528104969
2274 0.422771257591003
2275 0.422870991227443
2276 0.422691534797774
2277 0.422238565175717
2278 0.42159219291855
2279 0.421261221269655
2280 0.42090615727045
2281 0.420770217106658
2282 0.421076719187074
2283 0.420988916999208
2284 0.420956509417543
2285 0.420911953382546
2286 0.420862748592935
2287 0.420695358781237
2288 0.420374949913066
2289 0.420355827670811
2290 0.420429731656645
2291 0.420462882698086
2292 0.420807750164438
2293 0.420741937952365
2294 0.420366363446955
2295 0.420093186449487
2296 0.419569729335144
2297 0.419460390909354
2298 0.419682802763274
2299 0.419563184431812
2300 0.419582669228176
2301 0.419396041898214
2302 0.418656935677295
2303 0.418425739677037
2304 0.418306545293498
2305 0.418434388077362
2306 0.419151903415107
2307 0.419416181962513
2308 0.419829838973674
2309 0.419808199225145
2310 0.41911158215711
2311 0.418773607009878
2312 0.41818634705301
2313 0.418016195024361
2314 0.418427530611122
2315 0.418499498909824
2316 0.4186180192891
2317 0.418677414643639
2318 0.418345744524393
2319 0.418348213625543
2320 0.418730444668563
2321 0.418920476639895
2322 0.418874723509765
2323 0.418720526022662
2324 0.418297713515435
2325 0.418032504424038
2326 0.418075446579806
2327 0.418023926428007
2328 0.417715442161098
2329 0.417129612489588
2330 0.41635304423581
2331 0.416134185854627
2332 0.416206431045993
2333 0.416192762922915
2334 0.416319117894201
2335 0.416216437972974
2336 0.416026115012961
2337 0.41559609523074
2338 0.415262993367529
2339 0.414928197722966
2340 0.414478035648597
2341 0.413779140559619
2342 0.413651183422993
2343 0.413790450818858
2344 0.413739466646282
2345 0.414131444412737
2346 0.413866770726933
2347 0.412875587220831
2348 0.412542663059113
2349 0.412418097682263
2350 0.412135799350184
2351 0.412083623263594
2352 0.411926355363624
2353 0.411446667593885
2354 0.411232875025879
2355 0.411268807510504
2356 0.411245682150015
2357 0.411173554081834
2358 0.411199607520435
2359 0.411528247203662
2360 0.411300015473398
2361 0.410844867989278
2362 0.41038763690581
2363 0.409455825381428
2364 0.408946087365014
2365 0.408390221064272
2366 0.408578129937195
2367 0.409473911243898
2368 0.40987146605997
2369 0.410867037249262
2370 0.410942682963128
2371 0.409841831288075
2372 0.409743769513231
2373 0.409974985017997
2374 0.410001934563978
2375 0.410676710726124
2376 0.410441231338023
2377 0.409132830222208
2378 0.408527217852807
2379 0.408098561997169
2380 0.407536680183519
2381 0.407016712568798
2382 0.406870347452865
2383 0.406766793416206
2384 0.406502580503859
2385 0.406768862611672
2386 0.406565145100502
2387 0.405812505466929
2388 0.405131161415603
2389 0.404032456311914
2390 0.403630025949725
2391 0.403514923431084
2392 0.403600341928122
2393 0.404639291281092
2394 0.404897885985831
2395 0.40464964851985
2396 0.404464173172145
2397 0.403868487835789
2398 0.403714347179454
2399 0.403882190394293
2400 0.403993258716644
2401 0.404281062251546
2402 0.404445779327182
2403 0.404784143097128
2404 0.404725413974182
2405 0.404206999510854
2406 0.403927686374723
2407 0.403522343683
2408 0.403135116839948
2409 0.402974556151391
2410 0.402712098020326
2411 0.402544212823222
2412 0.401831171644456
2413 0.400982667800291
2414 0.39985188156865
2415 0.397514595534907
2416 0.396347321152132
2417 0.395364164031009
2418 0.395062937838054
2419 0.39630054244371
2420 0.396430502121882
2421 0.396682360808143
2422 0.3962370074167
2423 0.394432152305216
2424 0.393798832316043
2425 0.39348566676982
2426 0.393083732963412
2427 0.393210957274823
2428 0.392969155147013
2429 0.392372694369763
2430 0.392053838993711
2431 0.392435485308654
2432 0.391856554229357
2433 0.390292536641858
2434 0.389823086428931
2435 0.389385866891297
2436 0.388766257401665
2437 0.388646311376366
2438 0.38821004706857
2439 0.387406235276006
2440 0.386395449022118
2441 0.386105532257662
2442 0.384267638748073
2443 0.381907592685247
2444 0.382448457789364
2445 0.381974575044113
2446 0.382662779939247
2447 0.384471313637543
2448 0.385205591327283
2449 0.384786861209198
2450 0.383365410297238
2451 0.382504628203788
2452 0.382510967664237
2453 0.382622018482074
2454 0.382060996259664
2455 0.38207041394874
2456 0.382269289070568
2457 0.382172667733454
2458 0.382379221002721
2459 0.381351474198802
2460 0.378509732330162
2461 0.376085671749799
2462 0.376662427602577
2463 0.37766360148512
2464 0.377407031613377
2465 0.376381251255414
2466 0.372546551348004
2467 0.371391682962356
2468 0.372002029851161
2469 0.371859792203636
2470 0.373535376124267
2471 0.373305848014758
2472 0.37037389392012
2473 0.369959986664988
2474 0.370237336232535
2475 0.370850338865858
2476 0.374159376412377
2477 0.374266392665745
2478 0.371801645555372
2479 0.371149927456253
2480 0.370539776472316
2481 0.368900222904858
2482 0.367283683076019
2483 0.36662789185934
2484 0.364598695347004
2485 0.363793540090159
2486 0.364778156234856
2487 0.366528403400521
2488 0.369785191375941
2489 0.36948775516545
2490 0.369342628226849
2491 0.366952110400284
2492 0.362224063853547
2493 0.360346065592317
2494 0.361724015205365
2495 0.3632732207428
2496 0.362419965014811
2497 0.364774580442641
2498 0.367123619744204
2499 0.368203418391626
2500 0.370841875500167
