"Wavelength" "M028a_m4-w2"
350 0.0885319840691293
351 0.0831642760334474
352 0.0804053105781098
353 0.0789603172975654
354 0.0759271532346519
355 0.0784909260348474
356 0.0805807941394953
357 0.080742829748073
358 0.0819045425025594
359 0.0817704934759601
360 0.0808928337228305
361 0.081138975629487
362 0.0863648329353425
363 0.0823820832846529
364 0.0784469507491205
365 0.083513839434427
366 0.0796922611114984
367 0.0780692173978451
368 0.0791178457836678
369 0.0778301000855747
370 0.0828846591664267
371 0.0819116766414866
372 0.0741109830429819
373 0.0747023029489841
374 0.0762986532273729
375 0.0772037023004108
376 0.0774725602196325
377 0.0788837852258486
378 0.0783416308002953
379 0.0769126503497485
380 0.0770883693176799
381 0.0787361074988284
382 0.0788900467462186
383 0.0776774492944109
384 0.0780452919874155
385 0.0777672542143079
386 0.0776655058278998
387 0.0782084198566712
388 0.0781338331213239
389 0.0775198666955273
390 0.076630054823781
391 0.0759682924155581
392 0.0766930013950201
393 0.0776069927722189
394 0.0774528230121936
395 0.0754206549568676
396 0.0760224901370484
397 0.0763385843027106
398 0.0750245594663723
399 0.0756675273123031
400 0.0772468044524948
401 0.0785030979356613
402 0.0783906214683073
403 0.077047066595156
404 0.0769990817965047
405 0.077785579003857
406 0.0769537030070764
407 0.0776042200639378
408 0.0777323481341764
409 0.0766862530460446
410 0.0777046767120901
411 0.0778827023526927
412 0.0777472744329145
413 0.0784841569518149
414 0.0793802445892236
415 0.0790843621273521
416 0.0783801136368081
417 0.0795213591429891
418 0.0793420932362916
419 0.0792219328486826
420 0.0799588943101988
421 0.0795557009486558
422 0.0797900106636172
423 0.0804383098344113
424 0.0806866645318654
425 0.0806037181892732
426 0.0807299509594726
427 0.0809361722441696
428 0.0804878036174123
429 0.0807145545460143
430 0.0815792618580365
431 0.0825897229421961
432 0.0829122882688941
433 0.0826605720865477
434 0.0823983920138385
435 0.0827800972459995
436 0.0834974482560229
437 0.0837350118067228
438 0.0836133000541603
439 0.0844190327289146
440 0.0848483090707915
441 0.0850803018879144
442 0.0854017685555357
443 0.0851518947819593
444 0.0854381354445885
445 0.0859812020988423
446 0.0857922291505813
447 0.0858841750640214
448 0.0863364540055265
449 0.0868258380102034
450 0.0865370840745329
451 0.0865799791473435
452 0.0866801550136506
453 0.0864671242857707
454 0.0872342064852612
455 0.0875247314438163
456 0.0873496693935031
457 0.0879707795287522
458 0.0883720954193348
459 0.0884195315431068
460 0.088268530293318
461 0.088338808093031
462 0.0887452674228198
463 0.0890926853206903
464 0.0889262298081557
465 0.0890347944589
466 0.0893502183416788
467 0.0896447857058512
468 0.0895936388376306
469 0.0897869870348308
470 0.0901537014841023
471 0.0904697002249899
472 0.0905954194329893
473 0.0907360525310968
474 0.0909421364077476
475 0.0911517301178085
476 0.0913378600114801
477 0.0914953606274927
478 0.0916322206875294
479 0.0917760142106774
480 0.0918563245390035
481 0.0920368100617851
482 0.0924443284420371
483 0.0925182375002626
484 0.0927295108246773
485 0.0931215173513666
486 0.093227882151715
487 0.0937613440087636
488 0.0942164193059866
489 0.094173184733368
490 0.0942625752285676
491 0.0945725592818146
492 0.0949635268002488
493 0.0951744101150248
494 0.095290571933689
495 0.0955404147817277
496 0.0959372194325621
497 0.0960466788620314
498 0.0964409931156371
499 0.0968617840231259
500 0.0969160400944857
501 0.097100618772541
502 0.0974493763357749
503 0.097830527175335
504 0.0979791959398803
505 0.098320816107746
506 0.0986500920992867
507 0.0988110249993833
508 0.0992835324939225
509 0.0995834775911113
510 0.0997573705095503
511 0.100154936854205
512 0.100407130484224
513 0.100653795787158
514 0.100983936175097
515 0.101251142673337
516 0.101533886179892
517 0.101791247818971
518 0.101986524532984
519 0.102371738280854
520 0.102755206698536
521 0.103020899470247
522 0.103180728306554
523 0.103487647016659
524 0.103874107771684
525 0.104223402263787
526 0.104578506095276
527 0.104950919986142
528 0.10531490696089
529 0.105622679038793
530 0.105932403889076
531 0.106303885918965
532 0.106720780301057
533 0.106998539012715
534 0.107157837738923
535 0.107406906084454
536 0.107956088803028
537 0.108289138379004
538 0.108603965067963
539 0.109002240654952
540 0.109329142459296
541 0.109697623909153
542 0.110086619840957
543 0.110446163227659
544 0.11078639305125
545 0.111126949924209
546 0.111482220125321
547 0.111859385750284
548 0.112208948736398
549 0.112569002720487
550 0.112972977374988
551 0.113373507213762
552 0.113849425924466
553 0.114331751325199
554 0.114676923997872
555 0.115081846442849
556 0.115498411250967
557 0.115895318003346
558 0.116359828853585
559 0.116781012692737
560 0.117189224466407
561 0.117641924002269
562 0.117955325443057
563 0.118308275055428
564 0.118728673009987
565 0.11900055836274
566 0.11931321899744
567 0.119603351482448
568 0.119790354003725
569 0.120003251311615
570 0.120335112913342
571 0.120781282952173
572 0.121243210696286
573 0.121612981098491
574 0.1219708917328
575 0.122394048536257
576 0.122834226435107
577 0.123179542550001
578 0.123462214511717
579 0.123796199831364
580 0.124143760648948
581 0.124450052298828
582 0.124686665311153
583 0.124863469217244
584 0.12516779381743
585 0.125506401643651
586 0.125722190972245
587 0.125954678584397
588 0.126295381441898
589 0.126726016931517
590 0.127102355808733
591 0.127381480052898
592 0.127680290052421
593 0.128083323284812
594 0.128364218480785
595 0.128636981745857
596 0.128937223733536
597 0.129233263786213
598 0.129581568151501
599 0.129926631551101
600 0.130216701975655
601 0.130451977020905
602 0.130685305663745
603 0.130943481551901
604 0.131233325680325
605 0.131526792358574
606 0.131783711592197
607 0.132014400426398
608 0.132316290145569
609 0.132616485348153
610 0.132899096085796
611 0.133173863179416
612 0.133478534016816
613 0.133772834415719
614 0.134051822757269
615 0.134355591530363
616 0.134652804279458
617 0.134954755279464
618 0.135267875403918
619 0.135540593287592
620 0.13587371056435
621 0.136228289125776
622 0.136474893642011
623 0.136754929114863
624 0.137066314666679
625 0.137391309760681
626 0.137739414263183
627 0.1380517383865
628 0.138351329090155
629 0.138690698111628
630 0.139029427658087
631 0.13934750454442
632 0.13964790174179
633 0.139967501668469
634 0.140221641268561
635 0.140483879067257
636 0.140842447918441
637 0.141209823397263
638 0.141543139783796
639 0.141856168390353
640 0.142214125474489
641 0.14254831710985
642 0.142868625158963
643 0.143194352429473
644 0.1435233112977
645 0.143851060520516
646 0.14418455518065
647 0.144534786437488
648 0.144890151529759
649 0.145232160711396
650 0.14556095985196
651 0.145914679880509
652 0.146275020093432
653 0.146618840320874
654 0.146931229599595
655 0.147261486124024
656 0.147590845098992
657 0.147931019325561
658 0.148336047488397
659 0.148654110493438
660 0.148954293113284
661 0.14932725173863
662 0.149724435706568
663 0.150113481068772
664 0.150483675288007
665 0.150843194719452
666 0.151218576602317
667 0.151574986374047
668 0.151898239559752
669 0.152234571408577
670 0.152659603509836
671 0.153108071206856
672 0.153468938943171
673 0.153821201444409
674 0.154179488408369
675 0.154541930775591
676 0.154889441500617
677 0.15527467980487
678 0.15568264780333
679 0.156083788843975
680 0.156475866779978
681 0.156879506774736
682 0.157285853424153
683 0.157664549839871
684 0.15804978143598
685 0.158436249718361
686 0.158819481011099
687 0.159218676258109
688 0.159589833286952
689 0.159958835192851
690 0.160374089124162
691 0.16078563269769
692 0.161205108072833
693 0.161625691864063
694 0.162007081910001
695 0.162390883124229
696 0.162788306229925
697 0.163198876866296
698 0.163615158731953
699 0.164030266033335
700 0.164452490886948
701 0.164899528170172
702 0.16534119610295
703 0.165759035016978
704 0.166162757944816
705 0.166625023930885
706 0.167073733695312
707 0.167514670356398
708 0.167976730890142
709 0.16840791340368
710 0.168850454897626
711 0.169308981753721
712 0.169728994283551
713 0.170158049264586
714 0.17061377600066
715 0.171082728272893
716 0.171466680538289
717 0.171877587201499
718 0.172346644958982
719 0.172841430633951
720 0.173345344908495
721 0.173787675434789
722 0.17416004474645
723 0.174585010459784
724 0.175019518696381
725 0.175489289410717
726 0.176012216177015
727 0.176455698595445
728 0.176903196106047
729 0.177401128362825
730 0.177938861562667
731 0.178372396711484
732 0.178753661870923
733 0.179165249375038
734 0.179656469156437
735 0.180104936840926
736 0.180538815885953
737 0.181043928172467
738 0.181495495364091
739 0.181946569093628
740 0.182416099222153
741 0.182851394806334
742 0.18325337272048
743 0.183696476475023
744 0.184225241597947
745 0.184711916541391
746 0.185176420189533
747 0.185630890585715
748 0.1860848259494
749 0.186568711858127
750 0.187062082301152
751 0.187538787251725
752 0.187975107558386
753 0.188446454364125
754 0.188920737028097
755 0.189355272290349
756 0.189821702589007
757 0.190340132480246
758 0.190875729506437
759 0.191354560508646
760 0.191801582168785
761 0.192234499885587
762 0.192685870651335
763 0.193232052337714
764 0.193701597970921
765 0.194108838323066
766 0.194531445353191
767 0.19497317137538
768 0.195440764030009
769 0.195943516038732
770 0.19648583908107
771 0.196951834902673
772 0.197387696320586
773 0.197841857720646
774 0.19829241693221
775 0.198795796645065
776 0.199304153331358
777 0.199753868005195
778 0.20021378572182
779 0.200689105655831
780 0.201175253821173
781 0.20166040210954
782 0.202106050675548
783 0.202547120761883
784 0.203013717717175
785 0.203494781588653
786 0.203974938939228
787 0.204465903220996
788 0.204979761952221
789 0.205478856875627
790 0.205962934543681
791 0.206423908390745
792 0.206851365254372
793 0.207314019089543
794 0.20778547322381
795 0.208245561985552
796 0.208719225943277
797 0.209228645115821
798 0.209730874585826
799 0.210179847891721
800 0.210621217698182
801 0.211055253929689
802 0.211504106286986
803 0.211998287435745
804 0.212479888097316
805 0.212966475659759
806 0.213457676887829
807 0.213907647138753
808 0.214362067959774
809 0.214841909498046
810 0.215349035477147
811 0.215863977949532
812 0.216289568278169
813 0.216696784700826
814 0.217219858866783
815 0.217672176667253
816 0.218096853597891
817 0.218549286661774
818 0.219065456425325
819 0.219566946073816
820 0.220010438632563
821 0.220410287177874
822 0.220897881135298
823 0.221358386452252
824 0.221805110578644
825 0.222291687563192
826 0.222822409111324
827 0.223261197188704
828 0.223632030821129
829 0.224081146469734
830 0.224507702995935
831 0.224971612330052
832 0.225491881694039
833 0.225991957317471
834 0.226470275888016
835 0.226900778306173
836 0.227275350584842
837 0.227634204162434
838 0.22808033884505
839 0.22857007115427
840 0.229008003403837
841 0.229469600245226
842 0.229941678712326
843 0.230433508508288
844 0.230966959071876
845 0.231371703049293
846 0.231761959890073
847 0.232231539583867
848 0.232761028786448
849 0.23328014382659
850 0.233703635428058
851 0.234024932872546
852 0.234468447197183
853 0.234884820730617
854 0.235333087636658
855 0.235906543735857
856 0.236358784276214
857 0.236769761965174
858 0.237185239827582
859 0.237606833869436
860 0.238050103705348
861 0.2384973466928
862 0.238958769848647
863 0.239487218925894
864 0.239917036223344
865 0.240287231876689
866 0.240687588221076
867 0.241213666422231
868 0.241670550937028
869 0.242076514606027
870 0.242501257653535
871 0.242877298480734
872 0.24328147219638
873 0.243732585429495
874 0.244206813677162
875 0.244677301756809
876 0.245118485173688
877 0.245543906456837
878 0.245995568997143
879 0.246408621279763
880 0.246801113159748
881 0.247206476589915
882 0.247658047106022
883 0.248109780747669
884 0.248560381260381
885 0.249014388740022
886 0.249462804754149
887 0.249934125322832
888 0.250389402010112
889 0.2507998458931
890 0.251260136700798
891 0.251687822405644
892 0.252085047828047
893 0.252501722008627
894 0.252992045637394
895 0.253485088718892
896 0.253906550372821
897 0.254228866533292
898 0.254735229967699
899 0.255177154688898
900 0.255538712063734
901 0.256084230006903
902 0.256547235143671
903 0.25697664016758
904 0.257416280666486
905 0.257824992243719
906 0.258239477216274
907 0.258660010403748
908 0.259102128807386
909 0.259635123163434
910 0.26003107827029
911 0.260400992603947
912 0.260877313910645
913 0.261345765465841
914 0.261763069393814
915 0.262155470863487
916 0.262575263549997
917 0.263040429570278
918 0.263515087146254
919 0.264019477746084
920 0.264551849644081
921 0.264862774781067
922 0.265197803003189
923 0.265623829521164
924 0.266066156578898
925 0.266475480253734
926 0.266957991104469
927 0.26742834575729
928 0.267702337386755
929 0.268175090762894
930 0.268596063139545
931 0.268920563970973
932 0.269361291404733
933 0.269808538599925
934 0.270321375173797
935 0.270873733736108
936 0.271326027458166
937 0.27170178393037
938 0.272098382192635
939 0.272557157687961
940 0.273017255614738
941 0.273413026767165
942 0.273832576892865
943 0.274291652668107
944 0.27464790700439
945 0.275066474981174
946 0.275457564102095
947 0.275788425898156
948 0.276224720926277
949 0.276668821309411
950 0.2771385856355
951 0.27762188771103
952 0.278002207216645
953 0.278361184268546
954 0.278781156118872
955 0.279261723230334
956 0.279630970980189
957 0.280046581373847
958 0.28046883489314
959 0.280860675542247
960 0.281316533631795
961 0.281773853773895
962 0.282210382382566
963 0.282625276256239
964 0.283035887930598
965 0.283514837215651
966 0.283966799007263
967 0.28433244868161
968 0.284760918374404
969 0.285095215242899
970 0.285416474716067
971 0.285822525650638
972 0.286285520732645
973 0.286671948708111
974 0.287151716634856
975 0.287750156638781
976 0.288003385267831
977 0.288368939585322
978 0.288826659219069
979 0.289248133017957
980 0.289568005385395
981 0.289893181985279
982 0.290340993807377
983 0.290895776612629
984 0.291318164488391
985 0.291816505955084
986 0.292262091034317
987 0.292599650820274
988 0.293007409493085
989 0.293397454629088
990 0.293769359992128
991 0.294130933119854
992 0.294481784908409
993 0.294878293283963
994 0.295140955710729
995 0.295406901347099
996 0.296130186279305
997 0.296403211040792
998 0.296772198974982
999 0.297358832185713
1000 0.297701642205493
1001 0.291788444668716
1002 0.292171705845284
1003 0.2925915903549
1004 0.292950275859402
1005 0.293256185561783
1006 0.293589651086064
1007 0.293928820477829
1008 0.294234919029601
1009 0.294570290402612
1010 0.294977615403647
1011 0.295306832639986
1012 0.295643051546147
1013 0.296025630548415
1014 0.296359385973505
1015 0.296718858404259
1016 0.297100234220238
1017 0.297459046607394
1018 0.297759708914315
1019 0.298100001082559
1020 0.298458854463259
1021 0.29885389931147
1022 0.299153395347529
1023 0.299532689664629
1024 0.299981843521154
1025 0.300319098766868
1026 0.300626126456616
1027 0.300936768239177
1028 0.301177823376869
1029 0.301404481161857
1030 0.301764189403787
1031 0.302204144090224
1032 0.302585392107989
1033 0.302968128751813
1034 0.303366254196254
1035 0.303771006094702
1036 0.304115923667601
1037 0.304439845685492
1038 0.304770537272453
1039 0.305121080166478
1040 0.305388578005964
1041 0.305688293013932
1042 0.30607214626992
1043 0.306393291335869
1044 0.30671442445205
1045 0.30706318632633
1046 0.307442054481868
1047 0.30780792840378
1048 0.308165534949884
1049 0.30852336769386
1050 0.308877593743887
1051 0.309188950553419
1052 0.309506067309153
1053 0.309800730351606
1054 0.310144683340427
1055 0.310515715146585
1056 0.310800406517605
1057 0.311098200495043
1058 0.311365613747378
1059 0.311596553838762
1060 0.311896606537337
1061 0.312239626076423
1062 0.312575088767364
1063 0.312949344668189
1064 0.313309403289945
1065 0.313600108239453
1066 0.313833666212879
1067 0.314098442529724
1068 0.314366453044715
1069 0.314668285398815
1070 0.31501060484479
1071 0.315302068431067
1072 0.315592036302384
1073 0.315876551914188
1074 0.316185909447836
1075 0.316517059653669
1076 0.316836855493158
1077 0.317144938455856
1078 0.317512716817377
1079 0.317902290107863
1080 0.31822775944569
1081 0.318545498146531
1082 0.31881307719568
1083 0.319037202261465
1084 0.31927809405684
1085 0.319540905268379
1086 0.319860046818673
1087 0.320157510173291
1088 0.320434084016569
1089 0.320749919036053
1090 0.32104582496849
1091 0.32132888559865
1092 0.321590086309884
1093 0.321874088905038
1094 0.322165830897297
1095 0.322430627838688
1096 0.322722463443523
1097 0.323000582157172
1098 0.323278975390975
1099 0.323590070563299
1100 0.323884447508422
1101 0.324216287503773
1102 0.32456208527322
1103 0.324834946104883
1104 0.325070953126231
1105 0.325290208893247
1106 0.325498077024462
1107 0.325633674987689
1108 0.325854965174174
1109 0.326117274020407
1110 0.326365008682924
1111 0.326619794308651
1112 0.326912024123261
1113 0.327197450369188
1114 0.327467851658837
1115 0.327718887395752
1116 0.327974927925008
1117 0.328201132595907
1118 0.32839243985813
1119 0.328644670361649
1120 0.328888723382101
1121 0.329139118009537
1122 0.329404073797079
1123 0.329676038666158
1124 0.329966867815542
1125 0.330229133577137
1126 0.330475340813383
1127 0.33074634147348
1128 0.330994559157538
1129 0.331232021695466
1130 0.331503229371032
1131 0.331722001289695
1132 0.331955217056435
1133 0.332200018577467
1134 0.332429199455918
1135 0.332695414116054
1136 0.332936681482367
1137 0.333168221801804
1138 0.333385314410754
1139 0.333585056751846
1140 0.333798591164877
1141 0.333995071377693
1142 0.334217170312291
1143 0.334470810986872
1144 0.334709938493705
1145 0.334892660540931
1146 0.335122776395207
1147 0.33533938708168
1148 0.335527153923011
1149 0.335816966640735
1150 0.336085547736953
1151 0.336304523079677
1152 0.336572605510822
1153 0.336817847054284
1154 0.337022083788313
1155 0.337261089653006
1156 0.337543922280329
1157 0.33777765218149
1158 0.337980929237634
1159 0.338212683370065
1160 0.338440145123762
1161 0.338669698723934
1162 0.338897968341633
1163 0.339140699504296
1164 0.339393086686573
1165 0.339617788320528
1166 0.339858511687368
1167 0.340123073278071
1168 0.340362308908672
1169 0.34057789370026
1170 0.340805206939228
1171 0.341034217909249
1172 0.341260741394291
1173 0.341491026610942
1174 0.341713542848667
1175 0.341930156778232
1176 0.342151868027391
1177 0.342368978394594
1178 0.342587476758635
1179 0.342817071305651
1180 0.343027709411704
1181 0.34323953900613
1182 0.343459290082552
1183 0.343675471989984
1184 0.343880191080107
1185 0.344124116398744
1186 0.34437156360492
1187 0.344601405682417
1188 0.344840865817368
1189 0.3450777926581
1190 0.345290651641269
1191 0.345521557310416
1192 0.345770890736912
1193 0.346003003484026
1194 0.34623933043471
1195 0.346453098633522
1196 0.346655043731832
1197 0.346851988858799
1198 0.347013508977519
1199 0.347204515408194
1200 0.347411279169148
1201 0.347634974427752
1202 0.347884043356626
1203 0.348107705329853
1204 0.348302131881172
1205 0.348452260295006
1206 0.348640847186664
1207 0.348822101550934
1208 0.349013721139192
1209 0.34924836051453
1210 0.349432537278454
1211 0.349570930605177
1212 0.349745627805726
1213 0.349901317416962
1214 0.350091420820822
1215 0.350348515807251
1216 0.350555124315084
1217 0.35076125932732
1218 0.350944126644537
1219 0.351068552065846
1220 0.351205498269687
1221 0.35136581859345
1222 0.351536066975747
1223 0.351693381115948
1224 0.351859940897249
1225 0.352030222736225
1226 0.352173213221279
1227 0.35235305580868
1228 0.352582883946373
1229 0.352775848445187
1230 0.352956596982487
1231 0.353148647329225
1232 0.353325664631136
1233 0.353520677370063
1234 0.353745743834119
1235 0.353950505830705
1236 0.35415890642608
1237 0.354354132890584
1238 0.354519340766226
1239 0.35468515365861
1240 0.354848714886172
1241 0.354988068863539
1242 0.355164613848303
1243 0.355357055490136
1244 0.355547347817103
1245 0.355762347901832
1246 0.355954227960103
1247 0.356129922743371
1248 0.356321719510433
1249 0.356518647791532
1250 0.356707202464286
1251 0.356923352989995
1252 0.357095944492644
1253 0.357226327797894
1254 0.35737206640976
1255 0.357483276571386
1256 0.357625226814475
1257 0.357795645101871
1258 0.357959824063791
1259 0.35814180598082
1260 0.358339780359197
1261 0.358545029406292
1262 0.358764331119371
1263 0.358983186106448
1264 0.359235609167205
1265 0.359430803031197
1266 0.35959341482413
1267 0.359768992192812
1268 0.359930663350618
1269 0.360073025091662
1270 0.360202719787039
1271 0.360348604169195
1272 0.360448344392322
1273 0.360600945301887
1274 0.360829110536386
1275 0.361010283256779
1276 0.361188946267284
1277 0.361359862242729
1278 0.361495481208381
1279 0.361640257057229
1280 0.361800115223633
1281 0.361985810393721
1282 0.362127471829187
1283 0.362249929404147
1284 0.362392984278357
1285 0.362520788861759
1286 0.362655045825972
1287 0.362814770718258
1288 0.362956829860446
1289 0.363051024572196
1290 0.363208903302148
1291 0.363424831301249
1292 0.363593429837061
1293 0.363775340430593
1294 0.363942091845654
1295 0.364060899678137
1296 0.364203013423595
1297 0.364358975948961
1298 0.364515935624151
1299 0.36467272178448
1300 0.364836145855189
1301 0.364996737093721
1302 0.365175457512786
1303 0.365309529513852
1304 0.365429120195534
1305 0.365532747742994
1306 0.365579925456148
1307 0.365697172126014
1308 0.365837649911024
1309 0.365972837364051
1310 0.36615651389858
1311 0.366291375398755
1312 0.366391051387706
1313 0.366504903779332
1314 0.366613353860445
1315 0.366717522906037
1316 0.366826030181581
1317 0.366923635322016
1318 0.366989714069639
1319 0.367087715673604
1320 0.367201204454111
1321 0.367312386018266
1322 0.367451150529791
1323 0.367574607525111
1324 0.36768518042741
1325 0.36777680521666
1326 0.367886732242883
1327 0.367994384309178
1328 0.368104371430122
1329 0.368226984018316
1330 0.368334637573329
1331 0.368429903863475
1332 0.368534444844969
1333 0.368631596986979
1334 0.368746302542938
1335 0.368883568005944
1336 0.368998424650816
1337 0.369119500360313
1338 0.369222697770814
1339 0.369316983685143
1340 0.36938859288877
1341 0.369421793083741
1342 0.369487386256967
1343 0.36954611154202
1344 0.369612826840133
1345 0.369721713678997
1346 0.369804161486595
1347 0.369871006528251
1348 0.369933333538856
1349 0.369986928844861
1350 0.370029652783311
1351 0.370074411209455
1352 0.370107550941551
1353 0.370157458011135
1354 0.370227718892699
1355 0.370257050463402
1356 0.370265302438169
1357 0.370295001961146
1358 0.370292754440751
1359 0.370334296801139
1360 0.370423405191799
1361 0.370491420333869
1362 0.370541056668955
1363 0.370632520973106
1364 0.370743459377222
1365 0.370860821957747
1366 0.371040246864371
1367 0.371162706995746
1368 0.371242772365671
1369 0.371343569734469
1370 0.371459940570862
1371 0.371529398409256
1372 0.371604689649702
1373 0.371646064378115
1374 0.371621008781327
1375 0.371545432498786
1376 0.371459191028373
1377 0.3713428313391
1378 0.371206978449592
1379 0.371022936049315
1380 0.370882497081755
1381 0.37073108215248
1382 0.370599666958962
1383 0.370522433070251
1384 0.370375996095475
1385 0.370217968370025
1386 0.370022800473743
1387 0.36979078822545
1388 0.369537484035419
1389 0.369262183466646
1390 0.368960205067682
1391 0.368602141542819
1392 0.368270319516377
1393 0.367943866255855
1394 0.367591191333894
1395 0.367248602206531
1396 0.366873900329727
1397 0.366453320453411
1398 0.366036395356046
1399 0.365604076677046
1400 0.365174544082247
1401 0.364744194611608
1402 0.364312935025634
1403 0.363836659924818
1404 0.363392905818712
1405 0.362967935579838
1406 0.362532796954989
1407 0.362141842181974
1408 0.361789734633615
1409 0.361452599859693
1410 0.361104669954796
1411 0.360853360749393
1412 0.360630700330622
1413 0.360509124146911
1414 0.360450938978109
1415 0.360492358336197
1416 0.360620431683976
1417 0.360822526949892
1418 0.3611400284936
1419 0.361473565235962
1420 0.361893991140082
1421 0.362299613013082
1422 0.362753543251339
1423 0.363175876635564
1424 0.36360461795906
1425 0.364012742320145
1426 0.364415428193032
1427 0.36479001950886
1428 0.365131702025867
1429 0.365478065594643
1430 0.365797380844159
1431 0.366127689901666
1432 0.366450948305167
1433 0.366810501872509
1434 0.367153232186807
1435 0.367479581714966
1436 0.367806182935448
1437 0.36813553889834
1438 0.368435334818791
1439 0.368717326518629
1440 0.3690093657059
1441 0.369295425272737
1442 0.369554357950357
1443 0.369815680270713
1444 0.370050397857564
1445 0.370231909952082
1446 0.370456254247442
1447 0.370694338375782
1448 0.370924834201031
1449 0.371174607417407
1450 0.371398299716943
1451 0.371614433751394
1452 0.371808063615906
1453 0.371988879572286
1454 0.372148275755845
1455 0.372253927328156
1456 0.372411381826291
1457 0.372575107066198
1458 0.372745674252394
1459 0.372953475239098
1460 0.373150393777636
1461 0.373372057035437
1462 0.373539043916314
1463 0.373682990877538
1464 0.373817213330519
1465 0.373873336308134
1466 0.373978925484489
1467 0.374091663250849
1468 0.374239768376404
1469 0.374414075638998
1470 0.374623281817717
1471 0.374856976073118
1472 0.375089835657366
1473 0.375316438891002
1474 0.375551711160577
1475 0.375752185003153
1476 0.375939579798712
1477 0.376111907720452
1478 0.376249922369225
1479 0.376410768033136
1480 0.376560289235612
1481 0.376741439023752
1482 0.376948880498732
1483 0.377136408253075
1484 0.377335399796664
1485 0.377525035451205
1486 0.377709604622604
1487 0.377869741559748
1488 0.378024600455344
1489 0.378169256879029
1490 0.37826817377005
1491 0.378411715664055
1492 0.378574069853371
1493 0.378733782226374
1494 0.378909717633506
1495 0.379084005827749
1496 0.379265920585803
1497 0.379437544865793
1498 0.379606198971898
1499 0.379775662562764
1500 0.37992308244241
1501 0.380097984356883
1502 0.380293270288094
1503 0.380486675904479
1504 0.380718278115451
1505 0.38090675752578
1506 0.381079841876076
1507 0.381233956074454
1508 0.381349000425156
1509 0.381466438413892
1510 0.381561853351809
1511 0.381675869218591
1512 0.381795454207742
1513 0.381911875579308
1514 0.382030348508551
1515 0.382160457822848
1516 0.382289588992204
1517 0.382429734277335
1518 0.382585442467351
1519 0.38273898267662
1520 0.382859862153556
1521 0.382970411307927
1522 0.383084420079266
1523 0.38317901464045
1524 0.383296424517855
1525 0.38342519021599
1526 0.38355297636196
1527 0.383686484526874
1528 0.383818184573269
1529 0.383943178920798
1530 0.384097569140658
1531 0.384264527099132
1532 0.384434864100325
1533 0.384649661066276
1534 0.384794717112373
1535 0.384917398141956
1536 0.385016067769426
1537 0.385068578965375
1538 0.38513146548621
1539 0.385166681965476
1540 0.385241071334628
1541 0.385319261170047
1542 0.385411294633695
1543 0.38552446429641
1544 0.385654523881405
1545 0.385795034676467
1546 0.385943739249218
1547 0.386149706013811
1548 0.386284270314306
1549 0.386378627125247
1550 0.386487217396852
1551 0.386553151676001
1552 0.386656194929577
1553 0.386793637794656
1554 0.386912223629832
1555 0.387035219503771
1556 0.387147292894289
1557 0.387244564601461
1558 0.387352013789771
1559 0.387459997369906
1560 0.387566748004076
1561 0.387684704785828
1562 0.387785639484781
1563 0.387883488977498
1564 0.387965624607755
1565 0.38800959591655
1566 0.388090325135237
1567 0.388172768495356
1568 0.388270000373754
1569 0.388406162238148
1570 0.388527803476541
1571 0.388641778298052
1572 0.388764929887004
1573 0.388899210150588
1574 0.389022376079901
1575 0.389134963490361
1576 0.389263463439252
1577 0.389394137989443
1578 0.389526922587495
1579 0.389718688376174
1580 0.389832484421866
1581 0.389883829545742
1582 0.389951114464762
1583 0.389964097530551
1584 0.390003396914273
1585 0.390053590290779
1586 0.390130429630497
1587 0.390247645644834
1588 0.390332168003231
1589 0.390434445977829
1590 0.390516072557429
1591 0.390529626426819
1592 0.390587808700206
1593 0.390678853859677
1594 0.390758879324245
1595 0.390856226117509
1596 0.390949479514474
1597 0.391024623784064
1598 0.391111950255149
1599 0.391216312200568
1600 0.39131807311332
1601 0.391408446914962
1602 0.391469123164907
1603 0.391540857762159
1604 0.39160607300801
1605 0.391674476585674
1606 0.391746311781361
1607 0.391840185687271
1608 0.391932800731486
1609 0.392044178599162
1610 0.392191071534946
1611 0.392304423620221
1612 0.392404316182705
1613 0.392517913034215
1614 0.392632438062484
1615 0.392745047470286
1616 0.392880370405281
1617 0.392945646342629
1618 0.392966905062915
1619 0.393028418331496
1620 0.393057510378407
1621 0.393137286901993
1622 0.393260071062709
1623 0.393379702352157
1624 0.393514268663782
1625 0.393622341683842
1626 0.393744279297604
1627 0.393842739667352
1628 0.393904896682496
1629 0.39399180084361
1630 0.394092614354028
1631 0.394174407840089
1632 0.394249611914514
1633 0.394318441471249
1634 0.394368954491629
1635 0.394451598760309
1636 0.39454277076955
1637 0.394633320777925
1638 0.394742463241877
1639 0.39484325043838
1640 0.394933845473963
1641 0.395036882771599
1642 0.395156560586942
1643 0.395251961833561
1644 0.395344717413505
1645 0.395417250813515
1646 0.395468974262509
1647 0.395535641634635
1648 0.395585069481468
1649 0.395666898276216
1650 0.395776916650924
1651 0.39585753799243
1652 0.395945146153846
1653 0.396010282156851
1654 0.396044273155161
1655 0.396075128394493
1656 0.396162858232882
1657 0.396267201637029
1658 0.396367661227082
1659 0.396535313971732
1660 0.396662771960398
1661 0.396701857502315
1662 0.396789015763852
1663 0.396873510186334
1664 0.396902277441988
1665 0.396978357961128
1666 0.397059476830874
1667 0.39709548454052
1668 0.397149374364016
1669 0.397237939659579
1670 0.397342865383019
1671 0.397454378805987
1672 0.397567107905249
1673 0.397691187012859
1674 0.397826501322299
1675 0.397939722672227
1676 0.398038371836888
1677 0.398123197624563
1678 0.398197085516733
1679 0.398311241542792
1680 0.398468803151978
1681 0.398635473868194
1682 0.398797496631783
1683 0.398945254641733
1684 0.399062653111544
1685 0.399156736307593
1686 0.399226159684069
1687 0.399268165626779
1688 0.399309096906623
1689 0.399387602715179
1690 0.399482550528903
1691 0.399554606445548
1692 0.399651680340045
1693 0.399724615163545
1694 0.399769534231175
1695 0.399824194415847
1696 0.399877607172668
1697 0.399953016011263
1698 0.400024857631347
1699 0.400189036519557
1700 0.400307837787829
1701 0.400425584891721
1702 0.400529892952001
1703 0.40058344006211
1704 0.400673852735794
1705 0.400797759164266
1706 0.400882840349956
1707 0.400980179124138
1708 0.401033902957577
1709 0.40103283596448
1710 0.40104379084906
1711 0.401047683164758
1712 0.401027741133433
1713 0.40097673309034
1714 0.400949194655971
1715 0.400913279314679
1716 0.400901559272408
1717 0.400929224276114
1718 0.400919108370693
1719 0.400887993408705
1720 0.400860249362349
1721 0.400812120787135
1722 0.400805742509251
1723 0.40078954171601
1724 0.400848342390365
1725 0.400979413063856
1726 0.401066203570477
1727 0.401215709731408
1728 0.401285720255591
1729 0.40129015808215
1730 0.401304062316282
1731 0.40129815277408
1732 0.401293564836326
1733 0.401256129064734
1734 0.40127254838364
1735 0.401310683639785
1736 0.401328186677357
1737 0.401361845660558
1738 0.401426033614917
1739 0.401483609211587
1740 0.40163257250331
1741 0.401734634231531
1742 0.401810558920656
1743 0.401907328385815
1744 0.401934267855832
1745 0.401915028877397
1746 0.401874900392575
1747 0.401735694762763
1748 0.401583109242515
1749 0.401536259728455
1750 0.401491204897801
1751 0.401452449288805
1752 0.401467233462085
1753 0.401466991960882
1754 0.401521805803126
1755 0.401542388450111
1756 0.401532258875849
1757 0.401592986337434
1758 0.401568097613913
1759 0.401538587042736
1760 0.401585355912666
1761 0.401553017436008
1762 0.401527191731862
1763 0.401598967993884
1764 0.401643249984386
1765 0.401678923518098
1766 0.401756388149415
1767 0.401810199494007
1768 0.401831949739483
1769 0.401832593723234
1770 0.401800548917748
1771 0.401793098574215
1772 0.401834850519827
1773 0.401810157498152
1774 0.401730922548151
1775 0.401676880717382
1776 0.401597739256455
1777 0.401558064156347
1778 0.401572173501254
1779 0.401570466750587
1780 0.401548639227388
1781 0.401509837563587
1782 0.401508468732194
1783 0.401456152308395
1784 0.401397637533664
1785 0.401486148486988
1786 0.401579810062351
1787 0.401599357045909
1788 0.401690749161125
1789 0.401721297584215
1790 0.401726431443674
1791 0.401794698031561
1792 0.401837546831694
1793 0.401896590634874
1794 0.401907654007704
1795 0.401876953140459
1796 0.401874032359792
1797 0.401817079454587
1798 0.401782873929289
1799 0.40185283014776
1800 0.401977576711241
1801 0.400447679236075
1802 0.400357316241552
1803 0.400467965397941
1804 0.400643268980399
1805 0.400759534401551
1806 0.400861726661561
1807 0.401062079190882
1808 0.401276493339187
1809 0.401463070901478
1810 0.401724039101568
1811 0.402013172521335
1812 0.402033715356398
1813 0.402176566763996
1814 0.402242085777898
1815 0.402169558634132
1816 0.402215135010068
1817 0.402295247826538
1818 0.402364485256239
1819 0.402435986140916
1820 0.402599744943194
1821 0.4027358491419
1822 0.402832333157578
1823 0.402947287235511
1824 0.403019020931783
1825 0.403099585685922
1826 0.403139911863913
1827 0.403180856615143
1828 0.403314191146115
1829 0.40332544356329
1830 0.403220190521355
1831 0.403178376544516
1832 0.403112712548381
1833 0.40300243041186
1834 0.403067324296602
1835 0.403111972687928
1836 0.403150575908991
1837 0.403198001516937
1838 0.403274471257573
1839 0.403313948324776
1840 0.403474980519946
1841 0.403652403412786
1842 0.403782198688433
1843 0.403874775785277
1844 0.403945910849461
1845 0.403979338692198
1846 0.403976902748479
1847 0.404003903260153
1848 0.404028175031871
1849 0.404050805490712
1850 0.404071712295895
1851 0.404140222076775
1852 0.404225569223702
1853 0.404162809554096
1854 0.404020083893628
1855 0.403900106573025
1856 0.403815285043821
1857 0.403789781573922
1858 0.403751951493699
1859 0.403789446571938
1860 0.403801839051736
1861 0.403766447509566
1862 0.403652007331881
1863 0.403505509478169
1864 0.403345135713973
1865 0.403082117852018
1866 0.402804752510618
1867 0.402452121878954
1868 0.402029101181129
1869 0.401585012755222
1870 0.401192957312318
1871 0.400755369152084
1872 0.400323949916326
1873 0.399937228085449
1874 0.399514889660892
1875 0.398967406544414
1876 0.398485811710558
1877 0.397998175132477
1878 0.397393470305914
1879 0.396685875994982
1880 0.395984588714323
1881 0.395244433153812
1882 0.394328265770486
1883 0.393344900125726
1884 0.392365191449276
1885 0.391180224089525
1886 0.389970802833004
1887 0.388880091119485
1888 0.387571333586813
1889 0.386141566727951
1890 0.384610443379889
1891 0.3829783765889
1892 0.381035716990687
1893 0.379080036496335
1894 0.377188319502065
1895 0.375187086558397
1896 0.373144077995156
1897 0.371095633326287
1898 0.368948050909567
1899 0.366844925749323
1900 0.364671793144369
1901 0.362651614754448
1902 0.360635553004062
1903 0.358820246256359
1904 0.357131972737518
1905 0.355656598935651
1906 0.354333811975076
1907 0.353155797470569
1908 0.352181022520213
1909 0.351345611587281
1910 0.3506275074316
1911 0.350061256369774
1912 0.34962789104248
1913 0.349316163952522
1914 0.34913800991369
1915 0.349098063304358
1916 0.349059062800556
1917 0.349076283776988
1918 0.349218464284884
1919 0.349446723346345
1920 0.349767811742677
1921 0.350090789766891
1922 0.350451142137655
1923 0.350841799713262
1924 0.351268108670073
1925 0.35170352613779
1926 0.352149773484537
1927 0.352719317990621
1928 0.353303202626617
1929 0.353934287024217
1930 0.354614075197843
1931 0.355182401193983
1932 0.355705119199152
1933 0.356086877209931
1934 0.356584728642416
1935 0.357055352486624
1936 0.357631185446056
1937 0.358272768799869
1938 0.358845536504428
1939 0.359381922449798
1940 0.359942474510133
1941 0.360443347123535
1942 0.360953560880321
1943 0.361501707169344
1944 0.362093816218218
1945 0.362608700350055
1946 0.363152970926463
1947 0.363639666172083
1948 0.364085659823813
1949 0.364449919011423
1950 0.364813970092836
1951 0.365199549152116
1952 0.365559863470025
1953 0.366052988668111
1954 0.366481254955739
1955 0.366939657853403
1956 0.367341415458236
1957 0.367648063820936
1958 0.368030429717095
1959 0.368451233160173
1960 0.368839457383623
1961 0.369247777169521
1962 0.36971667101503
1963 0.370031520884981
1964 0.37039687727118
1965 0.37088037889698
1966 0.37129913257924
1967 0.371754317237376
1968 0.372309706217692
1969 0.37279857418949
1970 0.373211398865939
1971 0.373698511836805
1972 0.374259963578209
1973 0.374724623493901
1974 0.375209111443152
1975 0.375734690496371
1976 0.376167233206293
1977 0.376585609257369
1978 0.376991921026417
1979 0.377327969500062
1980 0.377747737890234
1981 0.378177912585118
1982 0.378645035411483
1983 0.379223522010406
1984 0.379709662803315
1985 0.380129708457015
1986 0.380639617817117
1987 0.381103804662316
1988 0.381512881667781
1989 0.381950245196561
1990 0.382294274398851
1991 0.382631516298782
1992 0.382886140197612
1993 0.383198632770728
1994 0.3834736578244
1995 0.383849040737573
1996 0.384298250788487
1997 0.384725732676578
1998 0.385242698874265
1999 0.385678014234012
2000 0.386084724012774
2001 0.386485557767705
2002 0.386877346219632
2003 0.387238756398326
2004 0.387650480370452
2005 0.388086723563962
2006 0.388514765527268
2007 0.388992363882229
2008 0.389398153756629
2009 0.389734259279854
2010 0.390101429680279
2011 0.390430531719423
2012 0.390824439880407
2013 0.391214470379411
2014 0.391574206252461
2015 0.391974638195176
2016 0.39239009687261
2017 0.392772188239742
2018 0.393211956882794
2019 0.393569384860671
2020 0.393843076433872
2021 0.39414708699533
2022 0.394436864288324
2023 0.394691006854771
2024 0.394930772273775
2025 0.39515476232572
2026 0.395313640107676
2027 0.395590512112886
2028 0.395894380673272
2029 0.396216540247249
2030 0.396525119723541
2031 0.396892479411472
2032 0.397161580332709
2033 0.397354715250708
2034 0.397585702137823
2035 0.3977608870839
2036 0.398009292352839
2037 0.398344581770701
2038 0.398620071106833
2039 0.398931159313474
2040 0.399155956433041
2041 0.399349288223997
2042 0.399544948251561
2043 0.39976907457779
2044 0.400027362007352
2045 0.400242029894382
2046 0.400440263570043
2047 0.400649691506924
2048 0.400843788193318
2049 0.401044126378724
2050 0.401242127754694
2051 0.401463393477231
2052 0.401704473640949
2053 0.40190656891841
2054 0.402082392632497
2055 0.402369720163201
2056 0.40250748949272
2057 0.402551086712759
2058 0.402691465531372
2059 0.402746111663104
2060 0.402947138912232
2061 0.403271099731551
2062 0.403556488852933
2063 0.403986093545129
2064 0.404247443388092
2065 0.404444892563633
2066 0.404598210520951
2067 0.404622742538781
2068 0.404634912554246
2069 0.404757303345995
2070 0.404926113332091
2071 0.405082273248454
2072 0.405291667307287
2073 0.405503008845921
2074 0.405748180729877
2075 0.405903026817852
2076 0.406068432298077
2077 0.406177680368427
2078 0.406139995792749
2079 0.406189376293663
2080 0.406253713834699
2081 0.406363168376991
2082 0.40654537454906
2083 0.406678536550698
2084 0.406818952540697
2085 0.406923359739263
2086 0.407113291274371
2087 0.407304686313219
2088 0.40750166802725
2089 0.407854299106689
2090 0.407974177424599
2091 0.407882593929531
2092 0.407976381777961
2093 0.408070116860261
2094 0.408157679752108
2095 0.408313449158499
2096 0.408482646477218
2097 0.40867580753921
2098 0.408784922942138
2099 0.408862053418332
2100 0.409019267589097
2101 0.409106303751336
2102 0.409057259469342
2103 0.409151193499769
2104 0.409356983494384
2105 0.409489225228517
2106 0.409605308411654
2107 0.409746484884162
2108 0.409851726818342
2109 0.410040357591903
2110 0.41030308160842
2111 0.410536445345053
2112 0.410798458307872
2113 0.411074095970658
2114 0.411312749860087
2115 0.411602847284067
2116 0.411990535705341
2117 0.412352813289394
2118 0.41258373692629
2119 0.412833295745949
2120 0.413014561194374
2121 0.413051137236588
2122 0.413214848707839
2123 0.413491218048423
2124 0.413581328863704
2125 0.413601346002085
2126 0.413632911712944
2127 0.413485920689529
2128 0.413494699533876
2129 0.413614392581823
2130 0.413713764878576
2131 0.413855364942807
2132 0.413988300556309
2133 0.414120402878978
2134 0.414296361789966
2135 0.414398841463636
2136 0.414461440119068
2137 0.414454846561266
2138 0.414334990008833
2139 0.414291847795921
2140 0.414200723443587
2141 0.414196733038214
2142 0.41432507280153
2143 0.414278343521204
2144 0.414263161064186
2145 0.414083693857049
2146 0.413730212213118
2147 0.41337366738952
2148 0.412821138096786
2149 0.412410911119446
2150 0.411998651801656
2151 0.4116610269029
2152 0.411321478417924
2153 0.411242833513512
2154 0.411214926627276
2155 0.411013332830249
2156 0.41074875020628
2157 0.410492072409047
2158 0.410072105518076
2159 0.40940604541764
2160 0.408920205304101
2161 0.40840720795405
2162 0.407968893588673
2163 0.40766278260613
2164 0.407241282704729
2165 0.406775582189872
2166 0.406342265858236
2167 0.405851995715188
2168 0.405416099688959
2169 0.405123897889528
2170 0.404676602558818
2171 0.404027157461151
2172 0.403569427810159
2173 0.403106287717399
2174 0.402755432362167
2175 0.402354232309875
2176 0.402150047910295
2177 0.401688338544879
2178 0.400982618187625
2179 0.400514479603737
2180 0.400106691367083
2181 0.399662854422318
2182 0.399358567079469
2183 0.398869973847547
2184 0.398184135743429
2185 0.397651059451515
2186 0.397136238916112
2187 0.396605871841716
2188 0.396065307381752
2189 0.395641542786397
2190 0.395423531159704
2191 0.394936422147186
2192 0.394385762309907
2193 0.39382423254523
2194 0.393137499015379
2195 0.392219800086964
2196 0.391408993575545
2197 0.390969976875432
2198 0.390390802357073
2199 0.389750344130242
2200 0.389296090798276
2201 0.389034225607214
2202 0.388578375905226
2203 0.388113136841464
2204 0.387690466318294
2205 0.387140464415464
2206 0.386750833183097
2207 0.386376642865871
2208 0.386270565191151
2209 0.38626220474185
2210 0.386459447458576
2211 0.386972929189841
2212 0.387518448292501
2213 0.388285863493586
2214 0.388971128296314
2215 0.389830127307344
2216 0.390538733594773
2217 0.391205353052545
2218 0.391721683726311
2219 0.392106039441169
2220 0.392344798254393
2221 0.392716206604566
2222 0.393068852717227
2223 0.393285316123401
2224 0.393525223844825
2225 0.393717657628623
2226 0.393617630304534
2227 0.393867023309854
2228 0.394425469110611
2229 0.394671832724652
2230 0.39492355020469
2231 0.395062877158827
2232 0.395016770285567
2233 0.394989920241544
2234 0.394817772570385
2235 0.394864003438744
2236 0.394962054218404
2237 0.395086659921992
2238 0.395508339348205
2239 0.395650616044198
2240 0.395583472449353
2241 0.395550368269571
2242 0.395371836721874
2243 0.39533979648173
2244 0.39543542227719
2245 0.39541673210636
2246 0.395692688488957
2247 0.395779456546088
2248 0.395697935383591
2249 0.395914045480411
2250 0.396022714059632
2251 0.39600720294507
2252 0.396176858655188
2253 0.396485127018067
2254 0.396746240779714
2255 0.39714840752899
2256 0.397292963604682
2257 0.397317486640356
2258 0.397384380488581
2259 0.397171343243137
2260 0.397340885130397
2261 0.397921396843203
2262 0.398078389803152
2263 0.39820156938225
2264 0.398253183045991
2265 0.397925981693544
2266 0.397832057998961
2267 0.397778651160905
2268 0.397945972178093
2269 0.398428031481232
2270 0.398622065703231
2271 0.398878259467005
2272 0.399030708519677
2273 0.398929980906922
2274 0.398836813955954
2275 0.398921179634293
2276 0.398741815847831
2277 0.398237438527578
2278 0.39768390567933
2279 0.397554758903096
2280 0.397256639617371
2281 0.39710292584834
2282 0.397187598009651
2283 0.396960230839251
2284 0.396976014519868
2285 0.397045128126081
2286 0.397386126684605
2287 0.39742632728704
2288 0.397296858759622
2289 0.397427803954783
2290 0.397642260516049
2291 0.397662740768834
2292 0.397900044723201
2293 0.397751360467247
2294 0.397142064623176
2295 0.3968381189913
2296 0.396315150999577
2297 0.396274794159028
2298 0.396730052641665
2299 0.396768121282489
2300 0.396964651681309
2301 0.397008841266259
2302 0.396577920198632
2303 0.396491264487481
2304 0.396705102581913
2305 0.396684166184642
2306 0.396659765692095
2307 0.396581542002999
2308 0.396305472337426
2309 0.396158062317877
2310 0.395987543162951
2311 0.395945220782966
2312 0.396147981059841
2313 0.39614450211027
2314 0.396218060216158
2315 0.396082462331118
2316 0.395423197464088
2317 0.39520990918614
2318 0.395143018446382
2319 0.395117924066865
2320 0.395444967823965
2321 0.39569392637728
2322 0.395543096362037
2323 0.395783250076379
2324 0.395635294402059
2325 0.395364835480006
2326 0.39541065217802
2327 0.394856507014369
2328 0.394500340461013
2329 0.39435429990402
2330 0.393642777061687
2331 0.393577736383101
2332 0.393975392585958
2333 0.394045692913461
2334 0.393897926105421
2335 0.393574627133055
2336 0.393158195328122
2337 0.391923999454335
2338 0.391679096676014
2339 0.392229464501853
2340 0.391902301045201
2341 0.391305592354908
2342 0.391221229302975
2343 0.391068029527509
2344 0.390736380865239
2345 0.390766448140646
2346 0.390678822003354
2347 0.390037975477698
2348 0.38978171415075
2349 0.389933437339667
2350 0.390141639419743
2351 0.390542815401389
2352 0.390478383823405
2353 0.390547709003064
2354 0.390195818655164
2355 0.388669305552073
2356 0.388452339930115
2357 0.389065244279058
2358 0.389200318318701
2359 0.389743042896389
2360 0.390176928909544
2361 0.39060119784895
2362 0.390223708151354
2363 0.389440331903319
2364 0.388860861518961
2365 0.387074324259027
2366 0.386946742244163
2367 0.388570709389388
2368 0.388832466242672
2369 0.389088991184061
2370 0.389016663114569
2371 0.387889920175262
2372 0.387633242567657
2373 0.388189445001914
2374 0.387818404019155
2375 0.387010400342677
2376 0.386527910852896
2377 0.38540686323645
2378 0.384907183902679
2379 0.385218037271736
2380 0.385339226673367
2381 0.385452455564653
2382 0.385719656471571
2383 0.386754007769506
2384 0.386353644295049
2385 0.384479685074715
2386 0.384237083206984
2387 0.384235002368918
2388 0.384056915265554
2389 0.384954690193263
2390 0.385333745863367
2391 0.385052180382561
2392 0.38450426953471
2393 0.384014282469937
2394 0.383691407049568
2395 0.382452684702091
2396 0.382204993943547
2397 0.38308639609935
2398 0.383429611647293
2399 0.38413793757567
2400 0.384124436652773
2401 0.383383478527712
2402 0.383298587484281
2403 0.38306926954277
2404 0.382786735540878
2405 0.38284370553413
2406 0.382727851307233
2407 0.38271317142904
2408 0.382146367104076
2409 0.381336552258754
2410 0.38074164348838
2411 0.379227074109969
2412 0.378787105913446
2413 0.379571357137847
2414 0.379102486175007
2415 0.378405483514556
2416 0.377472549204362
2417 0.375445354871564
2418 0.374818155869916
2419 0.375355231478004
2420 0.374863692595926
2421 0.374233199945649
2422 0.374021913940862
2423 0.373172714637628
2424 0.372876664700669
2425 0.373521337023841
2426 0.373674916802203
2427 0.373591920408397
2428 0.373472666115368
2429 0.373725679277355
2430 0.373241061474484
2431 0.372235298672497
2432 0.371226995584713
2433 0.369601319661815
2434 0.368591579531508
2435 0.367577142816729
2436 0.367060762653347
2437 0.367204777650247
2438 0.366850543806359
2439 0.366613003179319
2440 0.366190862656663
2441 0.365542719928289
2442 0.365863361420643
2443 0.365418397074696
2444 0.365134305718624
2445 0.364006349702128
2446 0.362546843971209
2447 0.362345966202231
2448 0.364575301673608
2449 0.365120906675802
2450 0.36443484172193
2451 0.364520412618407
2452 0.363472809303132
2453 0.362856168537705
2454 0.362525296391995
2455 0.362070707552232
2456 0.361483239736241
2457 0.361527621654037
2458 0.361249071949053
2459 0.360886393536114
2460 0.359799000271268
2461 0.356700606991635
2462 0.356661272248027
2463 0.357429500954205
2464 0.356578924965524
2465 0.356357617369355
2466 0.354164713827521
2467 0.353991662027651
2468 0.356895162503278
2469 0.357735314401869
2470 0.359145849270504
2471 0.359804851511314
2472 0.358692860354711
2473 0.357516331515568
2474 0.355450282054401
2475 0.35437127390214
2476 0.353012326226563
2477 0.352804351247124
2478 0.35419285724183
2479 0.354766463182559
2480 0.356385722429095
2481 0.355249880167744
2482 0.351663750819095
2483 0.350617150329464
2484 0.348581903455563
2485 0.347808229174268
2486 0.349344329777018
2487 0.351023873208376
2488 0.353522989101579
2489 0.353278501453029
2490 0.353503239239603
2491 0.352079916335461
2492 0.347795513084852
2493 0.348280363607217
2494 0.350517572001947
2495 0.350055365617085
2496 0.349239786939091
2497 0.347901456604525
2498 0.344832409496534
2499 0.344858574532952
2500 0.347084989247352
