"Wavelength" "M028a_m3-w1"
350 0.0851901181752616
351 0.077593959338327
352 0.0755529608349936
353 0.0790265280797588
354 0.0804475821587447
355 0.0777557128340807
356 0.0756709535776492
357 0.0758376783088376
358 0.0766849796164487
359 0.0769616283933976
360 0.0736701378851957
361 0.0694358910552176
362 0.0769480658899448
363 0.0794081619554676
364 0.0771851209432992
365 0.0750190884727247
366 0.073966933585028
367 0.0743586681829563
368 0.076070337070768
369 0.0784437819870897
370 0.0804274709219542
371 0.0781200679134059
372 0.0723013058500387
373 0.0693431198820956
374 0.0750724859170942
375 0.0800970420857063
376 0.077284926627974
377 0.0735598975573465
378 0.072489165460046
379 0.0735822430141682
380 0.0743835376047091
381 0.0732284046007814
382 0.0743343237849409
383 0.0764803336199421
384 0.0736389635486981
385 0.0730936111283767
386 0.0750374309717918
387 0.0768436622899111
388 0.0721653130013845
389 0.0723529113462533
390 0.0748232831169088
391 0.0740713532163243
392 0.0748476762519726
393 0.0741439783152484
394 0.0722981520249256
395 0.0723968187089096
396 0.0752680545741544
397 0.0763053074265381
398 0.0739928366791739
399 0.073657053929813
400 0.0748418718172707
401 0.0759598463484061
402 0.0754913860317994
403 0.0740797504620637
404 0.0736862733721992
405 0.0739846098026312
406 0.0731734164926702
407 0.0742734471717174
408 0.0751300123403694
409 0.0746667862185899
410 0.0751197210623525
411 0.075401838164642
412 0.0755195913104276
413 0.0756635421633954
414 0.0754061891511067
415 0.0747526515671634
416 0.0745071279843719
417 0.0758574646565646
418 0.0758804057314156
419 0.0755699779528425
420 0.0758840234893571
421 0.076367766451345
422 0.0770589688784105
423 0.0775650085207603
424 0.0775287058766756
425 0.0774743200716965
426 0.0779514254345783
427 0.0783678093914648
428 0.0772056383170509
429 0.0777921542691436
430 0.0788513355766533
431 0.0790733739594819
432 0.0793974861852763
433 0.0796616708014757
434 0.0797683393042363
435 0.0797022999422984
436 0.0798445294172033
437 0.080184283996298
438 0.0806446532385941
439 0.0811249144755274
440 0.0813258863126703
441 0.0813927879504273
442 0.0814934811975898
443 0.0814026376593918
444 0.0817385767850822
445 0.08237665546336
446 0.0827508298195988
447 0.0828695521419033
448 0.0829846346467356
449 0.0831777990878821
450 0.0831831732943327
451 0.0833326585758982
452 0.0834312890472414
453 0.0832993120094582
454 0.0835868673361878
455 0.083803936608645
456 0.0838439361157554
457 0.0839741268918043
458 0.0844976109118536
459 0.0847799549888446
460 0.0845435557904755
461 0.0846971093219045
462 0.0850445471790266
463 0.0853190398204394
464 0.0852911400150703
465 0.0853184568044382
466 0.0857010940451982
467 0.0861573361924316
468 0.0857235378563177
469 0.0859747881239222
470 0.0865219981395282
471 0.0867213097247709
472 0.0868168477869413
473 0.0869444162406247
474 0.0871009097322435
475 0.0872001833981086
476 0.0873968659250109
477 0.0875148063026618
478 0.0875276163426575
479 0.0878052942928805
480 0.0878530290805151
481 0.0879810069511845
482 0.0885678369763801
483 0.0887160976071318
484 0.0887949285277584
485 0.0890244980327104
486 0.0893733008158279
487 0.0896335373677364
488 0.08989720178766
489 0.090218647521487
490 0.0902978365068131
491 0.0904016018982136
492 0.0906106767969233
493 0.0908789665628186
494 0.0911424395191701
495 0.091409181451378
496 0.0916815473589964
497 0.0919126842093727
498 0.0923524750651561
499 0.0927680562777158
500 0.0928679363849381
501 0.0930076083009286
502 0.0931773895815189
503 0.0933696336336639
504 0.0936029848092382
505 0.093993672019733
506 0.0943186385688748
507 0.094470369663276
508 0.0949689879723636
509 0.0952609920923981
510 0.095348164163975
511 0.0955770624140281
512 0.0958295355319576
513 0.0961190198028636
514 0.0964364154495589
515 0.0967038438903986
516 0.0969300856044658
517 0.097183918933281
518 0.0975448537360791
519 0.0980273766423708
520 0.098320358897018
521 0.0984026294084749
522 0.098619002069981
523 0.0989414660862423
524 0.0993040324204196
525 0.0996418019313322
526 0.0999722301467446
527 0.100259817297774
528 0.100535479130612
529 0.100872506018094
530 0.101163009739548
531 0.101500891683562
532 0.101913765905783
533 0.102199807948616
534 0.102428078489197
535 0.102698401847157
536 0.103089333802422
537 0.103365674460281
538 0.103649822602112
539 0.104019211070607
540 0.104435791637507
541 0.104799288966475
542 0.105147732984775
543 0.105529321294709
544 0.105802857109023
545 0.106088311935088
546 0.10644207844668
547 0.10684439785607
548 0.107233011501072
549 0.107597416778902
550 0.107943262497056
551 0.10827209624226
552 0.108674790070343
553 0.109106069619952
554 0.109445827167371
555 0.109840650162707
556 0.110210916690239
557 0.110534756502675
558 0.110987153565544
559 0.111407277721672
560 0.11181230174381
561 0.112261709891123
562 0.112592040594757
563 0.112921470327922
564 0.113293594262583
565 0.113623327860644
566 0.113811479572052
567 0.113983008628913
568 0.114271500462117
569 0.114536849621004
570 0.114819791384292
571 0.115153934406421
572 0.115557401748813
573 0.115951553187368
574 0.116312461852818
575 0.116661294768496
576 0.117120886100083
577 0.117479443331543
578 0.117736522969746
579 0.118018204884702
580 0.118331338342564
581 0.118620946112153
582 0.11885751991233
583 0.119063050040059
584 0.119410160759589
585 0.119751011303295
586 0.119896351315806
587 0.120167186074641
588 0.120531826666958
589 0.120903960125574
590 0.121161666890493
591 0.121401827649661
592 0.121673420694689
593 0.121986275333535
594 0.12224487191141
595 0.122547522060107
596 0.122887254609423
597 0.123172002330476
598 0.123449965816775
599 0.123744008995846
600 0.12405036545793
601 0.124305115409845
602 0.124551488406429
603 0.124808033838695
604 0.125077890346198
605 0.125337410666479
606 0.12557438135869
607 0.125790732662049
608 0.126004400547237
609 0.126267401347876
610 0.126557440540679
611 0.1268336158417
612 0.127112351919516
613 0.127410217683906
614 0.127717206343721
615 0.12799576082243
616 0.128301136768696
617 0.128583547528356
618 0.12881079746131
619 0.129099804397423
620 0.129385706177531
621 0.129656723132849
622 0.129937550066857
623 0.13015009925241
624 0.130423641074934
625 0.130799390096295
626 0.13103059863194
627 0.131278746399316
628 0.131581779984423
629 0.13191583280807
630 0.132233142469829
631 0.132549446440306
632 0.132868762273373
633 0.133165794322477
634 0.133466394529753
635 0.133735993343119
636 0.133962224439636
637 0.134327962587586
638 0.134641497170861
639 0.134874227828211
640 0.135171184137758
641 0.135467154892031
642 0.135768191846939
643 0.136085890909084
644 0.136412179669025
645 0.136738442195953
646 0.137064803552688
647 0.137396479329453
648 0.137741324792439
649 0.138076219706325
650 0.138387861837366
651 0.138685731687349
652 0.139014316997408
653 0.139344010625942
654 0.139632726436618
655 0.139952928858754
656 0.140287211091769
657 0.140629468094674
658 0.140995329839382
659 0.141277660995544
660 0.14156098888438
661 0.141921575645293
662 0.1422140980198
663 0.142527703730441
664 0.142878958235753
665 0.143227769579301
666 0.143584957807956
667 0.143950816719527
668 0.144306409063989
669 0.144577082601884
670 0.144935407815584
671 0.14534124766853
672 0.14567406961081
673 0.145980567518439
674 0.146337620410387
675 0.146734211535675
676 0.147033240523862
677 0.147371043333599
678 0.147736150840346
679 0.148085625232629
680 0.14842418243215
681 0.148782394206904
682 0.149164446272898
683 0.149552598954972
684 0.149954794873876
685 0.150341388666293
686 0.15069171794263
687 0.151015861550125
688 0.151352192442064
689 0.151717436033512
690 0.152111825151185
691 0.152518989080706
692 0.152895015939223
693 0.15323671418755
694 0.153601625319803
695 0.15394874130412
696 0.1542956203369
697 0.154670595148719
698 0.155080174251631
699 0.155491737427371
700 0.155897499250751
701 0.15631126520687
702 0.156745340958379
703 0.157135982332803
704 0.157470341320726
705 0.15788383570899
706 0.158304766648214
707 0.158725271090641
708 0.159154061624169
709 0.159537410644992
710 0.159941485936161
711 0.160377040240188
712 0.160770197077252
713 0.161175730268425
714 0.161582278096771
715 0.161979831920369
716 0.162433258250796
717 0.162813396834759
718 0.163169623377872
719 0.163660659545863
720 0.164147242312181
721 0.164577291678271
722 0.164944256381998
723 0.165295421546213
724 0.165703609336676
725 0.166163250324871
726 0.166627209429442
727 0.167025935612667
728 0.167440438666021
729 0.16791406199726
730 0.168435446918675
731 0.168842509563855
732 0.16920431797866
733 0.169603263435841
734 0.170012027019989
735 0.170432101982639
736 0.170854153314059
737 0.171265244063397
738 0.171649800871885
739 0.172085413942123
740 0.172584888985478
741 0.173061701095626
742 0.173438290493714
743 0.173820499609482
744 0.174305711846036
745 0.17477477871716
746 0.175182922776983
747 0.175570455651415
748 0.176027088398727
749 0.176497894806779
750 0.176966616399814
751 0.177406172821225
752 0.177758256231176
753 0.178178733315103
754 0.178619442274958
755 0.179003993955326
756 0.179449664020729
757 0.179908341953072
758 0.180365990958377
759 0.180838908309467
760 0.181311868384739
761 0.181731982426087
762 0.182114256154105
763 0.182633364405194
764 0.183080356425429
765 0.183463217774923
766 0.183861093704402
767 0.184270934657374
768 0.184723430228903
769 0.185207513920422
770 0.185672300540891
771 0.186075906247291
772 0.186479287646679
773 0.186919660679173
774 0.187333577739434
775 0.187790196167495
776 0.188259373320523
777 0.188684925029975
778 0.18907290905179
779 0.189485332405822
780 0.189946195566915
781 0.190436562641924
782 0.190895184013001
783 0.191312249439416
784 0.19170904901797
785 0.192146939754854
786 0.192591607872362
787 0.193047941926058
788 0.193522187312322
789 0.19396161060859
790 0.194411134110682
791 0.194856589664692
792 0.195238571766693
793 0.195673263503076
794 0.196127554662053
795 0.19655625728116
796 0.196936966202122
797 0.197385045085205
798 0.197878992457764
799 0.1983453328538
800 0.198713928967722
801 0.199111853084666
802 0.199561110867295
803 0.200000973604524
804 0.200454795186731
805 0.200915273175963
806 0.201362130232286
807 0.201760817910627
808 0.202132290408722
809 0.202565069228187
810 0.203103096777234
811 0.203598970754392
812 0.203961015164161
813 0.20429104518978
814 0.204766397208074
815 0.205202292188566
816 0.205629424041702
817 0.206072658814935
818 0.206523250048143
819 0.206980686742884
820 0.207405805763173
821 0.207783730518098
822 0.208169656068629
823 0.208576677695847
824 0.209008108867764
825 0.209463474951339
826 0.209975876124509
827 0.21037495514774
828 0.210686427496871
829 0.211089749954866
830 0.211498734520551
831 0.21195857421235
832 0.212467013425331
833 0.212925614149169
834 0.213322967179656
835 0.213704313086256
836 0.214105113578632
837 0.214470639531868
838 0.214845165898345
839 0.215246061157081
840 0.215671367387456
841 0.216102596482464
842 0.216506475287681
843 0.216926754819049
844 0.217454167958808
845 0.217834189446156
846 0.218165157305253
847 0.218557354373035
848 0.219040190135052
849 0.219529055529301
850 0.219952319261386
851 0.220286666576682
852 0.220620142634939
853 0.221013387105176
854 0.221493096051966
855 0.22203355055122
856 0.222472135264345
857 0.222839948766859
858 0.223182951901059
859 0.223547219673929
860 0.223951642814254
861 0.224366766732176
862 0.22478010353288
863 0.225213847708589
864 0.225578536015341
865 0.225917551106625
866 0.226310673234979
867 0.226860160628162
868 0.227303670460214
869 0.227657911514949
870 0.228025192685775
871 0.228393716111244
872 0.22878335704708
873 0.229175346242524
874 0.229544401764938
875 0.229980403106832
876 0.230449877404563
877 0.230903724507718
878 0.231299814361866
879 0.231732346631267
880 0.232137428860056
881 0.232487806560693
882 0.23284551536791
883 0.2332000806301
884 0.233596986787179
885 0.23404641236346
886 0.234447946708583
887 0.234931206313532
888 0.235376896958529
889 0.235676842095973
890 0.236067783387102
891 0.236438938132116
892 0.236805976823029
893 0.237237410788206
894 0.237731251571826
895 0.238208312916695
896 0.238613902786441
897 0.238936195147926
898 0.239277613592915
899 0.239611180792614
900 0.239968412692972
901 0.240439758215596
902 0.240856172804699
903 0.241271175436664
904 0.241718191024144
905 0.24214449350286
906 0.242553702668538
907 0.242938365313837
908 0.243318757066275
909 0.243775997700217
910 0.244125596799472
911 0.244474557680408
912 0.244935310501614
913 0.245378475170359
914 0.245764740198719
915 0.246114686532855
916 0.246477324835563
917 0.246887147814071
918 0.247311338408709
919 0.24774273836869
920 0.248169078120164
921 0.248479728883484
922 0.248857068182297
923 0.249275780404583
924 0.249600157570149
925 0.249970207138674
926 0.250400393861923
927 0.250804324573815
928 0.251078913535731
929 0.251598814007781
930 0.252020871011542
931 0.252301017117608
932 0.252745606577291
933 0.253215340103276
934 0.25368224840372
935 0.254134220128864
936 0.254561541015247
937 0.254874909421402
938 0.255202039858652
939 0.255626395679566
940 0.256103758705918
941 0.256429989858301
942 0.256779376230612
943 0.257222715161466
944 0.257547806017977
945 0.257913139062221
946 0.258277049207158
947 0.258624922898798
948 0.259064381560358
949 0.259421068764628
950 0.259811526294495
951 0.260306073218071
952 0.260745163691502
953 0.261098419963222
954 0.261431717575423
955 0.261791526650417
956 0.262112704581795
957 0.262487860755542
958 0.262886981045809
959 0.263281792471869
960 0.263730687679172
961 0.264187984182192
962 0.264619566715594
963 0.264980954061812
964 0.265189506128107
965 0.265563600285847
966 0.266031607581117
967 0.266433575262915
968 0.266704976003639
969 0.267093933006712
970 0.267529776159935
971 0.267904790894255
972 0.268256577272828
973 0.268626897696846
974 0.269029708924147
975 0.269443132027808
976 0.269797622497467
977 0.270090960885892
978 0.270402784452743
979 0.270829885916051
980 0.271445222940322
981 0.27182075150127
982 0.272144411872327
983 0.272606883800668
984 0.27308749618323
985 0.273485311438465
986 0.273767745260295
987 0.274003148471811
988 0.274365849197285
989 0.274796730464628
990 0.27511341233481
991 0.275357161707057
992 0.275882963459667
993 0.27639025377473
994 0.276721224871372
995 0.276969947245126
996 0.277435243158357
997 0.277568661213978
998 0.277855749120924
999 0.278361810895434
1000 0.27864144613822
1001 0.274869179333084
1002 0.275198794492994
1003 0.275595378503683
1004 0.27595015007384
1005 0.276248975709493
1006 0.276568514164996
1007 0.276916973401108
1008 0.277270181689157
1009 0.277544901427354
1010 0.277804105555269
1011 0.278082337938408
1012 0.278398308259909
1013 0.278780839108307
1014 0.279133866499565
1015 0.279423860526638
1016 0.279760246693396
1017 0.280104121781806
1018 0.280427042548404
1019 0.280763072312133
1020 0.28116935951725
1021 0.281495159117591
1022 0.281706698917761
1023 0.282040528783221
1024 0.282398806348178
1025 0.282650958088218
1026 0.282970004442271
1027 0.283286340291009
1028 0.283474823831892
1029 0.283778630444863
1030 0.28422038205042
1031 0.284589554057321
1032 0.284935004361437
1033 0.285321884258548
1034 0.285666216076663
1035 0.285934016839418
1036 0.28621349124206
1037 0.286539642827721
1038 0.28689714081212
1039 0.287185561969554
1040 0.287415639417852
1041 0.287710159145071
1042 0.287984068409254
1043 0.288257325775602
1044 0.288619856643133
1045 0.288992991230809
1046 0.289386892002977
1047 0.289730368709932
1048 0.290070226522847
1049 0.290363424744427
1050 0.290659335250065
1051 0.290944518048065
1052 0.291253883996822
1053 0.291581441331472
1054 0.291858417602388
1055 0.292080561349405
1056 0.292341251885295
1057 0.292661429990587
1058 0.292938321871205
1059 0.293259167504913
1060 0.29367820809017
1061 0.293994787726144
1062 0.294287249117251
1063 0.294590042365148
1064 0.294904065276967
1065 0.295077832532758
1066 0.295288879945591
1067 0.29561748722137
1068 0.295930371203139
1069 0.29625318049671
1070 0.296575355460409
1071 0.296828615928562
1072 0.297118511098176
1073 0.297440673198953
1074 0.297746183137745
1075 0.298066942163145
1076 0.298387356546743
1077 0.298685481415327
1078 0.298987406612762
1079 0.299331171985634
1080 0.299624170102956
1081 0.299885088617133
1082 0.30012417592847
1083 0.30038044491702
1084 0.300728535615584
1085 0.301070752483559
1086 0.301401092414784
1087 0.301709821830193
1088 0.301972465291951
1089 0.30223005661429
1090 0.302506717589703
1091 0.302762692632524
1092 0.302977214353768
1093 0.303221595612507
1094 0.303474905777774
1095 0.303724080324015
1096 0.304019215646393
1097 0.304287014962644
1098 0.30455496549458
1099 0.304880299006331
1100 0.30515429482645
1101 0.305444072755937
1102 0.305766693748124
1103 0.306019840017414
1104 0.3062339496677
1105 0.306488209805002
1106 0.306727159374486
1107 0.306933964466459
1108 0.307169371118713
1109 0.307428648681047
1110 0.307666474064829
1111 0.307888516720267
1112 0.308131964916202
1113 0.308404980441481
1114 0.308673051535377
1115 0.308958080261858
1116 0.309267337929202
1117 0.309486959870121
1118 0.309675212270707
1119 0.30988943514851
1120 0.310083571275737
1121 0.310304862818592
1122 0.310559990111905
1123 0.31080140759568
1124 0.311044081679089
1125 0.311288551038124
1126 0.311519883774719
1127 0.311799652546955
1128 0.312075835488134
1129 0.312322498885258
1130 0.312570386322843
1131 0.312781145494151
1132 0.312998067256619
1133 0.313230941441846
1134 0.313455194706564
1135 0.3137131995476
1136 0.31394362012074
1137 0.31416811548386
1138 0.314353594059823
1139 0.314490653214585
1140 0.314673661171457
1141 0.314854845848566
1142 0.315044692121468
1143 0.315256312234191
1144 0.315499211790081
1145 0.315679733169969
1146 0.315853933918785
1147 0.316089908790111
1148 0.316306604103896
1149 0.316572675559146
1150 0.316846702929068
1151 0.317058246895223
1152 0.317281745154931
1153 0.317486880895865
1154 0.317643525750777
1155 0.317840428844616
1156 0.318056815322267
1157 0.318265057009738
1158 0.31847798935634
1159 0.318697249621844
1160 0.318924502814038
1161 0.31913749549056
1162 0.319363201755699
1163 0.319585487193063
1164 0.319804537177079
1165 0.320028988608881
1166 0.320236197042839
1167 0.320465500373214
1168 0.320693476703632
1169 0.320890145010655
1170 0.321118662567434
1171 0.321370494660232
1172 0.321600850940791
1173 0.321849084760848
1174 0.322070710451733
1175 0.32226064172642
1176 0.322461972798116
1177 0.322649762353656
1178 0.322850956798335
1179 0.323054432829398
1180 0.32327138434602
1181 0.323519583304731
1182 0.323739170726433
1183 0.323905133265941
1184 0.324089162310673
1185 0.324302931592036
1186 0.32449567684095
1187 0.324700424489065
1188 0.324959821625629
1189 0.32516958701392
1190 0.325327719262387
1191 0.325528732278347
1192 0.325746285327686
1193 0.325960784417386
1194 0.326197971987331
1195 0.326407487520424
1196 0.326604817896325
1197 0.326796019569753
1198 0.326969746899302
1199 0.327137699865334
1200 0.327317799527368
1201 0.327522917744322
1202 0.327714959342719
1203 0.327905806438209
1204 0.32808646887509
1205 0.328245800690692
1206 0.328419258800272
1207 0.328604040079735
1208 0.328771698316607
1209 0.328928926766592
1210 0.329099064674765
1211 0.329275264827824
1212 0.32943429788857
1213 0.329579804033655
1214 0.329749210206222
1215 0.329908882937948
1216 0.330077782687784
1217 0.33028140960746
1218 0.330478089543872
1219 0.330625627499448
1220 0.330810423672821
1221 0.330982615354685
1222 0.331152485513183
1223 0.331310825985053
1224 0.331465549819914
1225 0.33162017404645
1226 0.331761160206589
1227 0.331907679082162
1228 0.332057779939493
1229 0.332215738145671
1230 0.33236072339877
1231 0.332532490643311
1232 0.332743675641068
1233 0.332926087543836
1234 0.333108076154506
1235 0.33328573894548
1236 0.333453839495416
1237 0.333616428890387
1238 0.333751611848257
1239 0.333891522683801
1240 0.334023326937695
1241 0.334122783511502
1242 0.334252055019847
1243 0.334385533781703
1244 0.334548764104779
1245 0.334731171605539
1246 0.334911677035064
1247 0.335122359272486
1248 0.33531983928983
1249 0.335517772653206
1250 0.335699955662669
1251 0.33590503591813
1252 0.336058456618257
1253 0.336153836403751
1254 0.336273094078211
1255 0.336357233438853
1256 0.336469442833101
1257 0.336585434791515
1258 0.336744784469269
1259 0.336914261182271
1260 0.337107242259078
1261 0.33729943450689
1262 0.337522326309493
1263 0.337717537817646
1264 0.337911554103367
1265 0.338089773445987
1266 0.338261650210535
1267 0.338414267472971
1268 0.338553869785898
1269 0.338674022481972
1270 0.338737634237332
1271 0.338863184629851
1272 0.338993131112034
1273 0.339145655415156
1274 0.339358580285692
1275 0.339547817946381
1276 0.339726829553532
1277 0.339916802004314
1278 0.340101962437406
1279 0.340307595190729
1280 0.340511170543919
1281 0.340729789483026
1282 0.340926568283511
1283 0.341129028944988
1284 0.341299521397583
1285 0.341439198144632
1286 0.341595483534528
1287 0.341729956995466
1288 0.341890105564556
1289 0.342058576241107
1290 0.342244547216314
1291 0.342471445002358
1292 0.342653853421242
1293 0.34283462746866
1294 0.343000817574745
1295 0.34310716834832
1296 0.343256870781271
1297 0.343452437639249
1298 0.343609764335899
1299 0.343755965773487
1300 0.34390973433364
1301 0.344048631334574
1302 0.344153613029502
1303 0.344285166280399
1304 0.344434904187191
1305 0.344566053772405
1306 0.344680924635988
1307 0.344818023864002
1308 0.344977920518198
1309 0.345097311679918
1310 0.34521006076711
1311 0.345316335324284
1312 0.345381959088219
1313 0.345473876456194
1314 0.345579963912998
1315 0.345685987862508
1316 0.345802433459826
1317 0.345904955944302
1318 0.345995500567362
1319 0.346101284451965
1320 0.346203455889265
1321 0.346310709235697
1322 0.346445932701004
1323 0.346561971907092
1324 0.346669751346202
1325 0.346762763974889
1326 0.3468708613716
1327 0.346974688978684
1328 0.347085168782692
1329 0.347216764089021
1330 0.347314838353181
1331 0.347391025781764
1332 0.347484470914376
1333 0.347577480988132
1334 0.34765772517639
1335 0.34773157264583
1336 0.347822759475335
1337 0.347902541511197
1338 0.347995462357484
1339 0.348137298221281
1340 0.348230918452896
1341 0.348287464561199
1342 0.348362677855694
1343 0.348428289897005
1344 0.348493154970318
1345 0.348564485710424
1346 0.348638878245782
1347 0.348717984306361
1348 0.348782339838803
1349 0.348842578712601
1350 0.348908058883369
1351 0.348964338093418
1352 0.348999283415158
1353 0.349054333465652
1354 0.349130429131146
1355 0.34917365579852
1356 0.349199403707954
1357 0.349238444790333
1358 0.349251438369905
1359 0.349302872455627
1360 0.349393039851596
1361 0.349459791786359
1362 0.34952429829768
1363 0.34959973188161
1364 0.349665107168807
1365 0.349745625420432
1366 0.34986509033597
1367 0.349948445868135
1368 0.350028953920099
1369 0.350087946792822
1370 0.350127358113905
1371 0.350147100180695
1372 0.350142899590166
1373 0.350134928211847
1374 0.350116991394809
1375 0.350061724721453
1376 0.349992055614336
1377 0.349906145635419
1378 0.34980186626033
1379 0.349663064762744
1380 0.349537800948726
1381 0.349405636447184
1382 0.349270280966047
1383 0.349140740423209
1384 0.348987513523301
1385 0.348840833926536
1386 0.348644200968454
1387 0.348409394341286
1388 0.348174126364458
1389 0.347906372230134
1390 0.347641323938963
1391 0.347377400790928
1392 0.347097600719151
1393 0.346817632273354
1394 0.346501661802215
1395 0.346170394109455
1396 0.345814334659674
1397 0.345407358925615
1398 0.345011195918734
1399 0.344597244315195
1400 0.344192914913334
1401 0.343789007846474
1402 0.3434043890118
1403 0.342977212536251
1404 0.342562228436398
1405 0.342154380231611
1406 0.341713356669442
1407 0.341350523364123
1408 0.341021670554221
1409 0.340729245851498
1410 0.340467792518579
1411 0.340260126799462
1412 0.340070305750527
1413 0.339977081781597
1414 0.339940736988678
1415 0.339983550260082
1416 0.340106065744536
1417 0.340286561818063
1418 0.340543738207152
1419 0.340840591658799
1420 0.341228310731856
1421 0.341599086465221
1422 0.342024788980913
1423 0.342417558154201
1424 0.342818418684504
1425 0.343190854355212
1426 0.343535105264954
1427 0.343884090736481
1428 0.344222036659714
1429 0.344549582232567
1430 0.344866470766279
1431 0.345191541473073
1432 0.345497078539532
1433 0.345828769843745
1434 0.346173253498611
1435 0.346505820128257
1436 0.346822472639866
1437 0.347133854813251
1438 0.347423495439772
1439 0.347690215965451
1440 0.34796572853893
1441 0.348244410452182
1442 0.348487220621905
1443 0.348718098207112
1444 0.348935266207955
1445 0.349105555018928
1446 0.349315722344097
1447 0.349543029178534
1448 0.349758179913945
1449 0.349988425057698
1450 0.350195793755119
1451 0.350392596018447
1452 0.350573678320139
1453 0.350753678489735
1454 0.350899180186262
1455 0.350998132656077
1456 0.351125598559238
1457 0.351228872933371
1458 0.35136059548788
1459 0.351505738372735
1460 0.351680305928155
1461 0.351920460023815
1462 0.352093129938788
1463 0.352258606626284
1464 0.352412652857925
1465 0.352486829772838
1466 0.352610497690046
1467 0.352766171545626
1468 0.352922104580902
1469 0.35308396550822
1470 0.353265991361934
1471 0.353461649236963
1472 0.353669275395228
1473 0.353864716033379
1474 0.354041191224701
1475 0.354195749904174
1476 0.354311716529883
1477 0.354452285114345
1478 0.35458643586468
1479 0.354731414608926
1480 0.354876565346021
1481 0.355037548102011
1482 0.355213187483722
1483 0.355381886597393
1484 0.355555162564821
1485 0.355739213616241
1486 0.35592839637301
1487 0.356107402496729
1488 0.356297815829239
1489 0.356479739699897
1490 0.35665046728603
1491 0.356815099437801
1492 0.356992289165476
1493 0.35713555572088
1494 0.357242511222845
1495 0.357370532791881
1496 0.357487718167917
1497 0.357612020270943
1498 0.35773548592717
1499 0.35787818065615
1500 0.358027252467361
1501 0.358186593341749
1502 0.358384966545458
1503 0.358554583590737
1504 0.358745990234821
1505 0.358875424112066
1506 0.35892543233276
1507 0.359026641479804
1508 0.359101757429407
1509 0.359203658151062
1510 0.359378990822717
1511 0.359513251091499
1512 0.359619073745949
1513 0.359733039014657
1514 0.35983078268449
1515 0.359940619701639
1516 0.360070645248933
1517 0.360182889389366
1518 0.360299622415467
1519 0.360435258267153
1520 0.360544351663918
1521 0.360672098512486
1522 0.360792400839698
1523 0.360910420011217
1524 0.361028104914964
1525 0.361148183769557
1526 0.361265281503138
1527 0.361371997742311
1528 0.36149995382904
1529 0.361638617422278
1530 0.36177335930585
1531 0.361925538244352
1532 0.362051874896877
1533 0.362165294282108
1534 0.362277920608566
1535 0.362394843564151
1536 0.362476292627185
1537 0.362538544396987
1538 0.362593679089857
1539 0.362604171347925
1540 0.362656404478853
1541 0.362717967167489
1542 0.362794573873102
1543 0.362888865435767
1544 0.362991171872065
1545 0.363103034284543
1546 0.363227670566055
1547 0.363377196490976
1548 0.363508975255716
1549 0.363654989965272
1550 0.36377592886963
1551 0.363867901635997
1552 0.363977904270353
1553 0.364083162934515
1554 0.364192638193033
1555 0.364310226000372
1556 0.364430201067999
1557 0.364548075644259
1558 0.364671327807318
1559 0.364818805382829
1560 0.364934647400829
1561 0.365035708260282
1562 0.365132973261578
1563 0.365220240138981
1564 0.3652905684361
1565 0.365342072171378
1566 0.365402027280056
1567 0.3654194628251
1568 0.365492463901865
1569 0.36561234056724
1570 0.365720753950828
1571 0.365876380189795
1572 0.365987043635443
1573 0.366065987004815
1574 0.366147219506218
1575 0.366194210349099
1576 0.366267323959288
1577 0.366346533176128
1578 0.366439588868082
1579 0.366585763170638
1580 0.366675434540726
1581 0.366722069605054
1582 0.366797596989636
1583 0.366844814513304
1584 0.366911420152141
1585 0.367031916154213
1586 0.367122708371006
1587 0.367190864189978
1588 0.367264190879741
1589 0.367347954680134
1590 0.367404382172384
1591 0.367417632404388
1592 0.367471218491056
1593 0.367520890800206
1594 0.367586260892214
1595 0.367707077106839
1596 0.367807866138073
1597 0.367893101741435
1598 0.367985837216133
1599 0.368089144920823
1600 0.368179054009842
1601 0.368265483697448
1602 0.36833859226136
1603 0.368378161733242
1604 0.368441140204888
1605 0.36849529840706
1606 0.368545357253391
1607 0.368603618529323
1608 0.368660259505459
1609 0.36873766116318
1610 0.368821258844463
1611 0.368928607300215
1612 0.369058405317249
1613 0.36918712282743
1614 0.369340312541858
1615 0.369455024825489
1616 0.369572048894001
1617 0.36964037530667
1618 0.369670319953344
1619 0.369706828519442
1620 0.369703210212146
1621 0.369761929636978
1622 0.369830071380023
1623 0.369935943944018
1624 0.370089512545246
1625 0.370219493053519
1626 0.37037677692019
1627 0.370485696454561
1628 0.37057558321679
1629 0.370651750913747
1630 0.370685906342686
1631 0.37077747403772
1632 0.370889666449397
1633 0.370977639978571
1634 0.371087932621387
1635 0.371162387741066
1636 0.371198566675361
1637 0.371261969296894
1638 0.37134877659693
1639 0.37137203190785
1640 0.371358973212888
1641 0.371378898203082
1642 0.371360125292534
1643 0.371408663854013
1644 0.371516975587026
1645 0.371587545805366
1646 0.371659648517993
1647 0.371732513249212
1648 0.371803560991197
1649 0.371872934228736
1650 0.371949004580553
1651 0.372016532920262
1652 0.372074761658502
1653 0.37212867853924
1654 0.372172475417934
1655 0.37222307161701
1656 0.372309776071711
1657 0.372433204823589
1658 0.372533163925555
1659 0.372650040132344
1660 0.372772896755187
1661 0.372834744380625
1662 0.372929355776386
1663 0.373014873387152
1664 0.37303996526236
1665 0.373085000902104
1666 0.373120984003975
1667 0.373145197909049
1668 0.373200510852862
1669 0.373282648921228
1670 0.373392104729631
1671 0.373503421218803
1672 0.373604503298637
1673 0.373660791429768
1674 0.37372087184378
1675 0.373802817439638
1676 0.373845253848927
1677 0.373928016920822
1678 0.374032388770672
1679 0.374135434483919
1680 0.374294073108396
1681 0.37447975147785
1682 0.374643338077989
1683 0.374787876893065
1684 0.374875757528081
1685 0.374918290651574
1686 0.374962589118257
1687 0.374926801324557
1688 0.374914458709684
1689 0.37496028954975
1690 0.374993447130496
1691 0.375069305124078
1692 0.37516949083036
1693 0.375244159892077
1694 0.375298102956621
1695 0.37538879433097
1696 0.375480714743593
1697 0.375566332388705
1698 0.375649993389015
1699 0.375727632587379
1700 0.375799226166688
1701 0.375853543082495
1702 0.37591614500326
1703 0.375966675609526
1704 0.37604373730556
1705 0.376151576226229
1706 0.376237884447155
1707 0.376357301455749
1708 0.376411321637655
1709 0.376405904768111
1710 0.376411026878736
1711 0.376383192000676
1712 0.376362953992142
1713 0.376331878910686
1714 0.376339800631579
1715 0.376384269333598
1716 0.37639222109553
1717 0.37640377060224
1718 0.376412243484409
1719 0.376400570986954
1720 0.376349548833719
1721 0.376284069541089
1722 0.376237398682623
1723 0.376116449217201
1724 0.376126665468099
1725 0.376241719312645
1726 0.376314622219201
1727 0.376449201510149
1728 0.37650992476076
1729 0.376525319562011
1730 0.376553800992781
1731 0.376562534787049
1732 0.376550913859718
1733 0.376524223311825
1734 0.376515281881881
1735 0.376480169391091
1736 0.376512178753987
1737 0.376586143441815
1738 0.376635597636221
1739 0.376701743032454
1740 0.376797247604476
1741 0.376881792008423
1742 0.376932412917351
1743 0.376982348140755
1744 0.376961926131163
1745 0.376899629912729
1746 0.376871583307428
1747 0.376808795090523
1748 0.376739057376069
1749 0.376711770232131
1750 0.376713236595615
1751 0.376733721225477
1752 0.376759010569965
1753 0.376767164852338
1754 0.376768049726074
1755 0.376750124250814
1756 0.376692385519459
1757 0.376646074833841
1758 0.376573402534407
1759 0.376492316131707
1760 0.376455993191377
1761 0.376464603502951
1762 0.376502426525877
1763 0.376554269172553
1764 0.37663923730795
1765 0.376670590239203
1766 0.37667492033239
1767 0.37670262025728
1768 0.376696559043794
1769 0.376739760156232
1770 0.376813941104209
1771 0.376826978820096
1772 0.376811238446646
1773 0.376733739023476
1774 0.376532152830036
1775 0.376443979018934
1776 0.376358602770552
1777 0.376333465945536
1778 0.37640687149216
1779 0.376452924663966
1780 0.37651792209997
1781 0.376584816456245
1782 0.376611899192995
1783 0.376526211820619
1784 0.376450160751681
1785 0.376346059636715
1786 0.376250183918417
1787 0.376244334565331
1788 0.37621370480528
1789 0.37622432439668
1790 0.376287341251472
1791 0.376317843919319
1792 0.376312053087171
1793 0.37627408264165
1794 0.376258753630042
1795 0.37621518319398
1796 0.37617786864282
1797 0.376196536032993
1798 0.376219822988215
1799 0.376284495389858
1800 0.376444083260192
1801 0.373737219416979
1802 0.373779054412967
1803 0.373920855727412
1804 0.374099315222593
1805 0.374259002003573
1806 0.374407150707142
1807 0.374557561527235
1808 0.374682272512563
1809 0.374866712528947
1810 0.375135828559144
1811 0.375310369882604
1812 0.375343275228189
1813 0.375532487474978
1814 0.375540517105612
1815 0.37550399287284
1816 0.375538063040941
1817 0.375644588975846
1818 0.375678376263201
1819 0.375668313398571
1820 0.375689697836714
1821 0.375817690806777
1822 0.375983976220218
1823 0.376194899684579
1824 0.376376387893579
1825 0.376492223728904
1826 0.376496275815029
1827 0.376557023012939
1828 0.376661054345028
1829 0.376707937065322
1830 0.376731198716528
1831 0.376733533750351
1832 0.376678231976973
1833 0.376612853436059
1834 0.376598615445595
1835 0.376553182290554
1836 0.376568417161742
1837 0.376654416363577
1838 0.376712691859059
1839 0.376778561964883
1840 0.376863749519541
1841 0.376949191931334
1842 0.376972503612057
1843 0.376924014192586
1844 0.376946024874354
1845 0.377006364536202
1846 0.377022256201559
1847 0.377049885180193
1848 0.377109630364287
1849 0.377140032635123
1850 0.377192686683881
1851 0.377279052474485
1852 0.377325678905767
1853 0.377342964979667
1854 0.37727596739896
1855 0.377181371409432
1856 0.377249339431686
1857 0.377286764159359
1858 0.37725300644359
1859 0.37716840419823
1860 0.377195197780189
1861 0.377176788368732
1862 0.377166534069248
1863 0.377161209891031
1864 0.377040236090121
1865 0.376764418652078
1866 0.376342393863574
1867 0.376004253973012
1868 0.375696186247615
1869 0.375365443807833
1870 0.374966514895583
1871 0.374630118071745
1872 0.37424213601046
1873 0.373835007685766
1874 0.373404424884298
1875 0.37294231734953
1876 0.372492773184518
1877 0.371909937183202
1878 0.371322820783563
1879 0.370719129294994
1880 0.370079855369293
1881 0.369328520746414
1882 0.368561360454527
1883 0.367750330379009
1884 0.366896691978256
1885 0.365911248868033
1886 0.364892211169797
1887 0.363811232414473
1888 0.362620844213751
1889 0.361303162595659
1890 0.359993367719339
1891 0.358587758095795
1892 0.357062416344555
1893 0.355394943673067
1894 0.353576408374807
1895 0.35177465884449
1896 0.349928145447746
1897 0.348055246007679
1898 0.346171095676618
1899 0.344326169178187
1900 0.342389772825832
1901 0.340573098746993
1902 0.338772595030086
1903 0.337196977130333
1904 0.33567996362393
1905 0.334369540281227
1906 0.333244063191218
1907 0.332224806352992
1908 0.331311346355181
1909 0.33042974595817
1910 0.329703717420502
1911 0.329068880990369
1912 0.328623836090953
1913 0.328310380011448
1914 0.32816124394302
1915 0.328265512167536
1916 0.328365270102263
1917 0.328476456261539
1918 0.328720604719612
1919 0.328971520003948
1920 0.329276406484007
1921 0.329614727697871
1922 0.330077601522401
1923 0.33047659723152
1924 0.330887149935555
1925 0.331209218199464
1926 0.331586915929068
1927 0.332109074190432
1928 0.332586884615807
1929 0.333117517526645
1930 0.333719262790027
1931 0.334202294031374
1932 0.334677582853524
1933 0.335135139770475
1934 0.335577670883174
1935 0.335954731400509
1936 0.33639123246811
1937 0.336798888529183
1938 0.33735054387785
1939 0.337961699298421
1940 0.338447900608812
1941 0.338880811783632
1942 0.33927130382488
1943 0.339684151052039
1944 0.33999598231399
1945 0.340413699643565
1946 0.340938509800371
1947 0.341396218237579
1948 0.341874537064127
1949 0.342313494063663
1950 0.342609225978105
1951 0.342922434337539
1952 0.343187751637393
1953 0.343492680413907
1954 0.3438654567241
1955 0.344372705158597
1956 0.344746433191804
1957 0.345076245990623
1958 0.3454462180092
1959 0.345764843374344
1960 0.346150022962564
1961 0.346625437175066
1962 0.347018885550764
1963 0.347395343314477
1964 0.34774784111492
1965 0.348057644412078
1966 0.34836840647564
1967 0.348679906547716
1968 0.348942719304273
1969 0.34930000487648
1970 0.349683361397703
1971 0.350121831513252
1972 0.350634410052466
1973 0.35117882131498
1974 0.35171821388567
1975 0.35218806498117
1976 0.35270145143876
1977 0.353120717081538
1978 0.35351122094087
1979 0.3538441927871
1980 0.354212343890062
1981 0.354508298409305
1982 0.35488468570861
1983 0.355336674817433
1984 0.355754847154694
1985 0.356178348573308
1986 0.356619390761296
1987 0.357023933523497
1988 0.357423080236637
1989 0.357765441941397
1990 0.358053551312863
1991 0.358364232668767
1992 0.358643546038283
1993 0.358920608739794
1994 0.35920600278568
1995 0.359488825264196
1996 0.359669447967259
1997 0.360010559939433
1998 0.360450773562841
1999 0.360884967192459
2000 0.361405685938613
2001 0.361882158244649
2002 0.362329773314906
2003 0.362728570788839
2004 0.36314460793931
2005 0.363595644842011
2006 0.36398036465648
2007 0.36430077819913
2008 0.364621467992893
2009 0.364913695648112
2010 0.365193423191492
2011 0.365404340061967
2012 0.365734991544535
2013 0.366024905314017
2014 0.366299993780829
2015 0.366635466848173
2016 0.367028625392853
2017 0.367366657628725
2018 0.367754067377049
2019 0.368068974316316
2020 0.368310078020528
2021 0.368576519842393
2022 0.368851524227914
2023 0.369059254582821
2024 0.369186040748515
2025 0.369393474201973
2026 0.369582739348657
2027 0.369766219903999
2028 0.370116983271435
2029 0.370515345894301
2030 0.370814447207982
2031 0.371124757675429
2032 0.37139757437619
2033 0.371573062141418
2034 0.371779937114669
2035 0.371985154628612
2036 0.372208232770994
2037 0.372408333434394
2038 0.372653651338173
2039 0.372955412892758
2040 0.373251091060639
2041 0.373566904352764
2042 0.373764251862301
2043 0.373957609154863
2044 0.374080221760227
2045 0.374248917719861
2046 0.374378017726092
2047 0.374594827808003
2048 0.374931200513501
2049 0.375138399849916
2050 0.375305480299796
2051 0.375483634996308
2052 0.375587044268739
2053 0.375707697395333
2054 0.375885917404629
2055 0.376034664560241
2056 0.376120012304024
2057 0.376097416217617
2058 0.376213369489648
2059 0.376289939654734
2060 0.376518633883154
2061 0.376966631842261
2062 0.377238590770791
2063 0.377544982031559
2064 0.377773904464615
2065 0.377896423817672
2066 0.378002551939143
2067 0.378057006743169
2068 0.378117478843371
2069 0.378200175904654
2070 0.378294309527901
2071 0.37841343054069
2072 0.378614326644882
2073 0.37876615606372
2074 0.378885834765046
2075 0.37902785396538
2076 0.379224609379225
2077 0.379331351079387
2078 0.379338965521888
2079 0.379439648656691
2080 0.379546576674307
2081 0.37966649828161
2082 0.379864903793599
2083 0.380042584764877
2084 0.380227752394307
2085 0.380322209719115
2086 0.380502787280158
2087 0.380744878598951
2088 0.380896744071109
2089 0.381051415262883
2090 0.381151993710481
2091 0.38110145073084
2092 0.381228659316526
2093 0.381431152699598
2094 0.38161432000759
2095 0.381941702048861
2096 0.382140636643152
2097 0.382285338262816
2098 0.382378151356868
2099 0.382416296723606
2100 0.382376351824811
2101 0.382408056102813
2102 0.382379435947878
2103 0.382356807251933
2104 0.382332263306846
2105 0.382349718396749
2106 0.382318570226465
2107 0.382389708037414
2108 0.382527437980936
2109 0.382712979346182
2110 0.382959175260422
2111 0.383216146717818
2112 0.383599922410349
2113 0.383885970994006
2114 0.384067786193652
2115 0.384361741908015
2116 0.38475978704504
2117 0.385025163336021
2118 0.385284010916009
2119 0.385633373404734
2120 0.385809473797457
2121 0.385772526788327
2122 0.385918280245363
2123 0.386157402597982
2124 0.386221259469711
2125 0.386254722040304
2126 0.386266798275705
2127 0.385955461652428
2128 0.386052663349603
2129 0.386499718370904
2130 0.386734779391021
2131 0.387167127898229
2132 0.387399254096346
2133 0.387416077819047
2134 0.3873820699581
2135 0.387312607523344
2136 0.387241035386638
2137 0.387249594710688
2138 0.387288081132585
2139 0.387244741087826
2140 0.387237765591876
2141 0.38720885207571
2142 0.387130764645607
2143 0.386992402374708
2144 0.386897805885601
2145 0.386685242893503
2146 0.386282763376687
2147 0.385970987848284
2148 0.38560357455238
2149 0.385331994126808
2150 0.385244177369028
2151 0.384949273524333
2152 0.384462668041427
2153 0.384218226429831
2154 0.383896387971304
2155 0.383426501108179
2156 0.383119992304639
2157 0.383051476865657
2158 0.382676363101952
2159 0.382143319806332
2160 0.381716175867804
2161 0.381123807566936
2162 0.38078267222489
2163 0.380674658092901
2164 0.380408804036827
2165 0.380228686369361
2166 0.379938357851566
2167 0.379487793429911
2168 0.379114186298145
2169 0.378774095880554
2170 0.378381180790501
2171 0.37796616341588
2172 0.377550463006871
2173 0.37709003999036
2174 0.376636369457197
2175 0.376212965651022
2176 0.375840974827232
2177 0.375386125990275
2178 0.37491502419019
2179 0.374411827285548
2180 0.373829211512951
2181 0.373309857437359
2182 0.372806999393646
2183 0.37230767517465
2184 0.371810321815063
2185 0.371335207104427
2186 0.370860298505535
2187 0.370408115210183
2188 0.369968570501331
2189 0.369569469750962
2190 0.369327085217631
2191 0.368902353107243
2192 0.368380141845608
2193 0.36787398667121
2194 0.367350051667185
2195 0.36660610366665
2196 0.365878703167816
2197 0.365402376392705
2198 0.364905459591128
2199 0.364383868528465
2200 0.364012264753819
2201 0.363865194755306
2202 0.363484025725578
2203 0.363057305678936
2204 0.362630795493674
2205 0.362049169862913
2206 0.36166944035124
2207 0.361261309165036
2208 0.361155434753061
2209 0.361262982891812
2210 0.361422079371027
2211 0.361811740182883
2212 0.362243871169721
2213 0.362883315199383
2214 0.363337252039086
2215 0.363757101665273
2216 0.364226159378868
2217 0.364541477845774
2218 0.364960215664125
2219 0.365460778024365
2220 0.366115771886144
2221 0.36666790551073
2222 0.367231882500484
2223 0.367663395762234
2224 0.368097954838351
2225 0.368363968024227
2226 0.368464044269785
2227 0.368556850559098
2228 0.368482293610083
2229 0.368563479163585
2230 0.368722293659408
2231 0.368758995031412
2232 0.368779434026799
2233 0.368846536750601
2234 0.368768378674618
2235 0.368840318354407
2236 0.3690655714812
2237 0.369259966580893
2238 0.369595906228086
2239 0.369735115620684
2240 0.36976526354065
2241 0.369830219236227
2242 0.369807918322426
2243 0.369757933094385
2244 0.369665331225364
2245 0.369702635575208
2246 0.36964663183275
2247 0.369292042225295
2248 0.369120345313869
2249 0.369166147052572
2250 0.369268651069403
2251 0.369526307126192
2252 0.369724328556438
2253 0.369956706912901
2254 0.370283155503833
2255 0.370678536391113
2256 0.371046894836549
2257 0.371601148593916
2258 0.371899519097935
2259 0.372025140133995
2260 0.372170798232406
2261 0.372264792236512
2262 0.372271334433041
2263 0.372219949600165
2264 0.372143995786103
2265 0.371807727001173
2266 0.371747303611574
2267 0.371755307610285
2268 0.37192077619098
2269 0.372456153061426
2270 0.372749355689517
2271 0.373082926051288
2272 0.373268480852343
2273 0.373242381501522
2274 0.373258386449434
2275 0.373403080847921
2276 0.373221919640189
2277 0.372716925063319
2278 0.372299156612156
2279 0.371995144249119
2280 0.371537809295221
2281 0.371328798584964
2282 0.371459905589694
2283 0.371402604215209
2284 0.371694347313241
2285 0.371953204040479
2286 0.372589833824851
2287 0.372616136107229
2288 0.372343160215446
2289 0.372247684312084
2290 0.371918475629512
2291 0.37170062700808
2292 0.371712101249265
2293 0.371470744578582
2294 0.370894335183041
2295 0.37072595388971
2296 0.370603461137054
2297 0.370711094272474
2298 0.371367952679364
2299 0.37148192864772
2300 0.371498856904315
2301 0.371410590315203
2302 0.370900972497268
2303 0.370554069845745
2304 0.370104865789465
2305 0.370008359386688
2306 0.370185696736866
2307 0.370206899006401
2308 0.370501444280015
2309 0.370585769284771
2310 0.370411678120554
2311 0.370263464404431
2312 0.370004659515479
2313 0.369922896535605
2314 0.369821889878407
2315 0.369819783657413
2316 0.370169125810756
2317 0.370268094527352
2318 0.370267845269276
2319 0.370197492534747
2320 0.369859378950242
2321 0.369748526431853
2322 0.369660430211974
2323 0.369538340962109
2324 0.369807038417226
2325 0.369949800923477
2326 0.369899582696833
2327 0.369965678367997
2328 0.369782173924484
2329 0.369368429585224
2330 0.368746838959139
2331 0.368302807902837
2332 0.367933389432447
2333 0.367643882420977
2334 0.367593572231616
2335 0.367377312552374
2336 0.367229377628463
2337 0.367039024589642
2338 0.366710773248606
2339 0.36641655011758
2340 0.366049000221717
2341 0.365311731966688
2342 0.365229921474948
2343 0.365606029569552
2344 0.365565832176453
2345 0.365781459848274
2346 0.365472511092708
2347 0.364418555367262
2348 0.364061225079254
2349 0.363873664360776
2350 0.363873618398095
2351 0.364429564209233
2352 0.3644527085027
2353 0.364211097156748
2354 0.363998826415724
2355 0.363418023072284
2356 0.363385918950636
2357 0.36372989518989
2358 0.363996104811067
2359 0.364616447149203
2360 0.36491312432936
2361 0.36511241411393
2362 0.364939236146272
2363 0.364469978096175
2364 0.364030202604497
2365 0.363154233147753
2366 0.362958241174708
2367 0.363162463500401
2368 0.362985636656808
2369 0.362995531085464
2370 0.362750962212998
2371 0.361973230729448
2372 0.361767740025384
2373 0.361910019274568
2374 0.361876297768933
2375 0.362069673898041
2376 0.36203511695555
2377 0.361959151081914
2378 0.361498831105635
2379 0.360400828119471
2380 0.360248443134493
2381 0.360399339408413
2382 0.360352983154386
2383 0.360807397731096
2384 0.361009303512471
2385 0.360792438249002
2386 0.36076851186745
2387 0.361585656479463
2388 0.361211288422971
2389 0.359664723175288
2390 0.358793628537856
2391 0.357257253515036
2392 0.356785825478028
2393 0.357276800008287
2394 0.35778624766986
2395 0.358967233272796
2396 0.359439164196546
2397 0.359938134938505
2398 0.360148932368254
2399 0.359811857390623
2400 0.359700485624734
2401 0.359569689248923
2402 0.359483410457075
2403 0.359823530026516
2404 0.359292046750161
2405 0.357854839401541
2406 0.357049163069652
2407 0.355545883222971
2408 0.355167796213811
2409 0.356491343927745
2410 0.35677922257141
2411 0.356700123499189
2412 0.357019813359286
2413 0.357143242239544
2414 0.35709577405878
2415 0.357758863229744
2416 0.357228384923861
2417 0.3556636481189
2418 0.354713794460074
2419 0.353214075283089
2420 0.352552814270904
2421 0.352544256431949
2422 0.352318332353173
2423 0.352157632632807
2424 0.352435243754301
2425 0.35341026713874
2426 0.353315463677165
2427 0.35305990035424
2428 0.352357027568157
2429 0.350501289548767
2430 0.349790769908207
2431 0.349998072838337
2432 0.3490219708062
2433 0.347381784089184
2434 0.346363107915423
2435 0.344596403386089
2436 0.344237952392976
2437 0.345480148429512
2438 0.34558217236762
2439 0.345492589281167
2440 0.345701239702261
2441 0.34611478255084
2442 0.345469657510653
2443 0.345116608268382
2444 0.344484941593352
2445 0.342458256896493
2446 0.341483647354158
2447 0.341244427620733
2448 0.339805325700728
2449 0.339132261215729
2450 0.338428417220225
2451 0.337245262843049
2452 0.338063301179783
2453 0.339129886362268
2454 0.340456940699336
2455 0.340882199803413
2456 0.339678485257678
2457 0.340521057667854
2458 0.340243110004157
2459 0.339724741662851
2460 0.340790798544672
2461 0.338415385659223
2462 0.335463936839553
2463 0.335740147250583
2464 0.334932695214898
2465 0.334316654464426
2466 0.33490981536475
2467 0.33507084166365
2468 0.334291319765642
2469 0.335097922992485
2470 0.338341040767911
2471 0.338924027508884
2472 0.338620730264901
2473 0.338332805342697
2474 0.336359760001585
2475 0.334914772349987
2476 0.333354191452198
2477 0.333044793095025
2478 0.332624830374845
2479 0.332917656874958
2480 0.335697707224967
2481 0.336540853404146
2482 0.337087904498487
2483 0.336448705936739
2484 0.33391860076941
2485 0.332500961717925
2486 0.330776912036684
2487 0.329193624759915
2488 0.327875900100834
2489 0.327802854701896
2490 0.327729526829879
2491 0.328092878995277
2492 0.329304990968436
2493 0.328871621662598
2494 0.329052902683381
2495 0.330446257119581
2496 0.332151925960106
2497 0.332620926473562
2498 0.333891136252297
2499 0.332041764104052
2500 0.328913143730396
