"Wavelength" "M030a_m3-w3"
350 0.122237693820814
351 0.113279806469343
352 0.114782814126788
353 0.119600809954456
354 0.11303635646885
355 0.10619494869807
356 0.104428287012322
357 0.108238745278812
358 0.113954129473804
359 0.111401683043219
360 0.107198373225768
361 0.10629703204324
362 0.106270716910434
363 0.108049276012809
364 0.108814860038144
365 0.107036941763124
366 0.109659968647627
367 0.11194500624924
368 0.111111950119509
369 0.106947911292388
370 0.10640272035038
371 0.108485852358548
372 0.109944474258141
373 0.106207530172503
374 0.106973863563678
375 0.107715636740266
376 0.104866732273185
377 0.105640575973801
378 0.105246288099064
379 0.10455330989185
380 0.105833427521142
381 0.105108603377709
382 0.104197747453061
383 0.104400366717377
384 0.105879074006479
385 0.103016304645979
386 0.101313051353219
387 0.103802445003425
388 0.105268948422859
389 0.103002605410463
390 0.100830428517298
391 0.102851708409038
392 0.103226927463214
393 0.103479964617264
394 0.103355908726962
395 0.101334129123876
396 0.102687279594258
397 0.103508739096454
398 0.102009629116317
399 0.102774763604101
400 0.103677481467012
401 0.104484251824712
402 0.105186485468406
403 0.104375399705688
404 0.103391316727095
405 0.103060486545687
406 0.103585884041591
407 0.104097112416924
408 0.103851839739863
409 0.103184261544807
410 0.104441150343451
411 0.10444413005455
412 0.104154388013747
413 0.105072690915136
414 0.1048908326456
415 0.104998424777769
416 0.105543347311605
417 0.105583279925536
418 0.105442706876409
419 0.105239933165915
420 0.105246253155618
421 0.106205666174731
422 0.106920930307189
423 0.107291487673908
424 0.107566249581482
425 0.107478775298352
426 0.107555712812057
427 0.107739175930228
428 0.107419808262533
429 0.10767486846039
430 0.108138404729988
431 0.10849443561468
432 0.109415916659592
433 0.109395191117778
434 0.109064284850249
435 0.109715426952878
436 0.109779454466914
437 0.110203433832828
438 0.111103767057589
439 0.111354210404978
440 0.111387533367578
441 0.111599660375897
442 0.112127673016462
443 0.112279413286976
444 0.11247051111461
445 0.112759155594225
446 0.113030756722227
447 0.113803761248291
448 0.114458259784582
449 0.114630767983648
450 0.114573151283381
451 0.114860784261655
452 0.115204665281891
453 0.115221837094037
454 0.115474394667171
455 0.11577888348162
456 0.116041842959594
457 0.116273884132011
458 0.116559377093217
459 0.116821865071038
460 0.116990225098307
461 0.117033676447305
462 0.117328527753987
463 0.117640786061634
464 0.117598592857156
465 0.117775638702189
466 0.11832892476558
467 0.118816995852938
468 0.118136899311071
469 0.118240752096254
470 0.118832317873087
471 0.119244754031002
472 0.119647875545407
473 0.119861724704553
474 0.11993065645628
475 0.120036187044503
476 0.120059190881075
477 0.12012191165705
478 0.120331174856204
479 0.120742049467719
480 0.120963829943502
481 0.12124929623353
482 0.121864459200125
483 0.121735269678299
484 0.121859630152304
485 0.122426806039549
486 0.122641358796025
487 0.123025738293173
488 0.123313001222419
489 0.12329979729788
490 0.123451784406963
491 0.123809710588367
492 0.124214981967149
493 0.12443395536165
494 0.124856141156923
495 0.125306742577898
496 0.125669008291253
497 0.126062803289819
498 0.12645596129583
499 0.126815024202121
500 0.127114307017239
501 0.127357190595273
502 0.127710722899307
503 0.128169777195347
504 0.128541084717926
505 0.128845434535541
506 0.129151813291634
507 0.129525660804222
508 0.130006009411289
509 0.130303307347112
510 0.130502018457964
511 0.130896621290351
512 0.131218019952787
513 0.131583004005277
514 0.132015457263627
515 0.132234522334157
516 0.132580914191896
517 0.133031751801192
518 0.133443871643231
519 0.133835323484225
520 0.134270457324008
521 0.134691954721529
522 0.134891561895151
523 0.135171033676437
524 0.135604031632598
525 0.136139322809326
526 0.13651908423299
527 0.136934267620183
528 0.137401040613019
529 0.137798944653769
530 0.138144171305006
531 0.138551007267274
532 0.139053280835669
533 0.13947549302557
534 0.139764969369862
535 0.140104070543946
536 0.140710014501891
537 0.141116437823176
538 0.141535249515863
539 0.142063313377562
540 0.142525198774249
541 0.142927373339499
542 0.143307494673866
543 0.143719271245802
544 0.14422939022006
545 0.144645136281658
546 0.144978727860005
547 0.145450570420566
548 0.146010468364809
549 0.146547548226422
550 0.146990321382163
551 0.147425106202152
552 0.147956113663983
553 0.148496094982849
554 0.148869790320275
555 0.149481189511341
556 0.1501095392899
557 0.150600057933326
558 0.151122305334723
559 0.151623701901931
560 0.152135498283783
561 0.152685893166571
562 0.153080029980232
563 0.153482396480543
564 0.153934166256312
565 0.154270552052822
566 0.154573449417612
567 0.154916755175124
568 0.155330938832902
569 0.155652238353177
570 0.15608385771875
571 0.156617455684274
572 0.157046604242608
573 0.157483377854019
574 0.157943070402507
575 0.158423772649597
576 0.158934896486655
577 0.159372347565508
578 0.159751802027641
579 0.160150603371468
580 0.160456315359532
581 0.160738434060845
582 0.16106675177431
583 0.161474224864956
584 0.161886041647797
585 0.16226902113389
586 0.162619141479505
587 0.162984893800201
588 0.163373212239818
589 0.163775657443444
590 0.164169310499687
591 0.164475598084842
592 0.164792936608929
593 0.165206183787972
594 0.16555526311614
595 0.165885610475101
596 0.166242244600362
597 0.166662956120692
598 0.167118023996835
599 0.167541042556954
600 0.167901453709779
601 0.168264232878839
602 0.168630571294829
603 0.168995139168474
604 0.169344275575419
605 0.169629103018426
606 0.169930679170645
607 0.170286334243713
608 0.170635047660737
609 0.171015918524224
610 0.171405556224251
611 0.171768679454696
612 0.172114206135337
613 0.172497464790466
614 0.172898712078225
615 0.173215158088413
616 0.173538838658958
617 0.173876702603067
618 0.174229324456571
619 0.17465404040444
620 0.175075133532701
621 0.175461461464277
622 0.175815460791737
623 0.176083508705078
624 0.176406765259013
625 0.176845473943168
626 0.177201760907984
627 0.177552050335152
628 0.177941291921694
629 0.178382628362363
630 0.17872848422664
631 0.179088163321464
632 0.17949863131236
633 0.179844368118519
634 0.180216992055384
635 0.180616184528742
636 0.181015354596473
637 0.181404716203715
638 0.181778927212364
639 0.182163210629885
640 0.182606074447706
641 0.182924085676534
642 0.183252009388689
643 0.183703134336162
644 0.18412379821208
645 0.184504869700976
646 0.184893032078895
647 0.185350794641484
648 0.185683766535129
649 0.186053249613783
650 0.186531697772393
651 0.186922550930797
652 0.187346877751351
653 0.187790783646505
654 0.188196434053849
655 0.18855009352412
656 0.188901777156144
657 0.189312222071328
658 0.18984802487341
659 0.190251121086098
660 0.190622694580322
661 0.191088870998357
662 0.191504498318387
663 0.191911655656653
664 0.192345332479489
665 0.192825376403537
666 0.193263400822437
667 0.193683473416582
668 0.194104822821924
669 0.1944777508655
670 0.194929404113215
671 0.195414642676355
672 0.195832991140861
673 0.196287231982817
674 0.196751086166427
675 0.19719342800731
676 0.197589902968176
677 0.19803188029214
678 0.19851209404635
679 0.198989046158222
680 0.199414337185645
681 0.199834270536527
682 0.200281789651751
683 0.200769585116541
684 0.201178945008663
685 0.201607663424843
686 0.202107166974197
687 0.202511260643722
688 0.202955478774602
689 0.203441006111438
690 0.203907877628046
691 0.204338329902059
692 0.204801045077211
693 0.205299107719401
694 0.205731663042513
695 0.206182184037958
696 0.206695655671217
697 0.207267799773376
698 0.207757815299959
699 0.208180104565414
700 0.208599562564757
701 0.209109850127464
702 0.209648889370739
703 0.210146832538539
704 0.210592858042754
705 0.211116683432531
706 0.211654320249217
707 0.212191849931395
708 0.212723658439227
709 0.213162159119938
710 0.21362244625826
711 0.214154902291792
712 0.214704627135175
713 0.215192924813513
714 0.215649050532448
715 0.21612802883902
716 0.216662698084084
717 0.217121686081791
718 0.217517728345452
719 0.217967279032648
720 0.218504871761152
721 0.219055884043243
722 0.219581375992802
723 0.220155414032823
724 0.220656853476967
725 0.221127017987124
726 0.221648283035786
727 0.222172783688097
728 0.222703228613248
729 0.223238937284644
730 0.223772965320857
731 0.224319178718163
732 0.224859727218794
733 0.22538639855147
734 0.225938479613807
735 0.226475209820113
736 0.22698743129814
737 0.227489748065399
738 0.228034916021482
739 0.228585119751637
740 0.229121803995333
741 0.229667498265868
742 0.230173497572589
743 0.230695701105652
744 0.231279494560122
745 0.231835818826011
746 0.232385289959836
747 0.232911122036618
748 0.233378939526333
749 0.233835277477424
750 0.234345670220993
751 0.2349131149172
752 0.2354316752143
753 0.235970989287457
754 0.236523104348396
755 0.237056404616265
756 0.237533732921306
757 0.238096239871758
758 0.2386685354502
759 0.239016554665113
760 0.23932567548236
761 0.239800442329161
762 0.240453123009128
763 0.240896644588179
764 0.241469279629518
765 0.24213043688461
766 0.242728290024981
767 0.243289420652885
768 0.243799927295687
769 0.244317071259053
770 0.244948357197373
771 0.245524475093876
772 0.246052387622679
773 0.246566957611624
774 0.247091571951967
775 0.247605013187959
776 0.248112484539143
777 0.248633595096994
778 0.249200538143367
779 0.249744451987953
780 0.250254820616413
781 0.250781124530827
782 0.251295491072958
783 0.251881773029336
784 0.252523499650865
785 0.252936514008386
786 0.253341664949647
787 0.253824866918098
788 0.254398648685709
789 0.254981839386209
790 0.255520939037046
791 0.256007056320531
792 0.256479122040245
793 0.257067779614507
794 0.257657623963312
795 0.258159232038921
796 0.25861185171892
797 0.259164178149153
798 0.259735548481473
799 0.260211411886235
800 0.260716991740795
801 0.261227513555388
802 0.261714688484752
803 0.262167720498412
804 0.262751227290978
805 0.263312816469447
806 0.26378689789703
807 0.264318411122681
808 0.26484634367433
809 0.265336018413493
810 0.265797640441516
811 0.266382920543756
812 0.266948748522603
813 0.267414673397013
814 0.267779314534804
815 0.268290061237872
816 0.268794892168565
817 0.269236141404822
818 0.269717275385484
819 0.270304434143418
820 0.270903489123112
821 0.271431891411498
822 0.271917774159241
823 0.2724454562771
824 0.272978350911817
825 0.273449292948317
826 0.273907515638525
827 0.274349999683869
828 0.274798264455483
829 0.275291700003016
830 0.275841275318092
831 0.276354658304296
832 0.276830261029512
833 0.277427301206959
834 0.2779857504893
835 0.278511175226718
836 0.279027347281197
837 0.279460191780842
838 0.279953617907576
839 0.280482213737919
840 0.280963240387919
841 0.28151750903078
842 0.282002780801859
843 0.282448488454987
844 0.283031775410162
845 0.283535043703529
846 0.283955279865936
847 0.28435871570974
848 0.284860580652981
849 0.285435592499
850 0.285947217007045
851 0.286329625506025
852 0.286823127987919
853 0.287337766627856
854 0.287817863999176
855 0.288252994490028
856 0.28880561638451
857 0.289260126923875
858 0.289664152689624
859 0.290257099677324
860 0.290721756128799
861 0.291205566372664
862 0.291755069314902
863 0.292193741264294
864 0.292563068997397
865 0.29296754518475
866 0.293485268552318
867 0.294113564102914
868 0.294578872547168
869 0.294980947118735
870 0.29549060181794
871 0.295958550113673
872 0.296410842219703
873 0.296877581344464
874 0.297373657414661
875 0.29781548309618
876 0.298248515349887
877 0.29872711731666
878 0.299283566198258
879 0.299736133350941
880 0.300132904374958
881 0.30058658802263
882 0.30123499709561
883 0.301756841871809
884 0.302143676526636
885 0.302500873616692
886 0.303003865183404
887 0.303477562187274
888 0.30392938516037
889 0.304419145851857
890 0.304982053015621
891 0.305390455698877
892 0.30570577616201
893 0.306122125223035
894 0.306670035549057
895 0.307179135728408
896 0.307554898364656
897 0.307822028303032
898 0.308316018404907
899 0.308900824541727
900 0.309396343104552
901 0.309678016285057
902 0.310113928894559
903 0.310666247786021
904 0.311244633987578
905 0.311794228922989
906 0.312192441227674
907 0.312529539844829
908 0.312914430713615
909 0.313372194268529
910 0.313932122203734
911 0.31449994288216
912 0.314980428409082
913 0.315384997489692
914 0.315799923024137
915 0.316185361274284
916 0.316517750504675
917 0.317025912077423
918 0.317561816784084
919 0.318112888821324
920 0.318709972725038
921 0.319254576104918
922 0.319634015278967
923 0.319921107985116
924 0.320284949799959
925 0.320653900350058
926 0.321153207459329
927 0.321688868349188
928 0.322029543145862
929 0.322399601480415
930 0.322834589981565
931 0.323282020085116
932 0.323638790103133
933 0.32399261757157
934 0.324414387772274
935 0.32490650476991
936 0.32540725673939
937 0.3261114406465
938 0.326740604800443
939 0.327148237250938
940 0.327493060991919
941 0.327863515585952
942 0.328306371656099
943 0.328792843817909
944 0.329208477049826
945 0.329612130666505
946 0.330006942027196
947 0.330392833437601
948 0.330781234663958
949 0.331274249895955
950 0.331719934486415
951 0.332085894155663
952 0.332693407851429
953 0.333138775438925
954 0.333547842718095
955 0.33404637029545
956 0.334445338879289
957 0.334959214449409
958 0.335404480451249
959 0.335712048982486
960 0.336311519927434
961 0.336883409038821
962 0.337294538314556
963 0.337569361385907
964 0.337956030997389
965 0.338349986400252
966 0.338744274015766
967 0.339150441299688
968 0.339559723554206
969 0.340158953896435
970 0.340696598061495
971 0.341052426453625
972 0.341704301546353
973 0.34203201362041
974 0.342277393425932
975 0.34271170989005
976 0.343111624543834
977 0.34355614863379
978 0.344044901716721
979 0.344544954283413
980 0.345003310254973
981 0.345375570321729
982 0.345789174281556
983 0.346280035163319
984 0.346641572879515
985 0.346818265211501
986 0.347264076491176
987 0.34808181161776
988 0.348628417959683
989 0.348818641837632
990 0.349196065804614
991 0.349839792028878
992 0.350032759603496
993 0.350364990375364
994 0.350799190552234
995 0.351214791812263
996 0.351557456945454
997 0.352122613080016
998 0.352613976628941
999 0.352895824791009
1000 0.353139191900314
1001 0.353267165212392
1002 0.353671553454542
1003 0.354050077456114
1004 0.354455367609755
1005 0.354816692009991
1006 0.355220000090988
1007 0.355688766128015
1008 0.356139058495765
1009 0.356481534587533
1010 0.356832133271853
1011 0.357173695106996
1012 0.357493160793678
1013 0.357827878331491
1014 0.358239551660541
1015 0.358683508769075
1016 0.35909393909238
1017 0.359518168913705
1018 0.360001032396378
1019 0.36042202071133
1020 0.360809413677285
1021 0.361200331135555
1022 0.361509779065532
1023 0.361845447870451
1024 0.362203867504622
1025 0.362501775496468
1026 0.362925944921202
1027 0.3633456620302
1028 0.363632901274998
1029 0.363977011002988
1030 0.364362849893608
1031 0.364712297828437
1032 0.365091891426994
1033 0.365556510718559
1034 0.365946654722762
1035 0.366287546205053
1036 0.366661034837957
1037 0.367030816597292
1038 0.367451010895007
1039 0.367825069193686
1040 0.3681496249102
1041 0.368528678511515
1042 0.368874979698824
1043 0.369248708842347
1044 0.369635460228085
1045 0.369914814259738
1046 0.370229239995662
1047 0.370602638634121
1048 0.371016305069163
1049 0.371419182134445
1050 0.371845167332148
1051 0.372202410814985
1052 0.372520146424685
1053 0.37287804762013
1054 0.373235787883794
1055 0.373618022293549
1056 0.374012741504721
1057 0.374389477395843
1058 0.37474675478449
1059 0.375104900542785
1060 0.37542518373419
1061 0.375752350069881
1062 0.376127388178902
1063 0.376551667380066
1064 0.376970925684789
1065 0.37735926254497
1066 0.377732640245578
1067 0.378088134060555
1068 0.378440649543928
1069 0.378835414428996
1070 0.379224405078452
1071 0.379620148417841
1072 0.379969201762283
1073 0.380249556747874
1074 0.380643514092512
1075 0.381057203168567
1076 0.38143161971897
1077 0.381813068230411
1078 0.382246958571417
1079 0.382627597952601
1080 0.382948014289344
1081 0.38333481670866
1082 0.383774689762146
1083 0.38412810760292
1084 0.384487324359029
1085 0.384859532544822
1086 0.38519931711085
1087 0.385565144413621
1088 0.385929768977481
1089 0.386298025381249
1090 0.386663188721849
1091 0.387013133053662
1092 0.387390242389698
1093 0.38771597361498
1094 0.387999591650321
1095 0.388257361017075
1096 0.38857857869657
1097 0.3888747230185
1098 0.38915964184585
1099 0.389501403869441
1100 0.389832081351775
1101 0.390097154624256
1102 0.390362544650946
1103 0.390638217943237
1104 0.390877202900456
1105 0.391147422958228
1106 0.39144502418687
1107 0.391801526646719
1108 0.392111084392222
1109 0.392418095126564
1110 0.392719375434868
1111 0.393011121546617
1112 0.393271185387749
1113 0.393506374166819
1114 0.393731467459
1115 0.393939062916801
1116 0.394153411461817
1117 0.394394018098483
1118 0.394661479588325
1119 0.394933765406943
1120 0.395209124028868
1121 0.395484878139884
1122 0.395757807678078
1123 0.396032798159026
1124 0.396347038241743
1125 0.396595776501596
1126 0.396799516251326
1127 0.397056897970579
1128 0.397258648273959
1129 0.397431139958822
1130 0.397678215346488
1131 0.397915868995244
1132 0.398155620554399
1133 0.398395446593885
1134 0.398646643816686
1135 0.398888455676684
1136 0.399114674930756
1137 0.39933502206543
1138 0.39956893129835
1139 0.39979123320463
1140 0.400011957413367
1141 0.400233320858524
1142 0.400469303528262
1143 0.40070614480924
1144 0.400946979658685
1145 0.401199163839585
1146 0.401420441702233
1147 0.401639130063073
1148 0.401856404614042
1149 0.402066340629743
1150 0.402336487342232
1151 0.402592948433241
1152 0.402817659442701
1153 0.403052194203786
1154 0.403286937548397
1155 0.403521027154748
1156 0.403752595064106
1157 0.403987591724202
1158 0.404225458175777
1159 0.40447196170262
1160 0.404719090464481
1161 0.4049684220995
1162 0.405221249827573
1163 0.405469491555881
1164 0.405739490212197
1165 0.405999866274564
1166 0.4062931079457
1167 0.406592128409771
1168 0.406857706788735
1169 0.407126103341864
1170 0.407353411874793
1171 0.407519528359087
1172 0.407757847444498
1173 0.407978699189765
1174 0.408235069043447
1175 0.408583017831003
1176 0.408857576619231
1177 0.409089425419285
1178 0.409361926439623
1179 0.409655364148988
1180 0.409899523592746
1181 0.410140002949679
1182 0.410409846186182
1183 0.410622607306889
1184 0.410834164820879
1185 0.411097984526752
1186 0.411343499605274
1187 0.41157924838192
1188 0.411798779854957
1189 0.412045528912943
1190 0.412288711526463
1191 0.412553058172244
1192 0.412857120874497
1193 0.413128110067382
1194 0.413399383360918
1195 0.413653074665703
1196 0.413892111950448
1197 0.414130376105608
1198 0.414374721395143
1199 0.414575061240686
1200 0.414781708160001
1201 0.414957345591125
1202 0.415141128630045
1203 0.415380482020092
1204 0.415625330254126
1205 0.415927383789415
1206 0.416157966392269
1207 0.416371426356811
1208 0.416583442721931
1209 0.416742091705625
1210 0.416942798604236
1211 0.417182816298766
1212 0.417391366585156
1213 0.417578680706124
1214 0.417793882046099
1215 0.418021177429559
1216 0.418240757987096
1217 0.418486668302927
1218 0.418702921814887
1219 0.418900179780091
1220 0.419110563551191
1221 0.419298953056118
1222 0.419481222394466
1223 0.41965346591179
1224 0.419800136432726
1225 0.41995948430559
1226 0.420107041909573
1227 0.420279228172373
1228 0.420463132594902
1229 0.420653700692934
1230 0.420863486973259
1231 0.42107111988427
1232 0.421265979742259
1233 0.421492239376105
1234 0.421755502316745
1235 0.421994762104594
1236 0.422254375156501
1237 0.422491654162086
1238 0.422701205911748
1239 0.422891448416946
1240 0.423090106648227
1241 0.423279669391939
1242 0.423478316589683
1243 0.423690661917508
1244 0.423870445126505
1245 0.424044455498749
1246 0.424203817599585
1247 0.424304366075396
1248 0.42447369696146
1249 0.424671472312323
1250 0.424864742312987
1251 0.425102201946272
1252 0.425315727094956
1253 0.425533124052276
1254 0.425718906903658
1255 0.425866403396917
1256 0.426042040043131
1257 0.426219135298179
1258 0.426369506112849
1259 0.426553567165414
1260 0.426780729476643
1261 0.426964248981939
1262 0.427121849522086
1263 0.427315733703733
1264 0.427513750065739
1265 0.42771360137119
1266 0.42793215406248
1267 0.428148551588274
1268 0.428347207205243
1269 0.428574899487814
1270 0.4288510887785
1271 0.429083436621755
1272 0.429314384402856
1273 0.429525598990805
1274 0.429676260026445
1275 0.429869829581827
1276 0.430089927387736
1277 0.430293085954731
1278 0.430506867591614
1279 0.430720816314235
1280 0.43092099080225
1281 0.431094802839054
1282 0.431289687447424
1283 0.431481959882249
1284 0.431699479494123
1285 0.431931302441726
1286 0.43216044039378
1287 0.432407252563097
1288 0.432649926421873
1289 0.432881174764499
1290 0.433130142598335
1291 0.433414533517914
1292 0.43365774878989
1293 0.433876172964536
1294 0.434110591790224
1295 0.434346659352046
1296 0.434559402983481
1297 0.434738283715867
1298 0.434966733799652
1299 0.435229889361857
1300 0.435442280022249
1301 0.435673779110159
1302 0.43594719100752
1303 0.436189311420601
1304 0.436394761222322
1305 0.436614897955684
1306 0.436865105040984
1307 0.437070957083357
1308 0.437235051174839
1309 0.437422581721255
1310 0.437606699523884
1311 0.437791329529792
1312 0.438011577140923
1313 0.43816461951096
1314 0.438245629962325
1315 0.438391259249489
1316 0.438511043460175
1317 0.438672061084018
1318 0.438939642416275
1319 0.439129939288366
1320 0.43930367077262
1321 0.439446994927549
1322 0.439537663001757
1323 0.43962212309302
1324 0.439714707429548
1325 0.439792491494577
1326 0.439883838018772
1327 0.43999436758193
1328 0.440070817828571
1329 0.440145229480548
1330 0.440188971739496
1331 0.440179395467989
1332 0.440228330944957
1333 0.440261991935703
1334 0.440350798390088
1335 0.440519331479713
1336 0.440630883404401
1337 0.440757514047727
1338 0.440851154636395
1339 0.440906611340224
1340 0.44096414122475
1341 0.44100653396672
1342 0.441052002878341
1343 0.441101800465836
1344 0.441131600691189
1345 0.441128526172852
1346 0.441157660949202
1347 0.441186029534728
1348 0.441225040727847
1349 0.441272705828791
1350 0.441363623291889
1351 0.441402246252184
1352 0.441409813912601
1353 0.4414461467183
1354 0.441475162687442
1355 0.441514215596537
1356 0.441582235753101
1357 0.441618243088468
1358 0.441640408242867
1359 0.441661687058898
1360 0.441656888278045
1361 0.441682108744254
1362 0.441712151848605
1363 0.441756317171261
1364 0.441819119055687
1365 0.441887858034527
1366 0.441977711030794
1367 0.442051366646809
1368 0.442143457480111
1369 0.442204923187986
1370 0.44226539539122
1371 0.44228057083879
1372 0.442274439761046
1373 0.442219719584044
1374 0.442143888921123
1375 0.442054852019724
1376 0.441933905899539
1377 0.441782884723132
1378 0.441642679190071
1379 0.441476422532895
1380 0.441316382065379
1381 0.44117244775291
1382 0.440999154705219
1383 0.440801536462419
1384 0.440606525923691
1385 0.440415651182996
1386 0.440194975032939
1387 0.439954124657602
1388 0.439717058436209
1389 0.439485419914281
1390 0.439207579783214
1391 0.438909999029092
1392 0.438596153439929
1393 0.438240252573098
1394 0.437879549053116
1395 0.437525763790655
1396 0.437142258092923
1397 0.436708126912799
1398 0.436292249003419
1399 0.435879781048625
1400 0.435452783028198
1401 0.43502818589013
1402 0.434602030376023
1403 0.434130336657995
1404 0.433647554169202
1405 0.433184242312337
1406 0.432699931651356
1407 0.432265249508865
1408 0.431838933380834
1409 0.431481243596328
1410 0.43113618673191
1411 0.430900777340529
1412 0.430738717172066
1413 0.430632678238743
1414 0.43057071771727
1415 0.430634169554803
1416 0.43076179165693
1417 0.431005343262071
1418 0.431400528489009
1419 0.43181615913307
1420 0.432350829750196
1421 0.432844223512885
1422 0.43339663873552
1423 0.433898186079302
1424 0.434394601283794
1425 0.43484862419805
1426 0.435274313331844
1427 0.435673595357705
1428 0.43599049123156
1429 0.43636026342037
1430 0.436749791265143
1431 0.437128062673223
1432 0.437511101666202
1433 0.437928810968955
1434 0.438321718305953
1435 0.438686214841845
1436 0.439048293333586
1437 0.43941764056076
1438 0.439754359072179
1439 0.440060118400735
1440 0.440373736530741
1441 0.44068600103984
1442 0.440971877064743
1443 0.441247969700958
1444 0.441507653406694
1445 0.441740669808765
1446 0.441975576845156
1447 0.442196990859665
1448 0.442424493409089
1449 0.44266019124409
1450 0.442868603117909
1451 0.443075968126159
1452 0.443255673473853
1453 0.443387158108246
1454 0.44355032563975
1455 0.443723471154709
1456 0.443879737988566
1457 0.444039385564093
1458 0.44419161840235
1459 0.444321381969102
1460 0.444461437358609
1461 0.444602367340232
1462 0.444753662969776
1463 0.444914434393518
1464 0.445066620174482
1465 0.44521781057029
1466 0.445381466221433
1467 0.44552092680211
1468 0.445700402406976
1469 0.445925266986544
1470 0.446138400533909
1471 0.446369408559032
1472 0.446619266738747
1473 0.446847718696445
1474 0.447059949255079
1475 0.447252599195839
1476 0.447429309479924
1477 0.447599422932581
1478 0.447741139018102
1479 0.447904890954474
1480 0.448057980539495
1481 0.448247872885595
1482 0.448476808668734
1483 0.448657649686521
1484 0.448835673636422
1485 0.449020798368208
1486 0.44916562065605
1487 0.449354554694661
1488 0.449609345711083
1489 0.449788741964788
1490 0.449939396370309
1491 0.450092985997875
1492 0.450186167656126
1493 0.450347326633788
1494 0.450549322429588
1495 0.450741699498889
1496 0.450965579858804
1497 0.451169065588893
1498 0.451383655587388
1499 0.451551702778254
1500 0.451687854911681
1501 0.451833038517335
1502 0.45191999398612
1503 0.45206266766725
1504 0.452251942635066
1505 0.452425727356136
1506 0.452633670053964
1507 0.452805536371496
1508 0.452949534662546
1509 0.453096412849319
1510 0.453221637965361
1511 0.453354808908496
1512 0.453503425357031
1513 0.453635710581519
1514 0.453759951424042
1515 0.453877504633733
1516 0.453990203380218
1517 0.454072562810409
1518 0.45419666830607
1519 0.454327788367762
1520 0.454431598383017
1521 0.454574636329006
1522 0.454709899276424
1523 0.454817553657343
1524 0.454994402350352
1525 0.455228505936978
1526 0.455412771514692
1527 0.455621596813458
1528 0.455777247919142
1529 0.455892405805537
1530 0.456009042975403
1531 0.456108296999819
1532 0.456202314364397
1533 0.4562779155536
1534 0.456364691919188
1535 0.456438654986356
1536 0.456538361646787
1537 0.456652686913483
1538 0.456764601035991
1539 0.456898001262908
1540 0.457008628680502
1541 0.457097302287665
1542 0.457212764868637
1543 0.457319010262087
1544 0.457459307071899
1545 0.457643844312228
1546 0.457800609966759
1547 0.457979821150797
1548 0.458116043217633
1549 0.458236354599412
1550 0.458324217854225
1551 0.458372762564616
1552 0.458420128804532
1553 0.458418522914204
1554 0.45846182054497
1555 0.458489652799731
1556 0.45858267683635
1557 0.458722775501101
1558 0.45888115862218
1559 0.459113389352643
1560 0.459302785188696
1561 0.459526852556232
1562 0.459675872855321
1563 0.459772669671263
1564 0.459859292803592
1565 0.459865019456839
1566 0.459926924256955
1567 0.460008940827663
1568 0.460089273241237
1569 0.460196717919397
1570 0.460290840577568
1571 0.460364463197938
1572 0.46046011963646
1573 0.460557939628279
1574 0.460675375441951
1575 0.46084392254102
1576 0.460963084186298
1577 0.461084799334109
1578 0.461171956249581
1579 0.461207143021961
1580 0.461242180736623
1581 0.461222362706146
1582 0.461260961236193
1583 0.461295344001577
1584 0.461382237726347
1585 0.461532778315016
1586 0.461700807707258
1587 0.461974861193862
1588 0.462149403409663
1589 0.46228138188063
1590 0.46241407814112
1591 0.462476234591195
1592 0.462544845468962
1593 0.462639405226963
1594 0.462713503323993
1595 0.462755162064457
1596 0.462795599447989
1597 0.462831981105053
1598 0.462864685466783
1599 0.462870609115732
1600 0.462898105717171
1601 0.462952955277184
1602 0.463003141994457
1603 0.463101327710781
1604 0.463242212216695
1605 0.463382877071086
1606 0.463561102654308
1607 0.463693152589234
1608 0.463820756764754
1609 0.463936562551336
1610 0.464034078373457
1611 0.464118740119847
1612 0.464189750872097
1613 0.464282946713297
1614 0.464366955342214
1615 0.464451056947138
1616 0.464549595737924
1617 0.464650514950371
1618 0.464725757214052
1619 0.464861033817414
1620 0.465044173782146
1621 0.465196162804261
1622 0.465358314134988
1623 0.465517742055277
1624 0.465679634503635
1625 0.465811873215814
1626 0.465958318377204
1627 0.466023775948877
1628 0.466018022605891
1629 0.46606275187903
1630 0.466080179952894
1631 0.466133217510457
1632 0.46622573706578
1633 0.466284993094401
1634 0.466338882739195
1635 0.466373496882364
1636 0.466379599570983
1637 0.466439222705706
1638 0.4665043630655
1639 0.466572320097956
1640 0.466693218685333
1641 0.466750278122079
1642 0.466771391043421
1643 0.466796744599455
1644 0.46678535372926
1645 0.46685086693391
1646 0.466919273717177
1647 0.467055490059313
1648 0.467268861229885
1649 0.467457078325597
1650 0.467683498149612
1651 0.467868766922683
1652 0.468064400163625
1653 0.468181313372088
1654 0.468233377615401
1655 0.468319757206502
1656 0.468424271271767
1657 0.468552870787335
1658 0.468677543701267
1659 0.468759524359071
1660 0.468797152231081
1661 0.468798077950014
1662 0.468846508584521
1663 0.468919054129623
1664 0.468980534676306
1665 0.469098839501977
1666 0.469241819217009
1667 0.469364960918961
1668 0.469513363706491
1669 0.46966968079005
1670 0.469781823553225
1671 0.469869176107011
1672 0.46993843500381
1673 0.46998404113312
1674 0.470003862100138
1675 0.470058270607076
1676 0.470166893845272
1677 0.470306188491466
1678 0.470469117540272
1679 0.470583379974852
1680 0.47067365945009
1681 0.470737426612774
1682 0.470753531128622
1683 0.470804401123588
1684 0.47084389641721
1685 0.470870724956328
1686 0.47098043533138
1687 0.471136648434417
1688 0.47129490734332
1689 0.471477136931331
1690 0.471621082202372
1691 0.471698705155131
1692 0.471782555799596
1693 0.471847669600539
1694 0.471873876269745
1695 0.471930231213188
1696 0.472007567964444
1697 0.472114012841614
1698 0.472240179928922
1699 0.472281018935507
1700 0.472349238855415
1701 0.472397462800342
1702 0.472443913039811
1703 0.472505910990557
1704 0.47258155307321
1705 0.472645416050913
1706 0.472722824973939
1707 0.47282682673853
1708 0.472930262030391
1709 0.473047681920819
1710 0.473125581909651
1711 0.473230002922602
1712 0.473285184877888
1713 0.473261669885997
1714 0.473265738743279
1715 0.473235572507071
1716 0.473229080414343
1717 0.473275608435494
1718 0.473269927505046
1719 0.473229675719458
1720 0.47322812963876
1721 0.473175560177333
1722 0.473190138246278
1723 0.473290752382719
1724 0.47336201473437
1725 0.473456291476722
1726 0.4735437432903
1727 0.473635231136545
1728 0.473690987300796
1729 0.473724821957705
1730 0.473739304411625
1731 0.4737390855143
1732 0.473713756820413
1733 0.473661108665188
1734 0.473653995835588
1735 0.473632099003222
1736 0.473577709641655
1737 0.473555210692724
1738 0.473493200080679
1739 0.473365642090622
1740 0.473337138695903
1741 0.473261853451657
1742 0.473259838493393
1743 0.473276466322322
1744 0.473339992053665
1745 0.473478994697366
1746 0.473570973482425
1747 0.473624508013481
1748 0.473626937631559
1749 0.473628381126066
1750 0.473638115807172
1751 0.473682783407324
1752 0.47373039497002
1753 0.4736646897752
1754 0.473547308471115
1755 0.473438454738482
1756 0.473355197703999
1757 0.473346493061325
1758 0.473369076994885
1759 0.473408178253226
1760 0.473464030930317
1761 0.473485808857475
1762 0.473501370273349
1763 0.473506877023937
1764 0.473479287484725
1765 0.473432011796727
1766 0.473398450101394
1767 0.473354984806112
1768 0.473301300675732
1769 0.473294441898387
1770 0.473311061029732
1771 0.473368429084778
1772 0.473484876243693
1773 0.473539248700884
1774 0.473627049369547
1775 0.473607109210418
1776 0.47345047826831
1777 0.473375886882881
1778 0.473286970282097
1779 0.473217199303709
1780 0.473190664311312
1781 0.473189891311607
1782 0.473195425410182
1783 0.473232424853712
1784 0.473269253876915
1785 0.473291968597597
1786 0.473242405832484
1787 0.473165949008563
1788 0.473087764706361
1789 0.47301212898584
1790 0.473011221581781
1791 0.473029781434659
1792 0.473113885451644
1793 0.473209565499339
1794 0.473183588028649
1795 0.473215869768544
1796 0.473206863729559
1797 0.473159065911615
1798 0.473276843064761
1799 0.473323793132262
1800 0.473315947699329
1801 0.474247476798685
1802 0.474373985440861
1803 0.474482548831815
1804 0.474512548571667
1805 0.474460555089238
1806 0.474165320961355
1807 0.47414712177136
1808 0.474197432193934
1809 0.474266271077568
1810 0.474482399463615
1811 0.47464643224541
1812 0.474732061345963
1813 0.474822648090908
1814 0.474907208334281
1815 0.475037540508873
1816 0.475132943621464
1817 0.475273265730037
1818 0.475318895740634
1819 0.475296906182877
1820 0.475285538676463
1821 0.475232387445404
1822 0.475093392985762
1823 0.475106539841119
1824 0.475128295249278
1825 0.475135951564522
1826 0.47516642861715
1827 0.475235660492801
1828 0.475318493083598
1829 0.475404723510173
1830 0.475543363793152
1831 0.4756572732835
1832 0.475798155444095
1833 0.475880439281096
1834 0.475868006201027
1835 0.475822429550602
1836 0.475854474014008
1837 0.475885166086532
1838 0.475877351522403
1839 0.475908638903765
1840 0.475959811460088
1841 0.475842063026192
1842 0.475842484235958
1843 0.47590746500911
1844 0.47590538829912
1845 0.475989466933858
1846 0.476003717055649
1847 0.47604872607231
1848 0.476066535035906
1849 0.476211818392279
1850 0.47624148288259
1851 0.476155450113152
1852 0.476029723120576
1853 0.475910713841322
1854 0.475895107390216
1855 0.475904504517781
1856 0.47588039561995
1857 0.475885894115156
1858 0.475896686783322
1859 0.475941946517912
1860 0.475932401887857
1861 0.47580664988741
1862 0.475650382000978
1863 0.475360354628491
1864 0.47506404051551
1865 0.474930668952961
1866 0.474728605147951
1867 0.47447644827977
1868 0.474208304319532
1869 0.473917560744275
1870 0.473493147326102
1871 0.473083859293147
1872 0.472664203985234
1873 0.472207915106088
1874 0.47175864199556
1875 0.47126423460196
1876 0.470759796884177
1877 0.470182320014339
1878 0.469563414641975
1879 0.468909182933343
1880 0.46820058448673
1881 0.467462655433529
1882 0.466705225533717
1883 0.46585742185367
1884 0.465017102644781
1885 0.464071291638581
1886 0.46292733411336
1887 0.461684007675215
1888 0.460389342724973
1889 0.458982239223298
1890 0.457448245127347
1891 0.455966435628939
1892 0.454468966721518
1893 0.45281865309658
1894 0.4511130880681
1895 0.449290975505336
1896 0.447405559666052
1897 0.445553350672343
1898 0.443636372890381
1899 0.441752918548975
1900 0.439892344099645
1901 0.438052978697017
1902 0.436171172471299
1903 0.434363682703486
1904 0.432736333038121
1905 0.43123979646298
1906 0.429955304325523
1907 0.428891410237884
1908 0.427907822986456
1909 0.427083946973586
1910 0.426438293701285
1911 0.425991467846082
1912 0.425608044034812
1913 0.425397133473144
1914 0.425242166700307
1915 0.425172593145629
1916 0.425177623072557
1917 0.425309600421844
1918 0.42554526865103
1919 0.425790591785804
1920 0.426194089779556
1921 0.426588532842732
1922 0.427032438331773
1923 0.427505834429124
1924 0.428062971863049
1925 0.428538874502048
1926 0.429006201334803
1927 0.429498601330195
1928 0.429896664579398
1929 0.430208146235478
1930 0.430600625193745
1931 0.431069222478551
1932 0.431493106388602
1933 0.431916984271346
1934 0.432375426036024
1935 0.432846297455654
1936 0.433274776031434
1937 0.4337791586952
1938 0.434359778127308
1939 0.434856802550989
1940 0.435281065988805
1941 0.435721923419213
1942 0.436242292087904
1943 0.436715768896701
1944 0.437231806259017
1945 0.437661915139892
1946 0.437965359236387
1947 0.438356554049326
1948 0.438710361985467
1949 0.439235347547165
1950 0.439668954022352
1951 0.440113443385896
1952 0.440574259299545
1953 0.440880394005267
1954 0.441285076508678
1955 0.441726926538427
1956 0.442221500201619
1957 0.44278804338685
1958 0.443277581494635
1959 0.443810598461395
1960 0.444291675579083
1961 0.444586509534819
1962 0.444962745117406
1963 0.445365560510279
1964 0.445653173303099
1965 0.446039309919624
1966 0.446533066342493
1967 0.446976209411886
1968 0.447477221719939
1969 0.447892141787497
1970 0.448250964703092
1971 0.448597697665529
1972 0.448848712016327
1973 0.449221199857879
1974 0.449552631104683
1975 0.449844005991436
1976 0.450291158175915
1977 0.450699429094503
1978 0.451044937366759
1979 0.451427842506431
1980 0.45175595634268
1981 0.451898264481112
1982 0.452209853552941
1983 0.452573606238506
1984 0.453000174212352
1985 0.453526927392987
1986 0.454077793695281
1987 0.454552249235513
1988 0.455052870728455
1989 0.455405971579491
1990 0.455743423318369
1991 0.456160500356185
1992 0.456632626241619
1993 0.457044899709488
1994 0.457485658098872
1995 0.457894325824352
1996 0.458263912160919
1997 0.45860570430979
1998 0.458896493925366
1999 0.459278527182405
2000 0.459586432975207
2001 0.459875355754289
2002 0.460226155173631
2003 0.460646043884928
2004 0.460979991397158
2005 0.461280018477285
2006 0.461620871592297
2007 0.461947391405319
2008 0.462298709489889
2009 0.462695258568192
2010 0.463092126177775
2011 0.463523617678588
2012 0.463876902507681
2013 0.464289961495987
2014 0.464542096415392
2015 0.464863178440328
2016 0.465129986293596
2017 0.465495707924133
2018 0.465947583749563
2019 0.466350474537025
2020 0.466760882733129
2021 0.467149899488811
2022 0.467509375255653
2023 0.467887159487852
2024 0.468260491588674
2025 0.468699395419592
2026 0.469074006373934
2027 0.469289346132404
2028 0.469604539435296
2029 0.469920439445527
2030 0.470204859521613
2031 0.470529510035666
2032 0.47080563728972
2033 0.470988682585158
2034 0.471228067227239
2035 0.471465807260025
2036 0.471754952575715
2037 0.472127501471111
2038 0.472424889386495
2039 0.472746750490548
2040 0.473000729063605
2041 0.4731995632039
2042 0.473358729845095
2043 0.473630909352267
2044 0.473987252577427
2045 0.474273260362665
2046 0.474646850216629
2047 0.474868488060486
2048 0.474923566466345
2049 0.475087438292127
2050 0.475287376075016
2051 0.475414698060785
2052 0.475504738220869
2053 0.475659125901805
2054 0.47585379163211
2055 0.475900326443495
2056 0.475985436519491
2057 0.476146244664956
2058 0.476222408210931
2059 0.476092814078497
2060 0.476249056504501
2061 0.476608535249764
2062 0.47680085313062
2063 0.477073746408087
2064 0.477286111746388
2065 0.477327311392716
2066 0.477471250142659
2067 0.477710801718653
2068 0.477875553588368
2069 0.478052391346856
2070 0.478349285209567
2071 0.478530851540174
2072 0.478678338333277
2073 0.478867906851172
2074 0.479023800017046
2075 0.47917928489918
2076 0.479404546282377
2077 0.47956156404827
2078 0.479663301655937
2079 0.479773560091181
2080 0.479870874520314
2081 0.479942980315302
2082 0.479946051425222
2083 0.480002767201904
2084 0.48002031191532
2085 0.48018739839862
2086 0.480267076923725
2087 0.48037051528238
2088 0.480443087652169
2089 0.480439177123146
2090 0.480533738829976
2091 0.480672136806243
2092 0.480837301529031
2093 0.481036516562514
2094 0.481281047889314
2095 0.481591232854065
2096 0.481860941483441
2097 0.482200918650041
2098 0.482458019896106
2099 0.482618625710488
2100 0.482847491292117
2101 0.482994381410868
2102 0.483138440505414
2103 0.483339862499314
2104 0.483623614545542
2105 0.483745720375054
2106 0.483843033019523
2107 0.483904014216754
2108 0.483739114504763
2109 0.483808765686045
2110 0.483950149993528
2111 0.484179443442729
2112 0.484654136414414
2113 0.484950001001915
2114 0.485257106347713
2115 0.485494304032377
2116 0.485651399333302
2117 0.485706513548732
2118 0.485711958356652
2119 0.485769838754899
2120 0.485885393468046
2121 0.485933380495592
2122 0.486174846764109
2123 0.486632942013725
2124 0.486965222867841
2125 0.48737343225037
2126 0.487680021564304
2127 0.487971324858004
2128 0.488129651066308
2129 0.488125111899025
2130 0.488205985473365
2131 0.488298180325791
2132 0.488281764585806
2133 0.488185371280583
2134 0.48820380851884
2135 0.488115707233617
2136 0.487862792735971
2137 0.487786744925007
2138 0.487782013128535
2139 0.487823825017861
2140 0.488035548992221
2141 0.487970124307779
2142 0.48788167407767
2143 0.487689750956349
2144 0.487185502235932
2145 0.486893243098854
2146 0.486732449738697
2147 0.486436828784776
2148 0.486112674914519
2149 0.485778757312394
2150 0.485354744125212
2151 0.484974181436695
2152 0.484604716358184
2153 0.484268230295446
2154 0.483983807708215
2155 0.483632358948674
2156 0.483182841856253
2157 0.482662473525014
2158 0.482203585960592
2159 0.481674279302668
2160 0.48114404890436
2161 0.480688331459462
2162 0.480159417370612
2163 0.479453422581388
2164 0.478934389180657
2165 0.478422599727856
2166 0.478095021752143
2167 0.478149448319863
2168 0.477828166572586
2169 0.477415127646613
2170 0.477009889530081
2171 0.476316626152215
2172 0.475734496781118
2173 0.475276126174546
2174 0.474854972425762
2175 0.47430137184275
2176 0.473597903985048
2177 0.47310427606575
2178 0.472694913865802
2179 0.472160328754046
2180 0.47167601566316
2181 0.471170748725125
2182 0.470556754085218
2183 0.469974780742354
2184 0.469530489772384
2185 0.46891011061145
2186 0.468147707529394
2187 0.467380431869666
2188 0.466408488911091
2189 0.465679360704743
2190 0.465020159384877
2191 0.464427339129421
2192 0.464165035401871
2193 0.463668837458519
2194 0.463160258276783
2195 0.462420405184867
2196 0.461592021357822
2197 0.460838258766568
2198 0.460193413023588
2199 0.459679261035687
2200 0.458979834609004
2201 0.458245952642959
2202 0.457597147087688
2203 0.456765258849285
2204 0.456241775137637
2205 0.455958191256667
2206 0.455685179576388
2207 0.455342392169147
2208 0.455423681788958
2209 0.455775080718327
2210 0.456242624922518
2211 0.457291686869107
2212 0.457930021818406
2213 0.458440088804209
2214 0.458964543142947
2215 0.459228904452566
2216 0.459702355718022
2217 0.460347032596662
2218 0.460980204738985
2219 0.461611006174323
2220 0.462071362906365
2221 0.462396135016406
2222 0.462463923464376
2223 0.462748694931299
2224 0.462988406578128
2225 0.463309602774303
2226 0.463789214814988
2227 0.464116629912579
2228 0.464400485767844
2229 0.464668223046027
2230 0.464880260951886
2231 0.465098318012788
2232 0.465357356273327
2233 0.465461849293228
2234 0.465418254242485
2235 0.465481265002245
2236 0.465526859676133
2237 0.465522800504434
2238 0.465550753440213
2239 0.465596932296548
2240 0.465557146057876
2241 0.465544536672416
2242 0.465616003061224
2243 0.465643674925405
2244 0.465591330955008
2245 0.465528926545468
2246 0.465843064436876
2247 0.466113804847934
2248 0.466376562370436
2249 0.466698774380841
2250 0.466775005221263
2251 0.466560901840308
2252 0.466574565072332
2253 0.466483279351807
2254 0.466697563611246
2255 0.467231404111106
2256 0.467426988347225
2257 0.467629191966566
2258 0.467828771736147
2259 0.467708870027102
2260 0.46792290763469
2261 0.468524849829096
2262 0.468803444232179
2263 0.469036939676254
2264 0.469209887710052
2265 0.469174466823681
2266 0.469260797534981
2267 0.469336517074338
2268 0.469457318423313
2269 0.469774988156984
2270 0.469833103929408
2271 0.469611531893387
2272 0.469715919813868
2273 0.469910053368842
2274 0.469972316952956
2275 0.470396030164302
2276 0.470465749920307
2277 0.470125362291078
2278 0.469720409074281
2279 0.469621405534786
2280 0.469634439738018
2281 0.469747421913047
2282 0.469774303560828
2283 0.469557487042975
2284 0.469547902095898
2285 0.469515276914025
2286 0.469683465859263
2287 0.469531603835758
2288 0.469129168763129
2289 0.468917462808934
2290 0.46857983673627
2291 0.468475517724775
2292 0.468787870640905
2293 0.468676386412178
2294 0.468270559317781
2295 0.468233597002677
2296 0.468005872422021
2297 0.468170040360162
2298 0.469161916981071
2299 0.469304462058626
2300 0.469145000948395
2301 0.469023507045905
2302 0.46823474540713
2303 0.468059881548896
2304 0.468493380971759
2305 0.468459967519158
2306 0.468336778124569
2307 0.468299585787219
2308 0.468075110766845
2309 0.467886448147075
2310 0.467860749854489
2311 0.467727475034754
2312 0.467380614064962
2313 0.467134159574811
2314 0.467104923860573
2315 0.466914576431665
2316 0.466489029271989
2317 0.46627352668284
2318 0.466028322534826
2319 0.465859461098461
2320 0.465893709231764
2321 0.46598211526222
2322 0.465908322105062
2323 0.465958258030254
2324 0.465773612053766
2325 0.465505600547226
2326 0.465241246362503
2327 0.464779156278896
2328 0.46418237510938
2329 0.463679217495786
2330 0.463056713087884
2331 0.461893114819385
2332 0.461425094365342
2333 0.462038590910491
2334 0.462386210291207
2335 0.463077353917656
2336 0.463356850053381
2337 0.463279828621226
2338 0.463081755217052
2339 0.462735126559068
2340 0.462580618818582
2341 0.462370767624477
2342 0.462095349911454
2343 0.461932680540323
2344 0.461734585838207
2345 0.461213568816348
2346 0.461037646868768
2347 0.461118166326025
2348 0.461091995882976
2349 0.461369907227798
2350 0.461057664548203
2351 0.460248214224528
2352 0.460112650222611
2353 0.460036957373185
2354 0.459731712038448
2355 0.459770608393154
2356 0.459660782586139
2357 0.458923157091538
2358 0.458708011824593
2359 0.45900578241405
2360 0.459211021696906
2361 0.459406563735304
2362 0.459817361948343
2363 0.460786566011255
2364 0.460969067138726
2365 0.460768853816531
2366 0.460561054585668
2367 0.45985747566383
2368 0.459495842905814
2369 0.459181282325035
2370 0.459061830337655
2371 0.45911004577893
2372 0.459044962294887
2373 0.459185271551903
2374 0.459225628165488
2375 0.459144723602869
2376 0.459114648898129
2377 0.459218664961249
2378 0.459006051613713
2379 0.458424577099693
2380 0.458262978676057
2381 0.458237856340931
2382 0.457976603192134
2383 0.457695434090118
2384 0.457725505681547
2385 0.458063215682059
2386 0.457738917681618
2387 0.457455458669524
2388 0.456879076816106
2389 0.454997330984074
2390 0.454305087223602
2391 0.454458746184142
2392 0.454369986254994
2393 0.454645657108323
2394 0.454695741824714
2395 0.454829385699718
2396 0.454485822987469
2397 0.453674662186187
2398 0.453326154758104
2399 0.45297495928096
2400 0.452516507384897
2401 0.452263000764539
2402 0.452057670770136
2403 0.451042744101547
2404 0.451093559576888
2405 0.452678627718082
2406 0.452635233986969
2407 0.452325090417008
2408 0.452010749341417
2409 0.450334180001479
2410 0.45010281952884
2411 0.451181596347751
2412 0.451017189431914
2413 0.45080742746494
2414 0.450156974572897
2415 0.448266191349032
2416 0.447366024656816
2417 0.44674351599473
2418 0.446504167571548
2419 0.446766316428253
2420 0.447050581550482
2421 0.448130822572252
2422 0.448154370751457
2423 0.447529717358276
2424 0.447609482638255
2425 0.447417014840602
2426 0.447338746111849
2427 0.448094395784452
2428 0.447481697256604
2429 0.446245401664072
2430 0.444593005707776
2431 0.441393805584047
2432 0.440824412770743
2433 0.441136967721294
2434 0.440974119527374
2435 0.442648393063819
2436 0.44253422763009
2437 0.440786631525109
2438 0.440026223543586
2439 0.439283386536401
2440 0.438744545510356
2441 0.438292669933221
2442 0.437353377472691
2443 0.437820749759355
2444 0.43774053230295
2445 0.43783059797387
2446 0.437751073984492
2447 0.437361478279739
2448 0.43741702448645
2449 0.437613315770602
2450 0.439808072206165
2451 0.4415865693223
2452 0.44078576838253
2453 0.439837412452203
2454 0.43886596230574
2455 0.437957763361723
2456 0.438358004832217
2457 0.438789900298401
2458 0.436825319613544
2459 0.4338781017808
2460 0.433128084650502
2461 0.432119774296268
2462 0.432537777454773
2463 0.434701699831347
2464 0.435776339511539
2465 0.43610216834623
2466 0.435529717342437
2467 0.434936559359793
2468 0.43294022562093
2469 0.431798733901011
2470 0.431614809298609
2471 0.431015123335721
2472 0.430602269063783
2473 0.430467214971506
2474 0.430009754304818
2475 0.42967005827336
2476 0.430364058776454
2477 0.430112321056859
2478 0.428442871922815
2479 0.428330746295407
2480 0.428317379588066
2481 0.428812507741752
2482 0.431109630280005
2483 0.432603908933728
2484 0.43428735465265
2485 0.433627027818188
2486 0.431880987289925
2487 0.429909530780596
2488 0.425704420262626
2489 0.425699430816904
2490 0.426985547544251
2491 0.429535449470923
2492 0.431097265546122
2493 0.424832525515503
2494 0.421608356499622
2495 0.420676875130409
2496 0.419818480411777
2497 0.423681058857421
2498 0.42868334485317
2499 0.432160937451181
2500 0.431356159196928
