"Wavelength" "M030a_m1-w2"
350 0.1064301025723
351 0.102465003870024
352 0.103380367414267
353 0.104277611497306
354 0.0980152593172475
355 0.0934317348437462
356 0.0943659395888035
357 0.0987782673832902
358 0.100639078001921
359 0.101262591008184
360 0.0992621745276193
361 0.0967096282535555
362 0.102415742520478
363 0.104397403303983
364 0.10229780873255
365 0.0991450037020215
366 0.0968843622500233
367 0.0943395689491412
368 0.093655665706615
369 0.0976504105986422
370 0.0995030500404464
371 0.0982415629333855
372 0.095648635723989
373 0.0958097212552428
374 0.0962657340203423
375 0.0968921478572762
376 0.0977557486348888
377 0.0984218450900763
378 0.0971063382408566
379 0.0950644089520606
380 0.0945678607677436
381 0.0952819060663252
382 0.0964890218369091
383 0.0978519953358573
384 0.0992651100924436
385 0.095315488536514
386 0.0936275232445075
387 0.0976327017794315
388 0.0982456836118935
389 0.0975744217708079
390 0.0965174632495872
391 0.0956277640114875
392 0.0947948163257083
393 0.0946087741829974
394 0.0945730443515537
395 0.0935816449183423
396 0.0946850072935762
397 0.0959753228018026
398 0.0963360290405834
399 0.097607595020278
400 0.0975406428576699
401 0.0968351393415289
402 0.0967300229510661
403 0.0965437837592762
404 0.0970635436879135
405 0.0976813538661536
406 0.0969646155722871
407 0.0972796382943873
408 0.0973741846845644
409 0.0969086882441637
410 0.0983336399547275
411 0.098690747127024
412 0.0982092778714004
413 0.0980350421477939
414 0.098573540544809
415 0.0987787200206596
416 0.0988929956830968
417 0.100076209780012
418 0.0999437380060451
419 0.0995697442558757
420 0.0999069151070965
421 0.100550238134552
422 0.101192238872203
423 0.101459036195028
424 0.101200080679555
425 0.101304035884005
426 0.1018775583024
427 0.102435361902132
428 0.102067405553674
429 0.10241163258646
430 0.102909293925588
431 0.103053981986291
432 0.10357886230071
433 0.104218118379282
434 0.104653982282052
435 0.104651764125008
436 0.104736504211101
437 0.104946727174685
438 0.105280433138557
439 0.105744241103621
440 0.105976784977143
441 0.10612503827701
442 0.106356117369403
443 0.106405093652076
444 0.106829952347518
445 0.107555931202782
446 0.108119814445807
447 0.108438838440984
448 0.108645145354712
449 0.108863537074894
450 0.10916161251415
451 0.109295032774681
452 0.109276160451467
453 0.109269255184116
454 0.109683712940518
455 0.110139540074738
456 0.110499764197774
457 0.110849525056468
458 0.110899241863975
459 0.111037943079659
460 0.111467766374236
461 0.111681234317216
462 0.111990797282408
463 0.112251473824894
464 0.112230669905454
465 0.112393553890246
466 0.112741204825132
467 0.1130882213543
468 0.113081749010209
469 0.113229021355957
470 0.113504843984416
471 0.113817024113942
472 0.11439536626185
473 0.114579400932801
474 0.11445951313049
475 0.114606505660172
476 0.114877320275799
477 0.115119856229681
478 0.115284880057555
479 0.115541739712502
480 0.115625058875928
481 0.115940507546948
482 0.11683743732721
483 0.117026896709134
484 0.117089402161399
485 0.117268939365964
486 0.117325193125947
487 0.117812162509382
488 0.118260678162596
489 0.118298437998487
490 0.118536555300311
491 0.118919449650047
492 0.119280261046861
493 0.119427805907977
494 0.119696406371687
495 0.1200424083454
496 0.120432479715983
497 0.120970136132639
498 0.121368374928939
499 0.121664108507868
500 0.121983422295888
501 0.122199466766724
502 0.12265836028889
503 0.123282319143127
504 0.12353184275582
505 0.123782198725005
506 0.124123366828847
507 0.12454929678463
508 0.124980133150717
509 0.125317064011788
510 0.125600295105087
511 0.125945729724149
512 0.126209630920056
513 0.12653329690245
514 0.126981226780243
515 0.127417633685575
516 0.12771118545057
517 0.127992813404172
518 0.128446170872326
519 0.128864964476148
520 0.129361320501768
521 0.12989149425621
522 0.130199321142458
523 0.130572789357638
524 0.130999563317837
525 0.131405651921853
526 0.131785294015354
527 0.13217662294293
528 0.132577143154397
529 0.132958831624824
530 0.133438469393252
531 0.133911218243781
532 0.134315055040758
533 0.134788204805815
534 0.135145547524366
535 0.135474807140051
536 0.135956079451367
537 0.136431719803241
538 0.136872020437907
539 0.137298233786711
540 0.137785838643965
541 0.138321294976292
542 0.138780792148465
543 0.139090703380402
544 0.139571973118521
545 0.140057244723199
546 0.140481821608661
547 0.140906070020388
548 0.141406145194793
549 0.141958781084169
550 0.142521406187071
551 0.143068317584386
552 0.143690424180531
553 0.144312893660723
554 0.144776899286466
555 0.145303101177922
556 0.145886448327475
557 0.146475290593138
558 0.146984642102291
559 0.147492425983525
560 0.148028817658615
561 0.148584226732138
562 0.149018824707017
563 0.149472663609792
564 0.149943482389072
565 0.150204719205962
566 0.15046105288145
567 0.150783957769689
568 0.151184530718907
569 0.151574301434232
570 0.1521030895877
571 0.152749945588623
572 0.153335065133225
573 0.153936978624484
574 0.154559445276031
575 0.155188148220844
576 0.155810668077363
577 0.156258107342016
578 0.156604876717958
579 0.157047267527528
580 0.157385723859433
581 0.157633390597764
582 0.157843358330779
583 0.158084617842663
584 0.158399186624295
585 0.158713404711424
586 0.15896013037645
587 0.159386309035254
588 0.159862542723005
589 0.160336074370034
590 0.160878017501531
591 0.161348617542487
592 0.16179872285916
593 0.162291456291087
594 0.16272674190449
595 0.163127191786837
596 0.163538901570811
597 0.164016278749074
598 0.164427927260746
599 0.164828882015522
600 0.165241756042881
601 0.165500808635668
602 0.165790661269615
603 0.166124726430465
604 0.166434860234612
605 0.166752224555335
606 0.167096079373069
607 0.167448007340502
608 0.167718223216467
609 0.168074978736474
610 0.168504147008369
611 0.168924378008312
612 0.169263855256801
613 0.1696399142452
614 0.170093862485723
615 0.17056997425234
616 0.170984609384358
617 0.171337632821472
618 0.171660463403413
619 0.171982059556184
620 0.172442191240627
621 0.172961327544921
622 0.173313386082166
623 0.173649960414219
624 0.174029705815976
625 0.174458019964965
626 0.174857623538912
627 0.175206017274161
628 0.175586350598114
629 0.176094467247313
630 0.176489593858959
631 0.17689848397473
632 0.177368740288544
633 0.177770822784237
634 0.178138376770802
635 0.178529900667543
636 0.17898966977932
637 0.179449206151333
638 0.179861136720155
639 0.180259731041383
640 0.18075080828934
641 0.181134028165257
642 0.181505857837231
643 0.181960380367074
644 0.182393892153165
645 0.18279012131396
646 0.183194904885457
647 0.183679609072244
648 0.184136996103611
649 0.184582175606919
650 0.185029075571924
651 0.185450486237617
652 0.185902185960129
653 0.186349906174677
654 0.18674428580703
655 0.187165537423932
656 0.187618178923432
657 0.188096339331022
658 0.188588395361952
659 0.189063946415001
660 0.18951940118791
661 0.189965879352938
662 0.190434553575376
663 0.190903929813054
664 0.191374983785795
665 0.191865195375265
666 0.192379830819226
667 0.192861913063025
668 0.193291192529351
669 0.19374432303298
670 0.194248228527519
671 0.194754792129863
672 0.195203505579051
673 0.195725085034016
674 0.19623424840648
675 0.196698565109576
676 0.197183152226322
677 0.197690542903132
678 0.198203592954228
679 0.19869987766135
680 0.199163573411688
681 0.199654502647886
682 0.200195051917614
683 0.200768938784709
684 0.201266537016042
685 0.201765177971646
686 0.202317326491794
687 0.20282905120296
688 0.203313339980033
689 0.203804695091518
690 0.204337042212317
691 0.204836776334058
692 0.205373346573508
693 0.205950897946136
694 0.20646378308852
695 0.206991370668253
696 0.207558480300718
697 0.208145504481115
698 0.208620376971825
699 0.209082944386236
700 0.209601729088933
701 0.210204477092669
702 0.210811013945054
703 0.21138636932152
704 0.211929332903608
705 0.212495486532739
706 0.213053050721638
707 0.21362454707114
708 0.2142337477681
709 0.214751309713826
710 0.215278587563996
711 0.215863223836575
712 0.216457795201477
713 0.217006113047694
714 0.217559084252772
715 0.218165288552229
716 0.218750109356065
717 0.219331116526065
718 0.219923412453939
719 0.220533571660836
720 0.221105455454874
721 0.221665423939379
722 0.222251668502565
723 0.222910325337842
724 0.223516910833451
725 0.224105872417141
726 0.224737074434323
727 0.225259297240138
728 0.225825595875978
729 0.22645223310973
730 0.22700400997049
731 0.22762716283863
732 0.228259987365239
733 0.228842920164524
734 0.229440544764972
735 0.230048646300579
736 0.23065175565137
737 0.231233944390866
738 0.231831908979493
739 0.232412646795338
740 0.232978000940049
741 0.23358732930913
742 0.234182786104256
743 0.23481756574609
744 0.235520366895964
745 0.236131346552994
746 0.236765161823035
747 0.237406275350899
748 0.237962690514414
749 0.238532679478187
750 0.239160073122141
751 0.239829571806013
752 0.240440921297431
753 0.241039348617188
754 0.241643608748622
755 0.242252754417407
756 0.242798521085127
757 0.243419752644562
758 0.244091014322859
759 0.244660088708726
760 0.245263355908171
761 0.245925742066659
762 0.246608772963271
763 0.247176359627015
764 0.247810394220974
765 0.248489315596846
766 0.24911804278691
767 0.249647838437519
768 0.250140150282261
769 0.250689687201199
770 0.251398102058471
771 0.252086238901069
772 0.252789308097922
773 0.253516472440938
774 0.254130157899283
775 0.254719322745654
776 0.255329135343632
777 0.255971226357752
778 0.256553333931215
779 0.257122577024665
780 0.257712380145508
781 0.258336075168813
782 0.258990417503921
783 0.25969262924535
784 0.260393777328191
785 0.260873347405899
786 0.261445752874059
787 0.262136007231997
788 0.262841926780506
789 0.263443051290496
790 0.264012873560056
791 0.264589886262134
792 0.265176973920457
793 0.265855123979774
794 0.266578909934597
795 0.267262046267559
796 0.267773213187966
797 0.268401033687839
798 0.269096363538567
799 0.269736756086801
800 0.270452189088712
801 0.271063531659603
802 0.271585874187772
803 0.272183568613598
804 0.272867001162143
805 0.27352278346024
806 0.27410693106218
807 0.274717116433403
808 0.275329470621117
809 0.275962612583193
810 0.276632718594637
811 0.277331614331448
812 0.277981140524073
813 0.278548684181918
814 0.279055912392143
815 0.279667291187264
816 0.280305255767471
817 0.280939450745115
818 0.281621389842112
819 0.282250096319867
820 0.282836737704459
821 0.283425708317217
822 0.284074999463476
823 0.284738244843294
824 0.285359318594857
825 0.285912436166951
826 0.286534188360943
827 0.28713879716517
828 0.287715531589326
829 0.288320468388333
830 0.288957565527654
831 0.289564983808325
832 0.290128963396818
833 0.290723708125209
834 0.29135278912997
835 0.292003132848619
836 0.292645891370504
837 0.293221035814411
838 0.293805241544082
839 0.294406053706042
840 0.295002744087927
841 0.295623754321374
842 0.296301687688054
843 0.297014977616514
844 0.297689699874509
845 0.298193639384009
846 0.298675772744433
847 0.299233095985062
848 0.299794729797901
849 0.300484251712569
850 0.30115598453039
851 0.301687608193565
852 0.30224748744772
853 0.302892530101286
854 0.303505729692026
855 0.303964895345294
856 0.304597675436532
857 0.305215114159565
858 0.305781820977419
859 0.306402792485373
860 0.306988264172106
861 0.307614185415084
862 0.30827911255214
863 0.30885008381652
864 0.309411027048707
865 0.310021934304123
866 0.310694882172099
867 0.311353121793323
868 0.311910730021803
869 0.312493102440937
870 0.313207742887702
871 0.313754282240821
872 0.314341708608348
873 0.314972731515178
874 0.315540066490116
875 0.316128578014741
876 0.316701032017484
877 0.317273209766638
878 0.31790651895709
879 0.318482213367322
880 0.31904255562386
881 0.319645778527368
882 0.320329860566826
883 0.320872399759778
884 0.321389527333885
885 0.322011263067214
886 0.322705646469968
887 0.323337245640966
888 0.32392654072482
889 0.324538750122082
890 0.325194365905361
891 0.325691476138283
892 0.326125774814978
893 0.326708812977544
894 0.327387310577421
895 0.32805821333301
896 0.328641852030096
897 0.329120262977711
898 0.329729037090049
899 0.330370782284928
900 0.330951199336755
901 0.331442701589671
902 0.332078792164735
903 0.332736639811278
904 0.333364456466793
905 0.334102161203434
906 0.334669758424931
907 0.335109323593442
908 0.335573733921573
909 0.336268890934933
910 0.336979016723816
911 0.337571578563536
912 0.338053551178296
913 0.338744665843565
914 0.339458615223315
915 0.340009537953623
916 0.34034791021832
917 0.340894187244879
918 0.341647706276807
919 0.342363079074149
920 0.342817657845643
921 0.343543292720916
922 0.344151583822321
923 0.344620408011567
924 0.34516873876705
925 0.34572309920695
926 0.3463209954018
927 0.346961049402476
928 0.347601476022297
929 0.34818793824008
930 0.348759129431769
931 0.349327884465326
932 0.349876319283715
933 0.350499832855643
934 0.351006484290968
935 0.351449701001002
936 0.352186044577854
937 0.353008457352111
938 0.353718873407518
939 0.354253585665709
940 0.354741889996046
941 0.355304569038665
942 0.355910525764323
943 0.356509915521073
944 0.357088186164177
945 0.357669219981897
946 0.358238246009766
947 0.358798905338812
948 0.359398702967997
949 0.359938155617225
950 0.360518295228523
951 0.361191403193248
952 0.361818642100291
953 0.36238778588484
954 0.362957027878716
955 0.363574086045403
956 0.364213487535433
957 0.364798690704785
958 0.365292876026908
959 0.365747556471024
960 0.3663670352842
961 0.366984507381664
962 0.367592661566524
963 0.368189033086583
964 0.36868096631672
965 0.369173260937599
966 0.369782849514164
967 0.370494703346295
968 0.371001750756272
969 0.371547425830575
970 0.37208857952626
971 0.372587735232884
972 0.37320968774341
973 0.373680705453901
974 0.374216246000835
975 0.374945398387115
976 0.375509617422243
977 0.376111815837927
978 0.376650844279514
979 0.377121549117556
980 0.377854778249456
981 0.378328447803526
982 0.378702618940159
983 0.379217015841231
984 0.379898457206073
985 0.380406857368396
986 0.380975637724497
987 0.381768724489666
988 0.382588846961044
989 0.383065434150474
990 0.383569071991769
991 0.384255782363116
992 0.384758181583925
993 0.385247139962827
994 0.385661966708792
995 0.386031440623737
996 0.38651913567836
997 0.387108904629468
998 0.387679269541978
999 0.388238195799417
1000 0.388909900828835
1001 0.383992083383449
1002 0.384506178838735
1003 0.384963515512567
1004 0.385490588557883
1005 0.385978447864116
1006 0.386468810932172
1007 0.387018118934195
1008 0.387476030025582
1009 0.387963371877027
1010 0.388483574482823
1011 0.388976531083172
1012 0.389429656483301
1013 0.389848055003629
1014 0.39034434048629
1015 0.390902488934382
1016 0.391449436728016
1017 0.391993645291442
1018 0.392540866185556
1019 0.393052332241366
1020 0.393550380046789
1021 0.39406046180703
1022 0.394494161988695
1023 0.394959937417194
1024 0.39548369475933
1025 0.395965986825606
1026 0.396449995303363
1027 0.396884644823901
1028 0.397311122656131
1029 0.397854640044084
1030 0.398440849352126
1031 0.39903073096476
1032 0.399556586225004
1033 0.399978384773663
1034 0.400462518999207
1035 0.400912557378273
1036 0.401459892754471
1037 0.402049817683079
1038 0.402675037134454
1039 0.403252828813814
1040 0.403732468609438
1041 0.404220223935418
1042 0.404770212338885
1043 0.405359189264718
1044 0.405992464202068
1045 0.406590128081292
1046 0.407091657593498
1047 0.407630642113993
1048 0.408136521874702
1049 0.408690327830878
1050 0.409275364704962
1051 0.409869775077954
1052 0.410433258530757
1053 0.410895517688795
1054 0.411303612288704
1055 0.411752722036803
1056 0.412238460308873
1057 0.412771674043969
1058 0.413258538592759
1059 0.413678978639316
1060 0.414097949520222
1061 0.41450501752659
1062 0.414956579911106
1063 0.415458279098209
1064 0.416001868143661
1065 0.416429839841636
1066 0.416806552952631
1067 0.417208936089905
1068 0.417536243391534
1069 0.417849559371373
1070 0.418234793299304
1071 0.41856670681509
1072 0.418876875573597
1073 0.419233995243477
1074 0.419581772677737
1075 0.419911631773289
1076 0.420225714187065
1077 0.420529293281284
1078 0.420856629696864
1079 0.421127810229867
1080 0.421343051223341
1081 0.421652529507747
1082 0.421961831451963
1083 0.422284197758243
1084 0.422664701758722
1085 0.422970914051337
1086 0.423278942424785
1087 0.423589502766599
1088 0.423843114289491
1089 0.424070750805753
1090 0.424309611370443
1091 0.424561610840183
1092 0.424808296663472
1093 0.425056184082252
1094 0.425313798915495
1095 0.425598000422314
1096 0.425867338254352
1097 0.426132829978223
1098 0.426448098814423
1099 0.426790450926986
1100 0.42713206360426
1101 0.42747335096898
1102 0.427795485505908
1103 0.428087706703386
1104 0.428392410891269
1105 0.428738012488834
1106 0.429077618332204
1107 0.429453061429231
1108 0.429809706269471
1109 0.430147079189364
1110 0.430496366174015
1111 0.430861075357861
1112 0.431229682016236
1113 0.431583865535243
1114 0.431925658498585
1115 0.432284336009128
1116 0.432658267877462
1117 0.43304690784389
1118 0.433477318118053
1119 0.433917874611907
1120 0.434374647373968
1121 0.434837847865259
1122 0.435317117726888
1123 0.435772222751705
1124 0.436238955565328
1125 0.436675603265453
1126 0.437064612988451
1127 0.437532183744123
1128 0.437968492315496
1129 0.438399543240584
1130 0.438880599527203
1131 0.43929794961616
1132 0.439733881893686
1133 0.440209644026846
1134 0.440656888319729
1135 0.441148150922719
1136 0.441624297329362
1137 0.442102964600995
1138 0.442552888368187
1139 0.443000216696205
1140 0.443435172344931
1141 0.443814160844154
1142 0.444259409234097
1143 0.444741003042594
1144 0.445222043012041
1145 0.445689919722101
1146 0.44615869031888
1147 0.446621637465334
1148 0.447030632113222
1149 0.447431715690431
1150 0.447902804392277
1151 0.44834449360462
1152 0.448786507651767
1153 0.449217391187672
1154 0.449646997889472
1155 0.450065924522132
1156 0.450462598979302
1157 0.450874000365169
1158 0.451309674529527
1159 0.451723817606348
1160 0.452131903295078
1161 0.452532904778767
1162 0.452892306925342
1163 0.453249624867622
1164 0.453638013246635
1165 0.454007796344314
1166 0.454430301910388
1167 0.454862671462777
1168 0.455270015346127
1169 0.455683806356971
1170 0.456049664921784
1171 0.456382370311972
1172 0.456721421112997
1173 0.456996941488713
1174 0.457324324227663
1175 0.457702089809716
1176 0.458033534382629
1177 0.458366870957962
1178 0.458704910367858
1179 0.459034657641697
1180 0.45932191050561
1181 0.459640997821274
1182 0.459958733645001
1183 0.460281459253478
1184 0.460582262224871
1185 0.460856743399684
1186 0.4611212174962
1187 0.461399915842007
1188 0.461644565016638
1189 0.461943194745077
1190 0.462292982850812
1191 0.462623731229731
1192 0.462976862367788
1193 0.463294547566767
1194 0.463612683079692
1195 0.463896390603467
1196 0.464147665334103
1197 0.464397009499274
1198 0.464629331561683
1199 0.464841584447438
1200 0.465066179779462
1201 0.465258084267599
1202 0.465469303304439
1203 0.465727433230929
1204 0.466002551474952
1205 0.466318222387237
1206 0.466618116053299
1207 0.4669476735689
1208 0.467236639028196
1209 0.467519376681345
1210 0.467770707091463
1211 0.467985972655797
1212 0.468215064132792
1213 0.468396917185641
1214 0.468635594173226
1215 0.46890530999526
1216 0.469181587624132
1217 0.469496723273861
1218 0.469807117955128
1219 0.470088218584776
1220 0.470405356307648
1221 0.470682842459852
1222 0.470948123458298
1223 0.471191201384268
1224 0.471411377390797
1225 0.471624839109728
1226 0.471791565601782
1227 0.47201668749879
1228 0.47224926397157
1229 0.472510671031941
1230 0.472825077445931
1231 0.473117929641828
1232 0.473408490696555
1233 0.473715621120786
1234 0.474050226775169
1235 0.474356931241768
1236 0.474695093487837
1237 0.474969920571997
1238 0.475206688714707
1239 0.475415133802369
1240 0.47562573513895
1241 0.475795897921666
1242 0.47601885946072
1243 0.476246200777366
1244 0.476501899657829
1245 0.476803672857473
1246 0.477075646925172
1247 0.47735010970623
1248 0.477625635868174
1249 0.477885140780645
1250 0.478158887281711
1251 0.478442623347829
1252 0.478738794234672
1253 0.479058932788228
1254 0.479357186275817
1255 0.479636877080907
1256 0.479946031822422
1257 0.480271846457329
1258 0.480570047721857
1259 0.480902801460292
1260 0.481272726684263
1261 0.481629340780257
1262 0.481987440711007
1263 0.482346117763478
1264 0.482711839723296
1265 0.483078471625373
1266 0.483456710668974
1267 0.483804453370749
1268 0.484149857606646
1269 0.484477332106579
1270 0.484759145618153
1271 0.485066781956021
1272 0.485402029133978
1273 0.485701540884854
1274 0.485980090085829
1275 0.486261079269352
1276 0.486539165741557
1277 0.486783316106546
1278 0.487012173829203
1279 0.487236196451957
1280 0.487440935929419
1281 0.487597617820876
1282 0.487795796751082
1283 0.488027387730669
1284 0.488198894101884
1285 0.488356093206232
1286 0.488495326702276
1287 0.488598890030895
1288 0.48869339396688
1289 0.48876486485784
1290 0.48885183506902
1291 0.488926725909852
1292 0.48899981298374
1293 0.48910070119426
1294 0.489167764032763
1295 0.489217955820822
1296 0.489243506497055
1297 0.48922318182501
1298 0.489228277310671
1299 0.489233190842556
1300 0.489226704626682
1301 0.489220794401351
1302 0.489244674596279
1303 0.489209633543378
1304 0.489123276264036
1305 0.489084818887513
1306 0.489041885944735
1307 0.489005980582347
1308 0.488988455022995
1309 0.488975188248712
1310 0.488958519246768
1311 0.488947548344254
1312 0.488984946502415
1313 0.488957168126857
1314 0.48885937620429
1315 0.488825648065535
1316 0.488770291730203
1317 0.48876210234172
1318 0.488806076633155
1319 0.488868186240513
1320 0.48895377232996
1321 0.489052149410846
1322 0.489196252713643
1323 0.489329659660843
1324 0.489455286227157
1325 0.489577299235435
1326 0.489704591849369
1327 0.489814566964193
1328 0.489966811094419
1329 0.490133441771817
1330 0.490320602776092
1331 0.490541519055563
1332 0.490752383113443
1333 0.490954112236483
1334 0.491198754201018
1335 0.491469452768016
1336 0.491738322544503
1337 0.492048971182589
1338 0.492333413013625
1339 0.4926031101863
1340 0.492874258495586
1341 0.49314034511581
1342 0.493411432436024
1343 0.493670863079509
1344 0.49394806473257
1345 0.494247146755701
1346 0.494535917297806
1347 0.494827865003603
1348 0.495134093991934
1349 0.495402832676614
1350 0.495661244643754
1351 0.495893702437507
1352 0.49608816288175
1353 0.496315567933253
1354 0.496534741259497
1355 0.496764425712858
1356 0.497015773424356
1357 0.497254113451233
1358 0.497486906140353
1359 0.497720913167634
1360 0.497932731064376
1361 0.498192497939038
1362 0.49845785438033
1363 0.498756633000133
1364 0.499114508945922
1365 0.499450753590523
1366 0.499804910222615
1367 0.50013972439967
1368 0.500475845514955
1369 0.500787482595694
1370 0.501102049445706
1371 0.501367498402592
1372 0.501596212015106
1373 0.501816441087778
1374 0.501976515072233
1375 0.502099820805205
1376 0.502129344138618
1377 0.502076953890368
1378 0.502025938956717
1379 0.501892725876929
1380 0.501794763368891
1381 0.501696977402712
1382 0.501601329947027
1383 0.501494566686244
1384 0.501388481875301
1385 0.501313572825257
1386 0.501181754852405
1387 0.501044780874101
1388 0.500846140419366
1389 0.500633587254645
1390 0.500327731791116
1391 0.499930970479432
1392 0.499526350249285
1393 0.499050921276389
1394 0.498567847754766
1395 0.498069625204823
1396 0.49755327112231
1397 0.497002390067736
1398 0.496442037386281
1399 0.495878072971905
1400 0.49528871866666
1401 0.494665048034285
1402 0.494055291362955
1403 0.493388910692469
1404 0.492738639423111
1405 0.492099610451871
1406 0.491454041525083
1407 0.490821400700905
1408 0.490167224392004
1409 0.489627832148275
1410 0.48907574375228
1411 0.488703445825684
1412 0.488447292808149
1413 0.488290474381049
1414 0.488208955042929
1415 0.488292238061705
1416 0.488509874265621
1417 0.488831342406544
1418 0.489346758011091
1419 0.48985154258819
1420 0.490463571063665
1421 0.491041695897557
1422 0.491654758819837
1423 0.492249472971793
1424 0.492869987324894
1425 0.493438641405505
1426 0.493968230289875
1427 0.494510961395672
1428 0.495023807685282
1429 0.495537343560558
1430 0.496071320361225
1431 0.496588254106975
1432 0.497071636813218
1433 0.497579142697085
1434 0.49809171610182
1435 0.49858119941144
1436 0.499048544850227
1437 0.499495334910833
1438 0.499950418078322
1439 0.500395318096235
1440 0.500821138493437
1441 0.501257765158225
1442 0.501648082834851
1443 0.501992133556436
1444 0.502349633121342
1445 0.502706952240238
1446 0.503031109013184
1447 0.503331242406508
1448 0.503637319552006
1449 0.50390765416157
1450 0.504208952580896
1451 0.504552165383716
1452 0.504839834877134
1453 0.505109269194471
1454 0.505373623850132
1455 0.505606796434166
1456 0.505843917802061
1457 0.506089219049169
1458 0.506314522692523
1459 0.506510624438751
1460 0.50671940038814
1461 0.506909261146376
1462 0.507130969738392
1463 0.507368339716724
1464 0.507618516721792
1465 0.507893474924283
1466 0.508174715461196
1467 0.5084536417966
1468 0.508758705219537
1469 0.509088313377411
1470 0.509435828075581
1471 0.509778240819333
1472 0.510086479898415
1473 0.510395621392526
1474 0.510697634008548
1475 0.510985561988576
1476 0.51127375936303
1477 0.511556104883775
1478 0.511818501024477
1479 0.512073296028851
1480 0.512314584349965
1481 0.512590003729261
1482 0.51286846631851
1483 0.51314670371434
1484 0.513458875410668
1485 0.513743325475955
1486 0.514010306953332
1487 0.514261266235959
1488 0.514515441055314
1489 0.514743548876979
1490 0.514921629366083
1491 0.515139920632269
1492 0.515343286005056
1493 0.515597118561274
1494 0.515898196764756
1495 0.516182866529737
1496 0.516501678636739
1497 0.516794775127112
1498 0.517074835815344
1499 0.517343804235921
1500 0.517607571518686
1501 0.517861307156535
1502 0.518084650194264
1503 0.518329621194623
1504 0.518598312062752
1505 0.518834688717686
1506 0.519055131804041
1507 0.519286101979793
1508 0.519513214918271
1509 0.519717735478472
1510 0.519927956715616
1511 0.520120340186969
1512 0.520269184042258
1513 0.520429686759666
1514 0.520595710323729
1515 0.520754989447192
1516 0.52090108554564
1517 0.521051409935707
1518 0.521234902631286
1519 0.52142226023898
1520 0.521611503014694
1521 0.521836401983109
1522 0.522075619042602
1523 0.52231865374721
1524 0.52258785701957
1525 0.522906101669423
1526 0.52318074443196
1527 0.523470923005377
1528 0.523685631671552
1529 0.523861362025124
1530 0.524027690255023
1531 0.524127043094702
1532 0.52428075226281
1533 0.524447605193184
1534 0.52461519502964
1535 0.524780547588451
1536 0.524981719839975
1537 0.525232675643079
1538 0.525408752784791
1539 0.525595596979739
1540 0.525728663147732
1541 0.525752722409159
1542 0.525870875064638
1543 0.525973854785244
1544 0.526173220208694
1545 0.526476878768691
1546 0.526724690397324
1547 0.527028348149301
1548 0.527276564570199
1549 0.527489172960608
1550 0.527674378164699
1551 0.527850167977916
1552 0.527985938864586
1553 0.528049901881885
1554 0.528145994963343
1555 0.528196279401462
1556 0.528329297252147
1557 0.52848340184207
1558 0.528695943986238
1559 0.529011857065712
1560 0.529282550062194
1561 0.529608773032638
1562 0.529858065492069
1563 0.530071600546211
1564 0.530249237140904
1565 0.530341827789917
1566 0.530479792021603
1567 0.530615418123759
1568 0.53074620100148
1569 0.530892775324313
1570 0.531034091413987
1571 0.531152433893615
1572 0.531287308190327
1573 0.531414950646375
1574 0.531583899849671
1575 0.53181678954993
1576 0.531989149932662
1577 0.532180945960451
1578 0.532328373698596
1579 0.532392970135081
1580 0.532478545068068
1581 0.532525008675804
1582 0.532628811103704
1583 0.532748184229658
1584 0.532899610092352
1585 0.533119012830579
1586 0.533328465661923
1587 0.533565723394469
1588 0.533780968618909
1589 0.534004421102358
1590 0.534200070837043
1591 0.534363665049213
1592 0.534525653700335
1593 0.534660656258745
1594 0.534806467926658
1595 0.534989320797991
1596 0.535116469558292
1597 0.535184840802018
1598 0.535289262312075
1599 0.535363003520028
1600 0.535448803008536
1601 0.535628720830047
1602 0.53581538356769
1603 0.536009902966589
1604 0.536218936956037
1605 0.536399487511707
1606 0.53658058750515
1607 0.536716040994195
1608 0.536828121601994
1609 0.536915538559751
1610 0.536943585462621
1611 0.537060969118402
1612 0.537188590511943
1613 0.53734522522492
1614 0.537571210317033
1615 0.537724728278116
1616 0.537859097255525
1617 0.53798846003978
1618 0.538075097619988
1619 0.538249138524673
1620 0.538439396556665
1621 0.538677049123719
1622 0.538992116874637
1623 0.539252836958896
1624 0.539535337074159
1625 0.539756708430065
1626 0.539954331337957
1627 0.540103808291787
1628 0.540197760846502
1629 0.540314938851625
1630 0.540403065521264
1631 0.540510582752179
1632 0.540618152470665
1633 0.540753519155593
1634 0.540904743873376
1635 0.541040546699007
1636 0.5411935583442
1637 0.541338626425753
1638 0.541463696188008
1639 0.541588991862381
1640 0.541722771404345
1641 0.541871970870117
1642 0.542023980670397
1643 0.542149020707178
1644 0.542277080172787
1645 0.542415558745312
1646 0.542492622583525
1647 0.542707832184598
1648 0.543017429605279
1649 0.543279044737013
1650 0.543587973313493
1651 0.543856674815679
1652 0.544114647999411
1653 0.544326907877247
1654 0.544540316854187
1655 0.544644781042314
1656 0.54472095946174
1657 0.544849400709176
1658 0.544997498713193
1659 0.54518096207756
1660 0.545339144917364
1661 0.545424110343336
1662 0.545499848326892
1663 0.545553450556015
1664 0.545620412774879
1665 0.545783637426333
1666 0.54596789050723
1667 0.546133489058301
1668 0.546314352369195
1669 0.546426854405853
1670 0.546509253289263
1671 0.546670547469506
1672 0.546826167355246
1673 0.546983064103404
1674 0.54713964183107
1675 0.547256758614387
1676 0.54743264837674
1677 0.547651407290706
1678 0.547869856165009
1679 0.548163199064676
1680 0.548441135708164
1681 0.548626568318778
1682 0.548822652634335
1683 0.548989378173002
1684 0.549131435402303
1685 0.54937333206302
1686 0.549684507574862
1687 0.549987759727017
1688 0.550277845449078
1689 0.550533092439839
1690 0.550713998290691
1691 0.550866174688208
1692 0.550998801675428
1693 0.551077054454591
1694 0.551153073567692
1695 0.551224105679113
1696 0.551289348893524
1697 0.551426273952951
1698 0.551628102020067
1699 0.551804022285261
1700 0.551996940933836
1701 0.552225206354878
1702 0.552414714623747
1703 0.552599563104174
1704 0.552787735902528
1705 0.552932203729713
1706 0.553095280248528
1707 0.553277526495843
1708 0.553475037185962
1709 0.553715440505374
1710 0.553886395014296
1711 0.554051214399171
1712 0.554180175844922
1713 0.55423230388559
1714 0.554304098895223
1715 0.554372171356844
1716 0.5544169262968
1717 0.554423351774507
1718 0.554473309830597
1719 0.554534527829808
1720 0.554614744127353
1721 0.554685378908382
1722 0.554825764942103
1723 0.555017544795615
1724 0.555196872603213
1725 0.555480183120118
1726 0.55568351587839
1727 0.555833320556519
1728 0.555965844015354
1729 0.556050502865655
1730 0.556129938229117
1731 0.556192278120181
1732 0.556262409567101
1733 0.556350737947081
1734 0.55640163899948
1735 0.556416605301105
1736 0.556406899693444
1737 0.556358839176594
1738 0.556352956697556
1739 0.556326773415151
1740 0.556409244727369
1741 0.556483326786845
1742 0.556505889706011
1743 0.556567936805717
1744 0.556700943670919
1745 0.55682786454291
1746 0.55699383646753
1747 0.557203405634512
1748 0.557287972963072
1749 0.557326834696558
1750 0.55738683231259
1751 0.557452893561319
1752 0.55755740072915
1753 0.55764036834365
1754 0.55768123257102
1755 0.557672450714369
1756 0.557715631624967
1757 0.557820634441406
1758 0.557901230699446
1759 0.558025144414758
1760 0.558150858721252
1761 0.558251459639232
1762 0.558373080867954
1763 0.558511709312221
1764 0.558613931624019
1765 0.558693686754009
1766 0.558866484602303
1767 0.559066020095571
1768 0.559199831662538
1769 0.559272149899615
1770 0.559273202339515
1771 0.55927254126462
1772 0.559347667775676
1773 0.559402922321267
1774 0.559510805547558
1775 0.559553238411356
1776 0.559486003303382
1777 0.559560163573038
1778 0.559692338703029
1779 0.559730908552073
1780 0.55981778271747
1781 0.55979911736389
1782 0.559838426053137
1783 0.560087720348715
1784 0.560282707897693
1785 0.560447275666048
1786 0.560586795889431
1787 0.560483591108954
1788 0.56041279978287
1789 0.560486617766351
1790 0.560562622395826
1791 0.560697737816079
1792 0.560916495753559
1793 0.561154722731471
1794 0.561323672546087
1795 0.561581422071927
1796 0.561843226419617
1797 0.56197823185319
1798 0.562170122589128
1799 0.562276312484645
1800 0.562326231077338
1801 0.564051814894913
1802 0.56409752264187
1803 0.564187899988169
1804 0.564213349110564
1805 0.564179728147528
1806 0.563938063901629
1807 0.563885628815118
1808 0.563923845362955
1809 0.563952389772617
1810 0.563985677434847
1811 0.564079053493037
1812 0.56426927024191
1813 0.564239049926742
1814 0.564280730152818
1815 0.564296542063674
1816 0.564228923458664
1817 0.564028982933997
1818 0.563997774337916
1819 0.564006851065211
1820 0.563927090224701
1821 0.564022011465494
1822 0.564027959984606
1823 0.564026754807976
1824 0.564138381267353
1825 0.56423436577541
1826 0.564443136431157
1827 0.564509000615168
1828 0.564507373161584
1829 0.564529691436703
1830 0.564546567788297
1831 0.564432772379099
1832 0.56437885431523
1833 0.564307404562717
1834 0.564180502664951
1835 0.564042364486586
1836 0.564000712616421
1837 0.564063995213576
1838 0.564091522571615
1839 0.564150334553049
1840 0.564198659006756
1841 0.564241462272359
1842 0.564284168911738
1843 0.564291640554917
1844 0.564298141810982
1845 0.564349349040862
1846 0.564386835155089
1847 0.564478904177389
1848 0.564608915208238
1849 0.564817666855627
1850 0.564921057313548
1851 0.564976599773775
1852 0.565059583613493
1853 0.56502244336287
1854 0.565008295777322
1855 0.564960914702384
1856 0.564696537207476
1857 0.564522934612762
1858 0.564382842172661
1859 0.564328695363954
1860 0.564133118300416
1861 0.563885856014997
1862 0.563567417729592
1863 0.563104298059818
1864 0.562701503170588
1865 0.562282434633563
1866 0.561766935794908
1867 0.561269038154794
1868 0.560737369541637
1869 0.560157182622615
1870 0.559569480628884
1871 0.559038919528365
1872 0.558550598178078
1873 0.558022211003033
1874 0.557519008857976
1875 0.556981430892893
1876 0.556299694036351
1877 0.555438225143062
1878 0.554467261703763
1879 0.553375868682441
1880 0.552163884049598
1881 0.55082599049973
1882 0.549449322216832
1883 0.548011933829983
1884 0.546489177764516
1885 0.544769719741306
1886 0.542887235289936
1887 0.540867542211356
1888 0.538743077849515
1889 0.536445251302078
1890 0.534132954708328
1891 0.531761550294997
1892 0.529176239027239
1893 0.526482032019794
1894 0.523675053267937
1895 0.520761746997555
1896 0.517865751941646
1897 0.514885367678414
1898 0.511836361068828
1899 0.508873628692615
1900 0.505783416347035
1901 0.502917846623855
1902 0.500107925909013
1903 0.49758815990452
1904 0.495258802792526
1905 0.493248715884592
1906 0.491542578461105
1907 0.490077096406649
1908 0.488756855176465
1909 0.487721450627236
1910 0.486909506006161
1911 0.48634312815606
1912 0.4859401479739
1913 0.48582393326894
1914 0.485776381757394
1915 0.485842826493699
1916 0.485948734154687
1917 0.486100560184734
1918 0.486479705423937
1919 0.486910547396418
1920 0.487493603821394
1921 0.488134267246761
1922 0.488913882747296
1923 0.489645933961291
1924 0.490414268523701
1925 0.491245213533345
1926 0.492056093143613
1927 0.492832127868808
1928 0.493659119902548
1929 0.494458721584607
1930 0.495334919054393
1931 0.496283882811841
1932 0.497117002371024
1933 0.49795389167829
1934 0.498705529700064
1935 0.49934410397974
1936 0.499957371062657
1937 0.500651860018089
1938 0.501443122971129
1939 0.502254184500438
1940 0.503043482464408
1941 0.503836020900265
1942 0.504697961404757
1943 0.505488895947164
1944 0.50631159116542
1945 0.507003527525947
1946 0.507565438210265
1947 0.508155832673664
1948 0.508638992539821
1949 0.50927089274871
1950 0.509867225528509
1951 0.510508236324502
1952 0.511153779857517
1953 0.511779082747213
1954 0.512448403470475
1955 0.513166966798985
1956 0.513848006623433
1957 0.514533420256999
1958 0.515215883777167
1959 0.515900793298663
1960 0.51657499216484
1961 0.517212523203137
1962 0.5178889735841
1963 0.518445698746755
1964 0.519027842709597
1965 0.519621723021652
1966 0.520139848032509
1967 0.520750990173503
1968 0.521476927281703
1969 0.522055825384905
1970 0.522629562056063
1971 0.523169715439485
1972 0.523579426120473
1973 0.524035347434276
1974 0.524607311344356
1975 0.52511765486595
1976 0.525807175932767
1977 0.526531653418748
1978 0.527141916690184
1979 0.527766478207694
1980 0.528358180794108
1981 0.52877374169686
1982 0.529347360986285
1983 0.530010386926343
1984 0.530649219213663
1985 0.531342656604189
1986 0.532008681697585
1987 0.532679096860215
1988 0.533384360402965
1989 0.534008877390455
1990 0.534666235974208
1991 0.535302815759661
1992 0.535906499314888
1993 0.536482501120182
1994 0.53706980760597
1995 0.537636793917375
1996 0.538168372128811
1997 0.53866540835238
1998 0.539137137664629
1999 0.539594088999198
2000 0.540046238812571
2001 0.540526304443712
2002 0.541051415082212
2003 0.541670044955112
2004 0.542224896911419
2005 0.542752944269422
2006 0.543316383624668
2007 0.543938765410195
2008 0.544469802801376
2009 0.544970221166114
2010 0.545476939653234
2011 0.54595399664321
2012 0.546359713232413
2013 0.546814449285024
2014 0.547300305929097
2015 0.547858959472258
2016 0.548484386883563
2017 0.549034097688209
2018 0.549698531409615
2019 0.550192522231231
2020 0.550470466037807
2021 0.550917049198763
2022 0.55139221114087
2023 0.551861628909754
2024 0.552369849901694
2025 0.552963563402408
2026 0.553484126887097
2027 0.553700094075809
2028 0.553959746323476
2029 0.554212098919161
2030 0.554508928560515
2031 0.554822670206923
2032 0.555155459088266
2033 0.555513694277497
2034 0.555874114942721
2035 0.556254549761156
2036 0.556600335825865
2037 0.556918861723822
2038 0.557290489441423
2039 0.557676213996654
2040 0.558040591352434
2041 0.558450667648543
2042 0.558924676011366
2043 0.559368819002886
2044 0.559843438132264
2045 0.560236477852613
2046 0.560660675080566
2047 0.560927097200628
2048 0.561004582234598
2049 0.561194148020993
2050 0.561325716398415
2051 0.561512170751094
2052 0.561776196419467
2053 0.562034867672422
2054 0.562336429094236
2055 0.562544736684515
2056 0.562780402932138
2057 0.563047889709847
2058 0.563252110800385
2059 0.563371541305917
2060 0.563591771916027
2061 0.563875204796162
2062 0.564057022118143
2063 0.564175006348037
2064 0.564414101648391
2065 0.564589123718088
2066 0.564881871984168
2067 0.565352778750818
2068 0.565828553260568
2069 0.566221023792213
2070 0.566599934524412
2071 0.566830737827901
2072 0.566896328040675
2073 0.567104091421456
2074 0.567273350467865
2075 0.567451966662793
2076 0.567698027780721
2077 0.567921800558881
2078 0.568099436795266
2079 0.568295637932871
2080 0.568584849977857
2081 0.568776351685286
2082 0.56883614055043
2083 0.568963959502798
2084 0.569061242237146
2085 0.569242037247232
2086 0.56939387346087
2087 0.569610448717068
2088 0.56974977732196
2089 0.569807217616206
2090 0.56994766149187
2091 0.570060648452707
2092 0.570271823172414
2093 0.570609774106447
2094 0.570885389469598
2095 0.571261797654298
2096 0.571485202567499
2097 0.571646872331636
2098 0.571723575133718
2099 0.571571932581556
2100 0.571546835634393
2101 0.571677626697071
2102 0.571777655147897
2103 0.57196455964168
2104 0.572387823556336
2105 0.572583928265113
2106 0.57266937398466
2107 0.572809226281127
2108 0.572873052450921
2109 0.573043306009949
2110 0.573242779492543
2111 0.573494320298274
2112 0.573783018939762
2113 0.574142616725049
2114 0.574742744932131
2115 0.575101970669531
2116 0.575424854146514
2117 0.575690141335166
2118 0.575657030439468
2119 0.575576309938781
2120 0.575697314675511
2121 0.575835665429636
2122 0.576086137226056
2123 0.576553120761949
2124 0.576877006639458
2125 0.577248536544381
2126 0.577525280250244
2127 0.57769085591547
2128 0.57792473275185
2129 0.578138807520823
2130 0.578351073288367
2131 0.578645206021849
2132 0.578837218532903
2133 0.578948843136658
2134 0.579074102812513
2135 0.579083516852836
2136 0.579143033471255
2137 0.57913182981158
2138 0.57907419737336
2139 0.579004086487993
2140 0.578940944579397
2141 0.578767106699267
2142 0.578569107917076
2143 0.578245247827243
2144 0.577782732153716
2145 0.577301115373563
2146 0.576611041265144
2147 0.576146271318937
2148 0.575746048902934
2149 0.575359848514621
2150 0.575179147718715
2151 0.57487324234892
2152 0.574519021136995
2153 0.57413962259251
2154 0.573703305631947
2155 0.572983623769254
2156 0.572379358227588
2157 0.57168383581337
2158 0.571015545916172
2159 0.570341246165379
2160 0.569725278294232
2161 0.5691104942697
2162 0.568472841988687
2163 0.567852524801496
2164 0.567288147755003
2165 0.566666678630683
2166 0.566133472557153
2167 0.565847211297919
2168 0.565343978326115
2169 0.564751820685895
2170 0.564143686158159
2171 0.563472158423317
2172 0.562699292061392
2173 0.561776649170273
2174 0.560946702074812
2175 0.560181779517089
2176 0.559331135314302
2177 0.558662843876085
2178 0.558250407275119
2179 0.55761107221031
2180 0.556936563654229
2181 0.55623807400213
2182 0.555530333445787
2183 0.554684463768379
2184 0.553707407651807
2185 0.552798348046218
2186 0.551812467192026
2187 0.550807495638717
2188 0.54975160490635
2189 0.548861150837345
2190 0.547904562155911
2191 0.547136834664157
2192 0.546882256692941
2193 0.546210232761116
2194 0.545349261242908
2195 0.544495747644322
2196 0.543481552375096
2197 0.542271920674023
2198 0.541268680114176
2199 0.540381905324067
2200 0.539440828742079
2201 0.538496560453133
2202 0.537577668508488
2203 0.536567803221428
2204 0.535838517311778
2205 0.535161114258251
2206 0.534712674135528
2207 0.534427874930303
2208 0.534441186509558
2209 0.534633678832677
2210 0.535143952479099
2211 0.536244907684388
2212 0.537100073703252
2213 0.538201203624652
2214 0.539058747949185
2215 0.539673298447799
2216 0.540370298858753
2217 0.541069764400697
2218 0.541661939292826
2219 0.542310576841249
2220 0.54295881125329
2221 0.543432429073719
2222 0.54369784772101
2223 0.544244730228
2224 0.544842919738854
2225 0.545339108899553
2226 0.546069200413554
2227 0.546424963335321
2228 0.546405777236687
2229 0.54662304727769
2230 0.546769351255444
2231 0.546998327937428
2232 0.547431666435635
2233 0.547657356533847
2234 0.547744466448088
2235 0.547923358051545
2236 0.547986696599305
2237 0.548166982643043
2238 0.548607196671974
2239 0.548814994693859
2240 0.548889559120991
2241 0.549008554868016
2242 0.549006497032242
2243 0.549037937986686
2244 0.549095471185559
2245 0.54923581848075
2246 0.549350327319982
2247 0.549295545460097
2248 0.549520036448913
2249 0.549680164612959
2250 0.549875809842664
2251 0.550269485297167
2252 0.550264208344235
2253 0.549964358879206
2254 0.549994930849641
2255 0.549857854960494
2256 0.550016992381257
2257 0.550575591013631
2258 0.55095121592717
2259 0.551302343969491
2260 0.551653667072232
2261 0.552128105905026
2262 0.552401467051183
2263 0.552592589816365
2264 0.552735551858721
2265 0.55271007486505
2266 0.55271336701729
2267 0.552631262820032
2268 0.552631652932721
2269 0.552667404446249
2270 0.552715456976302
2271 0.552862480298289
2272 0.552943330012269
2273 0.552996485691276
2274 0.55298782390011
2275 0.552851850828321
2276 0.552815225177035
2277 0.552742189104723
2278 0.552806211603979
2279 0.553008419823063
2280 0.553100041093999
2281 0.553124904541481
2282 0.55287123077925
2283 0.552341506995723
2284 0.552164593413076
2285 0.552009389194428
2286 0.551929200734912
2287 0.551963371070204
2288 0.552151288353096
2289 0.552211317015814
2290 0.552383679231777
2291 0.552264884783391
2292 0.552114711919529
2293 0.551768676762868
2294 0.550880259305972
2295 0.550694914036129
2296 0.550641360826939
2297 0.550683580103985
2298 0.551462855761382
2299 0.551539027147168
2300 0.551360282820868
2301 0.551019322795979
2302 0.549973366436165
2303 0.549652516913896
2304 0.549557241958816
2305 0.549466450965564
2306 0.549891210790998
2307 0.550064760486096
2308 0.550095979670154
2309 0.550105082383089
2310 0.550147345839435
2311 0.550046286944714
2312 0.549736566992614
2313 0.549479502060635
2314 0.549291031390042
2315 0.548991178017672
2316 0.54846115316038
2317 0.548102782705707
2318 0.547654012586044
2319 0.547393198944992
2320 0.547354599795803
2321 0.54746581286495
2322 0.547433269919986
2323 0.547342955021847
2324 0.547096862841655
2325 0.546814608099249
2326 0.54617043277236
2327 0.545310927173745
2328 0.544625281433745
2329 0.543958630573527
2330 0.543799663809133
2331 0.544013274637003
2332 0.54372282310383
2333 0.543774503968272
2334 0.544186723992722
2335 0.543877929050173
2336 0.543889807093748
2337 0.544214885050274
2338 0.544114320299862
2339 0.543876786050446
2340 0.543452331532851
2341 0.542759987813719
2342 0.542150851305398
2343 0.541262369156125
2344 0.540636777316146
2345 0.540078467534352
2346 0.539735817333768
2347 0.539644301829234
2348 0.539357125872754
2349 0.539215226684628
2350 0.538921126316483
2351 0.538311874622262
2352 0.53798608779566
2353 0.53786698532881
2354 0.537624184404012
2355 0.537354433581252
2356 0.537225579021807
2357 0.537133247788981
2358 0.536943302535681
2359 0.536702124258532
2360 0.53675242367723
2361 0.536935849411973
2362 0.537119795901743
2363 0.537769262459142
2364 0.53795459655205
2365 0.537574561613047
2366 0.537606124045656
2367 0.538045934820272
2368 0.537722606807622
2369 0.536992874798644
2370 0.536559613255667
2371 0.535425556736449
2372 0.535157869124543
2373 0.536175513576939
2374 0.536005263065681
2375 0.535529341087977
2376 0.535010883559096
2377 0.533448453967436
2378 0.532835055088382
2379 0.532772725254842
2380 0.532626596565363
2381 0.533334525056324
2382 0.532880712738975
2383 0.531390716539261
2384 0.530952607493632
2385 0.530525077619632
2386 0.529844787450377
2387 0.529774069893737
2388 0.529499172071566
2389 0.528254410247092
2390 0.528106576606331
2391 0.529393403310028
2392 0.529413776427257
2393 0.528837006852584
2394 0.528665933313472
2395 0.528194163113231
2396 0.527813203907597
2397 0.528201925742898
2398 0.527732032909562
2399 0.526174423051456
2400 0.52542550551644
2401 0.524641968487441
2402 0.524174948491529
2403 0.524146044698562
2404 0.524249333666966
2405 0.524727282400053
2406 0.52482908768156
2407 0.525316173148516
2408 0.5250475935789
2409 0.524097526802749
2410 0.523526700513931
2411 0.522624062552089
2412 0.522134164281697
2413 0.522289743122559
2414 0.52132587062248
2415 0.519404302728585
2416 0.518428354659253
2417 0.517243121360106
2418 0.516511271375363
2419 0.517301645318478
2420 0.516829186023719
2421 0.515120565591437
2422 0.51464383972132
2423 0.514090842934888
2424 0.513915676240451
2425 0.515342648509231
2426 0.515417621755083
2427 0.514845718906972
2428 0.514200787535514
2429 0.512799916707577
2430 0.511623728900181
2431 0.510114969557805
2432 0.509957258965602
2433 0.51083927240945
2434 0.510823351254266
2435 0.511648487919312
2436 0.510237335983419
2437 0.507007396823602
2438 0.50448836525713
2439 0.500807475078891
2440 0.499406679420438
2441 0.498669331440395
2442 0.500205510915012
2443 0.501461929614929
2444 0.502298006415669
2445 0.503621396723461
2446 0.502198892446152
2447 0.500970909219731
2448 0.499616483311478
2449 0.497756711278926
2450 0.498723545003077
2451 0.499785656158392
2452 0.499824856166951
2453 0.498410508144393
2454 0.497550744158787
2455 0.497344074242226
2456 0.49584681006267
2457 0.495149358279648
2458 0.491980895691447
2459 0.488001544048046
2460 0.488583472048505
2461 0.489983377404967
2462 0.491750123808227
2463 0.492840880586913
2464 0.491353827522552
2465 0.490920904487552
2466 0.490426863399631
2467 0.490320547584416
2468 0.490091344204776
2469 0.490133870794013
2470 0.491582952706825
2471 0.491459940298285
2472 0.491380127280397
2473 0.490444019533387
2474 0.48713569214336
2475 0.485100431139083
2476 0.482958518923787
2477 0.482070055276475
2478 0.482046068950841
2479 0.482346350558809
2480 0.483583695848159
2481 0.484705839326928
2482 0.487545329976706
2483 0.487036371296043
2484 0.484637352128593
2485 0.482558409364466
2486 0.477726509505575
2487 0.476427392776219
2488 0.477110478610992
2489 0.478456699647827
2490 0.481009243968358
2491 0.482444330534257
2492 0.48367761215144
2493 0.480511249306899
2494 0.480458629329935
2495 0.474893122428342
2496 0.471196455692322
2497 0.473228129524139
2498 0.47418469607717
2499 0.480025115258657
2500 0.482672315963855
