"Wavelength" "M032a_m1-w2"
350 0.106091234677296
351 0.107363423518074
352 0.10435514392917
353 0.102774037877653
354 0.108771573869268
355 0.104410091908781
356 0.104078436741743
357 0.109569542749326
358 0.111328160649148
359 0.107900908751776
360 0.104001819183011
361 0.103386608762859
362 0.106962179662891
363 0.105773218160777
364 0.102418591822515
365 0.101783859932876
366 0.103599622280196
367 0.103501713512669
368 0.1032027644082
369 0.106834971859043
370 0.106866115793509
371 0.105313968010274
372 0.103341604110585
373 0.0998558915022746
374 0.102214372165245
375 0.10507646913837
376 0.104173071015019
377 0.105341504154347
378 0.106938140525834
379 0.106633487597793
380 0.103032995885538
381 0.101196862043107
382 0.101571885781371
383 0.103535032189445
384 0.105723279883518
385 0.10448067730669
386 0.103616596951806
387 0.105121196171372
388 0.104521810011806
389 0.105323210120946
390 0.10610788845445
391 0.104700361651765
392 0.102998905110261
393 0.101916272402281
394 0.101765546876403
395 0.102400006071819
396 0.104019066840093
397 0.104290466376184
398 0.103060585425301
399 0.104863464657036
400 0.105594453098138
401 0.105603047671895
402 0.105964452923885
403 0.104531648259226
404 0.104206421070491
405 0.104835113847589
406 0.104085922144833
407 0.104530572460421
408 0.105251774598174
409 0.105593458153614
410 0.106391816701933
411 0.106273834448337
412 0.10618397776426
413 0.107104165632625
414 0.106629569083567
415 0.10699357737017
416 0.108392339422905
417 0.109226617044331
418 0.109103474374832
419 0.108616103973048
420 0.10843559986591
421 0.10906429773285
422 0.109798385454434
423 0.110489186540101
424 0.111045025846984
425 0.110435510383371
426 0.110504476503949
427 0.111355768911317
428 0.11134275865473
429 0.112038469079747
430 0.112645888447434
431 0.112606457473233
432 0.113108526754169
433 0.113354097099522
434 0.113460963381214
435 0.113862207616408
436 0.114116020223947
437 0.114708384140127
438 0.115585831331794
439 0.11596609903922
440 0.116326016354225
441 0.116669670177681
442 0.116912446789739
443 0.116969819171066
444 0.117463008995134
445 0.118312852914882
446 0.1189982056534
447 0.119310073462327
448 0.119684308690074
449 0.120126177156174
450 0.119726093101584
451 0.120326671108551
452 0.12098655786931
453 0.120569246747155
454 0.12118217592823
455 0.121832885853025
456 0.122183778909228
457 0.122538120526326
458 0.122632923771956
459 0.12261394897912
460 0.122660466699659
461 0.122842244079996
462 0.123330887105242
463 0.123882297397216
464 0.124151179817478
465 0.124431999963708
466 0.124845226483264
467 0.125167000609661
468 0.12477943815929
469 0.125212346798259
470 0.125735970630456
471 0.12560821805123
472 0.12605705207265
473 0.126409835252911
474 0.126628169330848
475 0.127049867711283
476 0.12708371175434
477 0.127069828673463
478 0.127283785463257
479 0.12764638112555
480 0.128046213331595
481 0.128466518773617
482 0.12889429260468
483 0.129094350802682
484 0.12949514365097
485 0.130024537424039
486 0.130055306526424
487 0.130359864174151
488 0.130857393667073
489 0.131290140162949
490 0.131451625753847
491 0.131791719596165
492 0.132329660353931
493 0.13281564095195
494 0.133225256191283
495 0.133521006718344
496 0.133756416376516
497 0.134120692999199
498 0.134786543454614
499 0.135455126674814
500 0.135769274742672
501 0.136027247379803
502 0.136367984162035
503 0.136795858805101
504 0.137185764364468
505 0.137751615348595
506 0.138213495620667
507 0.138418196243838
508 0.13895672749877
509 0.139410579736234
510 0.139739349860187
511 0.140143456702438
512 0.140595428463538
513 0.141073986341876
514 0.141573271123924
515 0.142142471536955
516 0.142593428700851
517 0.142982823128701
518 0.143436518159488
519 0.14385983935391
520 0.144324119196204
521 0.144829957721693
522 0.145281014175767
523 0.145693125046528
524 0.146142904660653
525 0.146682148862822
526 0.147221695971151
527 0.147736303042792
528 0.148204474995379
529 0.14861464394645
530 0.149067436083625
531 0.149573691695194
532 0.150114886464238
533 0.150661411411361
534 0.151104126128849
535 0.151554196658965
536 0.152177737392174
537 0.152694506684447
538 0.153181078161924
539 0.153681215066828
540 0.154127942775117
541 0.1546449689953
542 0.155212126555012
543 0.155760659949602
544 0.15622251590259
545 0.156726873839308
546 0.157302413909972
547 0.157872355181313
548 0.158492875376426
549 0.159130185123549
550 0.159762287955772
551 0.160467431511929
552 0.161188910249727
553 0.161871300726171
554 0.162475596100053
555 0.163139750892541
556 0.163830154120997
557 0.16449312608101
558 0.165080290041943
559 0.165647753747726
560 0.166208378567547
561 0.166756842139419
562 0.167286267214846
563 0.167831656784165
564 0.168350854653273
565 0.168691375812574
566 0.169076591673754
567 0.16949726322553
568 0.169903126698224
569 0.170353127953994
570 0.17094660092838
571 0.171668227943542
572 0.172395310807199
573 0.173114975572239
574 0.173850039320695
575 0.174594886571585
576 0.175239036780228
577 0.17574115980535
578 0.176157168967163
579 0.176589160078646
580 0.176918868711408
581 0.177156393580262
582 0.177369220967387
583 0.177695878284323
584 0.178125058088092
585 0.178570721831071
586 0.178952784545528
587 0.179415843406078
588 0.179947295829594
589 0.180521936568695
590 0.181113419333595
591 0.18159078429226
592 0.182067773246818
593 0.182649486594867
594 0.183135067265375
595 0.183595250796949
596 0.184053784704176
597 0.184496278938842
598 0.185012045234544
599 0.185492034736796
600 0.185867968801413
601 0.186261168803234
602 0.186615892366445
603 0.186954326625982
604 0.187329728822892
605 0.187705402146193
606 0.188060870711658
607 0.18840627758485
608 0.18879782254532
609 0.189229088758428
610 0.189676098918558
611 0.190116189857768
612 0.190577696741403
613 0.191040246694962
614 0.19148452645236
615 0.1918973569449
616 0.192313400601934
617 0.192753551346313
618 0.193208160301178
619 0.193563199565376
620 0.194042786268305
621 0.194603060767367
622 0.195009902998916
623 0.195337360573238
624 0.195718108352193
625 0.196208157465798
626 0.196664145394863
627 0.197133564060002
628 0.19760072657641
629 0.198031497775828
630 0.198459771184235
631 0.198906471014492
632 0.199380823716501
633 0.199879015117802
634 0.200322965248785
635 0.200756719169264
636 0.2012381437095
637 0.201683678820533
638 0.202122270733964
639 0.20258416158627
640 0.203091099720017
641 0.203484860171743
642 0.203914525758971
643 0.204485978887719
644 0.204984045709557
645 0.205431757529957
646 0.205886627809208
647 0.206414703298095
648 0.20689599628192
649 0.207388126772133
650 0.207904482373389
651 0.208307826735144
652 0.208841767198647
653 0.209416248452656
654 0.209853840468465
655 0.210284700551863
656 0.210742930927278
657 0.2112525217855
658 0.211832260509395
659 0.212370030635435
660 0.212857545883683
661 0.213329658491768
662 0.213863998318661
663 0.214372509512937
664 0.214878171395902
665 0.215475825268014
666 0.216013079188946
667 0.216530625513893
668 0.217068722989445
669 0.217588085091087
670 0.218121355814619
671 0.218683164767294
672 0.219271358567254
673 0.219823919624306
674 0.220388900323106
675 0.220958546015198
676 0.221430945094299
677 0.222002630982254
678 0.222612123459453
679 0.223160780057572
680 0.223722602045264
681 0.224269573444213
682 0.224824072213079
683 0.225442244509995
684 0.225949209769488
685 0.226468592428658
686 0.227084177840727
687 0.227646670685711
688 0.228235852858087
689 0.22884760658541
690 0.229441411096735
691 0.230006854357967
692 0.230583673130688
693 0.2311883409432
694 0.231801091843835
695 0.232345182114023
696 0.232929634614218
697 0.233633673992121
698 0.234192240360584
699 0.234722329581425
700 0.235293066667753
701 0.23592058358682
702 0.236580114581642
703 0.237220850731496
704 0.237818358562308
705 0.23841483152612
706 0.239029541742854
707 0.239677387800661
708 0.240351540071814
709 0.240932690444717
710 0.241542786018585
711 0.242220110358274
712 0.242869042129676
713 0.243443526696047
714 0.243999063539888
715 0.244610688133736
716 0.245309817098403
717 0.246005708096118
718 0.246656156915144
719 0.247262878640972
720 0.247883799124978
721 0.248549490055723
722 0.249262989646306
723 0.249994525911748
724 0.250680442776121
725 0.251328112365256
726 0.251968793466033
727 0.25258009803477
728 0.253242570029342
729 0.253950763485788
730 0.254608414433001
731 0.255270526615379
732 0.255942103863333
733 0.256624010856019
734 0.257347340453919
735 0.257975109716605
736 0.25853402085448
737 0.259140422119981
738 0.259872798505185
739 0.260565534274269
740 0.261158876419192
741 0.261771860951903
742 0.262442650380612
743 0.263166698383189
744 0.263907350959708
745 0.264577187152495
746 0.265305593783145
747 0.266044804824248
748 0.266648971565823
749 0.267294436962538
750 0.268001734550117
751 0.268738805954131
752 0.269421487134649
753 0.270148437565228
754 0.270855639794599
755 0.271469858097413
756 0.272099570330047
757 0.272805366718111
758 0.273534101732282
759 0.274155557903878
760 0.274826198523571
761 0.275535560805312
762 0.276240796432252
763 0.276880187559317
764 0.27765036273392
765 0.278431033824056
766 0.279041521942829
767 0.279634646061206
768 0.280243893880416
769 0.280909227434705
770 0.281671648286521
771 0.282444557914295
772 0.283223192278508
773 0.28398831258959
774 0.284649606866444
775 0.285302943024259
776 0.285983642849036
777 0.286696024493692
778 0.287401361242955
779 0.288081589388462
780 0.288753327153808
781 0.289461336984413
782 0.290136164958256
783 0.290850067844902
784 0.291610123514471
785 0.292215633962624
786 0.292852285515083
787 0.293568319394423
788 0.294338126435425
789 0.29506139940765
790 0.295741280388685
791 0.296385988172871
792 0.297011987700725
793 0.297731553094066
794 0.298492881798749
795 0.299224161152442
796 0.299867759613434
797 0.300605584173865
798 0.301364419673609
799 0.302038028104953
800 0.302803631268593
801 0.303495219283946
802 0.304097367650842
803 0.304723009228093
804 0.305461068401773
805 0.3062042010867
806 0.306889281836341
807 0.307571579503196
808 0.308313564284401
809 0.309077810450448
810 0.309809872694301
811 0.310533200290258
812 0.311152247676136
813 0.311674932891982
814 0.312187918507365
815 0.312828249860014
816 0.313571566017896
817 0.314367242632799
818 0.31515409000895
819 0.315824806500089
820 0.31642061693212
821 0.317032324417812
822 0.317780634581105
823 0.318532227046811
824 0.319230496263075
825 0.319869564776612
826 0.320517291470934
827 0.321220135159437
828 0.321939571606285
829 0.322581597456295
830 0.323232204544383
831 0.323902606240302
832 0.324581681403258
833 0.325240577410037
834 0.325946680310827
835 0.326674420486328
836 0.327363244748587
837 0.327912123195896
838 0.328531289647477
839 0.329224880658258
840 0.329901721182896
841 0.330574698254914
842 0.331264721824803
843 0.331968752367467
844 0.332658323714207
845 0.333243877552463
846 0.333798356039989
847 0.334402278189707
848 0.335098064057487
849 0.335853784885684
850 0.336603494094165
851 0.337288206547265
852 0.337897405796228
853 0.338513067169235
854 0.339120944802575
855 0.339697191963872
856 0.340440234463892
857 0.341093117489008
858 0.341666586772409
859 0.342390663999206
860 0.343124614303951
861 0.343861799730294
862 0.344599603901404
863 0.345318924496185
864 0.345961495656097
865 0.346554468929559
866 0.347176006343114
867 0.34799733142161
868 0.348592525137157
869 0.349147330230113
870 0.34991926874887
871 0.350503582029704
872 0.351108133295836
873 0.3517899482615
874 0.352492436091676
875 0.353120488636328
876 0.353683074885585
877 0.354268637512287
878 0.355002231987214
879 0.355661199826849
880 0.356301577551148
881 0.356986125935522
882 0.35771820926788
883 0.358367920031904
884 0.359007853214259
885 0.359698803060725
886 0.360352438027904
887 0.36099842192619
888 0.361672965921265
889 0.362385988916937
890 0.363056080085483
891 0.363613912298863
892 0.364138436209401
893 0.36476741097803
894 0.365515673675846
895 0.366245431967968
896 0.366885244814749
897 0.367454229511217
898 0.368154554235408
899 0.368908419706883
900 0.369601694043375
901 0.370145440965158
902 0.370795747075063
903 0.371469848342124
904 0.372141080834893
905 0.372945035621229
906 0.373553559367661
907 0.374050824553018
908 0.374615157803918
909 0.375401984259897
910 0.376148775707456
911 0.376751153228938
912 0.377265164350078
913 0.378048658362388
914 0.378789889692539
915 0.379447225124
916 0.38007978680703
917 0.380690965869559
918 0.381415821528402
919 0.382153246898663
920 0.382741192816124
921 0.383366798129869
922 0.383943587461054
923 0.384534078967757
924 0.385255274101102
925 0.385892614581036
926 0.386556745488261
927 0.387270033398428
928 0.387963819351768
929 0.388621145197259
930 0.389242212085928
931 0.389855870814113
932 0.390512601807681
933 0.391253064541621
934 0.391943645758848
935 0.3925504787909
936 0.393194811433679
937 0.394006184354525
938 0.394739146539228
939 0.395304242735455
940 0.395921078136417
941 0.396646504853686
942 0.397261646238578
943 0.397751493990359
944 0.398498179908507
945 0.399216125123061
946 0.399875888810146
947 0.400500350267964
948 0.401101476067602
949 0.401647307710518
950 0.402213602390559
951 0.402849077324119
952 0.403496256931063
953 0.404145943265604
954 0.404914495990299
955 0.40579869507873
956 0.40648399749495
957 0.407044834715986
958 0.407563210114201
959 0.408111357700062
960 0.408707506699218
961 0.409518439357615
962 0.410295197439155
963 0.410862325151284
964 0.411507083051151
965 0.412126083002413
966 0.412672040424943
967 0.413187938657612
968 0.413881958573927
969 0.414713247119444
970 0.415407722603033
971 0.415886943473337
972 0.416665743441657
973 0.417204247964929
974 0.417733044416058
975 0.418447498280615
976 0.418987593545634
977 0.41955195367302
978 0.420230138546062
979 0.42100572125888
980 0.42171846443917
981 0.422272243565308
982 0.422916291252454
983 0.423756276481094
984 0.424471666435052
985 0.424925273856596
986 0.425477245934368
987 0.426290739447834
988 0.426997302387848
989 0.427294445219334
990 0.427739075376171
991 0.428566429625134
992 0.429286962602651
993 0.429858045382771
994 0.430346882638794
995 0.430871287879972
996 0.431537130970489
997 0.432189850189635
998 0.432844022673599
999 0.433536478590167
1000 0.434285468523617
1001 0.423449171476557
1002 0.424028669755071
1003 0.424464696356127
1004 0.425018985964983
1005 0.425534251537813
1006 0.426121010615663
1007 0.426822904438118
1008 0.427428395894551
1009 0.428029532826792
1010 0.428612267937717
1011 0.429105428097733
1012 0.429599343849778
1013 0.430042979616638
1014 0.43051276566103
1015 0.431032118356636
1016 0.431550948797403
1017 0.432140152014311
1018 0.432821875161154
1019 0.433424659175929
1020 0.434027994681326
1021 0.43469199325006
1022 0.43522334070344
1023 0.435714483805877
1024 0.436290862172919
1025 0.436758538811906
1026 0.4372186255027
1027 0.437815931900956
1028 0.438417195047238
1029 0.439038794054572
1030 0.43966455472349
1031 0.440210100054737
1032 0.440758914912488
1033 0.441202986438909
1034 0.441781403201898
1035 0.44243622914373
1036 0.4430555927126
1037 0.443673868535823
1038 0.444301975445825
1039 0.444895833931524
1040 0.445526195532929
1041 0.446181331269722
1042 0.446821173904174
1043 0.447457958220677
1044 0.448137879024977
1045 0.448814190543163
1046 0.449511638431446
1047 0.450159049948212
1048 0.450772888667735
1049 0.451314769847407
1050 0.451920979250803
1051 0.452503843044047
1052 0.453104987112312
1053 0.453704552625286
1054 0.454204821486763
1055 0.454671112495423
1056 0.455173751196775
1057 0.455773251002282
1058 0.456341209635851
1059 0.456826158015695
1060 0.457245895910926
1061 0.4576344694673
1062 0.458067422087147
1063 0.458502251235924
1064 0.459018766146465
1065 0.459576809870835
1066 0.460019001738678
1067 0.460428492331653
1068 0.460855696269381
1069 0.461180506251554
1070 0.461554219484673
1071 0.461972167544688
1072 0.462342428394823
1073 0.462715072250399
1074 0.463082050070307
1075 0.463458367069644
1076 0.463772997588317
1077 0.464045434787581
1078 0.464313775086784
1079 0.46463467321241
1080 0.464920538708286
1081 0.465217779623832
1082 0.465523360705338
1083 0.465787268142844
1084 0.465966262703482
1085 0.466125031927012
1086 0.466420880048393
1087 0.466661353945676
1088 0.46688223105692
1089 0.467191718359232
1090 0.467388280681397
1091 0.467616225495639
1092 0.467874872186846
1093 0.468111868769351
1094 0.468311846273306
1095 0.468555525182853
1096 0.468841287864728
1097 0.469072557848239
1098 0.46936438070677
1099 0.469709239182572
1100 0.469979432664549
1101 0.470250957098481
1102 0.470553235012588
1103 0.470868530673752
1104 0.471188295937774
1105 0.471534451878177
1106 0.471883622838902
1107 0.472221717883946
1108 0.472558440560257
1109 0.472896329515879
1110 0.473272155701476
1111 0.473652045234762
1112 0.474051743008414
1113 0.474446597693838
1114 0.474838611869225
1115 0.475277737805112
1116 0.475731512840615
1117 0.47623405946961
1118 0.476761760150827
1119 0.477219672702728
1120 0.477710003621935
1121 0.47823291592126
1122 0.478770757592687
1123 0.479321947896848
1124 0.479949475477229
1125 0.480482170748813
1126 0.480966662827459
1127 0.48149054978071
1128 0.481936063881872
1129 0.482400849940841
1130 0.482968646522123
1131 0.483509052834684
1132 0.48406874943348
1133 0.484644748779627
1134 0.485206640548357
1135 0.485812712190874
1136 0.486386889610933
1137 0.486982675307803
1138 0.487548729758343
1139 0.488062779795923
1140 0.488605491796583
1141 0.489161678236204
1142 0.489716975347844
1143 0.490277251033116
1144 0.49086242103102
1145 0.491382076205107
1146 0.491888663592445
1147 0.492384919868036
1148 0.4928317543144
1149 0.493332880272002
1150 0.493890840024084
1151 0.494430868460805
1152 0.494947264260601
1153 0.495455562501166
1154 0.495940598634185
1155 0.496425082871569
1156 0.496910945309087
1157 0.497384036903095
1158 0.497835739466375
1159 0.498296299690359
1160 0.498747291859024
1161 0.49922395297749
1162 0.49965999614596
1163 0.500093450369245
1164 0.500584806769719
1165 0.501074017465241
1166 0.501613706200524
1167 0.502141518609007
1168 0.502624269760503
1169 0.503127157806791
1170 0.503552713938057
1171 0.503918913321169
1172 0.504315804426482
1173 0.504638553265103
1174 0.505015900979139
1175 0.505479876608316
1176 0.505863317425886
1177 0.506214691599442
1178 0.50657960777938
1179 0.506928535739052
1180 0.507233246613335
1181 0.507561133912912
1182 0.507917132530644
1183 0.508256529335456
1184 0.508576859597966
1185 0.508901755414198
1186 0.509184822076383
1187 0.509487336385246
1188 0.509784597404746
1189 0.510068552280476
1190 0.510352347059476
1191 0.510647613545979
1192 0.510920547834486
1193 0.511196926658597
1194 0.511517518375182
1195 0.511790629325664
1196 0.512024283818344
1197 0.512266896981806
1198 0.51249495007441
1199 0.512706886431571
1200 0.512965382013959
1201 0.513224419726193
1202 0.513492328821304
1203 0.513800949608889
1204 0.514089315480943
1205 0.51436569523778
1206 0.514670277707548
1207 0.515003504688037
1208 0.515291188014294
1209 0.51556386755105
1210 0.51585327871165
1211 0.516129018814462
1212 0.516408382006819
1213 0.516691529687228
1214 0.517000487745113
1215 0.517304438159079
1216 0.517621405445542
1217 0.517996381975638
1218 0.518331769598009
1219 0.518627220432301
1220 0.51898231476877
1221 0.519265459448254
1222 0.519515047607239
1223 0.51976688383617
1224 0.519963692414452
1225 0.520216146225905
1226 0.520502002951642
1227 0.520764342920162
1228 0.521016550164937
1229 0.52130886530748
1230 0.521595218479515
1231 0.521914523337367
1232 0.52229596195211
1233 0.522657282564159
1234 0.523047279087583
1235 0.523396344898239
1236 0.523731945970824
1237 0.524046428399136
1238 0.524370937228497
1239 0.524637833900941
1240 0.524914209999815
1241 0.525187293450409
1242 0.525469806091927
1243 0.525717064305199
1244 0.526012828458925
1245 0.526354221825246
1246 0.52666711236731
1247 0.526962793666875
1248 0.527305344158519
1249 0.527680920658897
1250 0.528023224174208
1251 0.528403073616693
1252 0.52874212777228
1253 0.529006809099849
1254 0.529322797174008
1255 0.529609659310981
1256 0.529974151357589
1257 0.530419877497889
1258 0.530846699890773
1259 0.531309893472965
1260 0.531858642628977
1261 0.532304331592444
1262 0.532716500281389
1263 0.533136292777288
1264 0.533509793142744
1265 0.533918447739457
1266 0.534363765936278
1267 0.534761893015587
1268 0.53515814124035
1269 0.535516787067224
1270 0.535821970325374
1271 0.536147855221861
1272 0.536464615928878
1273 0.536769439204751
1274 0.537052265496108
1275 0.537363018098877
1276 0.537693621356937
1277 0.537995126620346
1278 0.538303421909048
1279 0.538614792997493
1280 0.538882658903776
1281 0.53910678698326
1282 0.539329838760282
1283 0.539548371237168
1284 0.539730432587258
1285 0.539887348980352
1286 0.540018451079164
1287 0.540130256247335
1288 0.540203578368149
1289 0.540221840164443
1290 0.54026180874012
1291 0.540280255595934
1292 0.540300576553447
1293 0.540338239570659
1294 0.540351578109614
1295 0.540375541179332
1296 0.540340557971673
1297 0.540256168741231
1298 0.54017541919024
1299 0.54005705757527
1300 0.539920338618542
1301 0.539809135038261
1302 0.539721432410086
1303 0.539600671316386
1304 0.539470975750372
1305 0.539332739715321
1306 0.539174466064773
1307 0.539028146324621
1308 0.538869700870049
1309 0.538738540579966
1310 0.538617355608727
1311 0.53850591750175
1312 0.538422606295023
1313 0.538322695663433
1314 0.538203199273318
1315 0.538118923051047
1316 0.538020098368886
1317 0.537976965267557
1318 0.537970373370562
1319 0.537996185720044
1320 0.538069296639829
1321 0.538154720819184
1322 0.538287848614661
1323 0.538404226506665
1324 0.538534665814232
1325 0.538681720130931
1326 0.538815916147239
1327 0.538939792524686
1328 0.53909168386485
1329 0.539233384745012
1330 0.539427192149677
1331 0.539642361605694
1332 0.539900965483118
1333 0.540172451866043
1334 0.540525364838553
1335 0.540975109907773
1336 0.541378144381533
1337 0.541855400447668
1338 0.542256016372228
1339 0.542589732933986
1340 0.542944450971293
1341 0.543260427477271
1342 0.543619303478696
1343 0.544005947175937
1344 0.54438838420243
1345 0.544818471711456
1346 0.545206594517396
1347 0.54555120453754
1348 0.545911951402561
1349 0.546299765339174
1350 0.546691549707995
1351 0.547076384630038
1352 0.547483548925858
1353 0.547896778414774
1354 0.548297135332812
1355 0.548705635637545
1356 0.549155854799791
1357 0.549564677900319
1358 0.549948729782089
1359 0.550326886398647
1360 0.550667512468496
1361 0.551063719732291
1362 0.551460562922012
1363 0.551884841114056
1364 0.55235905290844
1365 0.552826505589427
1366 0.553322906547178
1367 0.5537758325234
1368 0.55422904538994
1369 0.55465736570812
1370 0.555065344649407
1371 0.555431047705033
1372 0.555778193397262
1373 0.556102437112607
1374 0.556354659308088
1375 0.55656576031739
1376 0.556686778975001
1377 0.556733050754213
1378 0.556755005172516
1379 0.556676432603339
1380 0.55665634478179
1381 0.556618557256573
1382 0.556616092472715
1383 0.556643753978708
1384 0.556642766261771
1385 0.556699415701785
1386 0.556629641570236
1387 0.556531562068828
1388 0.556331599466834
1389 0.556049480181407
1390 0.555690198744599
1391 0.555194067153093
1392 0.554735990963608
1393 0.554216085333483
1394 0.553708481791468
1395 0.55322660392004
1396 0.552715413306293
1397 0.552200448659837
1398 0.551632707383742
1399 0.551024240866649
1400 0.550408578667925
1401 0.54975490953819
1402 0.549089288138899
1403 0.548381318704327
1404 0.547712014453572
1405 0.547035227707765
1406 0.546338858097197
1407 0.545653611969402
1408 0.544957268219326
1409 0.544339998362677
1410 0.543688059775666
1411 0.543213208218751
1412 0.542817569981912
1413 0.542571987530044
1414 0.542395502529304
1415 0.542437951204233
1416 0.542655913821525
1417 0.542992672794572
1418 0.543556845310322
1419 0.544119110340628
1420 0.544828171965716
1421 0.545479079680553
1422 0.546193540078818
1423 0.546843395158364
1424 0.547475884257313
1425 0.548066805287363
1426 0.548600249512204
1427 0.54914401360191
1428 0.54964160794697
1429 0.550168735286211
1430 0.550741113971407
1431 0.551268205366814
1432 0.551775331046315
1433 0.552298420838164
1434 0.552755396399275
1435 0.553193470851135
1436 0.553637338211089
1437 0.554056202121014
1438 0.554518020395616
1439 0.555012479718569
1440 0.555451410136443
1441 0.555894132733891
1442 0.556308003691489
1443 0.556661674979148
1444 0.55706248991266
1445 0.557491042151007
1446 0.557890303810032
1447 0.558291850967482
1448 0.558672678589749
1449 0.559043561739433
1450 0.559382766604394
1451 0.559704198502253
1452 0.560004435511609
1453 0.560258018948999
1454 0.560535608227465
1455 0.560818669645381
1456 0.56108354228544
1457 0.561332786177535
1458 0.561597156928195
1459 0.561839900571911
1460 0.562115263356561
1461 0.562420430861166
1462 0.56272911251213
1463 0.563057174069477
1464 0.563382709557856
1465 0.563713802975395
1466 0.564049031807661
1467 0.564398622582427
1468 0.564730801742316
1469 0.565045287399538
1470 0.56537768203399
1471 0.565721743564083
1472 0.5660593898181
1473 0.566419577681507
1474 0.566782710702459
1475 0.56712375956194
1476 0.567444943961401
1477 0.567775406862585
1478 0.568099108449365
1479 0.568425861639374
1480 0.568738363702176
1481 0.56909590716961
1482 0.569488618594474
1483 0.569842890435648
1484 0.570216270429872
1485 0.570560400037865
1486 0.570864881235395
1487 0.571176565513944
1488 0.571498126058211
1489 0.571793710553175
1490 0.572054614829487
1491 0.572340395257966
1492 0.572609636831636
1493 0.572917695116486
1494 0.57327214531754
1495 0.57358557059072
1496 0.573901316998181
1497 0.57421360416903
1498 0.574498968625259
1499 0.574789627264326
1500 0.575093415983524
1501 0.575387328788013
1502 0.575659843881504
1503 0.575947655534303
1504 0.576250874333744
1505 0.576544324072409
1506 0.57683663833167
1507 0.57712767143179
1508 0.577427533322762
1509 0.577700821602908
1510 0.577943317716227
1511 0.578209622993301
1512 0.578490117740391
1513 0.578739445467045
1514 0.579005388818062
1515 0.579237025746902
1516 0.579422933278558
1517 0.57958362752666
1518 0.579770126270491
1519 0.579964808249194
1520 0.580178047604204
1521 0.580433851046954
1522 0.580684076613002
1523 0.580947814669637
1524 0.581226295350579
1525 0.581525902340958
1526 0.581801779729452
1527 0.58210201587554
1528 0.582336607946388
1529 0.582523068425163
1530 0.582736265630307
1531 0.582925426195903
1532 0.583129487423004
1533 0.58334229414698
1534 0.583569362676441
1535 0.583780387842544
1536 0.584039196311249
1537 0.584353194599413
1538 0.58462704189265
1539 0.584932937484154
1540 0.585169177504298
1541 0.585361240832772
1542 0.585545381446193
1543 0.58564952853609
1544 0.585849657762174
1545 0.586087735055049
1546 0.586320207845667
1547 0.586630061557952
1548 0.586857540525303
1549 0.587044846543688
1550 0.587219032772118
1551 0.587360484330498
1552 0.587490295256658
1553 0.58758155479902
1554 0.587700307225592
1555 0.587775328475862
1556 0.587939393006451
1557 0.58813911034048
1558 0.588391680258392
1559 0.588737153097071
1560 0.589058172113074
1561 0.589451535636295
1562 0.589759987761681
1563 0.5900215657607
1564 0.590286224994123
1565 0.590496284905598
1566 0.590730258686068
1567 0.591019494257724
1568 0.591226850231834
1569 0.591374770486077
1570 0.591538062015786
1571 0.591645307468218
1572 0.591783214359231
1573 0.591918968364299
1574 0.592105971507096
1575 0.592334480940978
1576 0.592551274811729
1577 0.592838032530579
1578 0.593066144973133
1579 0.593238090667648
1580 0.593425335758689
1581 0.593583660003466
1582 0.593766411858326
1583 0.593970491094388
1584 0.594168972121313
1585 0.594356445588313
1586 0.594576004042164
1587 0.59483236535931
1588 0.59506067554235
1589 0.595303743572534
1590 0.595535098940521
1591 0.595737871800052
1592 0.595936264912861
1593 0.59615138879505
1594 0.596336026843659
1595 0.596488883805848
1596 0.596636495598865
1597 0.596723589873608
1598 0.596869924732847
1599 0.597039852604747
1600 0.597232697978725
1601 0.597449564061681
1602 0.597679240350039
1603 0.597880680878337
1604 0.598087314578383
1605 0.598270399734728
1606 0.598455552332565
1607 0.598605977172417
1608 0.598704344407896
1609 0.598884814760718
1610 0.59906887797665
1611 0.59930430021583
1612 0.59961387658734
1613 0.599865012343693
1614 0.600111821913751
1615 0.600368589656954
1616 0.600624720044671
1617 0.600850247669344
1618 0.601077528591829
1619 0.601295450930936
1620 0.601467145272649
1621 0.601700614797952
1622 0.60196424354167
1623 0.602225186484677
1624 0.602519481036685
1625 0.602754361265025
1626 0.60297097046712
1627 0.60318855642397
1628 0.603372274730883
1629 0.603574431459611
1630 0.603804691157313
1631 0.603978349025241
1632 0.604130007946364
1633 0.604249298809879
1634 0.604318074316935
1635 0.604438018593473
1636 0.604539339814908
1637 0.604695193674036
1638 0.604901836341717
1639 0.605074827963113
1640 0.605258802142556
1641 0.605433300620143
1642 0.605592128540661
1643 0.605770922040748
1644 0.605951248813621
1645 0.606161401014047
1646 0.606374038360832
1647 0.606646199602761
1648 0.606965344060105
1649 0.607276915516357
1650 0.60762480849416
1651 0.6079600770902
1652 0.608309357481703
1653 0.60860481915156
1654 0.608905182277621
1655 0.609135543215739
1656 0.609300663388603
1657 0.609469441144691
1658 0.609638036102534
1659 0.609773611999532
1660 0.609930440730685
1661 0.610070830975186
1662 0.610189540768346
1663 0.610307539329277
1664 0.610460608046749
1665 0.610644787140053
1666 0.610825881878016
1667 0.61107751668686
1668 0.611304012400157
1669 0.611530015370502
1670 0.611819214536919
1671 0.612086524014691
1672 0.612376389599275
1673 0.612652389821467
1674 0.612833321066897
1675 0.613028116877487
1676 0.613256191279915
1677 0.613483034039382
1678 0.613779720863461
1679 0.614097925629145
1680 0.614343206917954
1681 0.614594766674485
1682 0.614915664356226
1683 0.615230784963269
1684 0.615516484870498
1685 0.615795785519457
1686 0.616042900116021
1687 0.616214551351572
1688 0.616437668016043
1689 0.616753516125148
1690 0.617001932444191
1691 0.617239140622553
1692 0.617484578801491
1693 0.617662342674155
1694 0.617836815835107
1695 0.618087167990366
1696 0.618370784195369
1697 0.618618696765784
1698 0.61888175556307
1699 0.619086684328938
1700 0.619295774024222
1701 0.619535108990825
1702 0.619707284015568
1703 0.619816483049839
1704 0.619952580649107
1705 0.620020342879227
1706 0.620152853716773
1707 0.62029918946806
1708 0.62054115042793
1709 0.620931545495496
1710 0.621187746192329
1711 0.621479272909021
1712 0.621717072831888
1713 0.621810261995711
1714 0.621963115790804
1715 0.622128776634842
1716 0.622278255785869
1717 0.622429441557564
1718 0.622588282065681
1719 0.622769050518734
1720 0.622915040880952
1721 0.62300829377415
1722 0.623138554177074
1723 0.623272354382433
1724 0.623422149174261
1725 0.623603910800016
1726 0.623791768429272
1727 0.624001556727575
1728 0.624174645251646
1729 0.624332040603224
1730 0.624489573693728
1731 0.624636028751002
1732 0.624769365792382
1733 0.624896191561219
1734 0.625069759026036
1735 0.625237492640051
1736 0.625367954229161
1737 0.625568510809101
1738 0.625659278424438
1739 0.625638014416577
1740 0.625696309056963
1741 0.625699784888707
1742 0.625658762597956
1743 0.62568333830189
1744 0.625804288757628
1745 0.62593541779958
1746 0.626173754492008
1747 0.626450076315272
1748 0.626632024424439
1749 0.626834606277573
1750 0.626970590912079
1751 0.627158809483806
1752 0.627412775515536
1753 0.627551578772064
1754 0.627701729369014
1755 0.62781395942756
1756 0.627923406423726
1757 0.628098505674549
1758 0.628254137435935
1759 0.628402204258226
1760 0.628551261999994
1761 0.628729018578825
1762 0.628886583853105
1763 0.629082254602532
1764 0.629264203887814
1765 0.629361115876658
1766 0.629587950582029
1767 0.629829729687978
1768 0.629929669506773
1769 0.630003787548408
1770 0.630049774438371
1771 0.630090177655958
1772 0.630241702983359
1773 0.630380999533626
1774 0.630581479011527
1775 0.630722133078143
1776 0.63080967198493
1777 0.630927475479798
1778 0.631001644231312
1779 0.631085327365146
1780 0.63120449835402
1781 0.631335405543543
1782 0.631540893268882
1783 0.631910631383548
1784 0.632165457868982
1785 0.632396297126279
1786 0.632636937348243
1787 0.632666550208778
1788 0.632690603990468
1789 0.63276326497757
1790 0.632794337374653
1791 0.632948106269186
1792 0.633233235744413
1793 0.633518933939047
1794 0.633819468441376
1795 0.634203360269278
1796 0.634518319677913
1797 0.634824430283916
1798 0.635195389849488
1799 0.635406248345039
1800 0.635628144690854
1801 0.637190348692502
1802 0.63723846935465
1803 0.637339801426138
1804 0.637466918782461
1805 0.637532372074993
1806 0.637372985000283
1807 0.637440009547624
1808 0.637716192608912
1809 0.637827223983748
1810 0.637860415998977
1811 0.638024983658684
1812 0.638163614325392
1813 0.638216810563898
1814 0.63832992325475
1815 0.638422325746656
1816 0.638476327292629
1817 0.6384532935893
1818 0.638521531892887
1819 0.638618484585043
1820 0.638677837057566
1821 0.638855727616736
1822 0.638822493013391
1823 0.638819372748228
1824 0.638959978742806
1825 0.639084856393376
1826 0.639307046144397
1827 0.639417982094238
1828 0.639518949862042
1829 0.639579033538753
1830 0.639594713626481
1831 0.63947041230869
1832 0.639487819686642
1833 0.639539750792864
1834 0.639543995872757
1835 0.639562082558707
1836 0.639582397519951
1837 0.639570323359735
1838 0.639588742014626
1839 0.639601672061338
1840 0.639699057582705
1841 0.639748060944774
1842 0.639865086347044
1843 0.639955634769003
1844 0.639968369830479
1845 0.639980619191569
1846 0.639924540357883
1847 0.639976937736682
1848 0.640065965477512
1849 0.640174847588473
1850 0.640243119947319
1851 0.64037406811333
1852 0.640435275828623
1853 0.640425953322543
1854 0.640444467623591
1855 0.640390176188133
1856 0.640242112119595
1857 0.640115803048563
1858 0.639987258988476
1859 0.639924080900796
1860 0.639767680119775
1861 0.639477188247794
1862 0.639232858865435
1863 0.638798160897855
1864 0.638306610633936
1865 0.638013512271227
1866 0.637532502855236
1867 0.636984304341787
1868 0.636398865925069
1869 0.635849361455964
1870 0.635096998035418
1871 0.63432866563854
1872 0.633670698662416
1873 0.633129577010196
1874 0.632502313800762
1875 0.631719102685942
1876 0.630933709066454
1877 0.629932617733292
1878 0.628866654059803
1879 0.627689798214058
1880 0.626527474486336
1881 0.625223235500608
1882 0.623832069001882
1883 0.62230593536223
1884 0.620659047751094
1885 0.618746263792124
1886 0.616587785785123
1887 0.614344506261554
1888 0.611951429885918
1889 0.609372158538463
1890 0.606694979518392
1891 0.603967404007469
1892 0.601000513606217
1893 0.597879514937086
1894 0.594723964916533
1895 0.591434238177776
1896 0.588077231411144
1897 0.584726982309569
1898 0.581281423572075
1899 0.577956610041132
1900 0.57457571745249
1901 0.57143417648713
1902 0.568366707072482
1903 0.565568819592732
1904 0.562979759197299
1905 0.560653776154393
1906 0.558549299908333
1907 0.556754562971518
1908 0.555228709500097
1909 0.553926004509225
1910 0.552891460486604
1911 0.552161610074054
1912 0.551593101384669
1913 0.551260620561868
1914 0.551134439291596
1915 0.551175522613778
1916 0.551378894246716
1917 0.551626712398475
1918 0.552075737513074
1919 0.55267935555138
1920 0.553289407643129
1921 0.554020058349051
1922 0.554980227240089
1923 0.555829110813409
1924 0.556650202368002
1925 0.557584605447605
1926 0.558567964608007
1927 0.559481306838475
1928 0.560393017302634
1929 0.561286800888948
1930 0.562183777650996
1931 0.563054377663912
1932 0.563926191104708
1933 0.564875397076104
1934 0.565734095003546
1935 0.566514965600782
1936 0.567324381821847
1937 0.568100826050627
1938 0.568809056087636
1939 0.569624054525532
1940 0.570424021201845
1941 0.57121475434942
1942 0.572178090914668
1943 0.572989357450553
1944 0.573724810872308
1945 0.57442530740796
1946 0.574955423647936
1947 0.575648543185672
1948 0.576346658391188
1949 0.577228323434694
1950 0.578058347496585
1951 0.578859684039678
1952 0.579613771004879
1953 0.580358014224137
1954 0.581119791852261
1955 0.581951520566086
1956 0.582718177478093
1957 0.58339886127995
1958 0.584119155642654
1959 0.584859494909042
1960 0.585610766514951
1961 0.586189668048139
1962 0.58688592736393
1963 0.587527878584406
1964 0.588140039129761
1965 0.588852820239919
1966 0.589621135433616
1967 0.590414455636995
1968 0.591285522952317
1969 0.592024218197367
1970 0.59279597166289
1971 0.593477037095657
1972 0.593965519422895
1973 0.594557851150881
1974 0.595271227824873
1975 0.59597710420985
1976 0.596785916527245
1977 0.597546655816658
1978 0.598234233698457
1979 0.598837398959629
1980 0.599506003156224
1981 0.600142352397962
1982 0.600809142347417
1983 0.601466704865735
1984 0.60218799381245
1985 0.602929437892121
1986 0.603736634625395
1987 0.604556990779943
1988 0.605345573654134
1989 0.605980771103849
1990 0.606544073245147
1991 0.607239867642162
1992 0.607974243941738
1993 0.608689666269448
1994 0.609503283169426
1995 0.610266495295483
1996 0.610971614951443
1997 0.611643043296528
1998 0.612283657903307
1999 0.612993334643267
2000 0.613613093498937
2001 0.614318849569152
2002 0.614987443763194
2003 0.61572704324886
2004 0.616317704965146
2005 0.616776635876898
2006 0.617329722158289
2007 0.617869911861341
2008 0.618442631927786
2009 0.619076363035863
2010 0.619688828558866
2011 0.620314468520855
2012 0.6208854246745
2013 0.621522259212521
2014 0.621997906222325
2015 0.62253435450732
2016 0.622984993763133
2017 0.623624272901924
2018 0.624405490991581
2019 0.625103153462141
2020 0.625898630027125
2021 0.62658037769418
2022 0.627148736440431
2023 0.627738765281398
2024 0.628313391221761
2025 0.62894059772954
2026 0.629438593699896
2027 0.629732812960628
2028 0.630075748364597
2029 0.630482710047636
2030 0.630917631934315
2031 0.631470745710465
2032 0.631932808673042
2033 0.632359447071802
2034 0.632794778987031
2035 0.63320947921336
2036 0.633642272780859
2037 0.634092449439357
2038 0.634521066217525
2039 0.634938573396905
2040 0.635343850369806
2041 0.635840646492012
2042 0.636288264322744
2043 0.636673064885779
2044 0.637038823568877
2045 0.637424603093302
2046 0.637755813525366
2047 0.638063692045838
2048 0.638388454785485
2049 0.638702714465783
2050 0.63898424090486
2051 0.639233255785161
2052 0.639401819975448
2053 0.63969959457875
2054 0.640122294557392
2055 0.640351662842288
2056 0.640590909012271
2057 0.640914672193393
2058 0.641167383128003
2059 0.641229662985846
2060 0.641469794643381
2061 0.641846275304293
2062 0.642158586697316
2063 0.642425840773533
2064 0.642780020977356
2065 0.643256152903118
2066 0.643603869748561
2067 0.643933566512721
2068 0.644240171182153
2069 0.644463911304876
2070 0.644847082938533
2071 0.645150043549058
2072 0.645525345138228
2073 0.645795365329903
2074 0.645948435373492
2075 0.646175570275219
2076 0.646410322733516
2077 0.646664532721089
2078 0.646974894190497
2079 0.647227071342396
2080 0.647492158913732
2081 0.647680170424795
2082 0.647708427177394
2083 0.647867314032849
2084 0.647998500745993
2085 0.648299970761334
2086 0.648486875432365
2087 0.648763148774919
2088 0.648908452663053
2089 0.648875123601566
2090 0.64901307300596
2091 0.649166984371148
2092 0.649402174349877
2093 0.649753760135122
2094 0.650074542631474
2095 0.650490282441012
2096 0.650807130652341
2097 0.651052435798025
2098 0.651335392829272
2099 0.651562529998897
2100 0.651800658553548
2101 0.652306664099225
2102 0.652708980152121
2103 0.653017383354821
2104 0.653417714712373
2105 0.653550944082727
2106 0.653370971472395
2107 0.653383663616332
2108 0.653223896215186
2109 0.653358096550959
2110 0.653664426751548
2111 0.654012649150848
2112 0.654640083986238
2113 0.655089308188283
2114 0.655510725796965
2115 0.65590618227371
2116 0.656252560846739
2117 0.656536168595015
2118 0.656814748638121
2119 0.657169229435152
2120 0.657478425458733
2121 0.657740889601663
2122 0.658069535588901
2123 0.658420666856716
2124 0.658802703374826
2125 0.659359873323446
2126 0.659641404412725
2127 0.659805656801572
2128 0.659957860587063
2129 0.65986602832883
2130 0.659921759040114
2131 0.659983679955943
2132 0.660145081625052
2133 0.660406949336915
2134 0.660702883543641
2135 0.660874059240289
2136 0.661153353128239
2137 0.66120004603777
2138 0.661001002999764
2139 0.660970505843155
2140 0.661019765693928
2141 0.660826197042337
2142 0.660520210814289
2143 0.660268881225031
2144 0.659839806077645
2145 0.659503477371217
2146 0.65936248577367
2147 0.65902558599433
2148 0.658495132154465
2149 0.658057255942096
2150 0.657665401756665
2151 0.657178724703096
2152 0.656620380184125
2153 0.656155172590061
2154 0.655601064834087
2155 0.65483136438877
2156 0.654244593671476
2157 0.653730275979458
2158 0.653145098027462
2159 0.652581097995404
2160 0.651968686138149
2161 0.651285556275037
2162 0.650636412998682
2163 0.649939125519538
2164 0.649366984956822
2165 0.648831476064984
2166 0.648338997167792
2167 0.648088669325906
2168 0.647595269184524
2169 0.647023817562385
2170 0.646381051500404
2171 0.645491561955599
2172 0.644719226084262
2173 0.643928229052835
2174 0.643253112750777
2175 0.642485460098913
2176 0.64170368464618
2177 0.64101045795249
2178 0.640329446269595
2179 0.639604516743198
2180 0.638989565440275
2181 0.638244566597599
2182 0.637410671228913
2183 0.636515897565839
2184 0.635583597750904
2185 0.634603265764582
2186 0.633446095516757
2187 0.63238952059307
2188 0.631237891402241
2189 0.630303666263584
2190 0.629560850899259
2191 0.628784321420013
2192 0.628293241198786
2193 0.627553887773442
2194 0.626713121815758
2195 0.6256705051916
2196 0.624615147006111
2197 0.623512002809356
2198 0.622552502628259
2199 0.621658879200924
2200 0.620749877933672
2201 0.619917784959483
2202 0.619047566188479
2203 0.61809412536444
2204 0.617327816134135
2205 0.616507671400661
2206 0.616020323593738
2207 0.615679044223784
2208 0.615637391787376
2209 0.615778608865683
2210 0.616349219708727
2211 0.617554642141025
2212 0.618486309969722
2213 0.61975189120537
2214 0.620807592045907
2215 0.621655272336165
2216 0.622478509116145
2217 0.623294801978322
2218 0.624101611693681
2219 0.624588631981363
2220 0.625041737767655
2221 0.625441974101622
2222 0.625624052430628
2223 0.626078082333853
2224 0.626634781580151
2225 0.627144534320578
2226 0.627842522692335
2227 0.628271221890539
2228 0.628423835617883
2229 0.628854104588851
2230 0.629358577248372
2231 0.629772670791103
2232 0.63031468020504
2233 0.630765850036036
2234 0.631159618074686
2235 0.631403940336411
2236 0.631614055004166
2237 0.631748165910867
2238 0.631688430391764
2239 0.631569219496072
2240 0.631237777941894
2241 0.631172696985871
2242 0.631163736573758
2243 0.631144142862287
2244 0.631221667599191
2245 0.63151139599949
2246 0.631685703122603
2247 0.631778297853962
2248 0.632234581201812
2249 0.632694094158457
2250 0.632994815489268
2251 0.633297388870613
2252 0.63350388044947
2253 0.63350521379895
2254 0.633650334469616
2255 0.633772637940097
2256 0.634000305190162
2257 0.634318071780583
2258 0.634649523231582
2259 0.635102143398184
2260 0.635409674075802
2261 0.635652066350599
2262 0.635929304218423
2263 0.636058276336403
2264 0.636400870665623
2265 0.63721072209927
2266 0.637388808829501
2267 0.637257447571128
2268 0.637209195518826
2269 0.636662058894096
2270 0.636406021750139
2271 0.636407363391432
2272 0.636421216046266
2273 0.636417105695686
2274 0.636481180754086
2275 0.637018977925858
2276 0.636990040098656
2277 0.636434407543964
2278 0.636202335651029
2279 0.635888617265813
2280 0.63563528649607
2281 0.635918134631972
2282 0.636013516278046
2283 0.635891257713768
2284 0.635880520071059
2285 0.635926004929701
2286 0.636207462479274
2287 0.636177026658171
2288 0.635931339881489
2289 0.635850384162895
2290 0.635630437885417
2291 0.635550906277284
2292 0.63586724671736
2293 0.635720170036639
2294 0.635246163732437
2295 0.635079133323757
2296 0.634726701670814
2297 0.634576144607813
2298 0.634836815446149
2299 0.634773497462745
2300 0.634626710093341
2301 0.634419119780289
2302 0.633888925031346
2303 0.63379369377964
2304 0.633904377014719
2305 0.633918720405676
2306 0.634166252789338
2307 0.634358676940804
2308 0.634524270086091
2309 0.634536148767516
2310 0.634664853534722
2311 0.634515568444907
2312 0.634054882678508
2313 0.633496993578986
2314 0.632455395388561
2315 0.632006777775733
2316 0.63179904788179
2317 0.631505593447725
2318 0.631512594666871
2319 0.63157730895861
2320 0.631558900644518
2321 0.631606062735618
2322 0.631871585761462
2323 0.632125151259225
2324 0.631321636620572
2325 0.630539835619364
2326 0.629667086303235
2327 0.628782518888913
2328 0.628818905604298
2329 0.628667808566382
2330 0.628670998794556
2331 0.628444401835765
2332 0.628061855655034
2333 0.628246787605003
2334 0.628322550040772
2335 0.62834203420286
2336 0.628035548067171
2337 0.627381618642781
2338 0.626854680643378
2339 0.626172726889012
2340 0.625580097258674
2341 0.625045689116727
2342 0.624513581681236
2343 0.623916540042992
2344 0.623454645066712
2345 0.623102468613699
2346 0.622657687056487
2347 0.622260053950725
2348 0.6217975331082
2349 0.621284592164935
2350 0.620785601764411
2351 0.619934014864184
2352 0.619937676724007
2353 0.620648059786051
2354 0.620615772675379
2355 0.620799688136311
2356 0.620703840615631
2357 0.619830378670019
2358 0.619440573453676
2359 0.619522828672479
2360 0.619465733802431
2361 0.61936915803835
2362 0.619176298601228
2363 0.618777998338157
2364 0.61877941454309
2365 0.618593320450721
2366 0.618875611215456
2367 0.620434271370538
2368 0.620510612851206
2369 0.619847729336626
2370 0.619499247415205
2371 0.618308519962768
2372 0.617748160295498
2373 0.617976923382063
2374 0.61768062873363
2375 0.617079476544281
2376 0.616764106969202
2377 0.616101258842358
2378 0.616076841097308
2379 0.616808494194026
2380 0.616810604971515
2381 0.617391909133096
2382 0.616931801625809
2383 0.614735616451198
2384 0.614257612920349
2385 0.614484015376926
2386 0.613939858906256
2387 0.613882863788743
2388 0.613573018678526
2389 0.612140062807248
2390 0.611707033898186
2391 0.612414513824912
2392 0.612417364251648
2393 0.612353586437315
2394 0.611929777514781
2395 0.611069620605297
2396 0.610478500675168
2397 0.609670871777934
2398 0.60908758031222
2399 0.608934115565233
2400 0.608245314811196
2401 0.606706625936383
2402 0.606604696203132
2403 0.607437270038912
2404 0.607276925418173
2405 0.607715730020591
2406 0.607430260244324
2407 0.605828674552876
2408 0.604846137890181
2409 0.604244288873448
2410 0.603885282159595
2411 0.603215914982216
2412 0.602950075938394
2413 0.603971598897351
2414 0.60340988833502
2415 0.60200571540069
2416 0.600634721012026
2417 0.598126204250071
2418 0.596622724372774
2419 0.595403888162864
2420 0.594781678199245
2421 0.59482819852587
2422 0.594652962121814
2423 0.594914373115375
2424 0.595220383812929
2425 0.595889468645767
2426 0.595498136827132
2427 0.595035438210615
2428 0.593660458261864
2429 0.590545146963228
2430 0.58892585376178
2431 0.587323490303772
2432 0.58692558370212
2433 0.588173629600556
2434 0.587957533085747
2435 0.587703078443837
2436 0.586689071099494
2437 0.584645787187619
2438 0.583181319524133
2439 0.581764065070709
2440 0.580689475350447
2441 0.579513370877277
2442 0.579745967918624
2443 0.579468154225655
2444 0.57872086765637
2445 0.577176624857295
2446 0.573424507908818
2447 0.569511346944607
2448 0.566879238885047
2449 0.566135293538485
2450 0.569108145257303
2451 0.573927548998016
2452 0.579152406974915
2453 0.580378753132712
2454 0.578030134561768
2455 0.576350918384567
2456 0.5724549557452
2457 0.568635934556101
2458 0.567193374221941
2459 0.564952416662167
2460 0.5624964552443
2461 0.563367875507138
2462 0.565491955761291
2463 0.565282783742525
2464 0.567293990844544
2465 0.567994628273429
2466 0.566686414597082
2467 0.566194566013742
2468 0.565621836851831
2469 0.564945708478268
2470 0.564307649957741
2471 0.563522821607193
2472 0.563694312556367
2473 0.561668223380956
2474 0.556228711801347
2475 0.5550577831805
2476 0.555304182963138
2477 0.555279214869511
2478 0.558877084024684
2479 0.559496094481089
2480 0.556884129673348
2481 0.556312780041935
2482 0.556879093559086
2483 0.556436107116799
2484 0.555363801895407
2485 0.555465571931262
2486 0.55669588017484
2487 0.555635922551212
2488 0.554258825546526
2489 0.552739114165439
2490 0.547478253296079
2491 0.547733636603179
2492 0.549387215614684
2493 0.546085571115088
2494 0.546961780254798
2495 0.544732524834242
2496 0.542388029662265
2497 0.542779222413908
2498 0.543596357893855
2499 0.546570423132217
2500 0.546270964840014
