"Wavelength" "M032a_m5-w1"
350 0.0978228292543113
351 0.0923854948762105
352 0.0860966450150839
353 0.0818702774397786
354 0.0798792767559777
355 0.0806906005533471
356 0.0832960415552096
357 0.0856564826579208
358 0.0854825595874197
359 0.0860835990460794
360 0.0868804676175763
361 0.0871276266780813
362 0.086759161883137
363 0.0869894854423216
364 0.084905733909704
365 0.0795074081324487
366 0.0803635729201712
367 0.0816450759195567
368 0.0828687873321054
369 0.0861043078716143
370 0.0868718452724498
371 0.0825916134835683
372 0.0773358770058944
373 0.0822233810785579
374 0.0863441325782371
375 0.0862876030012286
376 0.0830354129106153
377 0.0833954235909832
378 0.0846126491185786
379 0.085457133838379
380 0.0852769817032355
381 0.0828984137532846
382 0.0829483975234742
383 0.0853787616960482
384 0.0856369794857154
385 0.0839110309732917
386 0.0824982537315442
387 0.0826734121930514
388 0.0829176684789248
389 0.0843792774884524
390 0.0851373667320036
391 0.0834362009638492
392 0.0825152184568507
393 0.0835956393838438
394 0.0846547379894159
395 0.0820143395949201
396 0.0848250237930348
397 0.0868973487399823
398 0.0850007698000965
399 0.0854418861645749
400 0.0860287274753942
401 0.0861246028472408
402 0.0855570459587858
403 0.0841154209698864
404 0.0844743749150297
405 0.086174835919266
406 0.0865238643873786
407 0.0865028830493157
408 0.0864113335272203
409 0.0865205101122305
410 0.0873277658096819
411 0.0871577565580641
412 0.0869910896815642
413 0.0879590888124353
414 0.0878785846285499
415 0.0875617001305059
416 0.0878152169353641
417 0.0891329518713449
418 0.0887585014297808
419 0.0883669019597345
420 0.0890883005755747
421 0.0894680760113366
422 0.0898885634563012
423 0.0904247070731686
424 0.0909478627503781
425 0.0905924653271735
426 0.0910296675032303
427 0.0920102419326382
428 0.0914287518496541
429 0.0913148663687049
430 0.0918231870097372
431 0.0926594714821246
432 0.0934631644103495
433 0.093721437036984
434 0.0937659681919996
435 0.0941846632427068
436 0.0942790163070413
437 0.0944172578755893
438 0.0947298438546341
439 0.0949533446175674
440 0.095129553484299
441 0.0954066104054108
442 0.0957867042770944
443 0.0956386492412854
444 0.0960287539332183
445 0.0967828765925911
446 0.0970162600028672
447 0.0969261246104692
448 0.097252234388451
449 0.0979811687541708
450 0.0977283567052373
451 0.097869311537756
452 0.0982484182698078
453 0.0984090493112395
454 0.0988004470335589
455 0.0991372150689925
456 0.0993553587079144
457 0.099595801295089
458 0.0997854140099651
459 0.100048109706279
460 0.100370918398956
461 0.100297112069597
462 0.100575106123848
463 0.100966884165345
464 0.100949134553951
465 0.10110006186513
466 0.101571062517745
467 0.102089151495579
468 0.101926628857268
469 0.102037734576187
470 0.102373050487197
471 0.102695441106738
472 0.103087487957533
473 0.103161742256305
474 0.103117064721296
475 0.103468170353753
476 0.103551965036923
477 0.103622759827761
478 0.103905679889726
479 0.104363269575327
480 0.104634876029478
481 0.104871232652676
482 0.105277357801085
483 0.10518228626303
484 0.105346572890437
485 0.105894748462606
486 0.106191126283172
487 0.106514684775856
488 0.106802242799019
489 0.106991829035533
490 0.107218378560235
491 0.10748810126514
492 0.107817418445747
493 0.108208786625868
494 0.108505372366778
495 0.108644000178584
496 0.1087285146625
497 0.109146505154529
498 0.109576197811496
499 0.109931774206952
500 0.110211491279981
501 0.110379726955523
502 0.11070830725819
503 0.111187795128322
504 0.111500116923575
505 0.111860304641672
506 0.112198860477778
507 0.112452316650535
508 0.112757993224616
509 0.113121438207055
510 0.113504198390963
511 0.113844096480319
512 0.11415713779022
513 0.114494639466235
514 0.114855055767294
515 0.11512006430334
516 0.115398909430156
517 0.115701179675189
518 0.116009348500006
519 0.116367679102151
520 0.11678676068097
521 0.117213447898284
522 0.117522426676536
523 0.11784511075078
524 0.118238588896262
525 0.118698230321071
526 0.119077728905197
527 0.1194749789096
528 0.119844928614795
529 0.120052683526947
530 0.120386024884295
531 0.120787025346929
532 0.121174367331585
533 0.121566085579406
534 0.121889399722799
535 0.122219258227029
536 0.1226769313931
537 0.12317499074042
538 0.123591596967112
539 0.123911054210559
540 0.124275734392504
541 0.124623364880327
542 0.124970433440685
543 0.12534495809288
544 0.125729369942665
545 0.126095622695851
546 0.126464624509604
547 0.126905301102813
548 0.12744933370549
549 0.128002482507364
550 0.128485102723516
551 0.128946905793836
552 0.129451828059718
553 0.129972194377649
554 0.130428317605378
555 0.130903877075927
556 0.131425957667428
557 0.131957485627011
558 0.132324599128702
559 0.132770415711952
560 0.133264834749219
561 0.133673613896303
562 0.133978665872651
563 0.134306331174893
564 0.134645543220232
565 0.134779263539978
566 0.135039555766167
567 0.135377207208369
568 0.135675778113751
569 0.136019670053717
570 0.136478464331745
571 0.137033634696974
572 0.137584944172968
573 0.138116858438008
574 0.138642176926328
575 0.139169083911205
576 0.139678511333663
577 0.140043571995727
578 0.140311764614221
579 0.140624910722538
580 0.140892481178907
581 0.141139255306206
582 0.141371715543874
583 0.141522990800161
584 0.141788446553642
585 0.142103847845993
586 0.142347726314152
587 0.142676020664333
588 0.143052397973708
589 0.143462306566308
590 0.143933998728764
591 0.144293085059448
592 0.144600280281707
593 0.144952168718697
594 0.145316556438924
595 0.145624254188526
596 0.14592445941818
597 0.1463508532838
598 0.146710874114347
599 0.147041190516339
600 0.147392284903092
601 0.147746844436959
602 0.148005000654085
603 0.148190436150773
604 0.148394647783587
605 0.148660865720864
606 0.148924855817081
607 0.149159840198339
608 0.149419739012308
609 0.149748120006435
610 0.15007567980942
611 0.150329052283814
612 0.150640748366129
613 0.150994712787935
614 0.151341895155908
615 0.151609974269524
616 0.151929110058535
617 0.152264658947339
618 0.152560805564504
619 0.152826066704017
620 0.153156520328177
621 0.153532651812419
622 0.153850652420785
623 0.154110032686291
624 0.15440289657591
625 0.154771088416389
626 0.155110452559558
627 0.155395919582407
628 0.155680756197741
629 0.156038967933389
630 0.15636222306256
631 0.156678966821752
632 0.157016689338262
633 0.157384275199632
634 0.157663546566905
635 0.157920132956019
636 0.158255248858301
637 0.158637808750074
638 0.158969204758242
639 0.159281031491959
640 0.159725998075227
641 0.160042386198808
642 0.16033841795466
643 0.160728635907071
644 0.161107889376762
645 0.16144321428275
646 0.161760257609471
647 0.162113851142815
648 0.162429590391117
649 0.16274664410612
650 0.163095297564457
651 0.163461154343352
652 0.163825143509749
653 0.164176705505862
654 0.164511206594722
655 0.164830174674037
656 0.165156311404794
657 0.165514570361259
658 0.165930403266681
659 0.166285159479338
660 0.166618767985775
661 0.166992250677263
662 0.167382704992066
663 0.167766551633906
664 0.168147258621771
665 0.168545345802492
666 0.168919684975036
667 0.169264334714055
668 0.169593786685658
669 0.169948407761885
670 0.170351713740583
671 0.170763965313609
672 0.171127552724825
673 0.171483542401949
674 0.171876636027571
675 0.172298414899863
676 0.172666955408363
677 0.173061729414884
678 0.173470975543451
679 0.173863175113411
680 0.174235324931277
681 0.17460330889388
682 0.17500345209683
683 0.175476727102105
684 0.175836959419659
685 0.176172644469727
686 0.176574692300213
687 0.177022437871815
688 0.177418055873355
689 0.177799645373798
690 0.178251297705685
691 0.178666399637589
692 0.179071738295625
693 0.179483845370026
694 0.179888371730578
695 0.180254381344421
696 0.180657984547409
697 0.181149428197187
698 0.181551910593166
699 0.181925115207465
700 0.182316220465149
701 0.182751789304347
702 0.183190045695566
703 0.183618188417963
704 0.184044938615554
705 0.184525212208089
706 0.184960233666173
707 0.185373097628253
708 0.185828744941972
709 0.186278659349855
710 0.186698968949142
711 0.187113702431728
712 0.187604468198522
713 0.188030361558088
714 0.188445339232129
715 0.188923559104046
716 0.189422176456301
717 0.189877328379949
718 0.190311787477
719 0.190798043572732
720 0.191218691344802
721 0.191631700068767
722 0.192100600393736
723 0.192661852303014
724 0.193169911092389
725 0.193619451319946
726 0.194054888914724
727 0.194461355505746
728 0.194908827129359
729 0.195400247602716
730 0.195868013315045
731 0.196380185583043
732 0.196907511551383
733 0.197406406244437
734 0.197845789235319
735 0.198300408730959
736 0.19875819480406
737 0.199174649781955
738 0.199621056579685
739 0.20008250363876
740 0.200540269048032
741 0.200983418297636
742 0.201442276426777
743 0.201940729915907
744 0.202470067450928
745 0.202919011091012
746 0.203387068563581
747 0.203891944397763
748 0.204389136293184
749 0.204828227941941
750 0.205274585750278
751 0.2057534049977
752 0.206190121476974
753 0.206676208496955
754 0.207183295455069
755 0.207650280967042
756 0.208044986702962
757 0.208501543546436
758 0.209020556935711
759 0.209492229602517
760 0.209959139530307
761 0.210434225083099
762 0.210913419546957
763 0.211357563405351
764 0.211908076269228
765 0.212465819893363
766 0.212888953906325
767 0.213310695926075
768 0.213697841872933
769 0.214113621287185
770 0.214697483787247
771 0.215267107517988
772 0.215786360151697
773 0.216254798725364
774 0.216681760600974
775 0.217124537029441
776 0.217591748982869
777 0.218071069756519
778 0.218556796185034
779 0.219004181607022
780 0.219436062350611
781 0.219934551596208
782 0.220427403224088
783 0.220940117742528
784 0.221468661987626
785 0.22190063252167
786 0.222339139244118
787 0.222826483744505
788 0.22335796234447
789 0.223826349967174
790 0.224294027975632
791 0.224769503622559
792 0.225212290947967
793 0.225682216724801
794 0.226171649829621
795 0.226657634886564
796 0.227107843893071
797 0.22762012980133
798 0.228106053874968
799 0.22848602106452
800 0.229013202196966
801 0.229519845048592
802 0.229941697601319
803 0.230322091110291
804 0.230834073780725
805 0.231369162499289
806 0.231849531201143
807 0.232314063182487
808 0.23280845253285
809 0.233321925046203
810 0.233830296900206
811 0.234349299876754
812 0.234768322048605
813 0.235104227032352
814 0.235458254896463
815 0.235925773862838
816 0.236421050001274
817 0.236919643380546
818 0.237487790565937
819 0.237972656294472
820 0.238411670457558
821 0.238873210316388
822 0.239395549522635
823 0.239889406132596
824 0.240323370960665
825 0.24070755390239
826 0.241103957342405
827 0.241590927552755
828 0.24211629740706
829 0.24253835935284
830 0.24295962187117
831 0.243404601741732
832 0.24387787197003
833 0.244370108376787
834 0.244828762340643
835 0.245290890221226
836 0.245782408128016
837 0.246210578238973
838 0.246669799089383
839 0.247113728833115
840 0.247471075497581
841 0.247936290557641
842 0.248425542432818
843 0.248908486482527
844 0.249411290505966
845 0.249782499579863
846 0.250138826749343
847 0.250579584619066
848 0.251100266046552
849 0.251630467354565
850 0.252125397986097
851 0.252568675533775
852 0.252996015551397
853 0.253436740669851
854 0.25384367342585
855 0.254186019693438
856 0.25472757576416
857 0.255214001679764
858 0.255582835370391
859 0.255958713668171
860 0.256373026644675
861 0.256836940029362
862 0.257322226594629
863 0.257758549978006
864 0.258186866260355
865 0.258645959287879
866 0.259157357764912
867 0.259722124341039
868 0.260109710569648
869 0.260456527346857
870 0.260944477265251
871 0.261349788242517
872 0.261792063062658
873 0.262266423175166
874 0.262697887427297
875 0.263098462041653
876 0.263517693955042
877 0.26395364458275
878 0.264358971821575
879 0.264802041855793
880 0.265245780535453
881 0.265686355590301
882 0.266190012105029
883 0.266642236723263
884 0.267072875744557
885 0.267502545491501
886 0.267836034530481
887 0.268247555676232
888 0.268741284954211
889 0.269259597545071
890 0.269772531051801
891 0.270180152676399
892 0.270503998088464
893 0.270843524694601
894 0.27132516842543
895 0.271830822346997
896 0.272267815419342
897 0.272611941185274
898 0.273086399736249
899 0.273565160269333
900 0.274005186928277
901 0.274487469362737
902 0.274952331776025
903 0.275386981947645
904 0.275816502031849
905 0.276304879171302
906 0.276676205175201
907 0.277004817809919
908 0.277400368242891
909 0.277913688101699
910 0.278483586292912
911 0.27894396562515
912 0.279241255805226
913 0.279719428824645
914 0.280219370387426
915 0.28061656280206
916 0.280881362724504
917 0.281277370603428
918 0.28175883537949
919 0.282285027159013
920 0.282814593694183
921 0.28331811553667
922 0.283744315250091
923 0.284097186172342
924 0.284430591445764
925 0.284834427514636
926 0.285307733711944
927 0.285766419405548
928 0.286105646695985
929 0.286527770881276
930 0.287005073240025
931 0.287477979430422
932 0.287893572607348
933 0.28832123364606
934 0.288734342685582
935 0.289150911913074
936 0.289652177950158
937 0.290235983384589
938 0.290780928670547
939 0.291235343123953
940 0.291674830893273
941 0.292089278135258
942 0.292452201841859
943 0.292769507585286
944 0.293104423156091
945 0.293538257079678
946 0.293991070176091
947 0.29442142674084
948 0.294925538321529
949 0.295286533342018
950 0.295660698072222
951 0.296157481553076
952 0.29660756509688
953 0.29701571384014
954 0.297453361890566
955 0.297968811988649
956 0.298516591477957
957 0.298964054951191
958 0.299314703680576
959 0.299641484769062
960 0.300060864531258
961 0.300526580767669
962 0.30097614183347
963 0.301357033117938
964 0.301654889268067
965 0.302044249036865
966 0.30243419807444
967 0.30277355197203
968 0.303291066347037
969 0.303876643837479
970 0.304358262415583
971 0.304689684845685
972 0.305145278452717
973 0.305494159726164
974 0.30592905075229
975 0.306517739703454
976 0.306816131561804
977 0.307178848780386
978 0.307565773481584
979 0.307943223324872
980 0.308500534985025
981 0.308826479507282
982 0.309202006863998
983 0.309781673423103
984 0.310166303196845
985 0.310468709538143
986 0.310840016304344
987 0.311347976900597
988 0.311891726220358
989 0.312312321620171
990 0.312784538067622
991 0.313288561469231
992 0.313468418353613
993 0.313702307657082
994 0.313970942375471
995 0.314330269563829
996 0.314951583660794
997 0.315342817656776
998 0.315750397317633
999 0.316248965805707
1000 0.316651681480541
1001 0.308782282390588
1002 0.309170555236352
1003 0.309630982536554
1004 0.310023627642199
1005 0.310352728600465
1006 0.310716916031118
1007 0.311127384481863
1008 0.311446263777131
1009 0.3117139100746
1010 0.312030229229822
1011 0.312350936713409
1012 0.312654928447501
1013 0.313030678399081
1014 0.313460041443318
1015 0.313910814695635
1016 0.314274516825157
1017 0.314654638451542
1018 0.315048663480015
1019 0.315402816352751
1020 0.315700209103057
1021 0.316061914336925
1022 0.316449590099442
1023 0.316785598988447
1024 0.317190583598075
1025 0.317578467116455
1026 0.317855638845355
1027 0.31812281170094
1028 0.318398374608218
1029 0.31874011636978
1030 0.319153504171351
1031 0.319569896242489
1032 0.31997099265928
1033 0.320326920205211
1034 0.320739738459128
1035 0.321193609887755
1036 0.321623049420039
1037 0.322018100957562
1038 0.322461500565793
1039 0.322793654531167
1040 0.323152818049992
1041 0.323626496042553
1042 0.324086052603391
1043 0.324594959750824
1044 0.325110461063771
1045 0.325477404894667
1046 0.32581729145556
1047 0.326210891738785
1048 0.326599573224252
1049 0.326966006459437
1050 0.327377797142809
1051 0.327780523715416
1052 0.328096580974778
1053 0.32838157465767
1054 0.328715381160419
1055 0.329060035741192
1056 0.329397886630869
1057 0.329736770479743
1058 0.32999795312606
1059 0.330228908401957
1060 0.33055253783059
1061 0.330924405221585
1062 0.331264206114656
1063 0.331638963498776
1064 0.332045711457765
1065 0.332360325248986
1066 0.332565327287374
1067 0.332840461662896
1068 0.333115072130658
1069 0.333304983725942
1070 0.333542009255985
1071 0.333777147230523
1072 0.333983719315976
1073 0.334207362352238
1074 0.334416573582735
1075 0.334689242153546
1076 0.334917203491289
1077 0.33512855643177
1078 0.335290434912624
1079 0.335528010155942
1080 0.33572544010462
1081 0.335919213859548
1082 0.336204408639482
1083 0.336401643900543
1084 0.336523256575364
1085 0.336688683374166
1086 0.336854336095877
1087 0.337065952612517
1088 0.337317306831505
1089 0.337542174925405
1090 0.337782956564096
1091 0.337999390400238
1092 0.338190749231926
1093 0.338396041481812
1094 0.338600555971529
1095 0.338792078352131
1096 0.33900915744448
1097 0.33918281798776
1098 0.339325655790822
1099 0.33948275835429
1100 0.33961432917667
1101 0.33981005591787
1102 0.340030264790274
1103 0.340238464984065
1104 0.340479497906995
1105 0.340749255397703
1106 0.341020113733882
1107 0.3413508993349
1108 0.341587081004487
1109 0.341786598964695
1110 0.341978531825767
1111 0.342141643729729
1112 0.34232427996428
1113 0.342581874038797
1114 0.342847575118234
1115 0.343136610149765
1116 0.343474638522743
1117 0.343815096741299
1118 0.344133698977879
1119 0.344437563041663
1120 0.34476608910721
1121 0.345090318889512
1122 0.345414682186941
1123 0.345743437322562
1124 0.346075477373568
1125 0.346395878997359
1126 0.346699911537508
1127 0.34705683852382
1128 0.347374708902162
1129 0.347662994228865
1130 0.347998990974667
1131 0.348357393204982
1132 0.348685805454368
1133 0.349018286027296
1134 0.34933917769326
1135 0.349603930711539
1136 0.349905065636429
1137 0.350227343033171
1138 0.35055653454602
1139 0.350896859931747
1140 0.351221562141336
1141 0.351537656811864
1142 0.351865802954656
1143 0.352191316166903
1144 0.352537890504165
1145 0.352863755731017
1146 0.353183025371602
1147 0.353494987061516
1148 0.353778640218309
1149 0.354071695673304
1150 0.354419827167514
1151 0.354781586600145
1152 0.355119405945535
1153 0.355456214254776
1154 0.355813815894295
1155 0.356131007057962
1156 0.356404684448543
1157 0.356716359744136
1158 0.357046426391447
1159 0.35733530186861
1160 0.357601284421705
1161 0.357907611908643
1162 0.358179167757544
1163 0.358444266963992
1164 0.358772284275518
1165 0.359060192573304
1166 0.359344721739653
1167 0.359642929250823
1168 0.359943158273969
1169 0.360256682470759
1170 0.360516167162326
1171 0.360745555626591
1172 0.360988368816334
1173 0.36116058305639
1174 0.361407312313855
1175 0.361726966356756
1176 0.361988031455696
1177 0.362247529999521
1178 0.362514402570723
1179 0.362766920672459
1180 0.363002890402841
1181 0.363251497693616
1182 0.363514182213909
1183 0.363751365907128
1184 0.363950809441349
1185 0.36414866950447
1186 0.364322441669979
1187 0.364494617251514
1188 0.364637901794009
1189 0.364810363970607
1190 0.364972824795924
1191 0.36517761703033
1192 0.365435345084057
1193 0.365638641235349
1194 0.365846282021246
1195 0.366046480359099
1196 0.366207518126627
1197 0.366380125063881
1198 0.366575074915262
1199 0.366745048616461
1200 0.366904512784212
1201 0.367043382754406
1202 0.367207017778485
1203 0.367407362113382
1204 0.367589524412916
1205 0.367782297294329
1206 0.367971757894139
1207 0.368148773361543
1208 0.368338244688455
1209 0.368555286081309
1210 0.368742260642106
1211 0.368913829326396
1212 0.369086889274703
1213 0.369231348504663
1214 0.369408981269813
1215 0.369616946435739
1216 0.369805192997473
1217 0.369997099808236
1218 0.370182784677495
1219 0.37037255911197
1220 0.370580462729426
1221 0.370756787144635
1222 0.370940156600108
1223 0.371104150341772
1224 0.371211269011452
1225 0.37137857969209
1226 0.371583078521098
1227 0.371769728980728
1228 0.371973906422475
1229 0.372165219004113
1230 0.372324803242061
1231 0.372518216237578
1232 0.372725570842726
1233 0.372944060250878
1234 0.373207569138396
1235 0.373441207825751
1236 0.373688695930205
1237 0.373878865070261
1238 0.37407827279411
1239 0.374266927858695
1240 0.374468867589212
1241 0.374682821346462
1242 0.374883987771024
1243 0.375079502992671
1244 0.375274874445997
1245 0.375465433899634
1246 0.375650945473762
1247 0.375829549969321
1248 0.376022626992616
1249 0.376221570713075
1250 0.37640959901244
1251 0.376600685301404
1252 0.376796054305597
1253 0.376964235963577
1254 0.377166472298353
1255 0.377378705709768
1256 0.377623628677486
1257 0.377914707702478
1258 0.378199335035172
1259 0.378482679282025
1260 0.378786180960429
1261 0.379078347450863
1262 0.379364180872304
1263 0.379645845409386
1264 0.379937108417776
1265 0.380213652283526
1266 0.380478303413127
1267 0.380725011570185
1268 0.380963315728531
1269 0.381193770391653
1270 0.381395019164462
1271 0.381610812866678
1272 0.381841642138566
1273 0.382048506396864
1274 0.382239772354846
1275 0.382432287750147
1276 0.382617395638132
1277 0.382790633381969
1278 0.382959929223744
1279 0.383117442573414
1280 0.383284319159463
1281 0.383445367567902
1282 0.383596617670251
1283 0.383762857733092
1284 0.383893485653969
1285 0.383994813839751
1286 0.384096330312372
1287 0.384194568417165
1288 0.384265106103257
1289 0.384302772403171
1290 0.384359349564797
1291 0.384413629898843
1292 0.384452096124645
1293 0.384497197616265
1294 0.38452769247228
1295 0.384543900737329
1296 0.384539729101448
1297 0.384516106196713
1298 0.384496898992402
1299 0.384454387190491
1300 0.384413487635371
1301 0.384387599716049
1302 0.384391274482843
1303 0.384342501240444
1304 0.384274710127902
1305 0.384212059964767
1306 0.38410984663601
1307 0.384055053386137
1308 0.384011289476051
1309 0.38399945628184
1310 0.384022117974153
1311 0.384036246893349
1312 0.384101544174181
1313 0.384105070157121
1314 0.384056434904315
1315 0.384046064302896
1316 0.383990756899301
1317 0.384004507087349
1318 0.3840933499843
1319 0.384156536219745
1320 0.384236506542092
1321 0.384320804334579
1322 0.384397887664934
1323 0.384477847463871
1324 0.384572825634592
1325 0.384686355455221
1326 0.384796581183372
1327 0.384915571916587
1328 0.385020327037271
1329 0.385122642663615
1330 0.385230400384167
1331 0.385312731283343
1332 0.385443195473513
1333 0.385574129979772
1334 0.385768266459617
1335 0.386019602795261
1336 0.386263903246193
1337 0.386590971509082
1338 0.386832421914318
1339 0.387031710161552
1340 0.387233680808893
1341 0.387378361465416
1342 0.387561533822324
1343 0.387777882009236
1344 0.387973506632514
1345 0.388163274657852
1346 0.388360912226033
1347 0.38855140859798
1348 0.388745681808825
1349 0.38894422076345
1350 0.389157061933348
1351 0.389365467565623
1352 0.389558685233477
1353 0.389790378635634
1354 0.39004700915034
1355 0.39029253170238
1356 0.390568796063223
1357 0.390805408994618
1358 0.391033352273532
1359 0.391234410198776
1360 0.391393381738963
1361 0.39158020365696
1362 0.391736188622388
1363 0.391939916494691
1364 0.392181756857276
1365 0.392419768793878
1366 0.392691382259251
1367 0.392937430102309
1368 0.39317477297783
1369 0.393408720808229
1370 0.393657069840455
1371 0.393861063379996
1372 0.394053440600394
1373 0.394210882184817
1374 0.394338301973602
1375 0.394455951209086
1376 0.394531901702724
1377 0.394594968298198
1378 0.394608183488304
1379 0.394557931465672
1380 0.394529679387518
1381 0.394478677444462
1382 0.394436288677337
1383 0.394398894863214
1384 0.394345757101667
1385 0.394291057794
1386 0.394210663189942
1387 0.394134356747558
1388 0.394008276400159
1389 0.393860914306291
1390 0.393668759642729
1391 0.393421236575847
1392 0.393166489328442
1393 0.392881697707703
1394 0.392578628671032
1395 0.392247509314421
1396 0.391917979607364
1397 0.391562501480365
1398 0.391212771958838
1399 0.39088372164679
1400 0.39052390245589
1401 0.390156022995792
1402 0.389772874020808
1403 0.389316809931817
1404 0.388867612475261
1405 0.38842622841077
1406 0.387958507721298
1407 0.387517273393758
1408 0.387082334568718
1409 0.386691261720174
1410 0.386279710499093
1411 0.385984380118288
1412 0.385743516137312
1413 0.385589947476639
1414 0.385493901616982
1415 0.385504163188017
1416 0.385586068903097
1417 0.385785439080286
1418 0.386132988768389
1419 0.386480146689967
1420 0.386954784328423
1421 0.387367139577552
1422 0.387784063711814
1423 0.388191329397168
1424 0.388615899798589
1425 0.388988716191623
1426 0.389324124777469
1427 0.389661989680962
1428 0.389937277806208
1429 0.390257677694629
1430 0.390622468788766
1431 0.390965753258165
1432 0.391317290552155
1433 0.391668644503186
1434 0.391987570215263
1435 0.392291655332801
1436 0.392583722430231
1437 0.392860682842367
1438 0.393131352623723
1439 0.39338411679721
1440 0.393648652866975
1441 0.393916392947397
1442 0.394163432998494
1443 0.394396092801256
1444 0.394650141157989
1445 0.394900211134518
1446 0.395153796669517
1447 0.395424493431319
1448 0.395691429040235
1449 0.395969695735172
1450 0.396203877986558
1451 0.396443305980779
1452 0.396638892985516
1453 0.39677124238231
1454 0.396919560784097
1455 0.39705399462041
1456 0.397191246092859
1457 0.397326208266546
1458 0.397452054715514
1459 0.39755433931504
1460 0.397688535685336
1461 0.397809750879384
1462 0.397971939152345
1463 0.398205552619626
1464 0.398399116227837
1465 0.398591454327451
1466 0.398786131055735
1467 0.398958143163172
1468 0.399136025572799
1469 0.39930670256956
1470 0.399513193506316
1471 0.399708250737586
1472 0.399920753365885
1473 0.400175327137061
1474 0.400395741526047
1475 0.400605999393048
1476 0.400812858355696
1477 0.401002229863545
1478 0.401161018591272
1479 0.401340118477785
1480 0.401502324142625
1481 0.401713600417498
1482 0.401958353634826
1483 0.402181845521084
1484 0.402441167361688
1485 0.402649195907364
1486 0.402823244905373
1487 0.402995600755748
1488 0.403147905238232
1489 0.403307387526607
1490 0.403448173487999
1491 0.403611722734997
1492 0.403772210630339
1493 0.40396469678291
1494 0.40419278276531
1495 0.40440266977899
1496 0.404636335668777
1497 0.404845696754356
1498 0.405032552976644
1499 0.405222354345317
1500 0.405409913814099
1501 0.405589943925618
1502 0.405757771785117
1503 0.405934361849322
1504 0.406118723831554
1505 0.406288475540905
1506 0.406464728241654
1507 0.406618684407051
1508 0.406750201918348
1509 0.40687559487177
1510 0.406967859330017
1511 0.407086671538174
1512 0.407219213756242
1513 0.407343191296992
1514 0.407462957682402
1515 0.407608302610125
1516 0.407769654871929
1517 0.40790780140693
1518 0.408109863963675
1519 0.408313410483372
1520 0.408474311788665
1521 0.408663200787734
1522 0.408843535535809
1523 0.409010544591011
1524 0.409192046273057
1525 0.409391868127763
1526 0.409574195860637
1527 0.409762033554497
1528 0.409908534998942
1529 0.410030007984882
1530 0.410165713649991
1531 0.410269752428334
1532 0.410406743624057
1533 0.410581817870697
1534 0.41071055021423
1535 0.410817708815826
1536 0.410943445484535
1537 0.411058310388269
1538 0.411177835008823
1539 0.411315688599826
1540 0.41143534378296
1541 0.411535478828791
1542 0.411650248017221
1543 0.411742111397012
1544 0.411898784598703
1545 0.412099771197913
1546 0.412281495236114
1547 0.412529335009542
1548 0.412695699466679
1549 0.412804394555234
1550 0.412925987191773
1551 0.413025196057196
1552 0.4131170927009
1553 0.413187436931932
1554 0.413283680579338
1555 0.413356412454988
1556 0.413478182432663
1557 0.413630052917575
1558 0.413813313759328
1559 0.414071262124461
1560 0.414265737834169
1561 0.414489512986493
1562 0.414643918768857
1563 0.414707870023943
1564 0.414802920575343
1565 0.414862757493915
1566 0.41495708395298
1567 0.415074806815298
1568 0.415190013232179
1569 0.415335089535649
1570 0.415450286566334
1571 0.415540568110071
1572 0.415647995685565
1573 0.415728665269233
1574 0.41584874144772
1575 0.416039360201003
1576 0.416166468395706
1577 0.416285494993958
1578 0.416385332849652
1579 0.416422512876029
1580 0.416481354713753
1581 0.416527929394059
1582 0.416606509206612
1583 0.416698960979276
1584 0.416803247925413
1585 0.416934695360007
1586 0.417076678385478
1587 0.417245921232684
1588 0.417394131739886
1589 0.417566023478842
1590 0.417701951204937
1591 0.417802389002612
1592 0.417893584772127
1593 0.417946838174313
1594 0.41801702350856
1595 0.41807180160502
1596 0.418149659129447
1597 0.418242525306085
1598 0.418351699316221
1599 0.418479298091234
1600 0.418620343811231
1601 0.418786769771654
1602 0.418942920073645
1603 0.419104928269709
1604 0.419280192690838
1605 0.419422769518813
1606 0.419561066273554
1607 0.419663415659688
1608 0.419721842724375
1609 0.419836400759249
1610 0.419955553801176
1611 0.420063933778401
1612 0.420191298447831
1613 0.420323485092282
1614 0.420435982337834
1615 0.420566564921947
1616 0.420736676717031
1617 0.420866441097347
1618 0.420971338649405
1619 0.421087063549176
1620 0.421200551136463
1621 0.421317300151099
1622 0.42142106250828
1623 0.421560598712983
1624 0.421725587682872
1625 0.4218700575868
1626 0.422033958577122
1627 0.422157485433113
1628 0.422250915437258
1629 0.42235764604802
1630 0.422457687211615
1631 0.422553105347914
1632 0.42263986096266
1633 0.422745353030049
1634 0.422850884538465
1635 0.422958664171829
1636 0.423082113933094
1637 0.423201769899632
1638 0.423308105462038
1639 0.423439163800062
1640 0.423604789063109
1641 0.423710700924497
1642 0.423800292294075
1643 0.423891505028474
1644 0.423935278994548
1645 0.424043443927667
1646 0.424184105607141
1647 0.424316068212335
1648 0.424455736546962
1649 0.424641963308071
1650 0.424839292435676
1651 0.425070318661081
1652 0.425385222327645
1653 0.425571681646228
1654 0.425721543329059
1655 0.425868992218443
1656 0.425965028213139
1657 0.426082006363269
1658 0.4262232152204
1659 0.426345363623729
1660 0.426440905991394
1661 0.42652102451376
1662 0.426620264358091
1663 0.426703828582556
1664 0.426771835441258
1665 0.426914757887703
1666 0.427074905411578
1667 0.427233579291414
1668 0.42740961963335
1669 0.427555306652104
1670 0.427684064767907
1671 0.42781147890502
1672 0.427946370784209
1673 0.428099072118536
1674 0.428215508043036
1675 0.428311197061724
1676 0.42843888161007
1677 0.428567712801719
1678 0.428726194543269
1679 0.428941414554697
1680 0.429118374513492
1681 0.429224274209707
1682 0.429354423399115
1683 0.429461129998936
1684 0.429569161493189
1685 0.429785036728489
1686 0.429988881885201
1687 0.430181541923095
1688 0.430383933051037
1689 0.430541652160973
1690 0.430687390055246
1691 0.430838384376638
1692 0.430978119351045
1693 0.431043311954428
1694 0.431078458371658
1695 0.431096667946964
1696 0.431118072818411
1697 0.43122595309775
1698 0.431359200479886
1699 0.431500600343633
1700 0.431668118809618
1701 0.43191145333231
1702 0.432075164663879
1703 0.43221337199707
1704 0.432342001533577
1705 0.432366574606447
1706 0.432470444975552
1707 0.432638779478043
1708 0.432792754507368
1709 0.433017702741659
1710 0.433139499448164
1711 0.433202820191297
1712 0.433264086435156
1713 0.433236604782004
1714 0.433261296385466
1715 0.433301765686868
1716 0.433355004985693
1717 0.433415578519276
1718 0.433509897060785
1719 0.433671582172518
1720 0.433760377685445
1721 0.433824782919467
1722 0.433894471203301
1723 0.433900654435839
1724 0.433962915274812
1725 0.434066565785757
1726 0.434195837843368
1727 0.434385580233158
1728 0.434510653331376
1729 0.434643031255123
1730 0.434697797059181
1731 0.434664304165507
1732 0.434670856371163
1733 0.434642061715295
1734 0.43469349408343
1735 0.43479069594655
1736 0.4348488929859
1737 0.434928781403444
1738 0.434990073002261
1739 0.435026321487337
1740 0.435102928425644
1741 0.435188229637277
1742 0.435270625745298
1743 0.435326986552151
1744 0.435461432402073
1745 0.435617953384357
1746 0.435779653144379
1747 0.435918662949098
1748 0.435972094255603
1749 0.436083048597445
1750 0.436171014839686
1751 0.436303159828558
1752 0.43650902728938
1753 0.436573497801343
1754 0.436661852069552
1755 0.436749731470535
1756 0.436771227740687
1757 0.43689615055239
1758 0.437016579665461
1759 0.437085870411116
1760 0.437167971350012
1761 0.437195896265596
1762 0.437209893445499
1763 0.437318766883983
1764 0.43741098914053
1765 0.437460445731514
1766 0.437517745767697
1767 0.437545378312031
1768 0.437599164437718
1769 0.437655505364827
1770 0.437733774582086
1771 0.437825628602484
1772 0.437896102187539
1773 0.437951237201351
1774 0.438001387377595
1775 0.438045976994725
1776 0.438035905233255
1777 0.438090652675685
1778 0.438224548435529
1779 0.438239100673874
1780 0.438198553481392
1781 0.438172747880686
1782 0.43824197640287
1783 0.438437134651296
1784 0.438568419177313
1785 0.438717528613997
1786 0.438788604314102
1787 0.43870730412347
1788 0.438704036940529
1789 0.438795778048624
1790 0.438842776930864
1791 0.438995613061043
1792 0.43925288776935
1793 0.439377225594883
1794 0.439459403658463
1795 0.439629618533343
1796 0.439745030937206
1797 0.439817154892575
1798 0.439991333764304
1799 0.440113570663055
1800 0.440199904276815
1801 0.443186089118161
1802 0.443145982687469
1803 0.44328183657116
1804 0.443294855701137
1805 0.44334846915006
1806 0.443364348655731
1807 0.443502086212746
1808 0.443779259453478
1809 0.443914120478013
1810 0.444015719337668
1811 0.444151576137673
1812 0.444319812396129
1813 0.444333714900985
1814 0.444458579585517
1815 0.444588733994546
1816 0.444626588367589
1817 0.444507815234484
1818 0.444527515380963
1819 0.444615505030777
1820 0.4446302766097
1821 0.44458304450367
1822 0.44447583670702
1823 0.44439679520808
1824 0.444353035321103
1825 0.44438062554114
1826 0.444552982044833
1827 0.444685368157137
1828 0.44488298727057
1829 0.444960153252077
1830 0.445051617038852
1831 0.445003160784343
1832 0.44488277625224
1833 0.444767924476227
1834 0.444644690604158
1835 0.444551521054748
1836 0.444584930701162
1837 0.444785609521126
1838 0.444881938096748
1839 0.445004183684882
1840 0.445151232453681
1841 0.445270092000178
1842 0.445274365257717
1843 0.445319025940051
1844 0.445363212998028
1845 0.445307958854446
1846 0.445309862519318
1847 0.445360383385897
1848 0.445474947252079
1849 0.445561386619532
1850 0.445565572318216
1851 0.445527108271212
1852 0.445442530671798
1853 0.445348830298301
1854 0.445319029150711
1855 0.445263583460454
1856 0.445275478118223
1857 0.445300212556276
1858 0.44528723547048
1859 0.445330331307793
1860 0.445366512384705
1861 0.445185866301162
1862 0.444971218944692
1863 0.444704006858507
1864 0.44430567934155
1865 0.443928553688253
1866 0.443565018499694
1867 0.443218578115079
1868 0.44286305221677
1869 0.442615754025331
1870 0.442311495346012
1871 0.441951379937984
1872 0.441648656511132
1873 0.441280682318894
1874 0.440952973702623
1875 0.44062566316818
1876 0.440214387700091
1877 0.439652207782916
1878 0.439030055987951
1879 0.438306800882563
1880 0.43756851527392
1881 0.436742542824667
1882 0.435929592015523
1883 0.435120214456255
1884 0.434094993109558
1885 0.432887798360216
1886 0.431693218505492
1887 0.430376082351422
1888 0.428999490755753
1889 0.427553536450243
1890 0.426135500343611
1891 0.42455785166939
1892 0.422810591504612
1893 0.420963010310905
1894 0.41907337831938
1895 0.417053520068846
1896 0.41499262000227
1897 0.413055238032734
1898 0.411028288955849
1899 0.409007961792809
1900 0.406952971856967
1901 0.405016703013841
1902 0.403073681722585
1903 0.401215639683845
1904 0.399479187879819
1905 0.397967868229606
1906 0.396622878321775
1907 0.395496485028705
1908 0.394562045127526
1909 0.393800644267527
1910 0.393152865106034
1911 0.392605276603275
1912 0.392205987617456
1913 0.391982795223713
1914 0.391842885693873
1915 0.391820694369416
1916 0.391926017466695
1917 0.392048393610616
1918 0.392339025766071
1919 0.392749938609387
1920 0.393108754966322
1921 0.393497090690106
1922 0.393940253356826
1923 0.39439996034147
1924 0.39481136300924
1925 0.395383282348018
1926 0.396003605076432
1927 0.396514565092678
1928 0.396967846836837
1929 0.397407712305055
1930 0.397934616327184
1931 0.39853624813251
1932 0.39904700719429
1933 0.399571580615268
1934 0.400077152958678
1935 0.400533748231812
1936 0.400925333343791
1937 0.401391648845691
1938 0.401853672160577
1939 0.402263100362275
1940 0.402726716747271
1941 0.403147511769888
1942 0.403642567235534
1943 0.404119840054297
1944 0.404567065990706
1945 0.405025057270732
1946 0.405499345966115
1947 0.40595514795672
1948 0.406369220989598
1949 0.406885813104709
1950 0.407329079700719
1951 0.407859734018719
1952 0.40843362619966
1953 0.408915112806134
1954 0.40940877664725
1955 0.409911148528033
1956 0.410420012078186
1957 0.410913010244037
1958 0.411371106169693
1959 0.411841147141217
1960 0.412310988634088
1961 0.412583367560993
1962 0.412946346071727
1963 0.413345261929103
1964 0.413733103371584
1965 0.414252671158876
1966 0.414749225705013
1967 0.415235539514973
1968 0.415786084891263
1969 0.416185865704486
1970 0.416454717140347
1971 0.416820826460124
1972 0.417158560922375
1973 0.417476863817536
1974 0.417809456754796
1975 0.418219727909654
1976 0.4186573622479
1977 0.419046517207695
1978 0.419450995367439
1979 0.419946576529068
1980 0.42036535630875
1981 0.420711085857448
1982 0.421060542136489
1983 0.421373038936934
1984 0.421762187571849
1985 0.422139397059019
1986 0.422564420118108
1987 0.42311757264133
1988 0.423561722624345
1989 0.423983588838592
1990 0.424480422977058
1991 0.424962190598137
1992 0.425477983725663
1993 0.425948619818215
1994 0.426410284883179
1995 0.426864215907904
1996 0.427268841931688
1997 0.427687840017701
1998 0.428089452893404
1999 0.428564829294289
2000 0.429022447404904
2001 0.429435019930798
2002 0.429833720509025
2003 0.430268772292552
2004 0.430566196295659
2005 0.430733459059281
2006 0.430998491449965
2007 0.431180987325489
2008 0.431470589426494
2009 0.431879902394947
2010 0.432257717565935
2011 0.432665160827759
2012 0.433049938753487
2013 0.433516266361628
2014 0.433870867162436
2015 0.434255437287086
2016 0.434638266129339
2017 0.435066382098795
2018 0.435549915657676
2019 0.43593613069761
2020 0.436312278310685
2021 0.4366625092333
2022 0.436848006840424
2023 0.43717293667121
2024 0.437568235581602
2025 0.438023013654135
2026 0.438420798029157
2027 0.438805669362691
2028 0.439163749378984
2029 0.439550316299481
2030 0.43988427906205
2031 0.440225981950194
2032 0.440533649403202
2033 0.440772380427958
2034 0.441019154150017
2035 0.441257421506588
2036 0.441517217378025
2037 0.441780212330809
2038 0.442032804678827
2039 0.44228702614778
2040 0.44253769835386
2041 0.442858137128485
2042 0.443113270840751
2043 0.44341299683067
2044 0.443840703576366
2045 0.444077066020529
2046 0.44423998194082
2047 0.444347731792027
2048 0.444241922873662
2049 0.444326976901883
2050 0.44450221548088
2051 0.444618273092408
2052 0.444788502764968
2053 0.44495015418777
2054 0.445090128178027
2055 0.445144813194012
2056 0.445267599748217
2057 0.445441760999507
2058 0.445599303765165
2059 0.445744872310908
2060 0.445908512208827
2061 0.446080521615604
2062 0.446288366919532
2063 0.446477525629443
2064 0.446733922627531
2065 0.447084624967256
2066 0.447394995093279
2067 0.447781800974183
2068 0.448086966641574
2069 0.448233006747507
2070 0.448417777573875
2071 0.448510409819357
2072 0.448442700941088
2073 0.448522230146036
2074 0.448631308348872
2075 0.448729473587734
2076 0.44886567713787
2077 0.448976166815161
2078 0.449063412504379
2079 0.449178355383941
2080 0.449313452556436
2081 0.449443261445131
2082 0.449508213249825
2083 0.449681052182328
2084 0.449915655461206
2085 0.450207233588882
2086 0.450411829329921
2087 0.450715061358483
2088 0.450810611729052
2089 0.450680260045656
2090 0.450745678788602
2091 0.450809735750754
2092 0.450908007436116
2093 0.451099301186036
2094 0.45125914541279
2095 0.451376003950007
2096 0.451547406505319
2097 0.451772810723196
2098 0.452003873668738
2099 0.452267951986744
2100 0.452543350850111
2101 0.452752667145113
2102 0.452881925638689
2103 0.45307726461837
2104 0.453293483002591
2105 0.453375071098968
2106 0.453443201082234
2107 0.45346641151708
2108 0.453283909052403
2109 0.453266710998378
2110 0.453232628686656
2111 0.453398911429989
2112 0.453758328380412
2113 0.454031464794895
2114 0.454485945007899
2115 0.454816435207222
2116 0.455039626396814
2117 0.455210746696998
2118 0.455502790710562
2119 0.455728291767965
2120 0.455923281565547
2121 0.456075005441892
2122 0.456291434407287
2123 0.456488079181411
2124 0.456703129234851
2125 0.457026155648324
2126 0.457243740251643
2127 0.457390993695643
2128 0.457540055354302
2129 0.45767286767821
2130 0.457755168064656
2131 0.457788105217854
2132 0.457817304775086
2133 0.457751498150149
2134 0.45779657802331
2135 0.457823074665233
2136 0.457828089841053
2137 0.457878439544735
2138 0.457964378127035
2139 0.458027044789301
2140 0.458212665373433
2141 0.458121551434455
2142 0.457856763478669
2143 0.457653433085751
2144 0.457218767932962
2145 0.456993922344001
2146 0.457012795305689
2147 0.456824674789984
2148 0.456585302411162
2149 0.456350827032908
2150 0.456027320682568
2151 0.455698216479065
2152 0.455354351437442
2153 0.455028610127816
2154 0.454838291962622
2155 0.454403772457362
2156 0.454062349629774
2157 0.453851229228947
2158 0.453404305451954
2159 0.452759726481915
2160 0.452245860580301
2161 0.451633925545423
2162 0.451136998297064
2163 0.450697199777643
2164 0.450352901377443
2165 0.450156009606635
2166 0.449842995248469
2167 0.449658550025171
2168 0.449290023340346
2169 0.448617369319397
2170 0.448153949084781
2171 0.44778126039509
2172 0.447335016666364
2173 0.446862404876778
2174 0.446560963214692
2175 0.446191406370329
2176 0.445748490411331
2177 0.445335620839697
2178 0.445026432525744
2179 0.444582869917289
2180 0.444058951862554
2181 0.443507896461235
2182 0.442945102325659
2183 0.442294008955329
2184 0.441513161732443
2185 0.440786252135305
2186 0.43997928753046
2187 0.439265270691193
2188 0.438594494979862
2189 0.437950305863889
2190 0.437349521637592
2191 0.436792870503819
2192 0.436287298760949
2193 0.435790692439825
2194 0.435447007960584
2195 0.43487148862178
2196 0.434370959213316
2197 0.43397159863725
2198 0.433450447370375
2199 0.432891993362023
2200 0.432337392995042
2201 0.431699421937399
2202 0.431128795432997
2203 0.430604241974969
2204 0.430065828103034
2205 0.429394158628481
2206 0.429029199906275
2207 0.428656975439488
2208 0.428639447371777
2209 0.428970332952433
2210 0.429412339006713
2211 0.430251899962138
2212 0.430914757240424
2213 0.431718873564107
2214 0.43237734899221
2215 0.433028430297668
2216 0.433476354423233
2217 0.433736466174297
2218 0.433986827341692
2219 0.434095130670759
2220 0.434114331903249
2221 0.434276832112733
2222 0.434469250514231
2223 0.434793876094625
2224 0.435210214464527
2225 0.435615522956491
2226 0.436225375031752
2227 0.436544601125301
2228 0.436715097126963
2229 0.436942538463371
2230 0.436974263202945
2231 0.437230516371831
2232 0.437718661499408
2233 0.437979924654479
2234 0.438254464538822
2235 0.438425785668131
2236 0.438390123399194
2237 0.438443491820309
2238 0.43856380571928
2239 0.438565775269246
2240 0.438459611945586
2241 0.438375721094873
2242 0.43821927223728
2243 0.438096403842338
2244 0.437867272658367
2245 0.437915654298597
2246 0.438057354654114
2247 0.438070298331826
2248 0.438415447479148
2249 0.43868131936596
2250 0.438843085052414
2251 0.439015094055205
2252 0.439027082823186
2253 0.43881753446169
2254 0.43876452944891
2255 0.43856722840624
2256 0.438690830770042
2257 0.439030143599225
2258 0.439352921362659
2259 0.439885299545722
2260 0.440247036609634
2261 0.440607043246845
2262 0.44090015942621
2263 0.44109279641242
2264 0.441363630906561
2265 0.441699963867368
2266 0.441800810818889
2267 0.441822046042484
2268 0.441815918517774
2269 0.441589768753118
2270 0.441505635339066
2271 0.441552726033316
2272 0.441446655399876
2273 0.441229303089653
2274 0.441030215922839
2275 0.440726543983204
2276 0.440530544733159
2277 0.440391990004557
2278 0.440230321824781
2279 0.440486638597054
2280 0.440755307911353
2281 0.440844284385763
2282 0.440832083975751
2283 0.440167686928744
2284 0.439724849316357
2285 0.4396771928224
2286 0.440008133749721
2287 0.439996309390128
2288 0.440036429631108
2289 0.440223718758388
2290 0.440297460836015
2291 0.440390685154746
2292 0.44094924497043
2293 0.441042171451112
2294 0.440719510828487
2295 0.440489697759542
2296 0.440115896615361
2297 0.439903334742843
2298 0.439679242722395
2299 0.439481081889704
2300 0.439545465944238
2301 0.4392747887582
2302 0.438542744729668
2303 0.438362083133928
2304 0.438396253161592
2305 0.438339798758716
2306 0.438522431352912
2307 0.438735603762702
2308 0.438974619513525
2309 0.438992878093031
2310 0.439181774623586
2311 0.43912763415823
2312 0.438367121187114
2313 0.438207132940143
2314 0.438633648616743
2315 0.438566257441102
2316 0.438491994431863
2317 0.438330052989055
2318 0.437493986202518
2319 0.437171596231989
2320 0.437244822440455
2321 0.43735470478532
2322 0.437241337339192
2323 0.43718780102194
2324 0.436895637394341
2325 0.436659931837133
2326 0.436660594558405
2327 0.436427057196189
2328 0.436252654400827
2329 0.435914503140675
2330 0.435360620777663
2331 0.435107420513058
2332 0.434573948895296
2333 0.434214764760888
2334 0.434589878535969
2335 0.434614317087993
2336 0.434682267400438
2337 0.435065605497169
2338 0.434885254527695
2339 0.434209363334469
2340 0.434151379727005
2341 0.4341714468743
2342 0.434136122181088
2343 0.434501287769367
2344 0.434211764709329
2345 0.433419544045735
2346 0.433004013607457
2347 0.432372456157415
2348 0.4321008793186
2349 0.432325363706937
2350 0.43201895559437
2351 0.431440445255808
2352 0.43127317523302
2353 0.43097931033776
2354 0.430806165720395
2355 0.431379719339618
2356 0.431137945389763
2357 0.430123339904347
2358 0.429840366549445
2359 0.429380105420174
2360 0.429451938797263
2361 0.430559313211704
2362 0.430793355251063
2363 0.430549947204599
2364 0.430856849791226
2365 0.430934540311621
2366 0.431264169366812
2367 0.432838339911946
2368 0.432850517409406
2369 0.431964092157524
2370 0.431280814641393
2371 0.429479826362253
2372 0.428614616199819
2373 0.428218783734717
2374 0.427928752745555
2375 0.428055582936113
2376 0.428175823382287
2377 0.428696477531707
2378 0.428645309864682
2379 0.428013904549558
2380 0.428289901589454
2381 0.429098219269279
2382 0.429032959607463
2383 0.429215231745095
2384 0.429050386032863
2385 0.427743520889944
2386 0.427076345576035
2387 0.426988461185494
2388 0.426579835136142
2389 0.42570209843306
2390 0.425443855394514
2391 0.425586173579621
2392 0.425599616004497
2393 0.425860714013292
2394 0.42596796217784
2395 0.426237674370309
2396 0.42610158450662
2397 0.425609159030469
2398 0.425401195567195
2399 0.424990233172563
2400 0.424539026594715
2401 0.424165640212776
2402 0.424165702130618
2403 0.424377136449424
2404 0.42403357383664
2405 0.423757142463348
2406 0.423387763711075
2407 0.422546473952153
2408 0.421728627721938
2409 0.420807586203192
2410 0.420646125051417
2411 0.420673327317787
2412 0.420833717929503
2413 0.422229331037375
2414 0.422031941961092
2415 0.420294373878334
2416 0.419440507141247
2417 0.418785517720093
2418 0.418026057842193
2419 0.417821691087277
2420 0.416922702053046
2421 0.414724790856689
2422 0.413927483146423
2423 0.413570348858299
2424 0.41340772449081
2425 0.41426925371888
2426 0.414350573273
2427 0.414624338957428
2428 0.413909376886784
2429 0.412430508403841
2430 0.411224205846602
2431 0.408640786001871
2432 0.408610602142473
2433 0.410526213538475
2434 0.410667102191752
2435 0.411571776880567
2436 0.410600044783585
2437 0.407382684957803
2438 0.406370414501381
2439 0.405737762373817
2440 0.405659635091162
2441 0.406593625068987
2442 0.406231295237525
2443 0.406093096128021
2444 0.405148086546111
2445 0.405009812639493
2446 0.404466528306404
2447 0.403338140678034
2448 0.404677940625287
2449 0.405392165014397
2450 0.406041484073983
2451 0.408007109785145
2452 0.407218620325372
2453 0.405056281236515
2454 0.404127630211709
2455 0.402910814323843
2456 0.401509873547819
2457 0.399831394858895
2458 0.397873386397128
2459 0.397732564637136
2460 0.398042305946078
2461 0.399401882786148
2462 0.400824052208244
2463 0.400118978580515
2464 0.400966857156033
2465 0.400876710522909
2466 0.400346812660165
2467 0.399952748596853
2468 0.397847701039533
2469 0.397583007750163
2470 0.399546609114849
2471 0.399645264946143
2472 0.400725117382187
2473 0.399606116158106
2474 0.393743020206885
2475 0.39222544507092
2476 0.39289337261373
2477 0.39244810583642
2478 0.394500154595138
2479 0.394881704150954
2480 0.392631444279137
2481 0.391275284943582
2482 0.390969397855707
2483 0.389217538334932
2484 0.385611902024451
2485 0.383964450458455
2486 0.382619589228177
2487 0.3829178274488
2488 0.38540950341442
2489 0.386594533551222
2490 0.387544631043862
2491 0.387790485229567
2492 0.388425793049319
2493 0.389180802794322
2494 0.389436200569251
2495 0.385924052186905
2496 0.385517445587017
2497 0.385662575420787
2498 0.386562741812547
2499 0.38973421405831
2500 0.388826094115662
