"Wavelength" "M032a_m2-w1"
350 0.107480366963757
351 0.0995161748634241
352 0.101656072288149
353 0.105460296682051
354 0.0966645353970809
355 0.0922574393964442
356 0.0985657956707175
357 0.106566209617361
358 0.0983276489355222
359 0.097550110367037
360 0.0993026720951346
361 0.0988628540646226
362 0.0995388516614095
363 0.101340740583192
364 0.101794483101317
365 0.0986157125894918
366 0.0918272859388657
367 0.0938019857709465
368 0.099884751400051
369 0.0972043398536742
370 0.0976235688291819
371 0.0990699214639512
372 0.0984143945914753
373 0.0931695910728428
374 0.0942722449427003
375 0.0964063018183361
376 0.0947644556492285
377 0.0955037799753457
378 0.0965269404940295
379 0.0960122765286719
380 0.0932980874336199
381 0.0932224192424738
382 0.0946333926219335
383 0.0966106370590478
384 0.0986323198083306
385 0.0924456314431236
386 0.0909312824472587
387 0.0985722825279465
388 0.0954837175399254
389 0.0954049205904152
390 0.0973886440588296
391 0.0968614327867361
392 0.0957588997667746
393 0.0954114288610991
394 0.0955355432146227
395 0.0948120347491547
396 0.0958938845858104
397 0.0967516585884901
398 0.0962994538203162
399 0.0964713136370809
400 0.095853453911789
401 0.0955144096387649
402 0.0963946224075964
403 0.0955660068415026
404 0.0954905739077965
405 0.0963717817063551
406 0.096654136237083
407 0.0972682283047006
408 0.0973173460883372
409 0.0967636110395418
410 0.09772087488014
411 0.0971260391313314
412 0.0967756209309975
413 0.0986769250475321
414 0.098675670369086
415 0.0985009249019865
416 0.0990690939083109
417 0.100277219625992
418 0.100051594623184
419 0.099429135846964
420 0.0994519593316101
421 0.100147544080863
422 0.100962731635809
423 0.101563927908068
424 0.10174468771235
425 0.101324470916554
426 0.101402548225328
427 0.101964267108816
428 0.101917266422828
429 0.102445475137587
430 0.103038126903297
431 0.103313790134604
432 0.10409313534479
433 0.10453919173142
434 0.104557339238532
435 0.104465158745856
436 0.104807585540701
437 0.105234206722158
438 0.105648914239845
439 0.106366950150725
440 0.106787880760648
441 0.10687656734164
442 0.106867211863147
443 0.107342514423895
444 0.107884279469616
445 0.108232742600773
446 0.108324505082152
447 0.108856839635941
448 0.109491937522361
449 0.109850620391726
450 0.109663234357558
451 0.110046665601911
452 0.110564073894882
453 0.110613459361317
454 0.111282103270573
455 0.111528440635967
456 0.111396797822057
457 0.111865063017375
458 0.112374166548447
459 0.112727370541055
460 0.112846643116096
461 0.112691326658875
462 0.113101629349416
463 0.113704332029781
464 0.113771886469728
465 0.114066523638007
466 0.114581209553602
467 0.114910016747266
468 0.114251565469576
469 0.114436119638306
470 0.11510171995363
471 0.115508919832342
472 0.115626052533111
473 0.116041400933437
474 0.116579482369362
475 0.116612013481334
476 0.116549676130476
477 0.116713326677375
478 0.117164086590994
479 0.117543946184842
480 0.117556401807918
481 0.117767987955632
482 0.118703665851683
483 0.118760587375065
484 0.118939945237646
485 0.11954566436191
486 0.119967283197421
487 0.120260177794076
488 0.120441022016606
489 0.120582309024731
490 0.120912549014083
491 0.121167808222082
492 0.121430085386776
493 0.121936794687844
494 0.122199717364186
495 0.122406547723117
496 0.122743266372811
497 0.123230519581334
498 0.123881934340497
499 0.124474166814364
500 0.1247953919151
501 0.125143338237491
502 0.125479349295573
503 0.125789569583118
504 0.126108192386085
505 0.126586328878289
506 0.127053538656403
507 0.127402194661286
508 0.127989695215551
509 0.128359021853769
510 0.128535693917101
511 0.128850397359909
512 0.129302643359395
513 0.129768833899013
514 0.130182484465777
515 0.130636747311686
516 0.13104987582726
517 0.131396375854787
518 0.131713506873734
519 0.132271718132476
520 0.132825071658481
521 0.133243845756366
522 0.133581551957627
523 0.133937101647344
524 0.13437025765657
525 0.134881704467805
526 0.135325980994846
527 0.135768915205707
528 0.136209757356975
529 0.136601050057773
530 0.137036265410897
531 0.137557073333815
532 0.138122152056969
533 0.138523926474384
534 0.138866254330256
535 0.139270191113797
536 0.139827740226979
537 0.140311387688178
538 0.140829062437667
539 0.141395992321541
540 0.14183337515324
541 0.142271342087843
542 0.14276663893301
543 0.143318594072133
544 0.143780343559288
545 0.144173260388517
546 0.144580084448806
547 0.145128887106387
548 0.145652291806683
549 0.146186435536695
550 0.146777835580073
551 0.147367906524143
552 0.147958382338824
553 0.14855102960105
554 0.149147077224942
555 0.149730253424209
556 0.150333503080827
557 0.150957266823642
558 0.151512875526213
559 0.152067523225845
560 0.152603426919802
561 0.153080581737677
562 0.153540644399738
563 0.154034481639403
564 0.154513306142057
565 0.154791867064985
566 0.155128072542394
567 0.155447656755542
568 0.155667682090889
569 0.156064900912387
570 0.156634517086396
571 0.157260751849033
572 0.157747234125456
573 0.158346425891502
574 0.158977340352439
575 0.159553691784754
576 0.16018666901525
577 0.160684391258712
578 0.161107085919456
579 0.1616305358583
580 0.161950160166713
581 0.162189282126528
582 0.162470624059539
583 0.162811647906335
584 0.163187270474694
585 0.163546773966471
586 0.16385736214445
587 0.164224888542346
588 0.164703686924512
589 0.165254796063559
590 0.165733416974542
591 0.166178338717575
592 0.166606866127594
593 0.167034002897803
594 0.167469149467958
595 0.167904277986367
596 0.168345358240107
597 0.168808865604408
598 0.169281619493388
599 0.169710269969542
600 0.170074144356902
601 0.170450701384757
602 0.170749154568258
603 0.171015686793576
604 0.171353600008157
605 0.171692268007744
606 0.172060574992545
607 0.172462609284451
608 0.172840143602426
609 0.173269164805212
610 0.173680915571058
611 0.173998414840257
612 0.174368933854835
613 0.174761465205597
614 0.175154999223861
615 0.175552650722435
616 0.175932149881952
617 0.176327619332742
618 0.17675532319145
619 0.177116234407602
620 0.177524718816226
621 0.177976899948602
622 0.178380737364251
623 0.178718982887872
624 0.179102760719748
625 0.179561168993087
626 0.179875886900625
627 0.180193162831079
628 0.180588121803371
629 0.181082378445637
630 0.181544371873929
631 0.181966900312867
632 0.182366186646364
633 0.18276929507147
634 0.183197200489
635 0.183607479194653
636 0.183973444282832
637 0.184446572717148
638 0.18488054549182
639 0.185261443310642
640 0.185712029791885
641 0.186054521047088
642 0.186423830963981
643 0.186928528941154
644 0.187408066018694
645 0.187856672261899
646 0.188281987744882
647 0.188704836889433
648 0.189160021005988
649 0.189598244022255
650 0.189999087006941
651 0.19041156718249
652 0.190904102334808
653 0.191404800294284
654 0.191812244390427
655 0.192217457839134
656 0.192648929097761
657 0.193114669476773
658 0.193603369488892
659 0.194011043301446
660 0.194405968519944
661 0.194872299530016
662 0.195382199983068
663 0.195867493962689
664 0.196337919011154
665 0.196853487136852
666 0.197286951790098
667 0.197740946536802
668 0.198271890711887
669 0.198749002159017
670 0.199191464419326
671 0.199641405522861
672 0.20013936396843
673 0.200594543587136
674 0.201097167246094
675 0.201647922133179
676 0.202101851259196
677 0.202605490088037
678 0.203106873255725
679 0.203545704643332
680 0.204055657273868
681 0.20459668191123
682 0.205157689902627
683 0.205747780213206
684 0.206200584302428
685 0.206651842576774
686 0.207198376127751
687 0.207707264902918
688 0.208204794254195
689 0.208710381667209
690 0.209235898125032
691 0.209733589584134
692 0.210273477646156
693 0.210855409781716
694 0.211367954388469
695 0.211822920145166
696 0.212347643935068
697 0.213011924953832
698 0.213520992022382
699 0.21397777391264
700 0.214472623162172
701 0.215065134255311
702 0.215654205421009
703 0.216191787345158
704 0.216685091943303
705 0.217245763733075
706 0.217810433890481
707 0.218365741265391
708 0.21891584498837
709 0.219437898258021
710 0.219985747561744
711 0.22057279058429
712 0.221152399287246
713 0.221698831103337
714 0.222244218234688
715 0.222821927643419
716 0.223403755601065
717 0.223984009677314
718 0.224564140436954
719 0.225148240005918
720 0.225717114920818
721 0.226272690543405
722 0.226838998200134
723 0.227486583927649
724 0.228078252352892
725 0.228632922909327
726 0.229206638526571
727 0.229710331616766
728 0.230251035540377
729 0.230865065377552
730 0.231502312720135
731 0.232108824528947
732 0.232691901033373
733 0.233276879975441
734 0.233899738138727
735 0.234497779545817
736 0.235051799119925
737 0.235581620314329
738 0.236204535944544
739 0.236811031899625
740 0.237360408526802
741 0.237938430855168
742 0.238516667347491
743 0.239121158357421
744 0.239768449283616
745 0.240400688295643
746 0.241057572300201
747 0.241674246344904
748 0.242145544606629
749 0.242710853491096
750 0.24333453128876
751 0.243964564420767
752 0.244592519076501
753 0.245215450955039
754 0.245817997950871
755 0.246387329929134
756 0.24691740595572
757 0.247547846250152
758 0.248233349608811
759 0.248788018612264
760 0.249343280589457
761 0.249973355766745
762 0.250663106540617
763 0.251229712223356
764 0.251874137019767
765 0.252534849386994
766 0.25309072434288
767 0.253627751537987
768 0.25419641075101
769 0.254807690562421
770 0.255439716752206
771 0.256153864690135
772 0.256847339312042
773 0.257436341016699
774 0.257929121631125
775 0.258472389038852
776 0.259085530324773
777 0.259727683905651
778 0.260346852417188
779 0.260925226573576
780 0.261495460785321
781 0.262128659145845
782 0.262726316733453
783 0.263371227837342
784 0.264069799872188
785 0.264582126794906
786 0.265105396265973
787 0.265694041410397
788 0.266334266887431
789 0.266957674843976
790 0.267589785358764
791 0.268210736046235
792 0.268771142450874
793 0.269432711193381
794 0.270107534123427
795 0.270708961700105
796 0.271230112534408
797 0.271846483993833
798 0.27249878110964
799 0.273079385601629
800 0.273671786572202
801 0.27422628129788
802 0.274770553730108
803 0.275388439360349
804 0.276085250902934
805 0.276729205688475
806 0.27729346105157
807 0.27795029422537
808 0.278514528428691
809 0.279093662368617
810 0.279796410483319
811 0.280458729494187
812 0.281085075030252
813 0.281637325943745
814 0.282084482192503
815 0.282580776817238
816 0.283186346078022
817 0.283868865508654
818 0.284501110473327
819 0.285081634797761
820 0.285659742308179
821 0.286273798078014
822 0.286896461572555
823 0.287549614484634
824 0.288164511066934
825 0.288679049531084
826 0.289233401807912
827 0.289802451882087
828 0.290383183274748
829 0.290990570832248
830 0.291586686936715
831 0.292156607244153
832 0.292701364691216
833 0.293239177416041
834 0.293825806654409
835 0.294440901442524
836 0.295049999172192
837 0.295643708008675
838 0.296246837174291
839 0.296864351902959
840 0.297479689099903
841 0.298032536548565
842 0.298541152232015
843 0.299073503807576
844 0.299717386721866
845 0.300285857485452
846 0.300793143595524
847 0.301304606040935
848 0.301907581839089
849 0.30257976142082
850 0.303262324321914
851 0.303889053438495
852 0.304412839501017
853 0.304890945089612
854 0.3053612908264
855 0.305871587428201
856 0.30659824662148
857 0.307134798716558
858 0.307529425819196
859 0.308186160601397
860 0.308810998446578
861 0.309403352179198
862 0.309981776158603
863 0.310540013848856
864 0.311116842584841
865 0.311701139913479
866 0.312299767397258
867 0.313015328016851
868 0.313540797910753
869 0.313983894558427
870 0.314530155727829
871 0.315004749262165
872 0.315582908073651
873 0.316214256155353
874 0.316741973757955
875 0.317289971156328
876 0.317840143852255
877 0.318397022502807
878 0.318987990579671
879 0.319524445635232
880 0.320095242772143
881 0.320738886293501
882 0.321379187101443
883 0.321930929550934
884 0.322446620718816
885 0.322991128449139
886 0.32357598679508
887 0.324046521589185
888 0.324558385589557
889 0.325248203478088
890 0.325800196572871
891 0.326278353695995
892 0.326800028662153
893 0.327454646570291
894 0.328041695086167
895 0.328668248776355
896 0.329261111316719
897 0.329663401513308
898 0.330237222349441
899 0.330885010405982
900 0.331464220326648
901 0.331876537770533
902 0.332478672636067
903 0.333099297550573
904 0.333645299982246
905 0.334272176388404
906 0.33480973312137
907 0.335284997516809
908 0.335797787727528
909 0.336498776337688
910 0.337102613696241
911 0.337624524665488
912 0.338171899599076
913 0.338837083172538
914 0.339490822125923
915 0.340025932398845
916 0.340418613676156
917 0.340876182788334
918 0.341493356809502
919 0.342176677619931
920 0.342771965581557
921 0.343371851461136
922 0.343897484677403
923 0.344345823506563
924 0.344783752417257
925 0.345324472639934
926 0.345944827661656
927 0.346621994770302
928 0.34732652140054
929 0.347899212977917
930 0.348413136301493
931 0.348896799196625
932 0.349320709184167
933 0.349845053320825
934 0.350385888334914
935 0.350921440386105
936 0.3515449385865
937 0.352278257862141
938 0.352893992357579
939 0.353346765991142
940 0.353894624605293
941 0.354528161651209
942 0.355118962011934
943 0.35561583384464
944 0.356136804658796
945 0.356731756533582
946 0.35730831149161
947 0.357835214260494
948 0.358448601696749
949 0.358853431690332
950 0.35929541361669
951 0.35993897092448
952 0.360520456163841
953 0.361085620173238
954 0.361651583997617
955 0.362211593402335
956 0.362709362459066
957 0.363255612530313
958 0.363869371489093
959 0.364520995098433
960 0.36514341546413
961 0.365774381235815
962 0.366311138685193
963 0.366728856656402
964 0.367265809512623
965 0.367774731488139
966 0.368188467715686
967 0.368566660269404
968 0.369195534037481
969 0.369836810175158
970 0.37045806834277
971 0.37105009255232
972 0.371525370058831
973 0.371932535447796
974 0.372349318514584
975 0.372843275242038
976 0.37343753875935
977 0.373951421034519
978 0.37442976245229
979 0.374968135890591
980 0.375620564257077
981 0.376099826213232
982 0.376648568845737
983 0.377397618095772
984 0.378022431216269
985 0.378385523605371
986 0.378870704812532
987 0.379602109081544
988 0.380087959833209
989 0.380529322886165
990 0.381073390436023
991 0.381711599425197
992 0.382237115694404
993 0.382699559221606
994 0.383112158224531
995 0.383534519719981
996 0.384064700161395
997 0.384655457981362
998 0.385126476529025
999 0.385527458641113
1000 0.386126923371235
1001 0.383287487767335
1002 0.38381558882477
1003 0.384268531873332
1004 0.384797245396135
1005 0.38534012432457
1006 0.38583541465478
1007 0.386376068654638
1008 0.386827656320159
1009 0.387221148495618
1010 0.387645903267333
1011 0.388140086235134
1012 0.38862273849636
1013 0.389054016512506
1014 0.389547572417451
1015 0.390005835032049
1016 0.390453848156514
1017 0.39095568322789
1018 0.391562734817654
1019 0.392041770312784
1020 0.392485712273856
1021 0.392922956727689
1022 0.393316027635017
1023 0.393722474212498
1024 0.394244262832381
1025 0.394783027270073
1026 0.395262673792063
1027 0.395706892077923
1028 0.396116403482468
1029 0.396577346208594
1030 0.397080397294275
1031 0.39757098492809
1032 0.398054673731305
1033 0.398493312477637
1034 0.398985122173692
1035 0.399509965491189
1036 0.400027786599693
1037 0.400502515095659
1038 0.401021406773932
1039 0.401454415149195
1040 0.401889371601977
1041 0.402388138775688
1042 0.402895579760048
1043 0.403497597506625
1044 0.404101947378996
1045 0.404632350657683
1046 0.405187523726635
1047 0.405706374823096
1048 0.406163152126423
1049 0.40658152190318
1050 0.407072643778267
1051 0.407527697897234
1052 0.407963009728216
1053 0.408462539895292
1054 0.408960085496687
1055 0.409432022019931
1056 0.409933554293727
1057 0.410419314169786
1058 0.410830326841802
1059 0.411203745351077
1060 0.411545394860561
1061 0.411921350054998
1062 0.412319872291762
1063 0.412748726764749
1064 0.41321576472681
1065 0.413680589078796
1066 0.414060272918792
1067 0.414497492622597
1068 0.414942067318292
1069 0.415342945255464
1070 0.415799033469459
1071 0.416185718473505
1072 0.41657957011849
1073 0.416962586445773
1074 0.417328485855447
1075 0.417808710788035
1076 0.418178036874709
1077 0.418490321404028
1078 0.418798513689812
1079 0.419163255017665
1080 0.419409777244683
1081 0.41973033979123
1082 0.420162257300985
1083 0.420528877740432
1084 0.420864222403257
1085 0.421220514646713
1086 0.421572699720224
1087 0.421897773742984
1088 0.422226447629237
1089 0.422552903883416
1090 0.422848523738438
1091 0.423137235628145
1092 0.423405771430997
1093 0.423680858896998
1094 0.423936797328926
1095 0.424216005045944
1096 0.424556819076219
1097 0.42486721675977
1098 0.425166918279738
1099 0.425533086240313
1100 0.425858602822945
1101 0.426155485327866
1102 0.426507655467208
1103 0.426817640039139
1104 0.427055972424768
1105 0.427367944076945
1106 0.427698321615734
1107 0.428045738237955
1108 0.428368810726798
1109 0.428720307929993
1110 0.429053559643844
1111 0.429329140603819
1112 0.42968268582377
1113 0.430061894377484
1114 0.430423498840811
1115 0.430822409732654
1116 0.431221105178303
1117 0.431601772269024
1118 0.431994588537052
1119 0.432371975240677
1120 0.43277237739091
1121 0.433192004399447
1122 0.433645884720479
1123 0.434057979875421
1124 0.434475982587956
1125 0.43487051062095
1126 0.435228071571949
1127 0.435611236291384
1128 0.435971676931731
1129 0.436342347553073
1130 0.436753121026853
1131 0.437175750397278
1132 0.437623150924195
1133 0.438069850809603
1134 0.438452648015054
1135 0.438849042214138
1136 0.439259256272739
1137 0.439686176546038
1138 0.440072326351012
1139 0.440442270522544
1140 0.440824850297912
1141 0.441173037651163
1142 0.441559919390985
1143 0.441982523884628
1144 0.442418310944209
1145 0.442811171522529
1146 0.443191299500497
1147 0.443592912002151
1148 0.443961434667367
1149 0.444328474079233
1150 0.444771511527639
1151 0.445218507286762
1152 0.445643615818094
1153 0.446049043610074
1154 0.446466090489677
1155 0.446825959052144
1156 0.447119194408022
1157 0.447456387954641
1158 0.447796629896476
1159 0.448127699120399
1160 0.448454396852847
1161 0.448808327411374
1162 0.449111408099022
1163 0.449415893145396
1164 0.449820859146177
1165 0.450199691829035
1166 0.450598515525291
1167 0.451025387187015
1168 0.451409424581713
1169 0.45178002268421
1170 0.452106185725875
1171 0.452396339378964
1172 0.452716239816617
1173 0.452974751076463
1174 0.45328832656084
1175 0.453665510814041
1176 0.454006571004786
1177 0.454352246408883
1178 0.454699666193466
1179 0.455045742608035
1180 0.455383255557961
1181 0.455726250194782
1182 0.456022998813941
1183 0.456283231248955
1184 0.456538897736772
1185 0.456807252375242
1186 0.457066652698996
1187 0.457342775631548
1188 0.457648416384312
1189 0.457938694931249
1190 0.458204740558965
1191 0.458520159030057
1192 0.458883067674636
1193 0.459193779554043
1194 0.459531436892986
1195 0.459818639858835
1196 0.460025948441677
1197 0.460273783456606
1198 0.46052307603394
1199 0.460775643518134
1200 0.46102392905829
1201 0.4612714322117
1202 0.461531854832235
1203 0.461803413986251
1204 0.462096366841864
1205 0.462444939341905
1206 0.46272735923059
1207 0.463000768334716
1208 0.463250229801232
1209 0.463445732465583
1210 0.463675566000438
1211 0.463919871999967
1212 0.464148613459676
1213 0.464351343832208
1214 0.464594494564749
1215 0.464856653904012
1216 0.465110380706475
1217 0.465382013625866
1218 0.465664732072429
1219 0.465930042850769
1220 0.466217657725961
1221 0.466491924456567
1222 0.466790330595906
1223 0.467051102373974
1224 0.467263987108296
1225 0.467521483017042
1226 0.467801170019163
1227 0.468056208906705
1228 0.468316227004727
1229 0.468581586618388
1230 0.46882444870202
1231 0.469079715275725
1232 0.469356241717925
1233 0.469628192622118
1234 0.469906045050404
1235 0.470167360193794
1236 0.470430814443502
1237 0.47068398532637
1238 0.470911522441213
1239 0.471114398534518
1240 0.471344402823904
1241 0.471567378325508
1242 0.471815825163084
1243 0.472097342903084
1244 0.472348260168325
1245 0.472602453300293
1246 0.47284431861915
1247 0.473051626234183
1248 0.473295357790175
1249 0.47355006203653
1250 0.473809556693994
1251 0.47410203639519
1252 0.474370159873671
1253 0.474619826545407
1254 0.474888297529868
1255 0.475140327579325
1256 0.475420491302946
1257 0.475754175871007
1258 0.476042641328204
1259 0.476354480315911
1260 0.476687676311209
1261 0.476998732087262
1262 0.477297457324518
1263 0.477607920573262
1264 0.477924240087871
1265 0.478224524757361
1266 0.478546932513554
1267 0.478811339578159
1268 0.479019601353564
1269 0.479255631812585
1270 0.479459750924917
1271 0.479690966480008
1272 0.479946413254121
1273 0.480201137422298
1274 0.480448932658658
1275 0.480714593184227
1276 0.481024007862542
1277 0.481293631909082
1278 0.481548422925845
1279 0.481805241867289
1280 0.482043004211397
1281 0.482249095941274
1282 0.482462539589862
1283 0.482679493745355
1284 0.482879928215766
1285 0.483074557765461
1286 0.483239688232635
1287 0.483385182682024
1288 0.483527300047943
1289 0.483616887850549
1290 0.483761760245951
1291 0.483932300612263
1292 0.484100824915361
1293 0.484313441759845
1294 0.484485260344793
1295 0.484669255430952
1296 0.484795346890591
1297 0.484853191136402
1298 0.484933030546944
1299 0.485003195650608
1300 0.485029998879679
1301 0.485100161123416
1302 0.485195544952719
1303 0.485281765437574
1304 0.485390002899155
1305 0.485436621151561
1306 0.485456235236066
1307 0.485488373899557
1308 0.485464937001516
1309 0.485502223531871
1310 0.485582997574497
1311 0.485651935355024
1312 0.485745568105187
1313 0.485810300308845
1314 0.485862659747863
1315 0.485919811526792
1316 0.485948025733193
1317 0.486006698617063
1318 0.486078085023257
1319 0.486164554221487
1320 0.486261282201724
1321 0.486378235593485
1322 0.486517694935719
1323 0.486664591878866
1324 0.486820255978037
1325 0.487002087486252
1326 0.487153402147698
1327 0.487297921956552
1328 0.487444718252458
1329 0.487584561480824
1330 0.487718537969763
1331 0.487841642828203
1332 0.487988257206017
1333 0.48809966907634
1334 0.488295722000205
1335 0.488565605554752
1336 0.488803141674639
1337 0.489078428285058
1338 0.489334915707286
1339 0.489569523524211
1340 0.489810751331794
1341 0.490082971473051
1342 0.490315496438832
1343 0.490515105264002
1344 0.490721459110135
1345 0.490894240670421
1346 0.491092938731439
1347 0.491296384694375
1348 0.491529727437018
1349 0.491757618497905
1350 0.492010219434086
1351 0.492226430379076
1352 0.492425421960843
1353 0.492644943808107
1354 0.492857344259665
1355 0.493074225593457
1356 0.493322787164253
1357 0.493528483948742
1358 0.493706826232773
1359 0.493891062725707
1360 0.494034997120332
1361 0.494235208056387
1362 0.494452366655309
1363 0.49468781267278
1364 0.49496042646876
1365 0.495234979062507
1366 0.495527602484306
1367 0.495810771368294
1368 0.496120351587983
1369 0.496397188235037
1370 0.496693481735164
1371 0.496914769971432
1372 0.497100498911695
1373 0.497239397398137
1374 0.497311471946933
1375 0.497334863822843
1376 0.497299066336269
1377 0.4971822029997
1378 0.497107993575972
1379 0.496986663776163
1380 0.496897798245151
1381 0.496836349313846
1382 0.496764747538766
1383 0.49669544122536
1384 0.496597605448164
1385 0.496515793847544
1386 0.496386328559943
1387 0.496219730808457
1388 0.496033761495557
1389 0.495862275474763
1390 0.495595032319523
1391 0.49525265153918
1392 0.494900015300479
1393 0.494495570759206
1394 0.494058696470738
1395 0.493585191067802
1396 0.493113917620605
1397 0.492595471595297
1398 0.492081529818947
1399 0.491581605978487
1400 0.491066593993858
1401 0.49054131842489
1402 0.489998431709857
1403 0.489419675967176
1404 0.488885110039385
1405 0.488339860027638
1406 0.487785128352372
1407 0.487238248651722
1408 0.486668385392884
1409 0.486195507387576
1410 0.485701238216337
1411 0.485378968004478
1412 0.485165227028148
1413 0.485038583108303
1414 0.484982549026372
1415 0.485073814540559
1416 0.485261398796901
1417 0.48558680526522
1418 0.486117170783864
1419 0.486624360412119
1420 0.487268560036923
1421 0.487838881752784
1422 0.488410867479148
1423 0.488966607492703
1424 0.489511673034605
1425 0.490038798406372
1426 0.490554395568703
1427 0.491059826886204
1428 0.49153090760678
1429 0.492017892087376
1430 0.492523344752895
1431 0.493000913187675
1432 0.49345008442089
1433 0.49394211202601
1434 0.494381273273316
1435 0.494792620393937
1436 0.495232094094597
1437 0.495674964916442
1438 0.496104652336708
1439 0.496554237047428
1440 0.496959587783737
1441 0.497345799472774
1442 0.497698411261855
1443 0.498004623944612
1444 0.498346976846656
1445 0.498674611056808
1446 0.499013882451232
1447 0.499392646536982
1448 0.499724937192473
1449 0.500043806526171
1450 0.500330700654663
1451 0.500593382488702
1452 0.500833883279812
1453 0.501024696991214
1454 0.501243394867769
1455 0.501474066674678
1456 0.501676166629869
1457 0.501860337196892
1458 0.502055309876108
1459 0.502200695288454
1460 0.502411660735745
1461 0.502659502915126
1462 0.502931421364864
1463 0.503272899567845
1464 0.503575955023356
1465 0.503886904600557
1466 0.504186923649969
1467 0.504460398049344
1468 0.504738370734966
1469 0.505028643403414
1470 0.505301770758399
1471 0.505531747717988
1472 0.505771259539623
1473 0.506052171854838
1474 0.506324059986589
1475 0.506586104498867
1476 0.506884093818724
1477 0.507137908474847
1478 0.507344033529001
1479 0.507569399838351
1480 0.507789463751168
1481 0.508034575177914
1482 0.508285434128113
1483 0.508532013504063
1484 0.508807967980342
1485 0.509052797263646
1486 0.509265497919195
1487 0.509499104550681
1488 0.509746733664138
1489 0.509968879698562
1490 0.510185458747466
1491 0.510394973919804
1492 0.51055722489385
1493 0.510785126490603
1494 0.511046726586359
1495 0.511300323352703
1496 0.511599399870828
1497 0.511866676825814
1498 0.512131263250513
1499 0.512358361027737
1500 0.512551987415594
1501 0.512756492830613
1502 0.512926268266612
1503 0.513118189326115
1504 0.513339590653372
1505 0.513541677343151
1506 0.51373278233679
1507 0.513924968343516
1508 0.514124176445502
1509 0.514303523424147
1510 0.514452652183823
1511 0.514628778368905
1512 0.514808946904865
1513 0.514985996578669
1514 0.515186433525938
1515 0.51537776872004
1516 0.515552908009138
1517 0.515724496564814
1518 0.515928726287759
1519 0.516134922943413
1520 0.516346807953841
1521 0.516568752021484
1522 0.516793079033181
1523 0.517017284464693
1524 0.51724834987248
1525 0.517491052632234
1526 0.51772859017474
1527 0.517972939141066
1528 0.518191449062341
1529 0.518414502427455
1530 0.518597516225838
1531 0.518744186023331
1532 0.51889666575047
1533 0.51903179242091
1534 0.519164969024676
1535 0.519280235695028
1536 0.519423096272138
1537 0.519571202004361
1538 0.519716374709543
1539 0.519874263581344
1540 0.520036080883008
1541 0.52019567208391
1542 0.520353185972739
1543 0.520502392505184
1544 0.520696616686451
1545 0.520927246164743
1546 0.521110754365993
1547 0.521347615015971
1548 0.52148708522227
1549 0.521521351226772
1550 0.521601179166828
1551 0.521653091599476
1552 0.521723417351737
1553 0.52179180227407
1554 0.521892169529694
1555 0.52198274372209
1556 0.522137504484612
1557 0.522348085041272
1558 0.522570845666396
1559 0.522854794459582
1560 0.523108275733159
1561 0.523399416927565
1562 0.523623928530669
1563 0.523817354527027
1564 0.523983470990558
1565 0.524079921758067
1566 0.524201775930567
1567 0.524308644081992
1568 0.524428055375205
1569 0.524557872077306
1570 0.524685978606599
1571 0.524822658128717
1572 0.524951038971032
1573 0.52503747023563
1574 0.525192166224736
1575 0.525407984986496
1576 0.525582011388212
1577 0.525808065292697
1578 0.525978671349814
1579 0.526068245522293
1580 0.526184004680481
1581 0.526278392712518
1582 0.526401341528121
1583 0.526551723385536
1584 0.526691072499307
1585 0.526824045174743
1586 0.526986511149863
1587 0.52717334159176
1588 0.527341303155083
1589 0.527525924084912
1590 0.527707036239883
1591 0.52787867972095
1592 0.528031173645359
1593 0.528166290642409
1594 0.528320717781798
1595 0.52847056013802
1596 0.528612027694191
1597 0.528775893224306
1598 0.528926653183269
1599 0.529067226962016
1600 0.529177773651804
1601 0.529280820264691
1602 0.529420754211915
1603 0.529552878892801
1604 0.529673975335106
1605 0.529826770798329
1606 0.530014875346294
1607 0.53014895113809
1608 0.530261968353422
1609 0.530424066143784
1610 0.530575252057671
1611 0.530748909070274
1612 0.530987317316393
1613 0.531143228006672
1614 0.531251992261616
1615 0.531392241045525
1616 0.531526264562849
1617 0.53164963093253
1618 0.531766083200647
1619 0.531921310128266
1620 0.532067616801389
1621 0.532253655222377
1622 0.532497583643114
1623 0.532699711879265
1624 0.532909597215551
1625 0.533068447710373
1626 0.533202459299825
1627 0.53333225613807
1628 0.533411260905599
1629 0.533558374946122
1630 0.533730612928637
1631 0.53390328167024
1632 0.534111608448749
1633 0.534275764370346
1634 0.53444667779864
1635 0.534548396154167
1636 0.534603706551333
1637 0.534658602338117
1638 0.53464838136406
1639 0.534720480570326
1640 0.534822102359447
1641 0.534928246535647
1642 0.535060117591801
1643 0.535204649874546
1644 0.535348330486423
1645 0.535536759546593
1646 0.535771891515113
1647 0.535975138820691
1648 0.536201739452153
1649 0.536391648058857
1650 0.536537390466178
1651 0.536750194719788
1652 0.536991690033344
1653 0.537186131649182
1654 0.537411737200488
1655 0.537572443190564
1656 0.537678373803074
1657 0.537812846862111
1658 0.537932871816997
1659 0.538019441836085
1660 0.538083936873248
1661 0.538138264918665
1662 0.538221747899674
1663 0.53833165569714
1664 0.53845297356177
1665 0.53861039319075
1666 0.538774954944984
1667 0.538949769476721
1668 0.539161643543266
1669 0.539358438863846
1670 0.539521713741508
1671 0.539674729000661
1672 0.539804673330575
1673 0.53994938332002
1674 0.540078880201633
1675 0.54019822882035
1676 0.540361572731966
1677 0.540510011613993
1678 0.540681849922143
1679 0.540907512453618
1680 0.541080326747774
1681 0.541206282451002
1682 0.541363491545456
1683 0.541524875086211
1684 0.541709552565114
1685 0.541917294314248
1686 0.542148674643738
1687 0.542410006870244
1688 0.542644388907513
1689 0.54290922101709
1690 0.543156546254605
1691 0.543328726807032
1692 0.543476067582135
1693 0.543554098378599
1694 0.543591841197567
1695 0.543616193320621
1696 0.543660323659264
1697 0.543811379198337
1698 0.544001135066929
1699 0.5442185135638
1700 0.544406413941778
1701 0.544596162940635
1702 0.544743790422691
1703 0.54484769249759
1704 0.544963558409408
1705 0.54503072923349
1706 0.545131812009736
1707 0.545257328415625
1708 0.54539746639787
1709 0.545574215042015
1710 0.545714036078435
1711 0.54584658514522
1712 0.546002224465598
1713 0.546146283986721
1714 0.546284971925098
1715 0.546479811833493
1716 0.546577324613086
1717 0.546582976882993
1718 0.546646121270578
1719 0.546701477434699
1720 0.546747427573663
1721 0.546791286854204
1722 0.546859532980835
1723 0.546894624671054
1724 0.546982331360636
1725 0.547157131648179
1726 0.547312045886348
1727 0.547498953619219
1728 0.547608659618326
1729 0.547666824405278
1730 0.547720906409982
1731 0.547732517166243
1732 0.547788421479611
1733 0.547844575356432
1734 0.547968407157804
1735 0.548124710024719
1736 0.548237074328003
1737 0.548423138533376
1738 0.548505278537535
1739 0.548509322550255
1740 0.548559656093478
1741 0.548549996396202
1742 0.548445603376648
1743 0.548337702972936
1744 0.548356221498619
1745 0.548385904014146
1746 0.548539303338603
1747 0.548788643231666
1748 0.548845375087765
1749 0.548896107786085
1750 0.548980902911882
1751 0.54910320085594
1752 0.54932737223391
1753 0.549471727482154
1754 0.549579666210604
1755 0.549608173631818
1756 0.549594129389261
1757 0.549676264857336
1758 0.549768397506395
1759 0.549855400509214
1760 0.549890613171566
1761 0.549901821462297
1762 0.549890469153597
1763 0.549866349839181
1764 0.549915966999776
1765 0.549927278008778
1766 0.549940719291409
1767 0.550026685927502
1768 0.550065095353238
1769 0.550113308051532
1770 0.550253022660593
1771 0.550369419732595
1772 0.550507525585157
1773 0.550582407589864
1774 0.550615611593834
1775 0.550609571785952
1776 0.550496503627552
1777 0.550507100306753
1778 0.550526271045137
1779 0.550586803518884
1780 0.550732235838692
1781 0.550889440495405
1782 0.551139400705138
1783 0.55142856259932
1784 0.551637984134309
1785 0.551780299408298
1786 0.551801791434362
1787 0.551708352990996
1788 0.551636143747748
1789 0.551660585241602
1790 0.551735918266176
1791 0.551864837267803
1792 0.552093291532224
1793 0.552353509867266
1794 0.552527583626875
1795 0.552751846469626
1796 0.55294311756426
1797 0.552906676530803
1798 0.552927357247772
1799 0.552920725342703
1800 0.552850387842215
1801 0.552743198018537
1802 0.552805666349138
1803 0.552980613584218
1804 0.553044027018914
1805 0.553079422502441
1806 0.552960304847168
1807 0.553022521514849
1808 0.55319929988028
1809 0.553287216237884
1810 0.553369853352345
1811 0.553519834090357
1812 0.553628770788601
1813 0.553635944478507
1814 0.553720361751527
1815 0.553762139211223
1816 0.553790663463356
1817 0.55371521130531
1818 0.553777467038744
1819 0.553903008513236
1820 0.554044148700896
1821 0.554157951907945
1822 0.554202999708494
1823 0.554166143704573
1824 0.554131647771652
1825 0.554163497554731
1826 0.554265200701044
1827 0.55432356407547
1828 0.554383369623697
1829 0.554474860983436
1830 0.554624086176632
1831 0.554589076298204
1832 0.554696262572847
1833 0.55482037075923
1834 0.554785125445377
1835 0.554801384647412
1836 0.55478446369556
1837 0.554683316686979
1838 0.554678059750335
1839 0.554681241668953
1840 0.554714525552027
1841 0.554905744777517
1842 0.55502172032305
1843 0.555067067375827
1844 0.555143653828083
1845 0.555185282432445
1846 0.555232561485192
1847 0.555293001666048
1848 0.555382953821532
1849 0.555494897273416
1850 0.555516283960489
1851 0.555493550681175
1852 0.555491337514695
1853 0.555435181538094
1854 0.555447777545101
1855 0.555377317066775
1856 0.555127958182327
1857 0.554984449585169
1858 0.554859900092873
1859 0.554739585463185
1860 0.554604035471975
1861 0.554505575041631
1862 0.554317536753758
1863 0.554014598090874
1864 0.553662942854969
1865 0.553371853103959
1866 0.553053651623704
1867 0.552668523688421
1868 0.552228140788438
1869 0.551813180201298
1870 0.55133277853677
1871 0.550805156318147
1872 0.550344794193837
1873 0.549884461407871
1874 0.549386549469896
1875 0.548863080436153
1876 0.548265310679062
1877 0.547561890323059
1878 0.546813294552761
1879 0.546011161497806
1880 0.545124160506798
1881 0.544180940832797
1882 0.543146464651076
1883 0.541929479587198
1884 0.540585856560972
1885 0.53910193855165
1886 0.537547774696891
1887 0.535866612544559
1888 0.534090363375706
1889 0.532232851102701
1890 0.530274524383544
1891 0.528135891885312
1892 0.525856880041464
1893 0.523377772965902
1894 0.520794037187139
1895 0.518181632703708
1896 0.515464729184039
1897 0.512809351423779
1898 0.510165515667206
1899 0.507543809420773
1900 0.504848543144425
1901 0.502348493719736
1902 0.499893872608538
1903 0.497561100056637
1904 0.495578091881122
1905 0.493838966415225
1906 0.492275961264843
1907 0.491008880309662
1908 0.489839010130195
1909 0.488838510359586
1910 0.488053275169561
1911 0.487541842349013
1912 0.487103830899908
1913 0.486835104411445
1914 0.48665399660855
1915 0.486653031618425
1916 0.486771779531967
1917 0.48701537553334
1918 0.487538579323644
1919 0.488030654312425
1920 0.488590786072194
1921 0.489240344363965
1922 0.48995547996046
1923 0.490709140718782
1924 0.491558960539904
1925 0.49245837027632
1926 0.493327614876896
1927 0.49417598057074
1928 0.495009508540548
1929 0.495836903850063
1930 0.496677893675586
1931 0.497432127385418
1932 0.498128868848894
1933 0.498720774688424
1934 0.49935841043402
1935 0.499929546095217
1936 0.500589982587077
1937 0.501253849657339
1938 0.501908026699834
1939 0.502613418139367
1940 0.503221002197865
1941 0.503841496136219
1942 0.5046129384897
1943 0.505272012810628
1944 0.505901514969691
1945 0.506493723748732
1946 0.506982946117603
1947 0.507508753053872
1948 0.507951098784459
1949 0.508640077077739
1950 0.509233295642266
1951 0.509858361398263
1952 0.51052317287377
1953 0.51107457878819
1954 0.511686070247441
1955 0.512331557103342
1956 0.512959280178191
1957 0.513617363599784
1958 0.514176817562464
1959 0.514684285358148
1960 0.515224021731109
1961 0.515529377651292
1962 0.515990167336773
1963 0.516521966615836
1964 0.516912775597037
1965 0.517485247197632
1966 0.518194071826136
1967 0.518841041257443
1968 0.519601419825627
1969 0.520160392977381
1970 0.52058353455694
1971 0.521053675368965
1972 0.521389585859241
1973 0.521800332852808
1974 0.522360534953723
1975 0.522999260572172
1976 0.523679355172071
1977 0.52434521815429
1978 0.524891337184786
1979 0.525373253413443
1980 0.525850037855145
1981 0.526215649629786
1982 0.526626211220862
1983 0.527016326534256
1984 0.527483423045284
1985 0.52792904417552
1986 0.528445304324416
1987 0.529164026967945
1988 0.529842894166357
1989 0.530446165786533
1990 0.531155635365594
1991 0.531845733442731
1992 0.532535367748891
1993 0.533148666954578
1994 0.533784036820953
1995 0.534387977650461
1996 0.534914064245093
1997 0.535420244192495
1998 0.535958946576869
1999 0.536414008526223
2000 0.536752097139711
2001 0.537192171245081
2002 0.537669374159395
2003 0.538209245326548
2004 0.538681728919772
2005 0.539170879886576
2006 0.539644366301203
2007 0.540113558947423
2008 0.540572206032236
2009 0.54100807296951
2010 0.541456453684326
2011 0.54194329529713
2012 0.542308379574454
2013 0.542691582860761
2014 0.543043798676854
2015 0.54347509705927
2016 0.543870364223457
2017 0.544368940234534
2018 0.545054016986033
2019 0.545599338561698
2020 0.546124885959729
2021 0.546592711497547
2022 0.547054553253374
2023 0.547399721802588
2024 0.547585012305219
2025 0.5478647890954
2026 0.54820569569087
2027 0.548370227508771
2028 0.548743607174726
2029 0.549291494823625
2030 0.549656998020122
2031 0.549983467949968
2032 0.550304835743103
2033 0.550506064683797
2034 0.550794192863967
2035 0.551089057025203
2036 0.551458882984874
2037 0.551967389932532
2038 0.552359022028329
2039 0.552743023060613
2040 0.553127006766131
2041 0.553440658614754
2042 0.553648302679228
2043 0.553915811301162
2044 0.554199488954147
2045 0.554486154579964
2046 0.554779464368791
2047 0.555034756250977
2048 0.555269537578452
2049 0.555532456322386
2050 0.55584616154621
2051 0.556042526348923
2052 0.556158489622792
2053 0.556345971106423
2054 0.556531332716193
2055 0.556575700897451
2056 0.55673712231838
2057 0.557040527656176
2058 0.557191282477305
2059 0.557203259345142
2060 0.557385323387217
2061 0.557599206834145
2062 0.55784303846254
2063 0.5582177484726
2064 0.558531665403174
2065 0.558804998828626
2066 0.55911145827698
2067 0.559448751391954
2068 0.55972977736112
2069 0.560160409615041
2070 0.560598338368788
2071 0.560871709507415
2072 0.561115234124443
2073 0.561327073871939
2074 0.561367731536927
2075 0.561478981335462
2076 0.561656794545943
2077 0.561753265208482
2078 0.561766555697092
2079 0.561835623074958
2080 0.561886677862006
2081 0.561966076285775
2082 0.56204068300884
2083 0.562151716283176
2084 0.562300959369979
2085 0.562501337954192
2086 0.562611006848768
2087 0.562704952340243
2088 0.562815818711749
2089 0.562812716230989
2090 0.562984461483884
2091 0.563295559500194
2092 0.563533928751838
2093 0.563832157729429
2094 0.564101786644157
2095 0.564370760542395
2096 0.564579424366242
2097 0.564760645883617
2098 0.564930195932001
2099 0.565078366872654
2100 0.565119679637022
2101 0.565244822186714
2102 0.565362500900393
2103 0.565591221529524
2104 0.565960060106458
2105 0.566137338559152
2106 0.566330117671293
2107 0.566445436192261
2108 0.56630500904948
2109 0.566388543637096
2110 0.566552848583384
2111 0.56677966194974
2112 0.567154760515494
2113 0.567432547657985
2114 0.567798449287432
2115 0.568040688759416
2116 0.56813970232044
2117 0.568241139945763
2118 0.568495568266244
2119 0.568639592560746
2120 0.56891107785524
2121 0.5693683991298
2122 0.569642364608144
2123 0.56983000111806
2124 0.570088105663127
2125 0.570352168717927
2126 0.570563025759763
2127 0.57082219915806
2128 0.570985897739524
2129 0.571009637310965
2130 0.571089662571113
2131 0.571129571349978
2132 0.571219292067419
2133 0.571360742091473
2134 0.57149549572328
2135 0.571494964515999
2136 0.571634839134097
2137 0.571692734579837
2138 0.571687189065785
2139 0.57169772740817
2140 0.5718160829763
2141 0.571681635611707
2142 0.571358820043513
2143 0.571129328413892
2144 0.570797504725456
2145 0.570492092428393
2146 0.570298509817184
2147 0.56998299283654
2148 0.569552196735093
2149 0.569131202119605
2150 0.568711044211974
2151 0.568220999049589
2152 0.56761857865633
2153 0.567094759234776
2154 0.566532406835108
2155 0.565916505542924
2156 0.565347058598643
2157 0.564750371714129
2158 0.564288851096173
2159 0.56392826014707
2160 0.563476349765144
2161 0.563119034238365
2162 0.562665898687472
2163 0.562071156027657
2164 0.561567365051879
2165 0.561089764834869
2166 0.560625140405521
2167 0.560216638260501
2168 0.559723556251249
2169 0.559304529886656
2170 0.558715504044354
2171 0.557935212846652
2172 0.557210065102373
2173 0.556411250886034
2174 0.555547004421254
2175 0.554853220107065
2176 0.554241861597265
2177 0.553648616327687
2178 0.553183444657641
2179 0.552594168760762
2180 0.551988323299076
2181 0.551366884295236
2182 0.550750641299768
2183 0.550020043092528
2184 0.549249980304393
2185 0.548397443646149
2186 0.547415341056728
2187 0.546403410992497
2188 0.545269286064339
2189 0.544251517399984
2190 0.543036794207847
2191 0.542179860231333
2192 0.541715867212887
2193 0.541081562907433
2194 0.540568366112131
2195 0.540086272091103
2196 0.539422214139515
2197 0.538551897462758
2198 0.53783192151551
2199 0.537217334018923
2200 0.536342605952853
2201 0.535320869624512
2202 0.53442883451201
2203 0.533265233706441
2204 0.532565550219394
2205 0.532130397857745
2206 0.531777246997814
2207 0.531619039396603
2208 0.531598624599139
2209 0.53160641969422
2210 0.531993846855722
2211 0.532866547409003
2212 0.533534954187806
2213 0.534498173282155
2214 0.535246638913666
2215 0.535696973124267
2216 0.536323772224535
2217 0.537060065839799
2218 0.537720249214969
2219 0.538315396550854
2220 0.538860716330513
2221 0.539401225094658
2222 0.539796133591032
2223 0.540281642440765
2224 0.540884621381564
2225 0.541343529072067
2226 0.541721315472125
2227 0.542111465297358
2228 0.542404076796951
2229 0.542811225160489
2230 0.543370557792272
2231 0.54366644350788
2232 0.543900496500009
2233 0.5441028928827
2234 0.544073782206346
2235 0.544142717489394
2236 0.544250692257569
2237 0.544376945222535
2238 0.544502280140873
2239 0.544605632464124
2240 0.544731554517389
2241 0.544889431546
2242 0.545100871718342
2243 0.545190679602132
2244 0.545260292110653
2245 0.545229477428616
2246 0.545395958503974
2247 0.545477661449807
2248 0.545969663819638
2249 0.546452588347552
2250 0.54658399967105
2251 0.546518379582826
2252 0.546565345993591
2253 0.54633748294668
2254 0.546402772676584
2255 0.546667897572988
2256 0.546861776849379
2257 0.547123687417924
2258 0.547305655361178
2259 0.547469591287883
2260 0.547647001840037
2261 0.54783279320056
2262 0.547955495292412
2263 0.547954240459692
2264 0.548160203468172
2265 0.548505445939824
2266 0.548648782888876
2267 0.548940424143411
2268 0.549025853384654
2269 0.548764418823631
2270 0.548651506143488
2271 0.548550139762623
2272 0.548441234749593
2273 0.548213853598252
2274 0.548168408284652
2275 0.548371275243709
2276 0.548385865258004
2277 0.548470428661737
2278 0.548412466221883
2279 0.548360310595487
2280 0.548220330462352
2281 0.548037051485502
2282 0.547943871207939
2283 0.547626316917359
2284 0.547307274549355
2285 0.547278282919783
2286 0.547606502607313
2287 0.547564863244509
2288 0.547396089300801
2289 0.547466525938487
2290 0.547454889522265
2291 0.547472928611621
2292 0.547919486143069
2293 0.54795037055569
2294 0.547615769089832
2295 0.547467214540208
2296 0.547116446621471
2297 0.547105592477113
2298 0.547429931824045
2299 0.547458918920895
2300 0.547749852156984
2301 0.547580414211597
2302 0.546665004772696
2303 0.546417500044181
2304 0.54634526667028
2305 0.546207611674522
2306 0.546369978692797
2307 0.546554197895876
2308 0.546850032507294
2309 0.546772082404499
2310 0.546576088810371
2311 0.546431957340622
2312 0.545986356732865
2313 0.54560800852134
2314 0.545421218912514
2315 0.545200405072268
2316 0.544577316879818
2317 0.544310526217373
2318 0.544496208334318
2319 0.544520420686555
2320 0.5447258770975
2321 0.544668545809629
2322 0.54460991465191
2323 0.544663361817635
2324 0.544434841365249
2325 0.544312050828292
2326 0.543678246554042
2327 0.542983752339857
2328 0.542561303750228
2329 0.54207657075521
2330 0.541769755830918
2331 0.54135295914281
2332 0.541291746801606
2333 0.541512031790314
2334 0.541761229020465
2335 0.54195343970039
2336 0.541801176861239
2337 0.541067680381369
2338 0.540873252453753
2339 0.540814633771323
2340 0.540791632191001
2341 0.541019764826653
2342 0.540944253698945
2343 0.540819782379508
2344 0.540337229345823
2345 0.539545832953455
2346 0.538963260825845
2347 0.538112434543297
2348 0.537667030622231
2349 0.537560197788588
2350 0.537171571528554
2351 0.53668533492863
2352 0.536530437709673
2353 0.536505004085042
2354 0.536319358869571
2355 0.53646214675948
2356 0.536124081124426
2357 0.535238493431682
2358 0.534837189936408
2359 0.534447652713656
2360 0.534312703826308
2361 0.534513833773473
2362 0.534514923852543
2363 0.534444298129537
2364 0.534658794660802
2365 0.535000209660994
2366 0.53523608768939
2367 0.536059393294223
2368 0.536008037180572
2369 0.5352226479391
2370 0.534772092025288
2371 0.533711057401577
2372 0.53350147086647
2373 0.534082427318642
2374 0.534143675279541
2375 0.534470051501448
2376 0.53444020903297
2377 0.533637914546541
2378 0.533479018178973
2379 0.533669078004883
2380 0.533833691968124
2381 0.534683789374867
2382 0.534572448863956
2383 0.534032015558338
2384 0.533233979112265
2385 0.53125847168268
2386 0.530334228231366
2387 0.52951416104031
2388 0.529282390274236
2389 0.530206385282658
2390 0.530406862472328
2391 0.530863887124895
2392 0.530691402029308
2393 0.529690640668438
2394 0.529073005592663
2395 0.528179313607028
2396 0.5278217975428
2397 0.528029389016372
2398 0.527772480025971
2399 0.527792791405462
2400 0.527283015445168
2401 0.525821086558726
2402 0.525369981957503
2403 0.524795627507407
2404 0.524924544690314
2405 0.526443915439647
2406 0.526774831132348
2407 0.527326264726348
2408 0.527132337258198
2409 0.526052440218236
2410 0.525243539650473
2411 0.524060223533795
2412 0.522808648270152
2413 0.521002564259719
2414 0.519781181530494
2415 0.518877927775128
2416 0.517690739613267
2417 0.516545049075182
2418 0.516074855224421
2419 0.515664171055765
2420 0.515586723740608
2421 0.516510422131908
2422 0.516861313783096
2423 0.517065760328166
2424 0.516884582539752
2425 0.516533722650244
2426 0.516174707094389
2427 0.515310113199432
2428 0.514480476667443
2429 0.514026201168302
2430 0.513073663183853
2431 0.511383870446502
2432 0.510749381840544
2433 0.510592787073839
2434 0.509660556474269
2435 0.508659014134543
2436 0.507912029092802
2437 0.506754986476376
2438 0.506176976432505
2439 0.506513724611368
2440 0.506324789256757
2441 0.505695878317123
2442 0.505547994324378
2443 0.504860177494588
2444 0.503443450590334
2445 0.502410155226936
2446 0.4991384751491
2447 0.497406245686632
2448 0.499195106325561
2449 0.500528060762128
2450 0.501585728575598
2451 0.502062758890654
2452 0.499318588363117
2453 0.495942709773699
2454 0.496790515471906
2455 0.498759731686247
2456 0.498116392245871
2457 0.497960271858046
2458 0.497369453741158
2459 0.496847110797206
2460 0.49779728813848
2461 0.498960691464169
2462 0.500460564946204
2463 0.499644157647112
2464 0.500911682058994
2465 0.500436823494157
2466 0.497144295675569
2467 0.495924456851109
2468 0.494189610853417
2469 0.493613242948288
2470 0.496601523562516
2471 0.495707225305452
2472 0.492858001435148
2473 0.490670435980346
2474 0.48464160419697
2475 0.483079938338857
2476 0.485529212478604
2477 0.485876511482362
2478 0.488225968906697
2479 0.488237552297363
2480 0.484429328007061
2481 0.484300344306942
2482 0.485835514643798
2483 0.486284688330977
2484 0.488389032181702
2485 0.489015548815415
2486 0.488377050625926
2487 0.488278064645848
2488 0.488096441020851
2489 0.48816039733131
2490 0.487118622633854
2491 0.486304549129266
2492 0.487033844231627
2493 0.484652268787561
2494 0.484242545810915
2495 0.480159977471536
2496 0.477590287183679
2497 0.476246358219744
2498 0.475023763615807
2499 0.478685650170546
2500 0.480008313749467
