"Wavelength" "M032a_m4-w3"
350 0.0863156618057304
351 0.0861804304995747
352 0.0896969053482501
353 0.090769141627633
354 0.083844762402848
355 0.082373968126436
356 0.0840757547096655
357 0.0861850139502009
358 0.0866330882989742
359 0.0862840455935563
360 0.0853935462312944
361 0.0850074555748202
362 0.0879754868268103
363 0.0859358750095767
364 0.0826609744088237
365 0.0825596743401438
366 0.0775341447282537
367 0.0799997015384955
368 0.0874160191929088
369 0.0889093913519359
370 0.0881846836908886
371 0.0854358825050079
372 0.0824332527739701
373 0.0828699222385052
374 0.0824021195304942
375 0.08276207692124
376 0.0847440859032142
377 0.0833874788334005
378 0.0820457547275961
379 0.0812124655071133
380 0.0805568339681568
381 0.0824850070332992
382 0.083157188721055
383 0.082704272875318
384 0.0848865229909846
385 0.0819533551821819
386 0.0804272341699806
387 0.0839720988558925
388 0.0862048585232385
389 0.0852285325771018
390 0.0827734640032648
391 0.0815038484728924
392 0.0811216812228335
393 0.0816574740956371
394 0.0822808891659714
395 0.0817872969817254
396 0.0837565144370492
397 0.0841128751017999
398 0.0817739898205057
399 0.0832210769861557
400 0.0840133658013776
401 0.0839379813757061
402 0.0839309768538979
403 0.0841581267577914
404 0.0844042335139446
405 0.0841634479271793
406 0.0829565884207021
407 0.0833875186071718
408 0.083851634164188
409 0.0835777409289906
410 0.0845726550912038
411 0.0845737433951224
412 0.0844844841376127
413 0.0854872538887805
414 0.0853339022019586
415 0.0852700656831449
416 0.0858038848912822
417 0.0866373427085265
418 0.0864888554168903
419 0.0859818852240515
420 0.0858349595680555
421 0.0863027004390287
422 0.0871170862758714
423 0.087822260818401
424 0.0880157698294861
425 0.0878638391061076
426 0.0881702003963897
427 0.0887297789889795
428 0.0884245419475067
429 0.0890627167050229
430 0.0896609778182514
431 0.0895229302758426
432 0.0901007982877677
433 0.0901022463645315
434 0.0899751151825241
435 0.0906755202117609
436 0.0908623824243093
437 0.0912088793475066
438 0.0918303148250498
439 0.0919685150470151
440 0.0921201643678952
441 0.0923890586319305
442 0.0927235089603871
443 0.0928874456018866
444 0.0930009365141557
445 0.0931676690523211
446 0.093460529148167
447 0.0937694678342056
448 0.0941374644814865
449 0.0944615172784356
450 0.094330465282548
451 0.094784096100322
452 0.0951698365733236
453 0.0947541683244709
454 0.0948998933889841
455 0.0952423461499036
456 0.0955551291834326
457 0.0957901247904237
458 0.0959753403510657
459 0.0962359316207935
460 0.0965690155113781
461 0.0966105934492795
462 0.0968174660743119
463 0.0970280732190917
464 0.0969519295096976
465 0.0972938514562895
466 0.0977073039094032
467 0.097947177963331
468 0.0980048205159477
469 0.0981234057696492
470 0.0982337031806313
471 0.0983202394397611
472 0.0988947773490144
473 0.0990910696602779
474 0.0990614404264412
475 0.0995369124179107
476 0.0994747101871564
477 0.0993916894766047
478 0.0996516874399589
479 0.0999281531929746
480 0.100242859755505
481 0.100617284542308
482 0.101019423012467
483 0.101060640928724
484 0.101261245482219
485 0.101679823898698
486 0.101833548356611
487 0.102118578213477
488 0.102420471433896
489 0.102593918279216
490 0.102717122067647
491 0.103012390887858
492 0.103418216123529
493 0.103709827520983
494 0.103959879164837
495 0.104115660155712
496 0.104240425556753
497 0.104642716753144
498 0.10505017842651
499 0.105375717128499
500 0.105608678867827
501 0.105754857619692
502 0.106046325711813
503 0.106456386807493
504 0.106680068470491
505 0.107094704315376
506 0.107526490651503
507 0.107807838802845
508 0.108195687039649
509 0.108482617368687
510 0.108745015830301
511 0.109200101089529
512 0.109462449731951
513 0.109723450813369
514 0.110098483081898
515 0.110405824321042
516 0.110653719084236
517 0.110877048596848
518 0.111143467206328
519 0.111613716009386
520 0.112027823170009
521 0.112298601317209
522 0.112579195860092
523 0.11285497924726
524 0.113200431110236
525 0.113643858892724
526 0.113993739477963
527 0.114314553797934
528 0.114647679290918
529 0.115008327391037
530 0.115349418633587
531 0.115697541691929
532 0.1160642506461
533 0.116401625103306
534 0.116682216466694
535 0.11699374594235
536 0.117444623542953
537 0.117847906529083
538 0.118261807321749
539 0.118699438314476
540 0.11906536617624
541 0.119450974328649
542 0.119827550661754
543 0.120149474525069
544 0.120473020049935
545 0.120753587609501
546 0.121057855844657
547 0.121556556346365
548 0.122009708562064
549 0.122446672893633
550 0.122929645353189
551 0.123428253994621
552 0.123975014274354
553 0.12453049286697
554 0.125015995914806
555 0.125491908964003
556 0.125952376771451
557 0.126395349259443
558 0.12684590961587
559 0.127262019688913
560 0.127672660751076
561 0.128116130453728
562 0.128484088985717
563 0.128867926391049
564 0.129248145192766
565 0.129432002420365
566 0.129645701474926
567 0.129903059065557
568 0.130170294160432
569 0.130470430367425
570 0.13090316431882
571 0.13143900075482
572 0.131932945646586
573 0.132499118148159
574 0.133078799095085
575 0.133598512478969
576 0.134042653712457
577 0.134391648411618
578 0.134669498556246
579 0.134923138158465
580 0.135116339557191
581 0.13528575439781
582 0.135466921427784
583 0.135669025848914
584 0.136002100482634
585 0.136342975576928
586 0.136548087095492
587 0.13689638377007
588 0.137297709035673
589 0.137701429539887
590 0.138135335498437
591 0.138510743701983
592 0.138885354593982
593 0.139313987099044
594 0.139681604455495
595 0.140020798535644
596 0.140346095682217
597 0.140658359168561
598 0.141019599764118
599 0.141386497955326
600 0.141708179215356
601 0.141965082408312
602 0.142149432437601
603 0.14233118610365
604 0.14260295016026
605 0.142865807295608
606 0.143151465347403
607 0.14345876356711
608 0.143700836855309
609 0.143999907311332
610 0.144311530642203
611 0.144562997160676
612 0.144845237072896
613 0.145195844329958
614 0.14557859664664
615 0.145882487536839
616 0.146152731824066
617 0.146455914658782
618 0.146815967724695
619 0.147084762415821
620 0.147400879535965
621 0.147770647795037
622 0.14809767011252
623 0.148314938293563
624 0.148552011964009
625 0.148890695877528
626 0.149230554141269
627 0.149552028382693
628 0.149866899555516
629 0.150202272533065
630 0.150547638684878
631 0.150889220309283
632 0.151234621789422
633 0.151627526450088
634 0.151958518489171
635 0.152240024448253
636 0.152525149581785
637 0.152845163678102
638 0.153184785575343
639 0.153527380396328
640 0.153858275137497
641 0.154183010225445
642 0.154514558025153
643 0.15486128830684
644 0.155214976370748
645 0.155575856095236
646 0.15593573193492
647 0.156283603987937
648 0.156641327835709
649 0.157000937756411
650 0.157352498569422
651 0.157689460620454
652 0.158006918572714
653 0.158328999749857
654 0.158680479248604
655 0.159015807984522
656 0.159373219856356
657 0.15976121950234
658 0.160145688716666
659 0.160524116639968
660 0.160885274739991
661 0.161226688120095
662 0.161576183412118
663 0.16194272290532
664 0.162330687680533
665 0.162738245186334
666 0.163138613988433
667 0.163530611891559
668 0.163915468777402
669 0.164283933939697
670 0.164668557635403
671 0.165072119731929
672 0.165477696208239
673 0.165829701028574
674 0.166217305206726
675 0.166662466018449
676 0.167078533285718
677 0.167464295485272
678 0.167843189438451
679 0.168236670079722
680 0.168612646560842
681 0.169016019849933
682 0.169469030712164
683 0.169962928476791
684 0.170301033250495
685 0.170627737134268
686 0.171062300364004
687 0.171515316605359
688 0.171928194183948
689 0.172334907651042
690 0.172798430559381
691 0.173219190987678
692 0.173631855866969
693 0.174052377869513
694 0.174452225043713
695 0.174864595580681
696 0.175305840828801
697 0.175770763912797
698 0.176198659088909
699 0.176577913845144
700 0.176957207658607
701 0.177425657293792
702 0.177934599813187
703 0.178401694222507
704 0.17880599264116
705 0.179285499569878
706 0.179744502168654
707 0.180194401850344
708 0.18067830561966
709 0.181130689732536
710 0.181563257467559
711 0.182003140225605
712 0.182487581002594
713 0.182919777553177
714 0.18335183589385
715 0.183847156610946
716 0.184366476898834
717 0.184840919370178
718 0.185282944834752
719 0.185757825637334
720 0.186222940121272
721 0.186669679496009
722 0.187118411890495
723 0.187641587210789
724 0.188162168689701
725 0.188660111094793
726 0.189137956963679
727 0.189600261097891
728 0.190057177198031
729 0.190517698847768
730 0.190987686754069
731 0.191455983272821
732 0.191944659448141
733 0.192464320957257
734 0.192982227465151
735 0.193478883026835
736 0.193946234849561
737 0.194391153040947
738 0.194865260596371
739 0.195317296278165
740 0.19575136896145
741 0.196261947347851
742 0.196747418112181
743 0.197227822042828
744 0.197742597100692
745 0.198286185549413
746 0.198808529366178
747 0.199294657751491
748 0.199759733375346
749 0.20024755254726
750 0.200732473593886
751 0.201208293037646
752 0.201723463291279
753 0.20221319748867
754 0.202691448910224
755 0.203179682612199
756 0.203603479808774
757 0.204082023882959
758 0.204622226638111
759 0.205135359263553
760 0.205641737562343
761 0.206145736072043
762 0.206638112759686
763 0.207074407112646
764 0.207615060152638
765 0.208193569094581
766 0.208682888828536
767 0.209125224080905
768 0.209537784789151
769 0.209984722953954
770 0.210559292857543
771 0.211124723116849
772 0.21167880714031
773 0.212218090257947
774 0.212676496550113
775 0.213129278761961
776 0.213599409981191
777 0.21409093113352
778 0.21461626188791
779 0.215102811306651
780 0.215559072447256
781 0.216070026256728
782 0.216583729286195
783 0.217129947458709
784 0.217684561364501
785 0.21805831387322
786 0.21852856370789
787 0.219083414254325
788 0.219615327144389
789 0.220147260032351
790 0.220638690703502
791 0.221094770128479
792 0.221564798168148
793 0.222092640760109
794 0.222630993212084
795 0.223132636319547
796 0.223577703845101
797 0.224110756836979
798 0.224656673721482
799 0.225121397382429
800 0.225696405801159
801 0.226217113195675
802 0.226651486152859
803 0.227084420420206
804 0.227601416396915
805 0.228150540949442
806 0.228663229817128
807 0.229079864599855
808 0.229560722283679
809 0.23011955751172
810 0.230711690447815
811 0.231277791091749
812 0.23176241133152
813 0.232166207639921
814 0.232542041144696
815 0.233022969874143
816 0.233541069549197
817 0.234070449422112
818 0.234654692414747
819 0.235104468137682
820 0.235553146872905
821 0.236102298347635
822 0.236595968269973
823 0.237076568421943
824 0.237532175793328
825 0.237954927023103
826 0.238434805592581
827 0.238918982597102
828 0.239393776655364
829 0.239884809519007
830 0.24043382876051
831 0.240934388599019
832 0.241357420928534
833 0.241824412533048
834 0.242291655343472
835 0.242776485662915
836 0.243283306210891
837 0.243730565323364
838 0.24420339601647
839 0.244692082437723
840 0.245158340219048
841 0.245695559547864
842 0.246182203242581
843 0.246609528061709
844 0.24707893120626
845 0.247529905601031
846 0.247972773484495
847 0.248430366310035
848 0.24892720769056
849 0.24944490350448
850 0.249933907447937
851 0.250375837437727
852 0.250867647322424
853 0.251401060513073
854 0.25189552203936
855 0.252291353175236
856 0.252837195316309
857 0.253317293983699
858 0.253709483356712
859 0.254164832085617
860 0.254637914920082
861 0.255148565300787
862 0.255661217528926
863 0.25606258694526
864 0.256549222254544
865 0.257027145043335
866 0.257447440469884
867 0.258048800597756
868 0.258556982729282
869 0.259018666920858
870 0.259528409558919
871 0.25987317761256
872 0.260292182503584
873 0.26080205137074
874 0.261283368704531
875 0.261726131500528
876 0.262171275785299
877 0.262653592430749
878 0.263182478260303
879 0.263616805896623
880 0.264053862871294
881 0.264545946783815
882 0.265021864931253
883 0.265422800741419
884 0.2658849839601
885 0.266462139167665
886 0.266900888374226
887 0.267396861813205
888 0.267930665016331
889 0.268428129089743
890 0.268891691341002
891 0.269282603484557
892 0.269694007747471
893 0.270236704516593
894 0.270755309612167
895 0.27126779062771
896 0.271715053118368
897 0.272026713026622
898 0.272529064738998
899 0.273086063054754
900 0.27357500772723
901 0.273966868830603
902 0.274481227293501
903 0.274999884742378
904 0.275467279079598
905 0.276004110914276
906 0.276424564225511
907 0.27678455797486
908 0.277211454171475
909 0.277856691603881
910 0.278447988891551
911 0.278878092991775
912 0.279185592080764
913 0.279646591440039
914 0.280159364396838
915 0.280632724120542
916 0.281018972359167
917 0.281411720281949
918 0.281962153371026
919 0.28256584055652
920 0.28304138755367
921 0.283545777939549
922 0.283995073622098
923 0.284418560916813
924 0.284896163359493
925 0.285296625169499
926 0.285701108436116
927 0.286154537376658
928 0.28665017110294
929 0.287152680358394
930 0.287584262524648
931 0.288001949405647
932 0.288561584265756
933 0.288991841890163
934 0.289386629946029
935 0.289813579993154
936 0.290257879957072
937 0.290947357671984
938 0.291629314780936
939 0.292137917684561
940 0.292561160317688
941 0.293026912060896
942 0.293449140980546
943 0.293814401561946
944 0.294289855274388
945 0.294708123498895
946 0.295112483310223
947 0.295563967778923
948 0.296064943634464
949 0.296420511458073
950 0.296859793928991
951 0.297506634876353
952 0.29807318627254
953 0.298464725633984
954 0.298853393042719
955 0.299367955497349
956 0.299869341584645
957 0.300307633527711
958 0.300763181642277
959 0.301281658314534
960 0.301740375111455
961 0.302223149339454
962 0.302684487598501
963 0.303088792832795
964 0.303510031719443
965 0.30388410421689
966 0.304288133433711
967 0.304761056545335
968 0.305157535814462
969 0.305703564420932
970 0.306295420455243
971 0.306787808292844
972 0.30717573899066
973 0.307620144153674
974 0.308132004242749
975 0.30863534682687
976 0.308980380186357
977 0.309417517023208
978 0.309957568313803
979 0.310483341590121
980 0.310783525610638
981 0.311100708292921
982 0.311565132027691
983 0.312132392288387
984 0.312518910498715
985 0.312828182171308
986 0.313290258734242
987 0.313975266543918
988 0.314636933795116
989 0.315031060698726
990 0.315414138922501
991 0.315908381860674
992 0.316287602570383
993 0.316595292494037
994 0.317013468044559
995 0.317561795346852
996 0.318029275697237
997 0.318304648645517
998 0.318601255154871
999 0.319131291649392
1000 0.319937014691476
1001 0.311701109269962
1002 0.31212124893944
1003 0.312564187063872
1004 0.312991779163256
1005 0.313400749410648
1006 0.313795507594626
1007 0.31420127862338
1008 0.314576426795502
1009 0.314923661778452
1010 0.315328450469893
1011 0.315699914486437
1012 0.316055644711614
1013 0.316430480718762
1014 0.316752275580684
1015 0.317195871678938
1016 0.317659712503215
1017 0.31808288053381
1018 0.318546860215724
1019 0.318971608188682
1020 0.319370151605851
1021 0.319678595150724
1022 0.320093952201603
1023 0.320416636648855
1024 0.320764789988107
1025 0.321221433951943
1026 0.321600772110579
1027 0.322034299706764
1028 0.322505654625238
1029 0.322871409297295
1030 0.32323616312098
1031 0.323676839892808
1032 0.324075647087383
1033 0.324406436972565
1034 0.324806708603738
1035 0.325281516341956
1036 0.325654292977427
1037 0.325982891846
1038 0.326479524999485
1039 0.326914015885855
1040 0.327270966270294
1041 0.327700481425062
1042 0.328106814518911
1043 0.328537656524161
1044 0.329052007250415
1045 0.329540573068454
1046 0.330036630804723
1047 0.33051910947129
1048 0.330989482915603
1049 0.331415230760737
1050 0.33190590061989
1051 0.332378988465667
1052 0.332771812365624
1053 0.333153886949983
1054 0.333523082002825
1055 0.33384005869975
1056 0.334182830610783
1057 0.334598595022017
1058 0.334954592302522
1059 0.335275744393611
1060 0.335658040134576
1061 0.336059459853572
1062 0.336437090496649
1063 0.336825532363098
1064 0.337214314489176
1065 0.337535108697719
1066 0.337769804305116
1067 0.338017030054647
1068 0.338337532672378
1069 0.338653021528853
1070 0.338971172017519
1071 0.339334066984843
1072 0.339630811670318
1073 0.339860463514866
1074 0.340130921796011
1075 0.340391232454093
1076 0.340642633606553
1077 0.340879311558253
1078 0.341150336156971
1079 0.341367919139195
1080 0.341588034278036
1081 0.34182910990343
1082 0.342047001506069
1083 0.342299012155354
1084 0.342536992441692
1085 0.342744210538926
1086 0.342999627320564
1087 0.34323081760324
1088 0.343402247462059
1089 0.343606592399092
1090 0.343811848625973
1091 0.343995337928936
1092 0.344190388643944
1093 0.344379979287161
1094 0.34453293134764
1095 0.34471660987647
1096 0.344930321097968
1097 0.345137881191015
1098 0.345408461243024
1099 0.345672905088812
1100 0.345932757107773
1101 0.346213239831322
1102 0.346461338579298
1103 0.346678968845363
1104 0.346874366853208
1105 0.347090907128747
1106 0.347317875516039
1107 0.347540987109512
1108 0.347781994351879
1109 0.348028843487981
1110 0.348314888442238
1111 0.348607154707898
1112 0.348908293090964
1113 0.349244565487385
1114 0.349539637602044
1115 0.349840380794292
1116 0.350188771310964
1117 0.350489615401432
1118 0.350791083535072
1119 0.35112719234585
1120 0.35146518355733
1121 0.351811752279387
1122 0.35219160943862
1123 0.352553869685624
1124 0.352910242465717
1125 0.353253460101713
1126 0.353581901705217
1127 0.353940001353999
1128 0.354267754734593
1129 0.354606449724203
1130 0.354986489516779
1131 0.35535383244412
1132 0.355740661432524
1133 0.356150515660062
1134 0.356535906978705
1135 0.356920884648257
1136 0.35729548523483
1137 0.357671363736921
1138 0.358022868072472
1139 0.358343693930999
1140 0.358677577081539
1141 0.358971515559283
1142 0.359335619887945
1143 0.359737573338394
1144 0.360170671076175
1145 0.360565539283838
1146 0.360937022690707
1147 0.36126580736939
1148 0.361558956474407
1149 0.361915999595195
1150 0.362308755208721
1151 0.362642297185142
1152 0.362967644010982
1153 0.363300189756664
1154 0.363598031319116
1155 0.363928928261711
1156 0.364295666299073
1157 0.364638874301316
1158 0.364989672271559
1159 0.365317201183649
1160 0.365629858040378
1161 0.365949207293564
1162 0.36619743979331
1163 0.366438377675985
1164 0.366763217560253
1165 0.367085162622864
1166 0.367446384347662
1167 0.367848573027882
1168 0.368188536274397
1169 0.368503937115287
1170 0.368788731761349
1171 0.369051085583967
1172 0.369307231860567
1173 0.369505851281948
1174 0.369736938406151
1175 0.369975817050679
1176 0.370230551480121
1177 0.370506453301408
1178 0.37076892116426
1179 0.371043633792879
1180 0.371312348464105
1181 0.371534481492065
1182 0.371778424372141
1183 0.372047908718326
1184 0.372299249137892
1185 0.372531554260528
1186 0.372729888446272
1187 0.372932221685432
1188 0.373078189699047
1189 0.373296213227676
1190 0.373562910962174
1191 0.373798206360845
1192 0.374060301778947
1193 0.374283324826806
1194 0.374460383092775
1195 0.37466907978571
1196 0.374894116030662
1197 0.375093903385006
1198 0.375293331954413
1199 0.375490909320066
1200 0.375624401310808
1201 0.375774918547549
1202 0.375981172908274
1203 0.376178815282842
1204 0.376380906223089
1205 0.376617102705901
1206 0.376831232120981
1207 0.377028954268378
1208 0.377226529854619
1209 0.377443216575705
1210 0.377630765042784
1211 0.377774969217925
1212 0.377953948690175
1213 0.378125544679149
1214 0.378326759475602
1215 0.37856970102162
1216 0.378791209784713
1217 0.379020648439417
1218 0.379241008895645
1219 0.379456004378917
1220 0.379695586281486
1221 0.379907041493182
1222 0.380116513332836
1223 0.380328994942874
1224 0.380521941174697
1225 0.38072224597196
1226 0.380951217501215
1227 0.381130924798405
1228 0.381267285940567
1229 0.381443200176922
1230 0.381602240642077
1231 0.381792413730299
1232 0.381998115971131
1233 0.382230458467046
1234 0.382508058266212
1235 0.382763206109331
1236 0.383048939376698
1237 0.383316877085911
1238 0.383525127419562
1239 0.38371500833305
1240 0.383918136890976
1241 0.384102939946309
1242 0.384301641130715
1243 0.384513889950049
1244 0.384710931401956
1245 0.384897336812702
1246 0.385094840962002
1247 0.38528522093535
1248 0.385494668650411
1249 0.385712336628839
1250 0.385937110039105
1251 0.386184243138612
1252 0.386421087365338
1253 0.386666994323389
1254 0.386900841455935
1255 0.387097744174026
1256 0.387342745846275
1257 0.38762877192777
1258 0.387877205732175
1259 0.388160645105474
1260 0.388489361969614
1261 0.388777418663055
1262 0.38905395637422
1263 0.389331981757281
1264 0.389606538058295
1265 0.389874097581778
1266 0.390132286086671
1267 0.390392963701377
1268 0.390643241688503
1269 0.390903802764066
1270 0.391200910363211
1271 0.391438170537762
1272 0.391624123283121
1273 0.391848903816567
1274 0.392037556279117
1275 0.392259425797948
1276 0.392543356379015
1277 0.39280190175065
1278 0.393058249553092
1279 0.39331894043095
1280 0.393524858289137
1281 0.393703573157574
1282 0.393879585019754
1283 0.394009314570641
1284 0.394165951214462
1285 0.394347211846399
1286 0.394487301086297
1287 0.394613157891671
1288 0.394720407127381
1289 0.394791734918917
1290 0.39487827270789
1291 0.39496468390522
1292 0.395037402994403
1293 0.395113304641352
1294 0.395170735268624
1295 0.395236285623607
1296 0.395247460314558
1297 0.395213704740962
1298 0.395181074017581
1299 0.3951124277897
1300 0.395021202577081
1301 0.394971226904024
1302 0.394947742749428
1303 0.394896606972088
1304 0.394846748474457
1305 0.394793436473135
1306 0.394729784628375
1307 0.394662694133842
1308 0.394577623135209
1309 0.394536519413258
1310 0.394505515312089
1311 0.394480259775985
1312 0.394504554283431
1313 0.394492392231922
1314 0.394461517009444
1315 0.394427923047578
1316 0.39435861314887
1317 0.394338342247423
1318 0.394321051459208
1319 0.394333709879218
1320 0.394398656911384
1321 0.394459416080456
1322 0.394518827205717
1323 0.394611034448008
1324 0.394688815852718
1325 0.394765382565241
1326 0.394865618269612
1327 0.394971592170194
1328 0.395090873954378
1329 0.395233069474431
1330 0.395372827474863
1331 0.395493450428746
1332 0.395673730297553
1333 0.395869967907918
1334 0.396109540378975
1335 0.396436257538637
1336 0.396697900610313
1337 0.396973469100753
1338 0.397214941122864
1339 0.397404237529496
1340 0.397612271255012
1341 0.397818706672006
1342 0.398022438637005
1343 0.398225378762139
1344 0.398425056306179
1345 0.398620998520163
1346 0.398816227150333
1347 0.399014613978154
1348 0.39921466302903
1349 0.399377235637453
1350 0.399519075921326
1351 0.399671143962756
1352 0.39978380648151
1353 0.399956435327344
1354 0.400167656859593
1355 0.400361900364905
1356 0.400584402326683
1357 0.400771925918034
1358 0.40093553622498
1359 0.401115250892079
1360 0.401264020111154
1361 0.40146660444765
1362 0.401686769916245
1363 0.401938161089618
1364 0.402253348352282
1365 0.40253307031256
1366 0.402821672559214
1367 0.403099580587121
1368 0.403363447675282
1369 0.403620159170571
1370 0.403888974179088
1371 0.404126488309593
1372 0.404366210297639
1373 0.40455334208008
1374 0.404697328720914
1375 0.404819482375079
1376 0.404854696951359
1377 0.404802728986975
1378 0.404770912774824
1379 0.404687115333975
1380 0.404613051866379
1381 0.404543431147502
1382 0.404450124889114
1383 0.404306519311751
1384 0.404217080040685
1385 0.404162666814124
1386 0.404063760030685
1387 0.404008562084378
1388 0.403859798832439
1389 0.40367671420218
1390 0.403412738387186
1391 0.403050695104599
1392 0.402700991375342
1393 0.402288339213873
1394 0.401879296055371
1395 0.401477970686919
1396 0.401052513609726
1397 0.400596885856956
1398 0.40013265216458
1399 0.399668255471782
1400 0.399176371217673
1401 0.398656394238358
1402 0.398136398822809
1403 0.397571608688052
1404 0.397011166423225
1405 0.396461903805612
1406 0.39591445206583
1407 0.395348139467734
1408 0.394757926130001
1409 0.394237281827681
1410 0.393666560674968
1411 0.393278228899426
1412 0.392981573387642
1413 0.392779734679128
1414 0.39266127883401
1415 0.3926674681469
1416 0.392764604856087
1417 0.392985487546015
1418 0.393387560085421
1419 0.393777254028665
1420 0.394306840726989
1421 0.394747151282655
1422 0.395181846213264
1423 0.395602112905814
1424 0.395998331785896
1425 0.396379879779058
1426 0.396741230993023
1427 0.39711110503437
1428 0.397455730577622
1429 0.397817583204317
1430 0.3982001440165
1431 0.398580679423642
1432 0.398963047038067
1433 0.399353624658984
1434 0.399725301998801
1435 0.400093991969712
1436 0.400453813491665
1437 0.400802924933914
1438 0.401137369564182
1439 0.401470567139136
1440 0.401781115013964
1441 0.402068149374904
1442 0.402349268643093
1443 0.402606887693311
1444 0.402894229637077
1445 0.403185070075209
1446 0.403471043010849
1447 0.403788171645107
1448 0.404059413351028
1449 0.404309032602651
1450 0.404540350215259
1451 0.404733512736453
1452 0.404947141650234
1453 0.405156464327968
1454 0.40536129180322
1455 0.405578961369333
1456 0.405778568402606
1457 0.405952229204479
1458 0.406136371560653
1459 0.406310118713588
1460 0.406506558773072
1461 0.406708773510756
1462 0.406925729045301
1463 0.407181270900107
1464 0.407409691249216
1465 0.407626617351774
1466 0.407853191340078
1467 0.408058383625523
1468 0.408286733384471
1469 0.408534027076982
1470 0.4087946459438
1471 0.409053628426759
1472 0.40932481413077
1473 0.409580478175514
1474 0.409822601465589
1475 0.410062654560136
1476 0.41028858918011
1477 0.410526894153553
1478 0.410759199466338
1479 0.411011333507044
1480 0.411269438460633
1481 0.41154637616394
1482 0.411852947091245
1483 0.412133672459637
1484 0.412427434570695
1485 0.412685911528967
1486 0.412922565702094
1487 0.413148940059601
1488 0.413347323782363
1489 0.413560319933493
1490 0.413753396236408
1491 0.413976554675052
1492 0.414217354087247
1493 0.414463459939564
1494 0.414733354534305
1495 0.414987987146125
1496 0.415248398820581
1497 0.415495241157686
1498 0.415745124206044
1499 0.415963930410569
1500 0.416147842613423
1501 0.416348551131612
1502 0.416514091860674
1503 0.416724278145158
1504 0.41698338450592
1505 0.417217330324326
1506 0.417483373655224
1507 0.417702408072689
1508 0.417903991027292
1509 0.418065507638134
1510 0.418151489400469
1511 0.418276382666647
1512 0.418378861888182
1513 0.418505559060264
1514 0.418666422034439
1515 0.418831416156197
1516 0.419009972663014
1517 0.419173751550229
1518 0.419384246173215
1519 0.41961110168108
1520 0.41981698046909
1521 0.420067431163442
1522 0.420315502863585
1523 0.420563423743238
1524 0.420827007433402
1525 0.421133254630472
1526 0.421373649069894
1527 0.421614948108187
1528 0.421777227536297
1529 0.421873058477017
1530 0.421983151736157
1531 0.422030316566018
1532 0.422143069797675
1533 0.422280732495832
1534 0.422416558382198
1535 0.42256583915396
1536 0.422725663051751
1537 0.422896643729306
1538 0.423060443523637
1539 0.423241622605987
1540 0.423409604927984
1541 0.423561716962516
1542 0.42372460942602
1543 0.423878309497777
1544 0.424061794049232
1545 0.424270864454001
1546 0.424460029812478
1547 0.424676735777115
1548 0.424853560008614
1549 0.425009879491641
1550 0.425139232724766
1551 0.425249094171345
1552 0.425335221044776
1553 0.425344726163883
1554 0.425432627731544
1555 0.425516214223257
1556 0.425659225107735
1557 0.425871952093008
1558 0.426089030383745
1559 0.426360561889895
1560 0.426599148148324
1561 0.426875193301935
1562 0.427082266574749
1563 0.427251277508161
1564 0.427390569401683
1565 0.427433766465326
1566 0.427551940953418
1567 0.427684322093254
1568 0.427821416409342
1569 0.428022554648151
1570 0.428177492490901
1571 0.428300392733682
1572 0.428426276392169
1573 0.428516819815286
1574 0.428646847034886
1575 0.428798122960514
1576 0.428946256434165
1577 0.42915813255058
1578 0.429296197123592
1579 0.429375565484208
1580 0.429470415802857
1581 0.429489278382122
1582 0.429581400611866
1583 0.429729670370957
1584 0.429877345775179
1585 0.430067417158534
1586 0.430250816167984
1587 0.43046857981041
1588 0.430631290173865
1589 0.430771660700119
1590 0.430896414436349
1591 0.430963517073926
1592 0.431038050766997
1593 0.431084060915062
1594 0.431171535952411
1595 0.431271625267108
1596 0.431385307211086
1597 0.431551425215088
1598 0.43170236028615
1599 0.43184961934342
1600 0.431998074324818
1601 0.43214466727841
1602 0.432253494629016
1603 0.432359919127598
1604 0.432493106527207
1605 0.432657309721543
1606 0.432851102287435
1607 0.433031965438306
1608 0.433241429600916
1609 0.433415163830972
1610 0.433574901051187
1611 0.433718843094161
1612 0.433847406958218
1613 0.433981475065412
1614 0.434094692307218
1615 0.434234334234356
1616 0.434392840180484
1617 0.43452775886446
1618 0.434651980658877
1619 0.434808694413414
1620 0.43496295970451
1621 0.435141113642064
1622 0.435354378590892
1623 0.435553067754863
1624 0.435760572042113
1625 0.435941561874158
1626 0.436126385988196
1627 0.436272038380442
1628 0.436382295222632
1629 0.43650475915861
1630 0.436608267225157
1631 0.436729144839598
1632 0.436853881226763
1633 0.436977323752343
1634 0.437113949182493
1635 0.437223157470516
1636 0.437316002319198
1637 0.437420831068792
1638 0.437513482285171
1639 0.437617122837203
1640 0.437731705736562
1641 0.437849730092117
1642 0.437968229357998
1643 0.438084587838475
1644 0.438209200740614
1645 0.438340169841634
1646 0.438452550882637
1647 0.438608591336196
1648 0.438804959135483
1649 0.438965578579152
1650 0.43912212184985
1651 0.43931238660607
1652 0.439504799990252
1653 0.439693966802466
1654 0.43993558607244
1655 0.440069487192819
1656 0.44016356427938
1657 0.440279417583819
1658 0.440383993313129
1659 0.440524664124387
1660 0.440645576422735
1661 0.440675781266835
1662 0.440737897335262
1663 0.440815063624437
1664 0.44091124331082
1665 0.441137841531048
1666 0.441346686858989
1667 0.441509176216852
1668 0.441688601059684
1669 0.441829586153826
1670 0.44196975676813
1671 0.442142480414273
1672 0.442315597144884
1673 0.442443023578919
1674 0.442531712952747
1675 0.442641797166266
1676 0.442772742452173
1677 0.44290608719144
1678 0.443085840390319
1679 0.443298106414673
1680 0.443482899367223
1681 0.443652713118716
1682 0.443858740120437
1683 0.444051316410412
1684 0.444188801779961
1685 0.444372135488837
1686 0.444587582584156
1687 0.444790718140971
1688 0.445022243310903
1689 0.445247300539345
1690 0.445441800523627
1691 0.445627589755494
1692 0.4457993296075
1693 0.445936426215151
1694 0.446037275351
1695 0.446127719159016
1696 0.44622528467052
1697 0.446336436799333
1698 0.446466648395192
1699 0.446573159545463
1700 0.446669472096278
1701 0.446778775131181
1702 0.446859720322762
1703 0.446892206259148
1704 0.446956979304192
1705 0.447003804742361
1706 0.447082923457097
1707 0.447194977735213
1708 0.447321557821013
1709 0.447494703588962
1710 0.44762769217534
1711 0.44776903095328
1712 0.447899138099205
1713 0.447972882578606
1714 0.448088534592844
1715 0.44823495444922
1716 0.448339424623172
1717 0.448440149991429
1718 0.448544827810514
1719 0.448632469007188
1720 0.448734708676534
1721 0.448821028953206
1722 0.448956393860081
1723 0.44914758026985
1724 0.449267768610307
1725 0.449407381953796
1726 0.44952320784136
1727 0.449566632526557
1728 0.449631671037906
1729 0.449701033317614
1730 0.449745752694664
1731 0.449779375405235
1732 0.449813168113937
1733 0.449833972820702
1734 0.449910841477915
1735 0.449991974845009
1736 0.45006143023943
1737 0.450173458432597
1738 0.450256453353324
1739 0.450311278878724
1740 0.450442468201856
1741 0.450496752462587
1742 0.450518724871501
1743 0.450578306219675
1744 0.45063630228073
1745 0.450682874948294
1746 0.450758590010774
1747 0.450844060291487
1748 0.450878856072516
1749 0.450970677376371
1750 0.451090868965159
1751 0.451264279173272
1752 0.451495285231711
1753 0.451659671580504
1754 0.451842164234112
1755 0.451921628414708
1756 0.451900990360209
1757 0.451950585293778
1758 0.451991043582461
1759 0.452007678380453
1760 0.452081288673635
1761 0.452158685583103
1762 0.452153474686911
1763 0.452205617454397
1764 0.452303284135456
1765 0.452343619727323
1766 0.452432436260886
1767 0.452561504175431
1768 0.45257592427264
1769 0.452567016709914
1770 0.452657469163285
1771 0.452703767821658
1772 0.452808094965744
1773 0.452904806606717
1774 0.453018902881187
1775 0.453084658925158
1776 0.453093433856175
1777 0.453157285958888
1778 0.453214943112325
1779 0.453243477710107
1780 0.453281142653363
1781 0.453398716978178
1782 0.453541745986365
1783 0.453796660169115
1784 0.453999358204056
1785 0.454150802491774
1786 0.454303410830086
1787 0.45435971460895
1788 0.454436975173683
1789 0.454547730809501
1790 0.454569339905148
1791 0.454616948691655
1792 0.454736785908749
1793 0.454878435237648
1794 0.454987339416184
1795 0.455112696241602
1796 0.455228616023711
1797 0.455248934044775
1798 0.455340509397954
1799 0.45539378214416
1800 0.455407331620714
1801 0.459233805329401
1802 0.459324624742407
1803 0.459422924916461
1804 0.459436571983005
1805 0.459388178809325
1806 0.459076199303369
1807 0.459049930549859
1808 0.459157796376132
1809 0.459229241778679
1810 0.459339779811378
1811 0.459546787565521
1812 0.459782424350486
1813 0.459789271885981
1814 0.459780581268976
1815 0.459819434060734
1816 0.459810855900153
1817 0.459685243027142
1818 0.459700201333424
1819 0.459802672419147
1820 0.459817144429589
1821 0.459935811852983
1822 0.45994874616592
1823 0.459900829776
1824 0.459955626298744
1825 0.459984894580451
1826 0.460017004411619
1827 0.460012200807191
1828 0.460007966400657
1829 0.4600003058341
1830 0.459963876862372
1831 0.459884524314635
1832 0.459927119926986
1833 0.459949510290411
1834 0.459925064052043
1835 0.459908793235964
1836 0.459882635660096
1837 0.459794903131673
1838 0.459763638386197
1839 0.459715805200442
1840 0.459774090140813
1841 0.459882692656973
1842 0.460050506476471
1843 0.460210338297495
1844 0.460302000474848
1845 0.460385468940991
1846 0.460418494516815
1847 0.460505711025624
1848 0.460635127339023
1849 0.460782989524845
1850 0.460776987038521
1851 0.460758688054879
1852 0.460655855763957
1853 0.460507298765008
1854 0.460534452527456
1855 0.460514209677255
1856 0.460444444512462
1857 0.460401840381496
1858 0.460302268720496
1859 0.460157548510756
1860 0.459998444393272
1861 0.459744456820012
1862 0.459361143427987
1863 0.4588715291936
1864 0.458363555918368
1865 0.457888902947125
1866 0.457473783809666
1867 0.456971454673597
1868 0.456447171994966
1869 0.45586139381394
1870 0.455330828422741
1871 0.454771160431572
1872 0.45428321145346
1873 0.453892706845077
1874 0.453511401492363
1875 0.45303230356595
1876 0.452522003515046
1877 0.451934441588241
1878 0.451217566219728
1879 0.450359018176329
1880 0.44944938579468
1881 0.448413756986122
1882 0.44723126394098
1883 0.44591503836098
1884 0.444467374788244
1885 0.442877798758005
1886 0.441084949877728
1887 0.439166018035913
1888 0.437200901702078
1889 0.43511733106296
1890 0.432898640871688
1891 0.430680865660064
1892 0.428410940464639
1893 0.425891801858135
1894 0.423291438024731
1895 0.420740793581917
1896 0.418082031824602
1897 0.415387003429441
1898 0.412792967779631
1899 0.410222530806081
1900 0.407547483716847
1901 0.405080149688191
1902 0.402719009451152
1903 0.400482244244884
1904 0.398385493915427
1905 0.396551104514247
1906 0.394909918006784
1907 0.39354617210414
1908 0.392439098729743
1909 0.391498836040251
1910 0.390713612693173
1911 0.390146223790614
1912 0.389675457653327
1913 0.38931762454127
1914 0.389166885043724
1915 0.389148704120139
1916 0.389172352551383
1917 0.389354189834313
1918 0.389677190918984
1919 0.390027000783825
1920 0.390419512697782
1921 0.390867871691807
1922 0.391368469039795
1923 0.391874399596497
1924 0.392376787491622
1925 0.393045161184007
1926 0.393742490374508
1927 0.394373449638725
1928 0.395076528446478
1929 0.395766339500778
1930 0.396457233012308
1931 0.397210134296736
1932 0.397843166672966
1933 0.398441643461267
1934 0.398992295857497
1935 0.39946160871895
1936 0.399859120492235
1937 0.400311519403308
1938 0.400893883325872
1939 0.401574047732303
1940 0.402294576197171
1941 0.402971247229634
1942 0.40372615027019
1943 0.404419053269953
1944 0.405045143539768
1945 0.405635595276573
1946 0.406200391175747
1947 0.406775023386468
1948 0.407262694987137
1949 0.40787675070044
1950 0.408491150691234
1951 0.409086711111024
1952 0.40964003204659
1953 0.410179078153973
1954 0.410738935561962
1955 0.41129072581988
1956 0.411881593632882
1957 0.412507919068931
1958 0.413080705657237
1959 0.413641079244941
1960 0.414272721809535
1961 0.414707777428124
1962 0.415258881597062
1963 0.41589643024201
1964 0.416380322179085
1965 0.416966954092418
1966 0.41758880208527
1967 0.418200430032026
1968 0.418865652201895
1969 0.41942079002827
1970 0.419910056372481
1971 0.420441825145626
1972 0.420926129089196
1973 0.421366940949671
1974 0.421926308098291
1975 0.422521465532269
1976 0.423080816098219
1977 0.423662785905415
1978 0.424166742303949
1979 0.42461531889177
1980 0.425094031888938
1981 0.425522032830334
1982 0.425975803942448
1983 0.426453999643453
1984 0.426951997315119
1985 0.427421853960461
1986 0.427945815253329
1987 0.428548817296522
1988 0.429149358436168
1989 0.4297040758606
1990 0.430238085696343
1991 0.430821261546181
1992 0.431422423156998
1993 0.431984929129256
1994 0.432571153807416
1995 0.433164973496013
1996 0.43373584387353
1997 0.434260464643424
1998 0.43480124597928
1999 0.435296474077499
2000 0.435777965699486
2001 0.436365949015595
2002 0.436892907052432
2003 0.437496312805635
2004 0.438021881640744
2005 0.438399759500978
2006 0.438922741154348
2007 0.439578287370622
2008 0.440097440305181
2009 0.44064455347858
2010 0.441123152586109
2011 0.441484061124662
2012 0.441843133594798
2013 0.442224749210375
2014 0.442575508213413
2015 0.443006843993585
2016 0.443440771721849
2017 0.44394900562858
2018 0.444624170915135
2019 0.445126546215483
2020 0.445545864626859
2021 0.446034656558261
2022 0.446513259586718
2023 0.446936782708149
2024 0.447316691435213
2025 0.447853070525179
2026 0.448258440711602
2027 0.448539076676586
2028 0.449001574480994
2029 0.449485026904883
2030 0.449854897161626
2031 0.450170186087178
2032 0.450515105279286
2033 0.450751222389938
2034 0.451086447875902
2035 0.451533923743187
2036 0.451906475682932
2037 0.452280696142934
2038 0.452627077636031
2039 0.452946793391174
2040 0.453220014761462
2041 0.45349638110963
2042 0.453826474184169
2043 0.454173825360276
2044 0.454569157709032
2045 0.454912615521444
2046 0.455300368721276
2047 0.45558034947874
2048 0.455711541656071
2049 0.455990079668114
2050 0.456394474303362
2051 0.456619966247022
2052 0.456816360634678
2053 0.457008494679265
2054 0.457125838027173
2055 0.457079654962972
2056 0.457154267205624
2057 0.45727847522485
2058 0.457457953300884
2059 0.457624450220033
2060 0.457875395078607
2061 0.458327858741991
2062 0.458571364479955
2063 0.458672547223864
2064 0.458907856280738
2065 0.459081385873197
2066 0.459362877093058
2067 0.459807881982494
2068 0.460221366078954
2069 0.460642456458135
2070 0.460997572556666
2071 0.461235860499132
2072 0.461361714750568
2073 0.461562274325636
2074 0.46169000033731
2075 0.461830758430367
2076 0.46200794852961
2077 0.462166896330329
2078 0.462282701229649
2079 0.462410496501341
2080 0.462549882150167
2081 0.462718137775267
2082 0.462851169639021
2083 0.463014095511808
2084 0.463246007325177
2085 0.463495563820358
2086 0.463649332496618
2087 0.463751373365361
2088 0.463884474260136
2089 0.463920975750477
2090 0.464110547499362
2091 0.46442746330347
2092 0.46464691424237
2093 0.464914544527391
2094 0.465125750456566
2095 0.465232118785688
2096 0.465409954649298
2097 0.465635126522088
2098 0.465813817042037
2099 0.46598449642346
2100 0.466143915119403
2101 0.466302408614708
2102 0.466489271887736
2103 0.466655274308111
2104 0.466889721942507
2105 0.466986700808546
2106 0.466993863272672
2107 0.467029728771439
2108 0.466914453241776
2109 0.466992048762885
2110 0.467095387588489
2111 0.467356837414466
2112 0.467895127950682
2113 0.468261794160124
2114 0.468686749703737
2115 0.469039183580726
2116 0.46923650157557
2117 0.469496607071293
2118 0.469824347217159
2119 0.47004679299567
2120 0.470266473505317
2121 0.470424375371025
2122 0.470661343633978
2123 0.470893937910153
2124 0.471162699305409
2125 0.471569446487163
2126 0.471800605714827
2127 0.471928901830246
2128 0.472106370027717
2129 0.472178817877079
2130 0.472333554904265
2131 0.472593493063022
2132 0.472775078407285
2133 0.472903034931127
2134 0.473151036855607
2135 0.473150351111741
2136 0.473127108469263
2137 0.473047009285215
2138 0.472789974438896
2139 0.472711241111405
2140 0.472752598482833
2141 0.472616015387112
2142 0.472472058882181
2143 0.472268894538258
2144 0.471852482641063
2145 0.471593992348644
2146 0.471474944007902
2147 0.471229210101288
2148 0.470967817020546
2149 0.470688129979541
2150 0.470321749038731
2151 0.469968956730829
2152 0.469613902866801
2153 0.469250500444936
2154 0.469038580781805
2155 0.468617586328344
2156 0.468195492316574
2157 0.467777083645273
2158 0.467299774836202
2159 0.46665064244802
2160 0.466182993420729
2161 0.465795331963294
2162 0.465372623837555
2163 0.465054278128983
2164 0.464592871782873
2165 0.46397813071652
2166 0.463502085469186
2167 0.463056987543408
2168 0.462580625483319
2169 0.462162995557257
2170 0.461744802477254
2171 0.461330281862888
2172 0.460837830675497
2173 0.460356561244219
2174 0.459784412740514
2175 0.459297787125116
2176 0.458727682398034
2177 0.458244649023169
2178 0.457949900189277
2179 0.457407773303709
2180 0.456680632987053
2181 0.456152376697674
2182 0.45574953806146
2183 0.455061857745153
2184 0.454267474433594
2185 0.453570091430577
2186 0.452608205596064
2187 0.451851683380267
2188 0.451404858117379
2189 0.450819562564946
2190 0.450053846900923
2191 0.449493847343177
2192 0.449153657287189
2193 0.448659772795628
2194 0.448179416986258
2195 0.447733754155152
2196 0.447115497098192
2197 0.446384866239038
2198 0.445782242954948
2199 0.445239966664668
2200 0.444651023676954
2201 0.444123004878275
2202 0.443458107657809
2203 0.442596929014191
2204 0.442006733577181
2205 0.441341145441971
2206 0.440982915823111
2207 0.440857964702195
2208 0.440907234523228
2209 0.441182974557123
2210 0.441561599976257
2211 0.442273970375999
2212 0.442842099057446
2213 0.443489999156825
2214 0.44405187250302
2215 0.444524656926015
2216 0.445055507097417
2217 0.445647881721464
2218 0.446106499896373
2219 0.446644825374035
2220 0.447088375547324
2221 0.4474696060637
2222 0.44774023630616
2223 0.448084063467994
2224 0.448388472918098
2225 0.448709364558542
2226 0.449046210184516
2227 0.449411504041549
2228 0.449771380883389
2229 0.450165862186575
2230 0.450666333545512
2231 0.451014262860804
2232 0.451370056306433
2233 0.451581163518062
2234 0.45167910737939
2235 0.451684561239126
2236 0.451351994325832
2237 0.451388168959341
2238 0.451651254614316
2239 0.451718748168987
2240 0.451928079007789
2241 0.452024506666251
2242 0.451766954064412
2243 0.451723948037037
2244 0.45171732255099
2245 0.451979691646439
2246 0.452277042402704
2247 0.452366494520923
2248 0.452736834961301
2249 0.453112707659555
2250 0.453357091099399
2251 0.45362836836348
2252 0.453858605419505
2253 0.453894586196677
2254 0.454084854443787
2255 0.454360614163533
2256 0.454580907029325
2257 0.454892814591793
2258 0.455025988632627
2259 0.454984844273708
2260 0.455120531431023
2261 0.455307267506887
2262 0.455347601218029
2263 0.455369459245567
2264 0.455472469792027
2265 0.455534165731553
2266 0.455494906935546
2267 0.455485547414496
2268 0.455516833943972
2269 0.455335352694455
2270 0.455324209480645
2271 0.455592974167448
2272 0.455738063445936
2273 0.45592264454835
2274 0.455945546504285
2275 0.455905087537131
2276 0.455752440385293
2277 0.455337720261752
2278 0.454966471845654
2279 0.45489325125133
2280 0.454949173338147
2281 0.454930160176274
2282 0.454949953019011
2283 0.454893114574971
2284 0.454916644879261
2285 0.454900534246096
2286 0.455102026793426
2287 0.455162759481655
2288 0.454935653605703
2289 0.45498374359389
2290 0.45530399629503
2291 0.455305755766153
2292 0.455356275074667
2293 0.455183749800924
2294 0.454593981556688
2295 0.454424198067173
2296 0.454364530708445
2297 0.454157139042422
2298 0.45410927646988
2299 0.453946520417246
2300 0.453704161564677
2301 0.453319874435356
2302 0.452658839731057
2303 0.452455976343658
2304 0.452356202165648
2305 0.452092127166859
2306 0.452027986652945
2307 0.452151336524194
2308 0.452204843492553
2309 0.452248226849268
2310 0.452730020463149
2311 0.452847785620168
2312 0.452642288164431
2313 0.452390781654203
2314 0.451892057186736
2315 0.451680161428014
2316 0.451467207468995
2317 0.451221619986648
2318 0.451316999829587
2319 0.451271867136616
2320 0.451018777839574
2321 0.450753613427769
2322 0.450780889584218
2323 0.450660731192651
2324 0.450395073902803
2325 0.450306329167438
2326 0.449699149729882
2327 0.448637461653219
2328 0.448296945259706
2329 0.447917655010959
2330 0.447788461406444
2331 0.448003036024012
2332 0.447612178610214
2333 0.447284827892845
2334 0.447253968636948
2335 0.44728101237248
2336 0.447194237897715
2337 0.447155288455621
2338 0.447002974092534
2339 0.446816016110977
2340 0.446400753670683
2341 0.445761420699385
2342 0.445427282368173
2343 0.44495212461744
2344 0.444728101600836
2345 0.445006952754978
2346 0.444817191469392
2347 0.444385976532559
2348 0.444013262675992
2349 0.443527609373994
2350 0.443098353418285
2351 0.442568770176071
2352 0.442421299903273
2353 0.4425733325946
2354 0.44234701049895
2355 0.442312305679573
2356 0.44194305146875
2357 0.440713980077116
2358 0.440561775273548
2359 0.441191907262666
2360 0.441133046257249
2361 0.441312605972204
2362 0.441264476922393
2363 0.440506052198897
2364 0.440205838344633
2365 0.440003924645388
2366 0.440267575176452
2367 0.44121121378778
2368 0.441334682443088
2369 0.441830561782148
2370 0.441301074626079
2371 0.439005624164816
2372 0.438213991748642
2373 0.437856174371849
2374 0.437410364616789
2375 0.437589187874643
2376 0.437660278508661
2377 0.437454912935132
2378 0.437378533057034
2379 0.437708494934476
2380 0.437857304065713
2381 0.438043822253013
2382 0.437702377271617
2383 0.437188649859737
2384 0.436643470035406
2385 0.435153318915708
2386 0.434799682273856
2387 0.435298149550695
2388 0.435214667325568
2389 0.435538055362158
2390 0.435324119064475
2391 0.434246064702023
2392 0.433887939835105
2393 0.433916400212483
2394 0.433564873117398
2395 0.433454346473567
2396 0.43314087931165
2397 0.432008731852568
2398 0.431874910939994
2399 0.432833780476208
2400 0.432467183484009
2401 0.43140413158888
2402 0.431298085515268
2403 0.431123029652608
2404 0.430544370871617
2405 0.430821251839137
2406 0.430593743178505
2407 0.428910938931735
2408 0.428226635615727
2409 0.428710588759421
2410 0.428328865789497
2411 0.4270957041796
2412 0.427068700440332
2413 0.427784632540465
2414 0.427580450357647
2415 0.427991394567797
2416 0.427100828711365
2417 0.424271682130227
2418 0.423216881606512
2419 0.422259168828248
2420 0.422424406358595
2421 0.424742766525217
2422 0.424828262613736
2423 0.42402447635548
2424 0.423769650900106
2425 0.422247170488335
2426 0.422035197519795
2427 0.424088505594873
2428 0.423490679422497
2429 0.42193076602047
2430 0.420000781849272
2431 0.415750115600662
2432 0.414459772493923
2433 0.414114524572025
2434 0.414231579461661
2435 0.416311587747821
2436 0.416608575081405
2437 0.41642205130331
2438 0.416562567542721
2439 0.416220480018609
2440 0.416114945007001
2441 0.416629831214774
2442 0.41555559003928
2443 0.414568446487471
2444 0.412708222485966
2445 0.411154890542698
2446 0.409376159171589
2447 0.408764385000345
2448 0.410193590661425
2449 0.410766047957525
2450 0.411416876655008
2451 0.412247797453017
2452 0.410809435915219
2453 0.40786736646602
2454 0.405874200664242
2455 0.404289147390713
2456 0.40232007914004
2457 0.401969745405394
2458 0.402785004937864
2459 0.403828716413639
2460 0.405487280818789
2461 0.405482422570151
2462 0.403948275661929
2463 0.401740979841119
2464 0.402652881568359
2465 0.402285261741378
2466 0.401173536651307
2467 0.400915917594305
2468 0.399522843520221
2469 0.398968130381161
2470 0.401112917424398
2471 0.401257600406281
2472 0.400130584970711
2473 0.399433969247243
2474 0.39822356622988
2475 0.397218672791244
2476 0.395407816366621
2477 0.395294333308442
2478 0.396754644101277
2479 0.396890171398512
2480 0.398028961807193
2481 0.397924208036764
2482 0.395890280822343
2483 0.394289258913251
2484 0.39286548157888
2485 0.39160175160237
2486 0.389206920242939
2487 0.389042585171699
2488 0.390509905293299
2489 0.390529813354569
2490 0.390575115556467
2491 0.392264796074975
2492 0.394954411006042
2493 0.395333830427069
2494 0.392488268052907
2495 0.387918476622442
2496 0.384074063747964
2497 0.382117373366332
2498 0.384703961366478
2499 0.387877029192672
2500 0.388102241228883
