"Wavelength" "M032a_m2-w2"
350 0.106220110933959
351 0.107227419660041
352 0.105368274148665
353 0.103109411188374
354 0.102453980550259
355 0.100585091551937
356 0.101164273717482
357 0.104195732193622
358 0.106547429413961
359 0.107292149492751
360 0.103647960435117
361 0.0980705197809495
362 0.102564634441008
363 0.105258255893544
364 0.103126047785002
365 0.0980738456126417
366 0.0994259709744116
367 0.102073355412512
368 0.103769618706199
369 0.104426896877474
370 0.105834919209597
371 0.104732532230342
372 0.100341557435751
373 0.0954063017633859
374 0.0982723529462185
375 0.101446674342984
376 0.0988419128333454
377 0.0968067833524489
378 0.0973975068018408
379 0.0995666503679612
380 0.100570660142519
381 0.0972302787737562
382 0.0965725925229276
383 0.0992878319418189
384 0.0996863663666286
385 0.0968296577923869
386 0.0954768075472096
387 0.0973652129128701
388 0.0960025703749368
389 0.0966116101695048
390 0.098111200511906
391 0.0979877983271076
392 0.0972062868014478
393 0.0963739996037149
394 0.0957254783275217
395 0.0952983322356322
396 0.0970858863746405
397 0.0979131841068339
398 0.0967486562474573
399 0.0978352769652191
400 0.0988546951638928
401 0.0992140327787184
402 0.0988308544177474
403 0.0973056818215666
404 0.0970489643735563
405 0.0979829198417162
406 0.0981930138738422
407 0.0984262875776127
408 0.0980716499029959
409 0.0975059385615854
410 0.0994773029175472
411 0.0994820786108506
412 0.0988491104292411
413 0.0998066380098956
414 0.0997116480349046
415 0.0999785531584128
416 0.100853540610753
417 0.101469250323524
418 0.100883619865273
419 0.100556201640744
420 0.101284201722558
421 0.101718974593299
422 0.1026221218329
423 0.103419873093482
424 0.103318241531549
425 0.102734601204453
426 0.10302173671257
427 0.104050081619218
428 0.104274929674911
429 0.104197541769118
430 0.104515793297811
431 0.105383621784371
432 0.105510921907324
433 0.10543229370095
434 0.105686761278859
435 0.106565350796674
436 0.106566924494898
437 0.106706079796364
438 0.107411809880786
439 0.108137289013448
440 0.10859025631837
441 0.108845096643511
442 0.109072063907053
443 0.109333055125266
444 0.109827672429573
445 0.110331324194141
446 0.11045301604727
447 0.110852012811959
448 0.11136355576519
449 0.111693629784582
450 0.111478229335695
451 0.111577592360869
452 0.111919616830731
453 0.112259690955465
454 0.113102325775263
455 0.113573776572023
456 0.113576154860347
457 0.113716207368962
458 0.11418904990724
459 0.114528833133392
460 0.114501666935071
461 0.114659875309045
462 0.115132607185983
463 0.115549512257576
464 0.115495661976894
465 0.115888738625055
466 0.116382009898691
467 0.116645912523094
468 0.116509934461746
469 0.116485946007696
470 0.116748482546198
471 0.117275053059262
472 0.117789288745417
473 0.118083739364377
474 0.118231210035384
475 0.118464727974395
476 0.118484097525071
477 0.118673516861424
478 0.119137298631701
479 0.119274667704683
480 0.119361546588273
481 0.119773408946335
482 0.120640510360173
483 0.120496255831926
484 0.120621813859384
485 0.121322911375029
486 0.121690894371415
487 0.121919467811516
488 0.122080265387494
489 0.122251654946653
490 0.122559760147309
491 0.122905935369012
492 0.123259440356472
493 0.123630767567042
494 0.123974541000341
495 0.124441189892961
496 0.125017068238065
497 0.125332087076317
498 0.125781672409133
499 0.126302408222254
500 0.12669424218945
501 0.126897613500977
502 0.127268035868688
503 0.127802465794935
504 0.128101444260781
505 0.128557526428568
506 0.128976841561469
507 0.129235476594552
508 0.129884951238376
509 0.130202828258293
510 0.13034395753414
511 0.130943066380077
512 0.131214784427189
513 0.131514312258559
514 0.132057467233963
515 0.132488362044595
516 0.132927659474304
517 0.133364310146031
518 0.133774670726543
519 0.134319910927035
520 0.13480760069415
521 0.135169863553298
522 0.135515194276825
523 0.135861029640339
524 0.136306164399018
525 0.136876102590658
526 0.137281295083336
527 0.137711970622894
528 0.13820799421545
529 0.138686752021242
530 0.139136045538958
531 0.139616576359394
532 0.140144549901451
533 0.140617865532514
534 0.140937742394652
535 0.14129232147186
536 0.141935139247087
537 0.142495194162085
538 0.142967184008238
539 0.143411427688694
540 0.14392558016221
541 0.144458994316628
542 0.144970926916609
543 0.145429923821445
544 0.145832349833528
545 0.14627555784074
546 0.14677272576383
547 0.147252108799208
548 0.147744055498379
549 0.148322751046162
550 0.148996903806355
551 0.149544059775292
552 0.150137244582909
553 0.150777001836623
554 0.151359144824711
555 0.151961334689806
556 0.152597969250621
557 0.153242922867907
558 0.153794805675717
559 0.154348587858152
560 0.154906535209351
561 0.155433124160631
562 0.155908770789522
563 0.156348940102328
564 0.156757897789464
565 0.157120742848091
566 0.157422093558043
567 0.157724409636156
568 0.158098316552196
569 0.158544825276054
570 0.159020142610222
571 0.159548475205342
572 0.160208616733794
573 0.160819427742248
574 0.16146300739523
575 0.162181916221122
576 0.16274992125598
577 0.163206358939269
578 0.163613899547086
579 0.16404740072278
580 0.164492421930474
581 0.164806358308442
582 0.164990091622918
583 0.165341100026599
584 0.165705661915732
585 0.16604562198123
586 0.166383061085837
587 0.166863281792214
588 0.167324590440407
589 0.167744337100641
590 0.168291554671091
591 0.168782487478744
592 0.169247705508128
593 0.169734966282998
594 0.170122081240722
595 0.170517501149618
596 0.170970891375124
597 0.171473526221212
598 0.171949838242206
599 0.172400204768845
600 0.172826163483112
601 0.173189546235388
602 0.173469546568711
603 0.173715813454631
604 0.174012510517863
605 0.174369943192747
606 0.174772257920975
607 0.175187823213586
608 0.175561131822035
609 0.175979571292139
610 0.176394440792959
611 0.176736236547404
612 0.177077069170937
613 0.177464007479847
614 0.177887771022741
615 0.178280616613091
616 0.178693150959509
617 0.179131570056999
618 0.179577741263008
619 0.179961829099214
620 0.180394895923921
621 0.1808644971114
622 0.181266390407458
623 0.181578148470542
624 0.181910066935797
625 0.182328015812317
626 0.18274915814398
627 0.183142288331057
628 0.183551489443721
629 0.184038160082197
630 0.184484965493153
631 0.184892084348398
632 0.18528792091336
633 0.185725245532408
634 0.186120036060651
635 0.186510899445284
636 0.186951331412754
637 0.187370950538892
638 0.187776421432828
639 0.188191925257158
640 0.188652671128602
641 0.189090330006696
642 0.189522387201766
643 0.189973027808538
644 0.190430567940106
645 0.190891043807706
646 0.191349529654614
647 0.191796891163778
648 0.192183032909868
649 0.192608098658726
650 0.193107202538712
651 0.193547754328841
652 0.194023379912724
653 0.194500158006701
654 0.194920771508029
655 0.195388895091606
656 0.195819661627811
657 0.196214242440296
658 0.196690845048097
659 0.197156237729566
660 0.197628496633272
661 0.19813243837526
662 0.198617834587596
663 0.199100951025574
664 0.19957248970127
665 0.20000916914829
666 0.200480417530367
667 0.200990049122856
668 0.201514136807924
669 0.201992900188173
670 0.202453543587923
671 0.202934645537554
672 0.203463895990655
673 0.203935599702879
674 0.20444252399548
675 0.204998384032442
676 0.205484754942602
677 0.205945363359663
678 0.206411128019647
679 0.206909097988993
680 0.207460710530744
681 0.208005777028306
682 0.208531906153415
683 0.209066560979283
684 0.209533060748478
685 0.210027595235048
686 0.210599994637032
687 0.21111629066106
688 0.211587845574813
689 0.212089785559261
690 0.212697279565118
691 0.213222883145842
692 0.213747029207126
693 0.214305266633407
694 0.2148352188658
695 0.215306259688955
696 0.215853390171074
697 0.216550986017685
698 0.217035504247602
699 0.217492266272945
700 0.218015273518466
701 0.218602994219648
702 0.219189759460199
703 0.219735934746219
704 0.220246895807349
705 0.220815289214052
706 0.22142570585894
707 0.222033687534316
708 0.222590603539467
709 0.223134889120722
710 0.223701423480603
711 0.224298904814971
712 0.224903160747245
713 0.225435632956157
714 0.225941661207361
715 0.226495659994603
716 0.227144568559212
717 0.227781698971996
718 0.228378531488969
719 0.228963127527266
720 0.229512538398002
721 0.230063589232331
722 0.230648703975644
723 0.231284950507126
724 0.231876322848177
725 0.232440138954081
726 0.233023182901808
727 0.233572341418842
728 0.234153543465742
729 0.234784520293146
730 0.235424652485254
731 0.236022259114005
732 0.236613235174292
733 0.237227140345072
734 0.237821235410511
735 0.238415079325055
736 0.238999240738811
737 0.239559298528586
738 0.240146393343658
739 0.240759690757445
740 0.241383635741401
741 0.241992616285468
742 0.242571805255358
743 0.243174646520007
744 0.243837130308948
745 0.244467511490514
746 0.245125769240738
747 0.245761304094269
748 0.246271571496342
749 0.246831573137743
750 0.247445760452242
751 0.248093256827549
752 0.248758472030414
753 0.249380290548783
754 0.249982266638132
755 0.250598994238698
756 0.251163481156654
757 0.251782628008156
758 0.252442880059618
759 0.253034633253346
760 0.253620703365693
761 0.254293952450526
762 0.255033733320541
763 0.255572251519699
764 0.256176713961896
765 0.256825187669235
766 0.257412065233797
767 0.257973063980175
768 0.258536211718119
769 0.259124208135782
770 0.259755942046521
771 0.260499141404963
772 0.261219044161614
773 0.261821189155526
774 0.26237216003606
775 0.262936639099688
776 0.263540785840429
777 0.264184111763119
778 0.264834591223614
779 0.265444297768948
780 0.266026465570735
781 0.266650995160577
782 0.267298832560547
783 0.267973182137813
784 0.268639711687121
785 0.269167762427567
786 0.269687696040416
787 0.270251308431839
788 0.270875713561183
789 0.271576519027795
790 0.272229491904729
791 0.272812128015095
792 0.273403445483789
793 0.27408238069534
794 0.274777799726928
795 0.275417148812972
796 0.275972542363467
797 0.27662705447766
798 0.27730261816018
799 0.277879427803229
800 0.278494723072314
801 0.279050035305938
802 0.279582705517734
803 0.280225790616443
804 0.280939983202014
805 0.28158299331876
806 0.282130280126476
807 0.28276671843961
808 0.283398855630374
809 0.284033519723509
810 0.28469294942485
811 0.285376543314108
812 0.286025859108869
813 0.286581215234266
814 0.28701936497253
815 0.287526789810115
816 0.288165525374891
817 0.288871723331486
818 0.289456686494358
819 0.290024935728713
820 0.29061313489145
821 0.291236294153242
822 0.291887525927059
823 0.292557426685628
824 0.293184500139879
825 0.29371888917085
826 0.294249651224339
827 0.294848155067727
828 0.295482283626133
829 0.296052016761467
830 0.296693521452802
831 0.297320122427685
832 0.297880338506692
833 0.298425640140625
834 0.298998448968251
835 0.299613634017711
836 0.300256381450854
837 0.300852821427516
838 0.301470336222088
839 0.302105420869916
840 0.302720674636606
841 0.3033083159236
842 0.303870612944276
843 0.304440086200782
844 0.305063333924728
845 0.305602149379735
846 0.306068424852818
847 0.306537736030291
848 0.307139252308034
849 0.307864766863816
850 0.308588477316102
851 0.309196608130919
852 0.309715169488113
853 0.310262541059639
854 0.310811677934667
855 0.311306537007341
856 0.311950036751594
857 0.312516229505842
858 0.313024595475038
859 0.313689609491717
860 0.31432920783565
861 0.31498101824356
862 0.315615913343541
863 0.316082627323323
864 0.316630813489474
865 0.317232447347027
866 0.317835549910619
867 0.318511608544967
868 0.319067446748401
869 0.319582232831143
870 0.3201734505844
871 0.320671620432686
872 0.32125080602915
873 0.321877500560904
874 0.32241573856773
875 0.322960431058303
876 0.323531824833649
877 0.324146178843918
878 0.324806481545839
879 0.325352310101287
880 0.325917424246449
881 0.326573611979223
882 0.327230234368106
883 0.327762547576423
884 0.328277027196641
885 0.328862798551268
886 0.329428674169213
887 0.329950275092703
888 0.330506851895125
889 0.331163887255375
890 0.331820349852813
891 0.332319389578475
892 0.33275860467881
893 0.333327621680011
894 0.333940903287812
895 0.33458506600779
896 0.335189314070006
897 0.335679947571634
898 0.33628698271365
899 0.336962816355078
900 0.337580918563432
901 0.338003359454583
902 0.338595791662798
903 0.339170365431167
904 0.339670026481187
905 0.340360818178619
906 0.34099309009751
907 0.341503688116234
908 0.341976755352619
909 0.342699358690222
910 0.343368351210372
911 0.343890295723807
912 0.344330701241117
913 0.345010143065937
914 0.345711214371174
915 0.346258321630337
916 0.346613177311532
917 0.347162139637132
918 0.347765238943646
919 0.348350947146286
920 0.348917221675242
921 0.349625515845055
922 0.350213661109284
923 0.35068415304526
924 0.351201513966179
925 0.351658521992436
926 0.352232227528861
927 0.352952440944127
928 0.353693005407923
929 0.354277165039873
930 0.35475773707824
931 0.355237579386505
932 0.355814712548272
933 0.356378422450097
934 0.356891152178051
935 0.357388368967342
936 0.357978860811395
937 0.358765616792833
938 0.359453498545066
939 0.359974306184688
940 0.360652316509764
941 0.361219461869105
942 0.361717448721847
943 0.362230836633147
944 0.362808038649166
945 0.363370487597995
946 0.36390305509674
947 0.364444466863907
948 0.36509325491107
949 0.365592463994848
950 0.366101636158963
951 0.366743021610521
952 0.367355954280059
953 0.367870447105821
954 0.368365615623686
955 0.368931570449536
956 0.369579816085978
957 0.370092121611741
958 0.370580165335136
959 0.371166957458345
960 0.371773545192328
961 0.372450990466466
962 0.373067042900517
963 0.373549800512614
964 0.374087370208851
965 0.374534447640579
966 0.374981692296625
967 0.375523615703712
968 0.376100056482374
969 0.37678964339102
970 0.377461363953929
971 0.378015833203423
972 0.378569289442015
973 0.37903786267848
974 0.379440715776913
975 0.379862042341948
976 0.380448612961493
977 0.381016724419462
978 0.381612520457291
979 0.382252475197547
980 0.382774038805922
981 0.383209415897632
982 0.383768422960972
983 0.384467835247522
984 0.384910384683816
985 0.385356369784011
986 0.385982394549036
987 0.386766989816988
988 0.387408042589576
989 0.387797675665672
990 0.388262554937152
991 0.388923762574527
992 0.389479448317368
993 0.389999219912543
994 0.390402915130705
995 0.390756027194981
996 0.391289252757163
997 0.39185757922672
998 0.392393985352636
999 0.3928644946332
1000 0.393287396690248
1001 0.390020092910147
1002 0.390544470347506
1003 0.391064757237218
1004 0.391596461041318
1005 0.392144103111219
1006 0.392648752401218
1007 0.393154930626417
1008 0.393624400542806
1009 0.394098939741038
1010 0.394575138060264
1011 0.395030410358526
1012 0.395493133937795
1013 0.396033222369414
1014 0.396583550331067
1015 0.397055791399033
1016 0.397573769095769
1017 0.398090492062939
1018 0.398548319961365
1019 0.399013520640179
1020 0.399531048729565
1021 0.400004712860924
1022 0.400435000669412
1023 0.400883648278745
1024 0.401328198491789
1025 0.401826247750836
1026 0.402366949370526
1027 0.402863217876124
1028 0.403337047806174
1029 0.403864950572426
1030 0.404370193510764
1031 0.40482669114605
1032 0.40530759190144
1033 0.405811180883745
1034 0.406299842386751
1035 0.406763690821723
1036 0.407284126021423
1037 0.407775782599596
1038 0.408273826279843
1039 0.408838901088529
1040 0.409361192787321
1041 0.409851519052609
1042 0.410448679951299
1043 0.410984968562804
1044 0.411481611244389
1045 0.412081915648799
1046 0.412605657327025
1047 0.413109649025994
1048 0.413577989637688
1049 0.414087461737187
1050 0.414601805649297
1051 0.415113700456664
1052 0.41561894217991
1053 0.41613713957059
1054 0.41658671070447
1055 0.417000175525905
1056 0.417469742949965
1057 0.417929576744024
1058 0.418344651817592
1059 0.418750944657833
1060 0.419145884706868
1061 0.419560359603259
1062 0.419999775457038
1063 0.420461753225236
1064 0.420969518068817
1065 0.421434896638866
1066 0.42180334505679
1067 0.422210065395544
1068 0.422581220571251
1069 0.422910772158744
1070 0.423351586098074
1071 0.423777744219668
1072 0.424187627773888
1073 0.424628895803716
1074 0.42502083167923
1075 0.425389277843749
1076 0.425726343266622
1077 0.42600606990687
1078 0.426325157455129
1079 0.426703100718181
1080 0.427017398765368
1081 0.427356490471472
1082 0.427728881370836
1083 0.428067175807939
1084 0.428416056298021
1085 0.428751087472712
1086 0.429094052732245
1087 0.429424191900774
1088 0.429711718762211
1089 0.430059590810765
1090 0.430374485621705
1091 0.430678615246166
1092 0.430972235633391
1093 0.431271444441571
1094 0.431545452753021
1095 0.431851284462059
1096 0.432193033833346
1097 0.432518348840264
1098 0.43286464430892
1099 0.433225958319023
1100 0.433539136995254
1101 0.433838900402786
1102 0.434169812624755
1103 0.434476027891302
1104 0.434761342982068
1105 0.435091147412813
1106 0.435421314344893
1107 0.435734529825264
1108 0.436069175193362
1109 0.436433374642234
1110 0.436787918044898
1111 0.437130799286905
1112 0.437536623341894
1113 0.437931220302204
1114 0.438309429015546
1115 0.438674126136559
1116 0.43903173694218
1117 0.439429470226538
1118 0.439808461422686
1119 0.440196538621928
1120 0.44062939124309
1121 0.441040474198658
1122 0.441420892148803
1123 0.441841293167389
1124 0.44230038754839
1125 0.442712393298102
1126 0.443106658624488
1127 0.443541529653886
1128 0.443910620803329
1129 0.444294571011152
1130 0.444743866157805
1131 0.445176987817364
1132 0.445603751790577
1133 0.446057790538308
1134 0.446486209795928
1135 0.446907417465309
1136 0.447340651823771
1137 0.447802756696639
1138 0.448226672391397
1139 0.448640113394304
1140 0.449033643967879
1141 0.449399724817705
1142 0.449788568239702
1143 0.450161389011121
1144 0.450562900102327
1145 0.450985997461885
1146 0.45139561381997
1147 0.451797355298811
1148 0.452159594973938
1149 0.452550855354898
1150 0.452972240973302
1151 0.4533906925172
1152 0.453836225310127
1153 0.454254789970662
1154 0.454666725206725
1155 0.455059035437679
1156 0.455442470947474
1157 0.455802158289254
1158 0.456115490162298
1159 0.456460767546847
1160 0.456807540054665
1161 0.457167635185899
1162 0.457471280390263
1163 0.457826680704175
1164 0.458207838847212
1165 0.458562393264955
1166 0.458987785757678
1167 0.459408584615649
1168 0.459822860541551
1169 0.460233370222528
1170 0.460589242539324
1171 0.460923307637915
1172 0.461273736824642
1173 0.461555726126869
1174 0.461877868764795
1175 0.462249724991652
1176 0.462595823202384
1177 0.462929420747307
1178 0.463275382423962
1179 0.463644466180126
1180 0.46397801725333
1181 0.464310333167628
1182 0.464627058650777
1183 0.464938491386116
1184 0.465245986910237
1185 0.465525815358109
1186 0.465798688870671
1187 0.466079869558852
1188 0.466349659449176
1189 0.466633487271263
1190 0.466922610256982
1191 0.467231116453511
1192 0.4675529097531
1193 0.467859072938602
1194 0.46820925164592
1195 0.468499887462701
1196 0.468739317464689
1197 0.469000329085122
1198 0.469255878683841
1199 0.46947583306387
1200 0.469724547343334
1201 0.469951473174202
1202 0.470183537992599
1203 0.470485187213836
1204 0.470778326330941
1205 0.471110506143107
1206 0.471413248516995
1207 0.471731193428016
1208 0.471991955942615
1209 0.472218481781517
1210 0.472458264739536
1211 0.472651374079514
1212 0.472885030670401
1213 0.473142266962159
1214 0.473400704823108
1215 0.473673626100927
1216 0.473944789733552
1217 0.474223505277162
1218 0.474501868399683
1219 0.47476616543169
1220 0.475063281142947
1221 0.475332487475406
1222 0.475597933730079
1223 0.475854743902643
1224 0.476095834194794
1225 0.476336913666857
1226 0.476572299496246
1227 0.476808125415318
1228 0.477027001847392
1229 0.477278168886574
1230 0.477541174971375
1231 0.477812952933545
1232 0.478110941280768
1233 0.478401209111504
1234 0.478690552256494
1235 0.478987708336358
1236 0.479320749130237
1237 0.479603360116258
1238 0.479868727213931
1239 0.480122902498663
1240 0.480372564283014
1241 0.480582435799499
1242 0.480835127305664
1243 0.481117312209014
1244 0.481366767979657
1245 0.481610914770969
1246 0.481856714963187
1247 0.482064173001472
1248 0.482325843858108
1249 0.482646903783124
1250 0.482910564575817
1251 0.483166872130032
1252 0.483432617711439
1253 0.483659753289463
1254 0.483908392971137
1255 0.484159976274962
1256 0.48445370300271
1257 0.484781607771151
1258 0.48509298946365
1259 0.485441067977803
1260 0.48585060136376
1261 0.486204083777135
1262 0.486551168060205
1263 0.486883370657655
1264 0.487210839554002
1265 0.487507060914772
1266 0.487763558152541
1267 0.488043271003392
1268 0.488318383327959
1269 0.488575282978552
1270 0.488834809325222
1271 0.489089019840148
1272 0.489314067595725
1273 0.489549003515583
1274 0.489799650298447
1275 0.490034799778729
1276 0.49025598756815
1277 0.490473776354247
1278 0.490679296883511
1279 0.490895061748817
1280 0.491102632450592
1281 0.491304461173645
1282 0.491508623780257
1283 0.491710413044893
1284 0.49191634185161
1285 0.492137646208802
1286 0.492321482859234
1287 0.492490296122103
1288 0.492657097895563
1289 0.492797555283124
1290 0.492942984782334
1291 0.493081839302432
1292 0.493236701627658
1293 0.493407217754099
1294 0.493551044393757
1295 0.493727605543654
1296 0.493843997410321
1297 0.493880623210099
1298 0.493949450352469
1299 0.494016453051497
1300 0.494063259625481
1301 0.494113322218389
1302 0.494172792682378
1303 0.494233960048522
1304 0.494285952397705
1305 0.494332107873026
1306 0.494386947422855
1307 0.494439679239917
1308 0.494457415940823
1309 0.494524656776436
1310 0.494640241541309
1311 0.494719497807899
1312 0.494816153709177
1313 0.494877435516648
1314 0.494905382125802
1315 0.494936398900417
1316 0.494928331827236
1317 0.494963322890176
1318 0.494993575235469
1319 0.495064317099473
1320 0.495169734824772
1321 0.495298365647258
1322 0.495474851331612
1323 0.495638160762139
1324 0.495819545720802
1325 0.496039197164139
1326 0.496199416946346
1327 0.496345893635572
1328 0.496479663908197
1329 0.496558441669046
1330 0.496704708209201
1331 0.496861576967622
1332 0.497047614610752
1333 0.49726305440013
1334 0.497500955976016
1335 0.497770311189014
1336 0.498036292400955
1337 0.498350517808996
1338 0.498617586014908
1339 0.498869981926764
1340 0.499107450711841
1341 0.499308583043044
1342 0.499524600021188
1343 0.499735739056947
1344 0.499949833414982
1345 0.500167440515886
1346 0.500388188121292
1347 0.500613887049343
1348 0.500838659752356
1349 0.501053841172174
1350 0.501272624051614
1351 0.501478659593773
1352 0.501652380704068
1353 0.501883986149733
1354 0.502150470938023
1355 0.502379736016604
1356 0.502646171812186
1357 0.502849977438869
1358 0.502984572612086
1359 0.503161240301628
1360 0.503291481611047
1361 0.503513329884269
1362 0.503793846880155
1363 0.504070248679944
1364 0.504407330059932
1365 0.504722560890488
1366 0.505043163453719
1367 0.505336823485604
1368 0.505635137678335
1369 0.505905244847938
1370 0.506148410496604
1371 0.506367908934281
1372 0.506588089726446
1373 0.506771802566145
1374 0.506864348287742
1375 0.506934071746773
1376 0.506914640062155
1377 0.506790311090621
1378 0.506695368041893
1379 0.506538682299262
1380 0.50643297639962
1381 0.506328458897478
1382 0.506247126958321
1383 0.506196210416799
1384 0.506123627767854
1385 0.506092906627989
1386 0.50597580881118
1387 0.505826026405147
1388 0.505641811653228
1389 0.505423638207057
1390 0.505143759813628
1391 0.504823330590715
1392 0.504460947421303
1393 0.504029083872694
1394 0.503575607099035
1395 0.503066387963022
1396 0.502576888766166
1397 0.502057504538715
1398 0.501543696901231
1399 0.501073851510225
1400 0.500550167656326
1401 0.499970230006292
1402 0.499421080997334
1403 0.498822587212886
1404 0.49824790609765
1405 0.497695662616163
1406 0.497169511840105
1407 0.496627305652459
1408 0.496060207285024
1409 0.495588243933949
1410 0.49508690650591
1411 0.494774141424054
1412 0.494564632097335
1413 0.494464166727572
1414 0.494466141762849
1415 0.494589988563805
1416 0.494819016786083
1417 0.495166205658776
1418 0.49569215199704
1419 0.496207851489498
1420 0.496844854824958
1421 0.497432733103105
1422 0.498046712031266
1423 0.498631720308249
1424 0.499223008617026
1425 0.499777843604876
1426 0.500291544141461
1427 0.500812735517515
1428 0.501321512933311
1429 0.501816790315154
1430 0.502323320463323
1431 0.502798862583404
1432 0.50323336476161
1433 0.503672056560927
1434 0.50412192408467
1435 0.504556970883666
1436 0.504990382160228
1437 0.50543023002736
1438 0.505860191536512
1439 0.506279315810236
1440 0.506692773301486
1441 0.5071252071207
1442 0.50749695250723
1443 0.507817961174629
1444 0.508176920916015
1445 0.508512463688589
1446 0.508871474644317
1447 0.50927536290361
1448 0.509633420727589
1449 0.509992059508651
1450 0.510302847226443
1451 0.510580820992427
1452 0.510842946661976
1453 0.511053305346889
1454 0.511282498009296
1455 0.511513475935905
1456 0.511731203359257
1457 0.511935841563822
1458 0.512148938241656
1459 0.512337665613806
1460 0.512563982186868
1461 0.512804448692335
1462 0.513064396013351
1463 0.513370363053587
1464 0.51365475225577
1465 0.513942162299065
1466 0.514232858788107
1467 0.514534613424764
1468 0.514808219527671
1469 0.515062085405388
1470 0.515326874963774
1471 0.515583405311095
1472 0.515812061718182
1473 0.516098069715336
1474 0.516394168379645
1475 0.516650855935734
1476 0.516901195125436
1477 0.517140093558107
1478 0.517339703902458
1479 0.517572042909773
1480 0.517808048000631
1481 0.518063857889007
1482 0.518347178239622
1483 0.518599425777812
1484 0.518850578426143
1485 0.519107410080703
1486 0.519341382903634
1487 0.519593148744531
1488 0.519879609257341
1489 0.520127433658068
1490 0.520360188957685
1491 0.520588639087139
1492 0.520775893427137
1493 0.521014436027205
1494 0.521279208346951
1495 0.521531662312886
1496 0.521813848188368
1497 0.52207786977948
1498 0.522334902301728
1499 0.522567642408192
1500 0.522793519704646
1501 0.523004901631662
1502 0.523168862443551
1503 0.523365459859521
1504 0.523574301445893
1505 0.523783130178604
1506 0.524030716685927
1507 0.524225573896479
1508 0.524379801943495
1509 0.524549520461402
1510 0.524658728074046
1511 0.524834733504545
1512 0.525087651759265
1513 0.525301371073961
1514 0.525537675736886
1515 0.525753478695207
1516 0.525933088229341
1517 0.526103403612286
1518 0.526311571371395
1519 0.526513668479866
1520 0.526720161473506
1521 0.526942478813491
1522 0.527149233481566
1523 0.527342234810156
1524 0.527562850336989
1525 0.527785687259472
1526 0.528029769974999
1527 0.528323412000236
1528 0.528526180539727
1529 0.528703288084127
1530 0.528874943918981
1531 0.528992017329303
1532 0.529129804541582
1533 0.529276890998036
1534 0.52942588560951
1535 0.529538815451105
1536 0.52971464150529
1537 0.529945999740054
1538 0.530137741216073
1539 0.530346674019921
1540 0.530534796521367
1541 0.530704082175345
1542 0.530861506861728
1543 0.530991260488538
1544 0.531160727229048
1545 0.531350676563889
1546 0.531504159056418
1547 0.531681039043053
1548 0.531818570505607
1549 0.531885435298346
1550 0.531997348778977
1551 0.532131332327178
1552 0.532246486004308
1553 0.532344514927278
1554 0.532471325693886
1555 0.532576845934708
1556 0.532745441776188
1557 0.532972281732626
1558 0.533195097260717
1559 0.533450611169814
1560 0.533707132040824
1561 0.534014009012991
1562 0.534238957040195
1563 0.534438472658662
1564 0.534619549544744
1565 0.534718899322582
1566 0.534851799545756
1567 0.535007413826019
1568 0.535140733592703
1569 0.535247963061434
1570 0.535375564544813
1571 0.535513266785698
1572 0.535638986895551
1573 0.535729173678303
1574 0.535890187889397
1575 0.536096507604673
1576 0.536280876660741
1577 0.536546722417403
1578 0.536739530623932
1579 0.536853753813414
1580 0.53698759931708
1581 0.537088429107456
1582 0.537215906615782
1583 0.537367556122688
1584 0.537506923750457
1585 0.537628436647195
1586 0.537788721649834
1587 0.537976030105854
1588 0.538150141354562
1589 0.538373128450601
1590 0.538554073794249
1591 0.538687197454748
1592 0.538827473878057
1593 0.538927749245788
1594 0.539069475313649
1595 0.539268430144729
1596 0.539419578219555
1597 0.539562545600197
1598 0.539707887533317
1599 0.539816903415393
1600 0.539924188393999
1601 0.540060476579111
1602 0.540197824882251
1603 0.540320880956768
1604 0.540451197114968
1605 0.540587160402777
1606 0.540739832986942
1607 0.540855126581148
1608 0.540951844158751
1609 0.541076742985893
1610 0.541180345698477
1611 0.541338903420206
1612 0.54155598592642
1613 0.541702022983759
1614 0.541836117318372
1615 0.541981998867003
1616 0.542098676331165
1617 0.5422386251786
1618 0.542400003802154
1619 0.542568991222646
1620 0.542727372622666
1621 0.542919575633075
1622 0.543161942342688
1623 0.543342815301053
1624 0.543506927805367
1625 0.543678229351382
1626 0.543831371695401
1627 0.543977856273724
1628 0.544124961776811
1629 0.544281189781121
1630 0.544414970732121
1631 0.544587421553168
1632 0.544804397598208
1633 0.54496306763333
1634 0.545119840618234
1635 0.545233337693386
1636 0.545302597549482
1637 0.545388974647332
1638 0.545454357058726
1639 0.545532446840681
1640 0.545602745949258
1641 0.545719482850308
1642 0.545849564625593
1643 0.545997066097397
1644 0.546185705429619
1645 0.54635285093929
1646 0.546505229222532
1647 0.546705729049738
1648 0.54693374417291
1649 0.54716103922538
1650 0.547417559151259
1651 0.54765714440538
1652 0.547901427878356
1653 0.548102712909053
1654 0.548304619713822
1655 0.548436613529682
1656 0.548544197715659
1657 0.548687740276204
1658 0.548786138776914
1659 0.548846290107953
1660 0.548952599078228
1661 0.549022518454127
1662 0.54910623863734
1663 0.549254536798508
1664 0.549391937905323
1665 0.549602684633885
1666 0.54984497559694
1667 0.550065882370336
1668 0.550275577243914
1669 0.550422147252078
1670 0.550549817912575
1671 0.550719821594903
1672 0.550893131112555
1673 0.551042692123167
1674 0.551143366893985
1675 0.551222371236403
1676 0.551367160134967
1677 0.551524341063226
1678 0.551724891981402
1679 0.55197884068413
1680 0.552150437413621
1681 0.552311276906235
1682 0.552499195326364
1683 0.552659752802533
1684 0.552840979627842
1685 0.55304537712352
1686 0.553271679082868
1687 0.553513522143888
1688 0.553740505346389
1689 0.553982150450642
1690 0.5541799101649
1691 0.554315636069975
1692 0.554490111761939
1693 0.554598461816444
1694 0.554676578854928
1695 0.554822285135615
1696 0.554909618494782
1697 0.555043204237088
1698 0.555241609618526
1699 0.555408881232328
1700 0.555572500298068
1701 0.555784866937851
1702 0.555930412767308
1703 0.556008235145673
1704 0.556103714101255
1705 0.556114989283464
1706 0.556211279413999
1707 0.556379672967041
1708 0.556552455548601
1709 0.556803818285266
1710 0.556994803913939
1711 0.557175147419343
1712 0.557321934813128
1713 0.557422883260444
1714 0.557519653183448
1715 0.557583389604284
1716 0.557656939520849
1717 0.557739140580371
1718 0.557787927297465
1719 0.557819178704447
1720 0.557857761220923
1721 0.55782342566083
1722 0.557893716558119
1723 0.558025820971265
1724 0.558170965320662
1725 0.558402850220942
1726 0.558592003026319
1727 0.558798151934337
1728 0.558933265013845
1729 0.559003639659182
1730 0.559097537574242
1731 0.55916996243724
1732 0.559258893442991
1733 0.559363507081301
1734 0.559473592141882
1735 0.559569139665971
1736 0.559666666535011
1737 0.559803022294001
1738 0.559879045993237
1739 0.559936144198517
1740 0.55996022652502
1741 0.559952810668573
1742 0.559993271064256
1743 0.55992765518005
1744 0.559918145434419
1745 0.560050989383547
1746 0.560179126954235
1747 0.56036602743227
1748 0.560497224292128
1749 0.56055464336678
1750 0.560647958375466
1751 0.560809153546271
1752 0.561022973847796
1753 0.561196795698274
1754 0.561343032340547
1755 0.561383479088601
1756 0.561421324891613
1757 0.561505595368625
1758 0.56150948017004
1759 0.561545518147922
1760 0.561565845612064
1761 0.56158475255052
1762 0.561610083894921
1763 0.561627455251853
1764 0.561699312763677
1765 0.561705390657657
1766 0.561756297582029
1767 0.561863140700315
1768 0.561861419889693
1769 0.56188707284552
1770 0.561938004759779
1771 0.561973107769742
1772 0.562115015668964
1773 0.562174970867259
1774 0.562222803526778
1775 0.562288264764073
1776 0.562288897436874
1777 0.562339337753405
1778 0.562423112315941
1779 0.562478072234622
1780 0.562529283634383
1781 0.562652568063394
1782 0.562844227715408
1783 0.563138368451606
1784 0.56332126372508
1785 0.56349276201277
1786 0.563619507518742
1787 0.563577560293871
1788 0.563572169956333
1789 0.563631267966203
1790 0.563695353669008
1791 0.563884332296506
1792 0.56419744089377
1793 0.564481768753693
1794 0.564674538732996
1795 0.564905020084249
1796 0.565064588211966
1797 0.565060712311629
1798 0.565125412618542
1799 0.565102412682566
1800 0.564955025310255
1801 0.564527633342755
1802 0.564636268925087
1803 0.564749544800142
1804 0.564796272077526
1805 0.564790339530857
1806 0.564574296170151
1807 0.564619466512131
1808 0.564844079993021
1809 0.564889773426129
1810 0.564897455638242
1811 0.565021575933375
1812 0.565110167339359
1813 0.565131519867418
1814 0.565233295775469
1815 0.565374817129435
1816 0.565441044753467
1817 0.565369323596139
1818 0.565398223347879
1819 0.565449101948009
1820 0.565563802619095
1821 0.565627502956552
1822 0.565561608448027
1823 0.565571378632045
1824 0.565529521199476
1825 0.565573395326999
1826 0.565755314388967
1827 0.565828404083822
1828 0.565854988032592
1829 0.565928532720799
1830 0.566030174341592
1831 0.566012355650753
1832 0.566011597731225
1833 0.565968309451538
1834 0.565849869008919
1835 0.565710077890642
1836 0.565677191813411
1837 0.565753383609286
1838 0.565825562563754
1839 0.565947678323525
1840 0.56605996574513
1841 0.566120318819737
1842 0.566230547238342
1843 0.566410780869003
1844 0.566445590452529
1845 0.566480157039338
1846 0.5665352616401
1847 0.566597430720889
1848 0.566581931525594
1849 0.566691289437546
1850 0.566836720971802
1851 0.566946280169716
1852 0.566981837726677
1853 0.566923255590166
1854 0.566863313620479
1855 0.566745051978377
1856 0.566600747903446
1857 0.566496107855373
1858 0.56640028977868
1859 0.56635358334259
1860 0.566293619382459
1861 0.566098890176011
1862 0.565848027507461
1863 0.565550618441089
1864 0.565155741915464
1865 0.564775170613058
1866 0.564392898124702
1867 0.563975485672788
1868 0.563528501648531
1869 0.563050903335331
1870 0.562520944200813
1871 0.561971931517187
1872 0.561436821577187
1873 0.561022347945682
1874 0.560648371856138
1875 0.560153067136681
1876 0.559579660587108
1877 0.558782985006522
1878 0.557975181574925
1879 0.557033818987912
1880 0.556153992161428
1881 0.555236027586516
1882 0.554293147674828
1883 0.55321240242939
1884 0.551971434494895
1885 0.550517121899892
1886 0.548870079985713
1887 0.547114082141216
1888 0.545261586268537
1889 0.543269979528264
1890 0.541195587940438
1891 0.539087278862077
1892 0.536792611448958
1893 0.534281207240513
1894 0.531784956018863
1895 0.529220133184978
1896 0.526512719155011
1897 0.523949495318142
1898 0.521363144070385
1899 0.518755164214113
1900 0.516064938369335
1901 0.513560795434196
1902 0.511059602043272
1903 0.508655395219848
1904 0.506563835112221
1905 0.504760608151461
1906 0.503229878789871
1907 0.502005468870783
1908 0.500891609430593
1909 0.499933968381581
1910 0.499185053829829
1911 0.498598273692157
1912 0.498178770077737
1913 0.497974438664094
1914 0.497944402822855
1915 0.498029776865724
1916 0.498204042715456
1917 0.498543524490771
1918 0.499030911939692
1919 0.499559005374983
1920 0.500195735051282
1921 0.500870087545372
1922 0.501632668567281
1923 0.502390303147498
1924 0.50314387958464
1925 0.504055086082294
1926 0.504959895058346
1927 0.50576728189242
1928 0.506733529552838
1929 0.507654774544225
1930 0.508495850188569
1931 0.50934609831786
1932 0.510078340589241
1933 0.510611685483518
1934 0.511247287725727
1935 0.511836350033977
1936 0.512500575278419
1937 0.513242545794847
1938 0.514008946276629
1939 0.51471365092756
1940 0.515394904699546
1941 0.516041859973537
1942 0.51669626846171
1943 0.517289241277019
1944 0.517814121036856
1945 0.518385937744462
1946 0.518901297647953
1947 0.519458588667683
1948 0.520002367712938
1949 0.520753338811163
1950 0.521396932533667
1951 0.522010609113788
1952 0.522725876061738
1953 0.523303624277426
1954 0.523936038509394
1955 0.524594808658749
1956 0.525250156792949
1957 0.5259412235019
1958 0.526541480059003
1959 0.527106133953488
1960 0.527658579750489
1961 0.528100932563931
1962 0.528588538169234
1963 0.529077296070639
1964 0.529564202352127
1965 0.530084597051547
1966 0.530668751990847
1967 0.531298382160249
1968 0.532081921411787
1969 0.532665240824569
1970 0.533217286114859
1971 0.533731282078722
1972 0.53406785336731
1973 0.534518241855906
1974 0.535081382821908
1975 0.535629160820724
1976 0.5363610572992
1977 0.537076884956419
1978 0.537612498107871
1979 0.538077098716491
1980 0.538556029428058
1981 0.538833281761791
1982 0.539243784736297
1983 0.539713373152144
1984 0.540212104079299
1985 0.540697941415993
1986 0.541284700509763
1987 0.541984889539323
1988 0.542663015414721
1989 0.543254591855741
1990 0.543910910114013
1991 0.544514434975104
1992 0.545054674965309
1993 0.545623961378553
1994 0.546217374606168
1995 0.546761984893796
1996 0.54724115176928
1997 0.547754298181442
1998 0.548251582864247
1999 0.548837065879059
2000 0.549282770142563
2001 0.549746242810815
2002 0.550248898226641
2003 0.550718552479976
2004 0.551173730635714
2005 0.551708806028076
2006 0.552196405298898
2007 0.552616445917677
2008 0.553055886773434
2009 0.553506744356114
2010 0.553940244832667
2011 0.554349563777733
2012 0.554774721078937
2013 0.555153414762442
2014 0.555471703018772
2015 0.555857722977743
2016 0.556156746065043
2017 0.55661024874
2018 0.557255754443135
2019 0.557773035970719
2020 0.558290558906374
2021 0.558814249871175
2022 0.559386868712067
2023 0.559778488326903
2024 0.560047266604747
2025 0.560375639049672
2026 0.560676177963081
2027 0.560860668317335
2028 0.561269343383824
2029 0.561727741770546
2030 0.562093754388946
2031 0.562425861673959
2032 0.56275421882166
2033 0.562994312835019
2034 0.563340058482526
2035 0.563755659587761
2036 0.564112160676034
2037 0.564548526692474
2038 0.564894414982753
2039 0.565116950622178
2040 0.565384025765414
2041 0.565725029482614
2042 0.565922491880496
2043 0.566200686166537
2044 0.566519213853857
2045 0.566824862498893
2046 0.567166424362936
2047 0.567424757765999
2048 0.567643950043164
2049 0.567871811920842
2050 0.568064712198669
2051 0.568229515821929
2052 0.568366477977715
2053 0.568545706430963
2054 0.568760799620623
2055 0.56882574588033
2056 0.5689861578982
2057 0.569211947383241
2058 0.569401541179895
2059 0.569566697785093
2060 0.569767700001505
2061 0.569993536614791
2062 0.570226463124077
2063 0.570424043371474
2064 0.570702881807329
2065 0.57106573481179
2066 0.571387924400137
2067 0.571744164111804
2068 0.572097675605143
2069 0.572394198605643
2070 0.57273463858509
2071 0.572957811843467
2072 0.573127159765214
2073 0.573285726474384
2074 0.573346179475568
2075 0.573452925767161
2076 0.573532858041022
2077 0.573706552644953
2078 0.57396170906609
2079 0.574134409667882
2080 0.574341257363431
2081 0.574525287915315
2082 0.574607833543789
2083 0.574732216260614
2084 0.574922797217581
2085 0.575097636046566
2086 0.575187124684981
2087 0.575198469743702
2088 0.575292666227872
2089 0.575319022419356
2090 0.575470548241098
2091 0.575747757353262
2092 0.57596985569854
2093 0.576193716586369
2094 0.576464954656546
2095 0.576845141031407
2096 0.577059901679894
2097 0.577228610754819
2098 0.577391891835778
2099 0.577407722770561
2100 0.577434969094901
2101 0.577654974495499
2102 0.57791169427847
2103 0.578205082650372
2104 0.578690852744469
2105 0.578889792803938
2106 0.578997559358478
2107 0.579069280885222
2108 0.578874681040672
2109 0.578924256360395
2110 0.578977655080234
2111 0.579229877951574
2112 0.579779111489622
2113 0.580140178109692
2114 0.580635388089522
2115 0.580965105163823
2116 0.581140987490708
2117 0.581216996509174
2118 0.581260868338921
2119 0.581389615211168
2120 0.58157035462172
2121 0.58177066855779
2122 0.582022581133117
2123 0.582390305660512
2124 0.582685611108188
2125 0.583046691769652
2126 0.583263264966889
2127 0.583370661173741
2128 0.583523978991242
2129 0.583573433309343
2130 0.583691928514834
2131 0.583898940612644
2132 0.584055306467219
2133 0.584118012405216
2134 0.584342653626381
2135 0.584520526860079
2136 0.584595475069527
2137 0.584717185772827
2138 0.584870905366626
2139 0.584918748427257
2140 0.585045427203862
2141 0.584845878591851
2142 0.584361541911409
2143 0.584024709154092
2144 0.583502164845066
2145 0.583100144046957
2146 0.582873228989908
2147 0.582530030791922
2148 0.582102131885661
2149 0.581693662494866
2150 0.581339984185507
2151 0.580880044265302
2152 0.580327048139674
2153 0.579779208427993
2154 0.579301817887318
2155 0.57873090254801
2156 0.578104242212209
2157 0.577436903306074
2158 0.576877309880429
2159 0.576270088334642
2160 0.575670216029849
2161 0.575145140201242
2162 0.574653154979306
2163 0.574151279340141
2164 0.573611338329806
2165 0.573151926353561
2166 0.572664155287448
2167 0.572128282229486
2168 0.571515921883459
2169 0.570912598528223
2170 0.57029453363351
2171 0.569539853496844
2172 0.568806401585687
2173 0.568093020774697
2174 0.567400991568108
2175 0.56672437825989
2176 0.566015952695634
2177 0.565353042363017
2178 0.564782472071138
2179 0.564089993128319
2180 0.563308665458619
2181 0.562626752896817
2182 0.561936465022547
2183 0.561290372445723
2184 0.560819876662333
2185 0.560123350246123
2186 0.559371277908646
2187 0.558493799098849
2188 0.557263234781033
2189 0.556340839989535
2190 0.55546784965159
2191 0.554682874257071
2192 0.554221617438645
2193 0.553580268239613
2194 0.55293102706423
2195 0.552145594195202
2196 0.551330591491157
2197 0.550418019496941
2198 0.549530217109314
2199 0.548583624929222
2200 0.547705018804464
2201 0.546827640813938
2202 0.545960937146274
2203 0.545044442708115
2204 0.544327619720098
2205 0.543553270169764
2206 0.543152165863024
2207 0.543003712058334
2208 0.543015661498631
2209 0.543241518720094
2210 0.543723214582574
2211 0.54459780562541
2212 0.545343777530809
2213 0.546372250823987
2214 0.547209326256695
2215 0.547973691838396
2216 0.5486468980541
2217 0.549246360769087
2218 0.549723454621436
2219 0.55040631934065
2220 0.550904235885153
2221 0.551240553996644
2222 0.551511304921527
2223 0.551831622171532
2224 0.5518417152279
2225 0.552212643739025
2226 0.552910459225689
2227 0.553411542280718
2228 0.553938083533307
2229 0.554356343990019
2230 0.554724165228218
2231 0.555047053761679
2232 0.555292063978681
2233 0.555529652010128
2234 0.555634494311491
2235 0.555888264423637
2236 0.556333048695662
2237 0.556514766599364
2238 0.556648421826673
2239 0.556769102841615
2240 0.556548710595605
2241 0.556562368576035
2242 0.556889348532417
2243 0.556983113735147
2244 0.556891552952033
2245 0.556973326540885
2246 0.557205026600013
2247 0.557331382896504
2248 0.557660739546994
2249 0.558052644366888
2250 0.558253180424583
2251 0.558232557819221
2252 0.55839104060935
2253 0.558618790743199
2254 0.558685293252341
2255 0.55871628502135
2256 0.558754841729684
2257 0.558648179258183
2258 0.558726336160112
2259 0.558858878557558
2260 0.559049454078831
2261 0.559372264537969
2262 0.559589043052918
2263 0.559812723371805
2264 0.560115638407896
2265 0.560523872563997
2266 0.560685103890406
2267 0.560785459215333
2268 0.560860300544305
2269 0.560658987195494
2270 0.56060189279945
2271 0.560606188659895
2272 0.560703841604486
2273 0.560917514283546
2274 0.561019104990944
2275 0.561300246622182
2276 0.561329691318774
2277 0.561059878543946
2278 0.560851669779399
2279 0.560606771189324
2280 0.560417142241408
2281 0.560121234795312
2282 0.559678527803891
2283 0.559593101079875
2284 0.559489260084555
2285 0.559510363531414
2286 0.559957844517004
2287 0.560014051763845
2288 0.559780639529782
2289 0.559865657911575
2290 0.5600486641421
2291 0.560069774412119
2292 0.560293983130747
2293 0.560153259293807
2294 0.559576888830127
2295 0.559427517656591
2296 0.559273200398753
2297 0.55921077205285
2298 0.559522514299034
2299 0.559482016208053
2300 0.559296565983756
2301 0.559084069035146
2302 0.558602583818421
2303 0.558381938546538
2304 0.558353857009019
2305 0.558128050970135
2306 0.557669909781604
2307 0.557697827618854
2308 0.558253209532197
2309 0.558133459104901
2310 0.557934131377116
2311 0.557766613748942
2312 0.556797070111362
2313 0.556326932305126
2314 0.556431087549358
2315 0.556491841795085
2316 0.556810596969137
2317 0.556817024375078
2318 0.556570921300038
2319 0.556596028779348
2320 0.556868019796964
2321 0.556446734928634
2322 0.556326057327547
2323 0.556462144564923
2324 0.555675822546653
2325 0.555122909270032
2326 0.555098779572793
2327 0.554881046339649
2328 0.554710037142234
2329 0.554621118592879
2330 0.554164866282342
2331 0.553390711755209
2332 0.552856471483086
2333 0.552556851874892
2334 0.552627138096614
2335 0.552910335811359
2336 0.552942949411242
2337 0.553217271664773
2338 0.553047989567955
2339 0.552314159254784
2340 0.552287431480426
2341 0.552666654429505
2342 0.552386585311627
2343 0.55216484464236
2344 0.551681951784041
2345 0.550423870582857
2346 0.549863220007318
2347 0.549705058840777
2348 0.5492971001628
2349 0.54877984692515
2350 0.548540896263788
2351 0.548438377719715
2352 0.548325077902607
2353 0.548680140242718
2354 0.548450594647841
2355 0.547546051586294
2356 0.547386585692702
2357 0.547395063849401
2358 0.5472037596296
2359 0.547460445879736
2360 0.547504198030955
2361 0.547179413828594
2362 0.547104981514769
2363 0.547115554243821
2364 0.547337840218756
2365 0.547607518343302
2366 0.547762969221812
2367 0.548550194316236
2368 0.548454314058922
2369 0.547610405546272
2370 0.54706029605775
2371 0.545881414033773
2372 0.54560764911271
2373 0.546096601902096
2374 0.546101211952242
2375 0.54665140714777
2376 0.546330616499721
2377 0.544868011385568
2378 0.544253060061214
2379 0.543564075010378
2380 0.543383370340919
2381 0.544389655161148
2382 0.544272101034712
2383 0.543606435166024
2384 0.543157549851627
2385 0.542426786143655
2386 0.541339302391955
2387 0.539695207489423
2388 0.539224612874878
2389 0.538870703838327
2390 0.53872727745565
2391 0.54022977220038
2392 0.540348880002915
2393 0.539163969047652
2394 0.538907276671736
2395 0.538968584821966
2396 0.538756897394303
2397 0.538769875266359
2398 0.538556745345869
2399 0.537894445334638
2400 0.537480373291448
2401 0.537148601225375
2402 0.537007492031871
2403 0.537010923174908
2404 0.536791466763066
2405 0.536637951401872
2406 0.536453424324908
2407 0.536169091310098
2408 0.535646102334974
2409 0.534968855410798
2410 0.534854454149942
2411 0.535066484946769
2412 0.534711583974335
2413 0.534669908188294
2414 0.533906559550771
2415 0.531667309463894
2416 0.530479575715933
2417 0.529797041609197
2418 0.529006419910872
2419 0.528426479433282
2420 0.528218682321289
2421 0.528009701540641
2422 0.528019990546344
2423 0.528684804574491
2424 0.529094891555889
2425 0.529881538367572
2426 0.529596039031341
2427 0.52895042422807
2428 0.527310970134678
2429 0.524503033665847
2430 0.522019668350323
2431 0.517747294625576
2432 0.517536361238731
2433 0.519726838768863
2434 0.520159950313476
2435 0.522967857112138
2436 0.522969598264619
2437 0.520083369554933
2438 0.518676754483086
2439 0.517136054482986
2440 0.516788485950114
2441 0.516739475705214
2442 0.516897472262997
2443 0.518279368782219
2444 0.518492082666762
2445 0.517424382034066
2446 0.514968714808701
2447 0.512522588590974
2448 0.510829781075426
2449 0.5102446820064
2450 0.512374621811206
2451 0.51481722119197
2452 0.515764158331863
2453 0.515029083916889
2454 0.514228159148027
2455 0.513043550508435
2456 0.510050172118027
2457 0.508123606490626
2458 0.507027481390469
2459 0.506230211875502
2460 0.508643688590244
2461 0.511669134961532
2462 0.511403606525856
2463 0.510700509553722
2464 0.508303064878413
2465 0.506780966063563
2466 0.505250213231467
2467 0.504539152003483
2468 0.504672458709983
2469 0.504838055803362
2470 0.507095225801261
2471 0.507260914712963
2472 0.505625585481328
2473 0.504735237907672
2474 0.502074586504287
2475 0.500913149983447
2476 0.502205132865328
2477 0.501931671589724
2478 0.500905684687614
2479 0.501251655855367
2480 0.501482074641791
2481 0.500435493196197
2482 0.499869829358553
2483 0.499792976769414
2484 0.498704042641288
2485 0.498045828416806
2486 0.499171876107744
2487 0.498567175171822
2488 0.496625816849194
2489 0.494884017374207
2490 0.491914739647792
2491 0.489149166154541
2492 0.488973626034883
2493 0.487181116686871
2494 0.488290103428195
2495 0.487656849062435
2496 0.48558881839932
2497 0.486132632097738
2498 0.488356678004788
2499 0.492147493637683
2500 0.49333766030373
