"Wavelength" "M034a_m4-w3"
350 0.104859735116391
351 0.104809766342062
352 0.100254314978178
353 0.0950023266236327
354 0.0946180088918722
355 0.0946018196952943
356 0.0961419695359132
357 0.0975722149323818
358 0.0955346368986279
359 0.0994413454006902
360 0.0987355747178667
361 0.0917286446510605
362 0.0971635343946447
363 0.100925002971618
364 0.0989530407185608
365 0.0928555588594477
366 0.0935828167479849
367 0.0940232916071472
368 0.092906527799457
369 0.0928499299319967
370 0.0962773947437001
371 0.0968156383834004
372 0.0934557266447793
373 0.0925939042921766
374 0.0944724611300293
375 0.0939787415331981
376 0.0897804755302195
377 0.0934738673704864
378 0.0937619631068328
379 0.092450672817005
380 0.0951865610629641
381 0.095841482823069
382 0.0942864375591428
383 0.0925900055231477
384 0.0939505778788163
385 0.0904197268581144
386 0.0887485299335282
387 0.0924347264905357
388 0.0938062242129794
389 0.0932263890058444
390 0.0924175724547302
391 0.0929489840850839
392 0.0925910442781884
393 0.0917566307844637
394 0.0912472478684315
395 0.0919349302623398
396 0.0930844614825012
397 0.0934987916067197
398 0.092903857080347
399 0.0926071392243735
400 0.0937300489375609
401 0.0945574479702628
402 0.0933978870445144
403 0.0924227491080109
404 0.0932147238496395
405 0.0944232527913643
406 0.0930220274416993
407 0.0933403335180119
408 0.094069990033294
409 0.0941228662041015
410 0.0943194183843692
411 0.0947066382819094
412 0.0952625743880756
413 0.0957310504495223
414 0.0948978415311986
415 0.0950390866250218
416 0.0962604783691701
417 0.0968145097792885
418 0.0962791935966662
419 0.0959104945181806
420 0.0963741296272171
421 0.0965386087052714
422 0.0971280824429694
423 0.0978671376679204
424 0.0982423685437533
425 0.0984331224606819
426 0.0985392855412227
427 0.0985679873197292
428 0.0984623061930137
429 0.0989011850551008
430 0.0996318408466697
431 0.10024519405536
432 0.100406563498238
433 0.100695104622581
434 0.101165982649625
435 0.101564938608294
436 0.101301686150511
437 0.101400437847795
438 0.102056707333517
439 0.102306747398661
440 0.102314808053673
441 0.102415167428577
442 0.10284376924518
443 0.103352346411871
444 0.103881999356781
445 0.10433887002188
446 0.104654199230081
447 0.105126615152414
448 0.105558311562355
449 0.105766384306626
450 0.105657452460055
451 0.10609335127813
452 0.106491243111918
453 0.106248500730818
454 0.106860660248095
455 0.107278725680922
456 0.10734801745564
457 0.107724018570648
458 0.108068133939403
459 0.108139375418116
460 0.108043102486487
461 0.10868262857587
462 0.109245943532201
463 0.109527784719815
464 0.109615530611502
465 0.109642263345439
466 0.110062328939271
467 0.110698897254096
468 0.110604533356448
469 0.11049187087413
470 0.110621563405247
471 0.111046470138927
472 0.111582043118427
473 0.111839139145866
474 0.11192759861932
475 0.112232937812924
476 0.11211492806316
477 0.112244323244897
478 0.112849795746634
479 0.112985909214953
480 0.113080008343202
481 0.11338801901687
482 0.113966410173033
483 0.114018289585506
484 0.11433103445553
485 0.114977487453607
486 0.115181959953445
487 0.115598925261698
488 0.116003430362228
489 0.116164941546138
490 0.116417592847154
491 0.116717994715104
492 0.116987773061875
493 0.117159293975178
494 0.117532953578771
495 0.117903878991408
496 0.118187252280296
497 0.118633879894191
498 0.119169927983334
499 0.119666666567022
500 0.119995100911786
501 0.120121292675664
502 0.120430000037565
503 0.120938416120108
504 0.121256940772172
505 0.121622265197668
506 0.121993248686806
507 0.122329256776918
508 0.122784682699782
509 0.123222810516519
510 0.123583584340465
511 0.123869470462919
512 0.124153618278681
513 0.124520895245632
514 0.124975302350075
515 0.125372545389845
516 0.125769745094814
517 0.12614158408514
518 0.126462375805965
519 0.126850950922385
520 0.127359703918399
521 0.127883300816467
522 0.128136184353738
523 0.128545325533136
524 0.128996146942977
525 0.129337625142311
526 0.129815083895655
527 0.130298559806688
528 0.130706288205228
529 0.131019004789508
530 0.131539703831162
531 0.132062983170395
532 0.132451656144241
533 0.13293746992114
534 0.133399690986544
535 0.133811836877279
536 0.134195608732495
537 0.134594092590613
538 0.135084253233002
539 0.135624217763142
540 0.135983435997092
541 0.136440422312119
542 0.136963979365326
543 0.137452133062819
544 0.137961076156678
545 0.138410869135712
546 0.138820871125948
547 0.139308581665169
548 0.139740516158287
549 0.140198407654431
550 0.140752927918097
551 0.14129854075595
552 0.141877670819036
553 0.142460082594694
554 0.142977894291251
555 0.1435073471788
556 0.144034159590436
557 0.144572901210081
558 0.145238475652959
559 0.145851788263683
560 0.146394132039813
561 0.146906536603166
562 0.147343558963258
563 0.147800563985848
564 0.148282065791006
565 0.148656848607496
566 0.148988744647638
567 0.14931634071883
568 0.149666720471027
569 0.15003249913263
570 0.150441763554253
571 0.150886698239401
572 0.151327933826471
573 0.151819314028712
574 0.152336744990468
575 0.152865331334946
576 0.153487538655392
577 0.153927034310771
578 0.154242818499702
579 0.15467927443578
580 0.155123236756411
581 0.155512528721128
582 0.155838924513976
583 0.156183194928531
584 0.156522762813806
585 0.156844042410502
586 0.157156621270273
587 0.157586698993233
588 0.158033641397085
589 0.158468361172748
590 0.158967681821555
591 0.1592915440318
592 0.159586433487611
593 0.16002360996756
594 0.160448137799076
595 0.160840783949551
596 0.161211599649487
597 0.161592577693407
598 0.161955462891367
599 0.162351979816686
600 0.162791387923326
601 0.163137031719866
602 0.163471429130299
603 0.163816099030182
604 0.164170466110633
605 0.164605378254576
606 0.165036067341792
607 0.165381852774839
608 0.165575313128073
609 0.165945048594663
610 0.166397789302044
611 0.166733731165249
612 0.167051812824704
613 0.167407428665944
614 0.167816199047362
615 0.168251842450475
616 0.168628672190352
617 0.168990486450293
618 0.169382130948565
619 0.169727526582197
620 0.170083733706175
621 0.170465589514337
622 0.170850970370162
623 0.171170728993958
624 0.171489216451135
625 0.171860585307365
626 0.172263978669625
627 0.17269174880298
628 0.173118146087976
629 0.173509551751258
630 0.173841262580951
631 0.174170955775888
632 0.174545643161547
633 0.174986056215738
634 0.175410598706502
635 0.175772084845128
636 0.176071024629907
637 0.176448695281741
638 0.176850048009229
639 0.177255857988001
640 0.177688462128644
641 0.178062527784375
642 0.17844216462896
643 0.178883338205624
644 0.17932981760689
645 0.179711268685484
646 0.180054914779474
647 0.180447876427289
648 0.180894744999817
649 0.181376947724205
650 0.181849438057428
651 0.182214514499319
652 0.18260534672572
653 0.183027465868558
654 0.183435448156079
655 0.18378797508379
656 0.184198538783828
657 0.184679187715707
658 0.185107890362816
659 0.185544612946684
660 0.185988966907658
661 0.186436949094832
662 0.186935197352846
663 0.187345461431174
664 0.187718079938621
665 0.188228643658643
666 0.188673646930294
667 0.189099795495857
668 0.189551681083708
669 0.189972367471168
670 0.190386676219141
671 0.190837413011363
672 0.191351432331717
673 0.191770156816037
674 0.192242142242926
675 0.192793420321769
676 0.19324427049589
677 0.19370300595221
678 0.19416602120996
679 0.194607256440181
680 0.195024574471729
681 0.195499996348093
682 0.196026657049984
683 0.196523422057674
684 0.196974120541557
685 0.197415953291021
686 0.197890024532929
687 0.198429067002377
688 0.198907672354535
689 0.199334390821754
690 0.199783185679064
691 0.200280792124045
692 0.200816068591522
693 0.201338175836529
694 0.20174628852327
695 0.202207991070892
696 0.202747952148758
697 0.203319830217703
698 0.203785683120191
699 0.204214645606234
700 0.204684022837048
701 0.205258519602169
702 0.205791232310875
703 0.206286714555596
704 0.206780033556013
705 0.207314298954174
706 0.207843639703759
707 0.20836117840854
708 0.208875070152022
709 0.209371792953098
710 0.209874129109825
711 0.210402262750206
712 0.210968877641053
713 0.211471051807215
714 0.211967001016814
715 0.21252414931432
716 0.213078519275345
717 0.213620084250114
718 0.214147376934026
719 0.214666827438772
720 0.215199406850761
721 0.215756546294599
722 0.216337675454603
723 0.216931710307752
724 0.217460242582373
725 0.217976186909464
726 0.218548760632739
727 0.219036315481372
728 0.219589950457732
729 0.220198157352824
730 0.220675616768815
731 0.221190899599687
732 0.221755999189569
733 0.222344456810031
734 0.222928810271512
735 0.223445373408035
736 0.223925290731041
737 0.224451422117244
738 0.225076660076543
739 0.22565588390646
740 0.226148503973743
741 0.226683704133046
742 0.227256337459566
743 0.227817100558762
744 0.2283389889773
745 0.228933330453432
746 0.229524104861515
747 0.230075126972997
748 0.230582628995134
749 0.231046351675059
750 0.231577392311554
751 0.232195714136198
752 0.232741313060698
753 0.23332741781959
754 0.233899675087188
755 0.234392110782094
756 0.234912867596744
757 0.235479071014927
758 0.23606149582149
759 0.236599936801391
760 0.237143372164158
761 0.23768608383053
762 0.238232040309074
763 0.238825367614293
764 0.239431881160001
765 0.240010301141062
766 0.240531651879905
767 0.241051696018075
768 0.241518488488815
769 0.242001045108854
770 0.242663569125229
771 0.243303397774209
772 0.243894890771166
773 0.244446900031236
774 0.244960219698516
775 0.245543604859081
776 0.246141413323579
777 0.246660514299718
778 0.247164864402549
779 0.247693287223664
780 0.248264014320921
781 0.248872758001653
782 0.249446773092982
783 0.250038366428665
784 0.250643248903905
785 0.251061619277566
786 0.251593566766676
787 0.252201383004499
788 0.252750416391485
789 0.253327755839009
790 0.253852813791762
791 0.254335144059248
792 0.254870246474398
793 0.255512101428911
794 0.256142056023911
795 0.25667084544227
796 0.257115207246692
797 0.257702748911124
798 0.258306462255789
799 0.258767987341514
800 0.259382282682767
801 0.259974311741152
802 0.260480382941279
803 0.26094829088291
804 0.261521583560139
805 0.262129015792344
806 0.262701621143112
807 0.263228474190469
808 0.263750995609048
809 0.264292544909666
810 0.264867863417558
811 0.265499621354962
812 0.266092203667566
813 0.266592616276958
814 0.267010016927648
815 0.267571678937336
816 0.268091830615104
817 0.268546121680053
818 0.26914224143506
819 0.269709277826143
820 0.270262373062711
821 0.27082725089577
822 0.271349935423406
823 0.271892012645476
824 0.272437964478147
825 0.272959126354594
826 0.273511976592034
827 0.274111765156179
828 0.274702507880536
829 0.27518875158013
830 0.275675394965321
831 0.276199764014555
832 0.276756632641361
833 0.277292268077013
834 0.277829557901169
835 0.278375828820628
836 0.278923223996849
837 0.279423198477738
838 0.279933944622256
839 0.280462026943102
840 0.280990760217154
841 0.281537611572015
842 0.282072777111559
843 0.282594492518956
844 0.283128234654618
845 0.283639818342136
846 0.284129779280457
847 0.28461280555925
848 0.28511417296768
849 0.285672457827662
850 0.286234348809829
851 0.286745947610013
852 0.287233563763359
853 0.287745301336794
854 0.288245450825252
855 0.288681247901122
856 0.289132463784061
857 0.289623884032164
858 0.290150555040124
859 0.29068712374098
860 0.291240428764235
861 0.29182581444963
862 0.292419720576961
863 0.292947060085564
864 0.293442288883991
865 0.293898604800714
866 0.294355713805394
867 0.295000979623997
868 0.295508665860064
869 0.295966029325918
870 0.296524491888844
871 0.296942147386205
872 0.297441823240741
873 0.298025262445934
874 0.298558079262767
875 0.299005140030705
876 0.29942056077988
877 0.29987218237475
878 0.300416383119793
879 0.300955138642273
880 0.301497632535162
881 0.302040281414227
882 0.302537857208031
883 0.302965232906244
884 0.303471479438052
885 0.30410097812728
886 0.304557884913476
887 0.305046875169002
888 0.305563066753281
889 0.306054174994054
890 0.306555436394952
891 0.307015853922618
892 0.307483316349617
893 0.308036161834647
894 0.308643089201338
895 0.309203180748029
896 0.309652604328852
897 0.309993423848882
898 0.310422132431295
899 0.310940560098416
900 0.311491504268481
901 0.311991631900277
902 0.312517380154416
903 0.31308536062414
904 0.313681400378704
905 0.314262067884669
906 0.314724288766159
907 0.315093197045762
908 0.315472125409333
909 0.316043643092058
910 0.316683850246362
911 0.317224069148519
912 0.317602519640513
913 0.31808907340752
914 0.31862023198981
915 0.319117724301263
916 0.319528660781441
917 0.319911827215123
918 0.32048282200152
919 0.321168210491781
920 0.321764502597101
921 0.322267011200609
922 0.322710200749977
923 0.323102576237425
924 0.323454196890707
925 0.32389294052583
926 0.324389928379106
927 0.324922563362675
928 0.325474712981153
929 0.325956212568675
930 0.326364858497348
931 0.326785997494946
932 0.327351475497388
933 0.327933507922113
934 0.32834542984808
935 0.328696499801607
936 0.329407759740443
937 0.330209865529808
938 0.33080691665864
939 0.331162768770313
940 0.331598137264299
941 0.33210590107004
942 0.332533443855097
943 0.332862203182435
944 0.333332417598577
945 0.333892849900499
946 0.334391463606354
947 0.334781507133208
948 0.335243787859625
949 0.335710075227986
950 0.33617665234286
951 0.336678110597652
952 0.337296339729245
953 0.337741403203606
954 0.338172169616926
955 0.338735628855348
956 0.339282328918635
957 0.339779881219172
958 0.340189491068289
959 0.340543597329051
960 0.34101079732667
961 0.341599419826522
962 0.342167654624965
963 0.342629823514187
964 0.34314479909057
965 0.343605227057398
966 0.344027717979098
967 0.344446983076085
968 0.344850398194885
969 0.345344512576649
970 0.345942480492812
971 0.346563412204656
972 0.347004322806563
973 0.347373807213942
974 0.347774830212298
975 0.348214973989118
976 0.348499359327485
977 0.348915957380367
978 0.349466330689315
979 0.350045858215193
980 0.35052241736773
981 0.350911519781894
982 0.351363150888421
983 0.351922694373954
984 0.352384261406365
985 0.352657495089039
986 0.353053925256
987 0.353748217324303
988 0.354508389149071
989 0.354810099387316
990 0.355065181068045
991 0.355560930417884
992 0.356085613686072
993 0.356506270065652
994 0.356912971561564
995 0.357337692918834
996 0.357695313826701
997 0.35808955402643
998 0.358530239265982
999 0.359036028197277
1000 0.359607332715704
1001 0.354216581859731
1002 0.354615952548141
1003 0.35489826239786
1004 0.35530722243612
1005 0.355769314099386
1006 0.356189899663153
1007 0.356631409240296
1008 0.357115131190346
1009 0.357542589589967
1010 0.357958417865166
1011 0.358390322201231
1012 0.358774959630289
1013 0.359218152586031
1014 0.359650973622046
1015 0.360021879650284
1016 0.360472336188744
1017 0.360899073600858
1018 0.361284348760973
1019 0.361680497131304
1020 0.362125362991527
1021 0.362498147271821
1022 0.362862433493029
1023 0.36320319270007
1024 0.36354687166899
1025 0.363903748807536
1026 0.364228898974832
1027 0.364632297348632
1028 0.365103588983491
1029 0.365565032774202
1030 0.36601803539514
1031 0.366439482050529
1032 0.36682838100057
1033 0.367123785033234
1034 0.367478901357135
1035 0.367842100936371
1036 0.368232980184766
1037 0.368607535869123
1038 0.369038098523901
1039 0.369456284113531
1040 0.369786212442802
1041 0.370148955017306
1042 0.37055937498047
1043 0.370982545289148
1044 0.371417963435839
1045 0.371765824943604
1046 0.372129143679281
1047 0.372536439091777
1048 0.37295575935434
1049 0.373359327103955
1050 0.373809206047364
1051 0.374212644892385
1052 0.374580734339786
1053 0.374939247419025
1054 0.375337065156564
1055 0.375773306091477
1056 0.376120312487274
1057 0.376494787722416
1058 0.376861424336259
1059 0.377202973991594
1060 0.377591895739603
1061 0.377977262365633
1062 0.378375470598284
1063 0.378801172124752
1064 0.379203860965097
1065 0.379579756609862
1066 0.379928217865178
1067 0.380227579190173
1068 0.380538083834258
1069 0.380857159612392
1070 0.38119537059396
1071 0.381551146796697
1072 0.381892781319636
1073 0.382215296244087
1074 0.382572464429751
1075 0.38297094231117
1076 0.383293648479534
1077 0.383578900078523
1078 0.383866228135711
1079 0.384189942686887
1080 0.384490401638128
1081 0.384891676502599
1082 0.385329817297412
1083 0.385691148532063
1084 0.385998818439604
1085 0.386261983299235
1086 0.386578103727074
1087 0.386897024531754
1088 0.387190224114265
1089 0.387483357167911
1090 0.387729662943262
1091 0.388024830550854
1092 0.388335690516838
1093 0.388643589875114
1094 0.388968647521952
1095 0.38933253227164
1096 0.3896555324153
1097 0.389912689803151
1098 0.390223707046051
1099 0.390564927005937
1100 0.390881541898208
1101 0.391235938261683
1102 0.391582446785191
1103 0.391865874875053
1104 0.392153874562925
1105 0.392460252652019
1106 0.392771053003077
1107 0.393122963206695
1108 0.393431473313
1109 0.393724721729145
1110 0.393988551071203
1111 0.394280285473419
1112 0.394581910639206
1113 0.39490208898665
1114 0.395235531941483
1115 0.395526087269817
1116 0.395784206731217
1117 0.396080084553716
1118 0.396402743215326
1119 0.396737070745791
1120 0.39708897051133
1121 0.397436571810167
1122 0.397791253801288
1123 0.398117234265808
1124 0.398439739423718
1125 0.398748370694576
1126 0.399018467134403
1127 0.399319992955849
1128 0.399639803646275
1129 0.399952535180877
1130 0.400290167059273
1131 0.40061320002298
1132 0.400925931225604
1133 0.40126951871021
1134 0.401623848569242
1135 0.401965677674018
1136 0.402264674346704
1137 0.40252683558273
1138 0.402802967142535
1139 0.403031344689261
1140 0.403321581143557
1141 0.403656557251604
1142 0.403976987785598
1143 0.404327670887575
1144 0.404653098119067
1145 0.404922734650102
1146 0.405196292887181
1147 0.405471872116668
1148 0.405708008365914
1149 0.405968905242107
1150 0.406290547940761
1151 0.406611646039255
1152 0.40691174594523
1153 0.407205647556263
1154 0.40749600178372
1155 0.407780768957517
1156 0.408057019224699
1157 0.408329069394946
1158 0.408586304277197
1159 0.408865207038874
1160 0.409144295297072
1161 0.40942957363775
1162 0.409715308232406
1163 0.410010277468996
1164 0.410355489346997
1165 0.410699958285676
1166 0.411037726798129
1167 0.411404253412784
1168 0.411736504584165
1169 0.412018959307729
1170 0.412300996833025
1171 0.412585390602372
1172 0.412863255074449
1173 0.413103747305052
1174 0.413357627530147
1175 0.413611820033257
1176 0.413879023824629
1177 0.414146294669301
1178 0.414428748044768
1179 0.414738421737206
1180 0.415043145234032
1181 0.415320953433456
1182 0.41560005849673
1183 0.415924456141796
1184 0.416215484855864
1185 0.416470163189864
1186 0.416729282106929
1187 0.41699104260346
1188 0.417213038660909
1189 0.417473029902367
1190 0.417769497264143
1191 0.418056169028356
1192 0.41834946399918
1193 0.41861738956507
1194 0.418887488188576
1195 0.419147062026732
1196 0.419381155942028
1197 0.419616498960237
1198 0.419859090039338
1199 0.4200899604477
1200 0.420295201045852
1201 0.420479686502884
1202 0.42068456568365
1203 0.420923665335551
1204 0.421132344925992
1205 0.421336309558077
1206 0.421554070977515
1207 0.421759910996396
1208 0.421972888688159
1209 0.422228067800251
1210 0.422441861623759
1211 0.422607381762275
1212 0.422809738626387
1213 0.423011323130223
1214 0.423227232757075
1215 0.423480194993416
1216 0.423713947050889
1217 0.423961422637028
1218 0.424160156136708
1219 0.4243503154865
1220 0.424605733036606
1221 0.424831779711324
1222 0.425074107398738
1223 0.42527656807747
1224 0.425459606596488
1225 0.42563169698999
1226 0.425753570681148
1227 0.425926447697727
1228 0.426105493907034
1229 0.426313234328664
1230 0.42656644311821
1231 0.426799771870163
1232 0.427033919854026
1233 0.4272830122508
1234 0.427547722440649
1235 0.427794352810237
1236 0.42805794580885
1237 0.428306171816543
1238 0.428508820702446
1239 0.428668868089307
1240 0.42884169808428
1241 0.42898981755853
1242 0.429149265686142
1243 0.429298708659474
1244 0.429477572466336
1245 0.429670459346058
1246 0.429858059671995
1247 0.430049892929122
1248 0.430266036996561
1249 0.430511128695115
1250 0.430710666501323
1251 0.430930874497922
1252 0.431117380871602
1253 0.431222257610954
1254 0.431377040327094
1255 0.431524045627993
1256 0.431714260150268
1257 0.431952425217494
1258 0.432189922585833
1259 0.432434331167484
1260 0.432727473795663
1261 0.43294741106849
1262 0.433127529535514
1263 0.433338046065422
1264 0.433516565632556
1265 0.433740317009831
1266 0.434019756085659
1267 0.434245012380161
1268 0.434455789416861
1269 0.434669181733377
1270 0.434850879257425
1271 0.435059137138222
1272 0.435303490226813
1273 0.435512544513531
1274 0.435705565647456
1275 0.435897639904709
1276 0.436062917210358
1277 0.436241280064064
1278 0.436415745156418
1279 0.436618670705484
1280 0.436803168598689
1281 0.4369802182589
1282 0.437172632117185
1283 0.4373709362195
1284 0.43756476051931
1285 0.437782523247971
1286 0.437956837501926
1287 0.438098018681532
1288 0.438258935824221
1289 0.43840509471
1290 0.438558911406475
1291 0.438733310379098
1292 0.438889087985334
1293 0.439020772648644
1294 0.439170009686626
1295 0.439343585240437
1296 0.439483745544521
1297 0.439597755358746
1298 0.439733398442325
1299 0.439877133306139
1300 0.439987148002816
1301 0.440110121092908
1302 0.440254078740051
1303 0.440377158140667
1304 0.440474118871024
1305 0.440590170936851
1306 0.440709744437792
1307 0.440842378249469
1308 0.440974468215212
1309 0.441121673192273
1310 0.441295894077004
1311 0.441452760564762
1312 0.441619477628913
1313 0.441762825145731
1314 0.441901746597399
1315 0.442017771487653
1316 0.442111811015675
1317 0.442197624657359
1318 0.442239911591445
1319 0.442319430299837
1320 0.442400076358285
1321 0.44249898118359
1322 0.442613911227563
1323 0.442756639486802
1324 0.442908554640627
1325 0.443079255924996
1326 0.443236775200579
1327 0.443413504613081
1328 0.44356697686019
1329 0.443708505123482
1330 0.44383977798214
1331 0.443943585208252
1332 0.444090449672305
1333 0.444239276168904
1334 0.444403766258036
1335 0.444616546824051
1336 0.444795233815522
1337 0.444960082291797
1338 0.445125814546867
1339 0.445290618527827
1340 0.445444809559133
1341 0.445577553026624
1342 0.445734166431424
1343 0.445897739281136
1344 0.446059107863933
1345 0.446260265592601
1346 0.446419391719222
1347 0.446532527331842
1348 0.446674463942713
1349 0.44679356209533
1350 0.446882327249103
1351 0.447006394234405
1352 0.447152053934309
1353 0.447271390034769
1354 0.447405750425363
1355 0.44749548325974
1356 0.447538067680749
1357 0.447615319321038
1358 0.447689256488161
1359 0.447760923621981
1360 0.447831188069749
1361 0.447925955568487
1362 0.447986665356143
1363 0.448124183579946
1364 0.448334138172075
1365 0.44852946311338
1366 0.448786100996185
1367 0.448992082140093
1368 0.449166415823573
1369 0.449348926732174
1370 0.4495500289272
1371 0.449691830778366
1372 0.449820159215305
1373 0.449917793887072
1374 0.449953453409511
1375 0.449950413192814
1376 0.449907562125809
1377 0.449830106019053
1378 0.449722853168853
1379 0.449555112911556
1380 0.449404600585903
1381 0.44923469381042
1382 0.449069873294188
1383 0.44888320007116
1384 0.448733405939803
1385 0.448615233948564
1386 0.448460474319882
1387 0.448332579536655
1388 0.44815029189528
1389 0.44795734707642
1390 0.447689097167597
1391 0.447370346175965
1392 0.447020599837268
1393 0.446591116268264
1394 0.446164154356288
1395 0.445701464672613
1396 0.445256216114765
1397 0.444812839332796
1398 0.444348239768948
1399 0.44388094428439
1400 0.443410718831671
1401 0.442911210587651
1402 0.442427670582879
1403 0.441933100107274
1404 0.441457292516044
1405 0.440977983776099
1406 0.440498506309695
1407 0.440005141037404
1408 0.439481659579336
1409 0.439049376315837
1410 0.438586728693314
1411 0.438283486248493
1412 0.438083432052607
1413 0.437948483628313
1414 0.437882025421365
1415 0.437923245019821
1416 0.438037245856772
1417 0.438267305813398
1418 0.438657073254492
1419 0.43903074157414
1420 0.439509199800061
1421 0.439948192239943
1422 0.44039734553633
1423 0.440839629867396
1424 0.441320487526028
1425 0.441734620252095
1426 0.442088552113773
1427 0.442471819207646
1428 0.442819655802102
1429 0.443184993863523
1430 0.443599083574992
1431 0.443982327231059
1432 0.444331074880909
1433 0.444702314167731
1434 0.445097029925674
1435 0.445456452863093
1436 0.445794596614049
1437 0.446127354490758
1438 0.446448595955523
1439 0.446734598337598
1440 0.447032346358382
1441 0.447350246603661
1442 0.447619765283431
1443 0.447850245919095
1444 0.448102290360461
1445 0.448342221004576
1446 0.448587160744415
1447 0.448830567332526
1448 0.449090795452074
1449 0.449369741912372
1450 0.449617937596018
1451 0.449883205760093
1452 0.450106486392665
1453 0.450276280858981
1454 0.450467233456155
1455 0.450664830121062
1456 0.450836517367577
1457 0.45099477490903
1458 0.451148035584165
1459 0.451253263283614
1460 0.451409897593466
1461 0.451610275910857
1462 0.451780551573662
1463 0.451960195201793
1464 0.452136471779252
1465 0.452265287974592
1466 0.452440810113028
1467 0.452648066618344
1468 0.452861880372771
1469 0.453093127676859
1470 0.453344477870487
1471 0.453595559574134
1472 0.453875559484952
1473 0.454176296077882
1474 0.454488670396111
1475 0.454779190540282
1476 0.455077716818907
1477 0.455352786410521
1478 0.455612783924202
1479 0.45584593825626
1480 0.45605881696697
1481 0.456276060487376
1482 0.456468082964411
1483 0.456671428970268
1484 0.456888277683922
1485 0.457083107987151
1486 0.457256555434359
1487 0.457443008644737
1488 0.457631629075198
1489 0.457814210062274
1490 0.457990066789341
1491 0.458182545567332
1492 0.458359385103536
1493 0.458575319551295
1494 0.458841746179276
1495 0.459069543863526
1496 0.459295657693454
1497 0.459529045465466
1498 0.45975917845177
1499 0.459968665288761
1500 0.460182695871824
1501 0.460384734334024
1502 0.460538682236942
1503 0.460729569644829
1504 0.460944608137089
1505 0.461155665923375
1506 0.461381223109312
1507 0.461597152409943
1508 0.461820386613026
1509 0.46202381023053
1510 0.462228363484649
1511 0.462404542897787
1512 0.462553579605322
1513 0.46269041572491
1514 0.462778795153015
1515 0.462897972426385
1516 0.463013733418769
1517 0.463143112782387
1518 0.463333285967991
1519 0.463521054103125
1520 0.463703417883529
1521 0.463934372191832
1522 0.464146605415932
1523 0.464356797597424
1524 0.464569562402792
1525 0.464800798516674
1526 0.464995243364299
1527 0.465186448700223
1528 0.465329878496235
1529 0.465428952552222
1530 0.465551607368978
1531 0.465656700523774
1532 0.465754470353031
1533 0.465846510500989
1534 0.465964424362909
1535 0.466061927374544
1536 0.466197934354757
1537 0.466391741376468
1538 0.466544920466296
1539 0.46668325614097
1540 0.466837049744418
1541 0.466997262531105
1542 0.467142092644537
1543 0.467265810995439
1544 0.467438385442047
1545 0.467630612651923
1546 0.467811424560494
1547 0.468049090589
1548 0.468219444694842
1549 0.468351231058402
1550 0.46846177326352
1551 0.468537919215673
1552 0.468611066148637
1553 0.468642312658443
1554 0.46870060755943
1555 0.468732077675891
1556 0.468835731976039
1557 0.468968659374995
1558 0.469139243324343
1559 0.469402066398919
1560 0.469613047471363
1561 0.469855031136222
1562 0.470034004538676
1563 0.470139852034181
1564 0.470289568257118
1565 0.470423352076665
1566 0.470567344329284
1567 0.470757991468493
1568 0.470908675139917
1569 0.471026318807966
1570 0.47115245682192
1571 0.471272051257083
1572 0.471386608553426
1573 0.471470550494064
1574 0.471602939558428
1575 0.4717795619489
1576 0.471918945692843
1577 0.472108280932498
1578 0.472228361852107
1579 0.472231994267066
1580 0.472310512823105
1581 0.47236311388519
1582 0.472483630916326
1583 0.472744006677996
1584 0.472908699329607
1585 0.47303647867657
1586 0.473187396342307
1587 0.473293042744381
1588 0.473409849793846
1589 0.473593453005219
1590 0.473723776954269
1591 0.473817283770381
1592 0.473889167518026
1593 0.473906200238297
1594 0.473947705263792
1595 0.473982528738948
1596 0.474017523915967
1597 0.474014699345393
1598 0.474095113688319
1599 0.474210935081662
1600 0.474359240344318
1601 0.474582674597365
1602 0.474813462091551
1603 0.475015347377667
1604 0.475203437376746
1605 0.475378240654644
1606 0.475559630253047
1607 0.47566933792688
1608 0.475728235046047
1609 0.475818868226531
1610 0.475866828783593
1611 0.475972327269131
1612 0.476123662255437
1613 0.476234776858089
1614 0.476341669825109
1615 0.476448233795656
1616 0.47654553796931
1617 0.476643641881912
1618 0.476736154734326
1619 0.476856163942921
1620 0.476984103379723
1621 0.477108342216932
1622 0.477256705988175
1623 0.47737951388977
1624 0.477477635520594
1625 0.477604602983001
1626 0.477745360600359
1627 0.477863843896513
1628 0.477976727368293
1629 0.478110843293996
1630 0.478239440541804
1631 0.478382698583133
1632 0.478566547342463
1633 0.478685253583032
1634 0.478778336093653
1635 0.478863251510869
1636 0.478903829119442
1637 0.478998114473416
1638 0.47911190593375
1639 0.479205078944963
1640 0.479322713004446
1641 0.479400917236503
1642 0.479442039672406
1643 0.479507478516704
1644 0.479561129713059
1645 0.479643776931732
1646 0.47972533831717
1647 0.479863538432555
1648 0.480051633056582
1649 0.480214868781513
1650 0.480395438017889
1651 0.480593365829954
1652 0.480799475491545
1653 0.480973164047669
1654 0.48117244031203
1655 0.481308809491416
1656 0.481413573496858
1657 0.48153264913072
1658 0.481680040547155
1659 0.481779999016462
1660 0.481832542338956
1661 0.481858500188045
1662 0.481875988942821
1663 0.48191360497921
1664 0.481975912554877
1665 0.482104059070876
1666 0.482262473581546
1667 0.482462638187845
1668 0.482692593857045
1669 0.48289173026076
1670 0.483034527326802
1671 0.483125649814282
1672 0.483199348203615
1673 0.483262218655567
1674 0.48336525067025
1675 0.483465195466809
1676 0.483583144651472
1677 0.483764815715245
1678 0.483927762036033
1679 0.48412237722832
1680 0.484317868018727
1681 0.484493373090772
1682 0.484644248361227
1683 0.484739773666071
1684 0.484875701123446
1685 0.484993645887834
1686 0.485115994938458
1687 0.485299583292616
1688 0.48544343909696
1689 0.48559415811706
1690 0.485740639099403
1691 0.485843892346392
1692 0.485948845940363
1693 0.485998855804991
1694 0.486007785078113
1695 0.486024636216623
1696 0.486042470646873
1697 0.486086477585569
1698 0.486161830692391
1699 0.486259071836226
1700 0.486373886722513
1701 0.486519525969443
1702 0.486663401215649
1703 0.486866429832873
1704 0.486987852378374
1705 0.487053607803331
1706 0.487127481247304
1707 0.487098202818182
1708 0.487174001862265
1709 0.487337951593104
1710 0.48746559896258
1711 0.487670233824618
1712 0.487809004472864
1713 0.487905181740296
1714 0.487967273745659
1715 0.487953989167166
1716 0.48796605624615
1717 0.487956459018725
1718 0.487975092779282
1719 0.48804795098856
1720 0.48806801424392
1721 0.488012915019019
1722 0.488054523801419
1723 0.488141258949073
1724 0.488190584043913
1725 0.488277844545236
1726 0.488387865630846
1727 0.488485812522725
1728 0.488565851095476
1729 0.48869847270157
1730 0.488758923603267
1731 0.488751181227855
1732 0.488746947034012
1733 0.488724241820972
1734 0.488725158260152
1735 0.488701504977362
1736 0.488665858284629
1737 0.488644001598335
1738 0.488633681875952
1739 0.488595704374248
1740 0.488642917772667
1741 0.488706382108762
1742 0.488717881311945
1743 0.488690976299768
1744 0.488685026446112
1745 0.4886965547162
1746 0.488724088878642
1747 0.488757393762401
1748 0.488788808049317
1749 0.488821965508205
1750 0.488807097514531
1751 0.488824676486143
1752 0.488828223323671
1753 0.488755876298649
1754 0.488757558767765
1755 0.488792807780931
1756 0.488892514379246
1757 0.488994551649817
1758 0.489052008205442
1759 0.489155400982474
1760 0.489181418220614
1761 0.489242487591433
1762 0.489381095954196
1763 0.489449280495981
1764 0.489499974540958
1765 0.489581741733016
1766 0.489657424397439
1767 0.489742846017289
1768 0.489776557958681
1769 0.489727995280239
1770 0.48965142150145
1771 0.489514006042827
1772 0.489455235961143
1773 0.489434402075934
1774 0.489432546408822
1775 0.489471919867098
1776 0.489555649485628
1777 0.489655532470928
1778 0.489809859609042
1779 0.4898937399678
1780 0.489983023950593
1781 0.489977700622332
1782 0.490000765954004
1783 0.490114927180974
1784 0.490136087867324
1785 0.490152279303637
1786 0.490153305264187
1787 0.490020835946826
1788 0.489942644988876
1789 0.489994225785894
1790 0.490043772997485
1791 0.490159541321268
1792 0.49034690192933
1793 0.49047494467489
1794 0.49054770798818
1795 0.490618435568986
1796 0.490626495685307
1797 0.490604120377948
1798 0.490685133622757
1799 0.49068710086663
1800 0.490636098524184
1801 0.488124433322365
1802 0.488104505333416
1803 0.488163834555219
1804 0.488265224734889
1805 0.488353014569519
1806 0.488405013891181
1807 0.488561596412231
1808 0.488791828165929
1809 0.48900313427468
1810 0.489255890282388
1811 0.489543689600687
1812 0.489780039016581
1813 0.489910195881874
1814 0.490035616038392
1815 0.490067229511452
1816 0.490068307199338
1817 0.489915411156145
1818 0.489938928836986
1819 0.490016413359189
1820 0.490098729901208
1821 0.490105787921255
1822 0.490182103951453
1823 0.490204593628969
1824 0.49016860739536
1825 0.490218349482598
1826 0.490387146675488
1827 0.49047306348265
1828 0.49056713673709
1829 0.490629377060202
1830 0.490689548820415
1831 0.490690730734041
1832 0.490666280034671
1833 0.490598084068865
1834 0.490562218350507
1835 0.490503477070062
1836 0.490525982106207
1837 0.490685480442649
1838 0.490744305309329
1839 0.490766248080791
1840 0.490842302241774
1841 0.490923250584991
1842 0.490823140560765
1843 0.490836216831287
1844 0.490897072456362
1845 0.490840057255417
1846 0.490864910422724
1847 0.49094766552052
1848 0.491081356290783
1849 0.491200232366214
1850 0.491241896534476
1851 0.491237250723648
1852 0.491169181167688
1853 0.490962103505645
1854 0.490864363806046
1855 0.490885840156081
1856 0.490896345162267
1857 0.490938369010839
1858 0.490942126056388
1859 0.491033206864566
1860 0.490958721747912
1861 0.49069012963368
1862 0.490470382135902
1863 0.49019464617133
1864 0.489883931260533
1865 0.489633535781502
1866 0.489283167041384
1867 0.488864182114865
1868 0.488354420601017
1869 0.487848698372029
1870 0.487312809581109
1871 0.486749605382802
1872 0.486321415124388
1873 0.486021117047568
1874 0.485671394865538
1875 0.485264323471263
1876 0.484823642002884
1877 0.484110459084629
1878 0.483340637442884
1879 0.482455002767275
1880 0.481583364858478
1881 0.480526872295396
1882 0.479449312932385
1883 0.478275887388708
1884 0.47697877164881
1885 0.475643895820887
1886 0.474201547602422
1887 0.47266326700277
1888 0.47100452386821
1889 0.469237168116512
1890 0.46733857862272
1891 0.465392991299677
1892 0.463273636217532
1893 0.461051487783601
1894 0.45873259123328
1895 0.456259450003823
1896 0.453836004111295
1897 0.45141167474965
1898 0.448993884065206
1899 0.446619944795803
1900 0.444239062799251
1901 0.441918567837176
1902 0.439624769894185
1903 0.437411162786213
1904 0.435297545936634
1905 0.433463960019709
1906 0.431738055658017
1907 0.430274727377761
1908 0.429002987243751
1909 0.427761547075137
1910 0.426805073709845
1911 0.426112363548045
1912 0.425497134491044
1913 0.425045649345425
1914 0.424818814746023
1915 0.424664406368073
1916 0.424525586549312
1917 0.424479658398858
1918 0.424685594610297
1919 0.42489496583937
1920 0.425115076087527
1921 0.42545265820042
1922 0.425917312083051
1923 0.426358227641981
1924 0.426824925218746
1925 0.427425839648396
1926 0.428013870274179
1927 0.428460516873155
1928 0.428961719729354
1929 0.429489019637512
1930 0.430054181032429
1931 0.430724804754412
1932 0.431288721503042
1933 0.431791134539864
1934 0.432354183810653
1935 0.432910986343331
1936 0.433444497675268
1937 0.43397417721554
1938 0.434601778434767
1939 0.435210571533292
1940 0.435692219469031
1941 0.436258927989017
1942 0.43688438477754
1943 0.437472383052523
1944 0.4380557334111
1945 0.438601359843412
1946 0.439125990682153
1947 0.439634392737972
1948 0.440039860220555
1949 0.440600611890374
1950 0.441174251745164
1951 0.441717899409498
1952 0.442256814326962
1953 0.442755616977938
1954 0.443309004904562
1955 0.443852959857757
1956 0.444427049170889
1957 0.445115661766489
1958 0.445656853923062
1959 0.446108548297048
1960 0.446619858772487
1961 0.447018941903894
1962 0.447442829231392
1963 0.447940284988507
1964 0.448371869934842
1965 0.44888355525115
1966 0.449555061373919
1967 0.450181933223992
1968 0.450937561942454
1969 0.451526733929867
1970 0.4520361069535
1971 0.452526294327602
1972 0.45291367949203
1973 0.453303630199158
1974 0.453792007693247
1975 0.454330810692399
1976 0.454963081301834
1977 0.455564028630503
1978 0.456116035040005
1979 0.456669901734752
1980 0.457210243744499
1981 0.457666836730739
1982 0.458197467990083
1983 0.458783945846508
1984 0.4593312298647
1985 0.459900690348292
1986 0.46040282930081
1987 0.460957296026344
1988 0.461409269139546
1989 0.461826697670821
1990 0.462423681939944
1991 0.462936737433222
1992 0.463453808014343
1993 0.463925624020144
1994 0.464302923545052
1995 0.464811001877146
1996 0.465362447212713
1997 0.465917088076456
1998 0.466551340578443
1999 0.46722935246734
2000 0.467775053942598
2001 0.468252990942275
2002 0.468761224567239
2003 0.469256690378812
2004 0.469709863020844
2005 0.470138175556843
2006 0.470573374779101
2007 0.470967284694267
2008 0.471398325432522
2009 0.471860896167616
2010 0.472311264526872
2011 0.472802715790503
2012 0.47320620987499
2013 0.473582411347834
2014 0.473933829567981
2015 0.474435800467393
2016 0.475029007205094
2017 0.475548278690169
2018 0.476191564965142
2019 0.476725491395176
2020 0.477097533318402
2021 0.477564058595198
2022 0.478140114771452
2023 0.478578137620423
2024 0.478904726652114
2025 0.479337070095277
2026 0.479736332944554
2027 0.480016772126631
2028 0.480390237658994
2029 0.480881671529936
2030 0.481253019465239
2031 0.481600399927549
2032 0.481893338990681
2033 0.482054482349465
2034 0.482331422281106
2035 0.482606569690946
2036 0.482943302852006
2037 0.48346508343857
2038 0.483821482847612
2039 0.484102177746009
2040 0.484348798422734
2041 0.484651246120881
2042 0.484937400180138
2043 0.485234307525732
2044 0.485628025323675
2045 0.485946596207286
2046 0.486188304594918
2047 0.486451929207337
2048 0.486659331346788
2049 0.487002612820877
2050 0.487515342246728
2051 0.487832307989959
2052 0.488115972760973
2053 0.488424867054073
2054 0.488679330610456
2055 0.488746791057684
2056 0.488957563135616
2057 0.489361159381744
2058 0.489516478381971
2059 0.489447818202455
2060 0.48962978775241
2061 0.489828732834674
2062 0.490047936085003
2063 0.490415360380244
2064 0.490747047579187
2065 0.491085140382928
2066 0.49137539569917
2067 0.491690280137261
2068 0.491963013313197
2069 0.49222020909218
2070 0.492414672043446
2071 0.492598449963261
2072 0.49281694491508
2073 0.492941716289118
2074 0.492919879761498
2075 0.49302606612837
2076 0.493166355084312
2077 0.493284785548885
2078 0.493453680734225
2079 0.493593274745304
2080 0.493651506581495
2081 0.493793887241297
2082 0.493938096448451
2083 0.494160989336169
2084 0.494474148442439
2085 0.494845047799682
2086 0.495085861038051
2087 0.495316407826537
2088 0.495531743878971
2089 0.495611378529653
2090 0.495836533155146
2091 0.496219084487983
2092 0.496446973843682
2093 0.496625481114476
2094 0.496812928794176
2095 0.496886287952937
2096 0.497053565123326
2097 0.497345370217309
2098 0.497537180533905
2099 0.497667897538088
2100 0.497837792856709
2101 0.498014684637559
2102 0.498184532172801
2103 0.498462211014626
2104 0.498967433045344
2105 0.499140224327463
2106 0.499213290435462
2107 0.499284956915281
2108 0.499026232185522
2109 0.499147366527725
2110 0.499466516329263
2111 0.49977668294346
2112 0.500257088897606
2113 0.500704998978764
2114 0.501262448074493
2115 0.50167141538802
2116 0.502093003970416
2117 0.502411552913553
2118 0.50247161312701
2119 0.502506199336303
2120 0.502668121439311
2121 0.502813414460694
2122 0.503009324487165
2123 0.503293775675831
2124 0.50361135742748
2125 0.503996837082375
2126 0.504289668964559
2127 0.504667222549518
2128 0.504911861735662
2129 0.504999404757922
2130 0.505108205878334
2131 0.505160452456938
2132 0.505238764686214
2133 0.505289043527937
2134 0.505366336802798
2135 0.50536045125746
2136 0.505531422501262
2137 0.505569826946369
2138 0.505568923121294
2139 0.505519803173229
2140 0.505467171130542
2141 0.505321041018923
2142 0.505021271141013
2143 0.50487765951375
2144 0.504802455075621
2145 0.504591752757224
2146 0.504482361499745
2147 0.504184488774843
2148 0.503594728300825
2149 0.503152176325
2150 0.50267724861122
2151 0.502258174751645
2152 0.501867083855762
2153 0.501573228838723
2154 0.501355611027519
2155 0.500930296549315
2156 0.500580255550889
2157 0.500231504562893
2158 0.49989080819436
2159 0.499507544556182
2160 0.499200501700683
2161 0.498972606928474
2162 0.498666524285145
2163 0.498390429077151
2164 0.498043477562797
2165 0.497610394264543
2166 0.497194292215169
2167 0.496847878460137
2168 0.496324683776846
2169 0.495674112095405
2170 0.495063338950967
2171 0.494205911864926
2172 0.493563972167354
2173 0.49314011261433
2174 0.492572036346867
2175 0.49220365629891
2176 0.492021409727064
2177 0.491698498287501
2178 0.491467103544807
2179 0.491047642523229
2180 0.490503820231508
2181 0.489965254514248
2182 0.489351213139899
2183 0.488710630652409
2184 0.488063026230603
2185 0.487344054855759
2186 0.486527495942147
2187 0.48569709625225
2188 0.484702604748288
2189 0.483910337207186
2190 0.483150303429803
2191 0.482510005473648
2192 0.482274258325793
2193 0.481691662860786
2194 0.480907578255305
2195 0.480163234071854
2196 0.479477378604427
2197 0.478557134902885
2198 0.477877350056165
2199 0.477442891596319
2200 0.476836278939709
2201 0.476179873038117
2202 0.475529580417801
2203 0.474784165883192
2204 0.474255474858063
2205 0.473704174533198
2206 0.473395127640448
2207 0.473233614412204
2208 0.473320641531445
2209 0.473628591992271
2210 0.474084625600128
2211 0.474988374534442
2212 0.47565917093418
2213 0.476427871432077
2214 0.477024836323196
2215 0.477356913766577
2216 0.47785132945752
2217 0.478369733799518
2218 0.478900276855422
2219 0.479319627128178
2220 0.479844805964001
2221 0.480281298490229
2222 0.480540567826042
2223 0.480992432585959
2224 0.481647274977338
2225 0.481991578978924
2226 0.482293941425264
2227 0.482433275404982
2228 0.482172216347201
2229 0.48236365363841
2230 0.482665790147231
2231 0.483016242662714
2232 0.483764319286798
2233 0.48411514825308
2234 0.484328045985545
2235 0.484441451510869
2236 0.48429497099835
2237 0.484250383980372
2238 0.484176625144956
2239 0.484056874107142
2240 0.483871216810603
2241 0.483779818390427
2242 0.483622649162748
2243 0.483595101594706
2244 0.483672598335914
2245 0.483851653897468
2246 0.484134896747502
2247 0.484364682625175
2248 0.484713720554481
2249 0.484742871466751
2250 0.484764553191153
2251 0.484657466149666
2252 0.484580056540379
2253 0.484325302185179
2254 0.484381605514921
2255 0.484459558008514
2256 0.484752967222194
2257 0.48548377510631
2258 0.485793412542511
2259 0.485977034547581
2260 0.486275284164855
2261 0.486454192380292
2262 0.486664013917294
2263 0.487007521634202
2264 0.487299300055853
2265 0.487619663821322
2266 0.487673865958495
2267 0.487564124416595
2268 0.487565866432547
2269 0.487369903768777
2270 0.487235890956669
2271 0.487164317041341
2272 0.487248983041782
2273 0.487309617783325
2274 0.487415944851809
2275 0.487875584866696
2276 0.488125026263282
2277 0.488188491345399
2278 0.488367849323962
2279 0.488443003058562
2280 0.488450873152619
2281 0.488321012231221
2282 0.488173549231336
2283 0.487949592193252
2284 0.487728586517448
2285 0.487641632358658
2286 0.487649158915342
2287 0.487672257877619
2288 0.48777183680284
2289 0.487854053688581
2290 0.48812320907043
2291 0.487929922311899
2292 0.487535096037335
2293 0.487191604393069
2294 0.486406590285113
2295 0.486089939544062
2296 0.486001871301893
2297 0.485955889275946
2298 0.486210355138568
2299 0.486194823028112
2300 0.486257218579285
2301 0.486079376603498
2302 0.485395881299834
2303 0.48526361532821
2304 0.485398830135142
2305 0.485320323052035
2306 0.485338500714506
2307 0.485506907987472
2308 0.485731533906506
2309 0.485770925471867
2310 0.486029219612953
2311 0.485961934221915
2312 0.485414634215695
2313 0.484929562133263
2314 0.484373149807993
2315 0.484007041357327
2316 0.483486365318206
2317 0.483220926324559
2318 0.483362148734443
2319 0.483299227399589
2320 0.483213966215645
2321 0.483190333561552
2322 0.483320419798285
2323 0.483063745448999
2324 0.48283465647389
2325 0.48277937428557
2326 0.482328837158195
2327 0.482286866868819
2328 0.482267305659112
2329 0.481643016901476
2330 0.480991466730085
2331 0.480444943647768
2332 0.479919220836369
2333 0.480114331620829
2334 0.480905151959755
2335 0.480895973935591
2336 0.480975026853306
2337 0.481106849848662
2338 0.480994586172535
2339 0.480514882190476
2340 0.480362659977318
2341 0.480280985277895
2342 0.479999637430859
2343 0.479651029565109
2344 0.479571407459204
2345 0.479509827729013
2346 0.479295726710245
2347 0.479369874542607
2348 0.479085277197855
2349 0.478375174276124
2350 0.47789217560204
2351 0.477240497254681
2352 0.477003035051955
2353 0.476968723760077
2354 0.476968351604459
2355 0.477510085221347
2356 0.47744563741153
2357 0.476982898719127
2358 0.476638629915638
2359 0.475881996863306
2360 0.475826617055934
2361 0.476457062549235
2362 0.476508983953247
2363 0.476699300543292
2364 0.476650477633907
2365 0.475777731071929
2366 0.475553144190878
2367 0.476086349565907
2368 0.475667410192454
2369 0.474674282417314
2370 0.474352449947685
2371 0.473926691912177
2372 0.473595536584087
2373 0.474064544270346
2374 0.473721898926658
2375 0.47241333488593
2376 0.471812615246757
2377 0.47102484471619
2378 0.471032931251596
2379 0.472112694839971
2380 0.472477171698364
2381 0.473254859617485
2382 0.47324929761423
2383 0.472021324973114
2384 0.471821032624355
2385 0.47216436574442
2386 0.472038928231789
2387 0.472008168064537
2388 0.471943016125494
2389 0.471188944661875
2390 0.471085559591125
2391 0.472025024223462
2392 0.472011954128539
2393 0.471501916313243
2394 0.471126653037282
2395 0.470686324243016
2396 0.469813802013984
2397 0.468679823518067
2398 0.46773029258969
2399 0.465764985824549
2400 0.465199478738548
2401 0.465609438414345
2402 0.466034178738557
2403 0.467685438565584
2404 0.467988928579714
2405 0.467982561031344
2406 0.467575234561663
2407 0.465714248681668
2408 0.465232290090835
2409 0.465489044577607
2410 0.4654055969927
2411 0.466086225226006
2412 0.465966879681859
2413 0.464933451976152
2414 0.464137694663732
2415 0.463435915335217
2416 0.461965065707617
2417 0.459518219788123
2418 0.458639954335161
2419 0.457774039431954
2420 0.457953031037828
2421 0.460581324803828
2422 0.460818839312602
2423 0.459737692370711
2424 0.459431091242831
2425 0.458603624800445
2426 0.458120248865655
2427 0.458987993112882
2428 0.458229080612856
2429 0.45587745985369
2430 0.454519436676121
2431 0.452619961419878
2432 0.451874524637672
2433 0.45220537884509
2434 0.452526184346504
2435 0.453593710528241
2436 0.453472703521343
2437 0.453203035690227
2438 0.452644735502784
2439 0.451105259458862
2440 0.450386723922144
2441 0.449964287427457
2442 0.450155987603908
2443 0.44990393659186
2444 0.448256811158548
2445 0.446814317310791
2446 0.445493013135751
2447 0.443784659265866
2448 0.444833611752115
2449 0.446431188723371
2450 0.445223385995843
2451 0.446078015316912
2452 0.447212415639177
2453 0.446200435316393
2454 0.446574778219842
2455 0.446753016021634
2456 0.444581479865557
2457 0.44262701269253
2458 0.440883031275131
2459 0.440197217946343
2460 0.441132692754987
2461 0.440275814211955
2462 0.440948795348752
2463 0.441302428726552
2464 0.441070198793482
2465 0.442254436864314
2466 0.445501933330524
2467 0.446412027064317
2468 0.446265066949881
2469 0.446516974742495
2470 0.444936296540979
2471 0.444272378766959
2472 0.446463153282218
2473 0.445017167276001
2474 0.439405902919257
2475 0.437470443055244
2476 0.435767832361621
2477 0.434658755905476
2478 0.436645059718568
2479 0.437463264414935
2480 0.436996319031772
2481 0.437025308972029
2482 0.438309339462192
2483 0.438310550088937
2484 0.437543648863842
2485 0.436206876586464
2486 0.434649334183718
2487 0.432143291438191
2488 0.426710697138203
2489 0.426061479723353
2490 0.427361807399877
2491 0.427453137179324
2492 0.429685466172125
2493 0.427278658128628
2494 0.426338913046826
2495 0.428019958852646
2496 0.430439878833099
2497 0.429886573720106
2498 0.42778070238833
2499 0.428822335310789
2500 0.428528152426429
