"Wavelength" "M034a_m5-w2"
350 0.0860905131838517
351 0.0883838543743657
352 0.0867062602755731
353 0.0824601718026945
354 0.080081623521025
355 0.0816755828371374
356 0.0836845861451551
357 0.0842371847389461
358 0.0833826417719477
359 0.0828887223335279
360 0.0829822809038041
361 0.0852752149638501
362 0.0949265139777735
363 0.092429790729576
364 0.0851983979288988
365 0.0844620220373598
366 0.0841763143175837
367 0.0843292489782162
368 0.0844576530825882
369 0.0841408608029029
370 0.0858305316958268
371 0.0836759999841101
372 0.0778783491616703
373 0.0765687148353759
374 0.0806687158922863
375 0.0832507450798722
376 0.0808799897577219
377 0.0834458708906201
378 0.0859142706510867
379 0.0847299453991671
380 0.0792527099331537
381 0.0805858442244302
382 0.0831594961501326
383 0.084137795439847
384 0.0843996223154686
385 0.0827922268391027
386 0.0815233441032993
387 0.0818408448073934
388 0.0822137642649539
389 0.0816526887666152
390 0.0811292853962409
391 0.0816081117465522
392 0.0803091549898476
393 0.0811632812962132
394 0.0830289976656535
395 0.0811330220502549
396 0.0809725010311547
397 0.081214961978515
398 0.0809711452199483
399 0.0822322248873805
400 0.0823565890221157
401 0.0822890400841695
402 0.0831814015310308
403 0.0819767287779817
404 0.0813860362534547
405 0.0816857502221195
406 0.0812822965217266
407 0.0817444990577162
408 0.0818825672043719
409 0.0813458405383355
410 0.0820577452529921
411 0.0823760069160332
412 0.0827333717450576
413 0.0836411232290933
414 0.082929662257538
415 0.0825084017212043
416 0.0829216979186449
417 0.0834383783770425
418 0.0836913182498624
419 0.0836993730297064
420 0.083670872064678
421 0.0840119750254524
422 0.0846430644782314
423 0.0852170644867401
424 0.0853896668552757
425 0.085349774553559
426 0.0857584899127102
427 0.0863434293317002
428 0.0859885885506365
429 0.0858314168199009
430 0.0862419972246095
431 0.0870867767455014
432 0.0874545010078615
433 0.0874363662498616
434 0.0874095034788159
435 0.0877829940969986
436 0.0880258338616488
437 0.0884914910332756
438 0.0891735453500322
439 0.0895513601111768
440 0.0897668420555379
441 0.0898273611636216
442 0.0898062493011756
443 0.089990053456296
444 0.0907435726484797
445 0.0913917896509102
446 0.0908695093672175
447 0.090780730334396
448 0.091096330301519
449 0.0915056112586058
450 0.0915896347252183
451 0.0917667940570567
452 0.0918466873443098
453 0.0916826052756648
454 0.0921948706718405
455 0.0923567739978752
456 0.0923958167840364
457 0.0935225244206028
458 0.0937679589438891
459 0.0935911321454249
460 0.0936448857681077
461 0.0940130140053971
462 0.0943710464216793
463 0.094566424636491
464 0.0945967103515887
465 0.0948708183891181
466 0.0951351841694797
467 0.0951979787139972
468 0.0950120441561402
469 0.0952873065990157
470 0.0956833275772918
471 0.0958567899330514
472 0.0964926975039028
473 0.0965793487602991
474 0.0963584037454797
475 0.0967969743418143
476 0.096872456477287
477 0.0968961294755983
478 0.0970977694579414
479 0.0971913316509848
480 0.0973830065928659
481 0.097754221006331
482 0.0982323456474219
483 0.0981551004813764
484 0.0982686358560503
485 0.0987475059370266
486 0.0990684082599705
487 0.099415230395968
488 0.0996652891979814
489 0.0997493543509978
490 0.0998892559461509
491 0.100342858247675
492 0.10085980024594
493 0.100963097110719
494 0.101324462608081
495 0.101612945733713
496 0.101692165544096
497 0.102009194091588
498 0.102372929193805
499 0.1027475082295
500 0.103111826403841
501 0.103280272755204
502 0.103366659455276
503 0.103566854292608
504 0.104129132120664
505 0.104509653673419
506 0.104800600421445
507 0.105171583784293
508 0.105558287061222
509 0.105839334891286
510 0.106071749840769
511 0.106411725521774
512 0.106736325472031
513 0.10706134183013
514 0.107410182816397
515 0.107801328500799
516 0.108097316281336
517 0.108308611394731
518 0.108516260567547
519 0.108822618206289
520 0.109161665466443
521 0.109499586647637
522 0.109858098712293
523 0.110155517421174
524 0.110508518978514
525 0.11100213759226
526 0.111437976414914
527 0.111791765296237
528 0.112100756047403
529 0.112442100291211
530 0.112774893668045
531 0.113124144764166
532 0.113507424627045
533 0.113917960685836
534 0.114218201360784
535 0.11452947806384
536 0.115040774916879
537 0.115447790636039
538 0.115818620142181
539 0.116202064513967
540 0.116556051060604
541 0.116959570968878
542 0.117366900345948
543 0.117710121117588
544 0.118008339732261
545 0.118312242501271
546 0.118682249397601
547 0.119179792254831
548 0.119588763688958
549 0.120006457908721
550 0.120519217768095
551 0.120944529781652
552 0.121473057759652
553 0.122033843456618
554 0.12241694241792
555 0.12293573984139
556 0.123482604313331
557 0.123956931119961
558 0.124392051840624
559 0.124839564403241
560 0.125299407832707
561 0.125747498844939
562 0.126181152864464
563 0.126571893392875
564 0.12690279948467
565 0.127173277491211
566 0.127439686985402
567 0.127694392640716
568 0.127934070706698
569 0.12824692961385
570 0.128650580552533
571 0.129116527677348
572 0.129575120324694
573 0.129990850521318
574 0.130436124151247
575 0.130956054156544
576 0.131466466641287
577 0.131823816350186
578 0.132095380101963
579 0.132457368798949
580 0.132763298343286
581 0.132943705647474
582 0.133048551662498
583 0.133327974511059
584 0.133680667986898
585 0.134046276635564
586 0.134380358344275
587 0.134673954209691
588 0.135007889492903
589 0.135421323264057
590 0.135897438459363
591 0.136223064979007
592 0.136523373140482
593 0.136934828215374
594 0.137250837972977
595 0.137575608887251
596 0.137915854699677
597 0.138201623939928
598 0.138562184677175
599 0.13891048811863
600 0.13918706932891
601 0.139505896939421
602 0.13976037344213
603 0.139982054874224
604 0.140265603540078
605 0.140589191486005
606 0.140913926112835
607 0.141211147614286
608 0.1414652127761
609 0.14178683512946
610 0.142131868146134
611 0.142421525097072
612 0.14270609916698
613 0.143011387398545
614 0.143331736763468
615 0.143629448069987
616 0.143940285816175
617 0.144281643042957
618 0.144642526731556
619 0.144930546628075
620 0.145234895453861
621 0.145573814956003
622 0.145907499092474
623 0.146180412012169
624 0.146429013510828
625 0.146697567183995
626 0.1470112755808
627 0.147341475824105
628 0.147665929524202
629 0.147972131076428
630 0.148301551713175
631 0.148650084976376
632 0.148994320211012
633 0.149283961818222
634 0.149643838039364
635 0.149995716368117
636 0.15025619864981
637 0.150638850601308
638 0.150993782893874
639 0.151288509579307
640 0.151619327660667
641 0.151943763221574
642 0.152271968656981
643 0.152616874573194
644 0.152973522130412
645 0.153322224452623
646 0.153682843362465
647 0.154087453360338
648 0.154425959570088
649 0.154748539855855
650 0.155099144597188
651 0.15546434356971
652 0.155864346216547
653 0.156246282938303
654 0.156552621776628
655 0.156868613948955
656 0.157236078045003
657 0.157649391351595
658 0.158051136561051
659 0.158389710521789
660 0.158721648893055
661 0.159102379551934
662 0.159471717359271
663 0.159827289337174
664 0.160201728501585
665 0.160641767587772
666 0.161002457204285
667 0.16139013394463
668 0.161850868204747
669 0.162195505682414
670 0.162527085546214
671 0.162890032796036
672 0.163297323212075
673 0.163703703408329
674 0.164122569659289
675 0.164537959569175
676 0.164883567048107
677 0.165299606209758
678 0.165741146648041
679 0.16613456905749
680 0.166519072118347
681 0.166911115274876
682 0.167337345060604
683 0.167823692067861
684 0.168218847242272
685 0.168594361070993
686 0.169012082470729
687 0.169402281911356
688 0.169820395260103
689 0.170251835756734
690 0.170655392359625
691 0.171055556415849
692 0.171457152469828
693 0.171871482977525
694 0.172324192127836
695 0.172726402181224
696 0.17315184356677
697 0.173666202164962
698 0.174111296251456
699 0.174505890236777
700 0.174895631318229
701 0.17533988487837
702 0.17581818793979
703 0.176278813660871
704 0.176712643985905
705 0.177234597803813
706 0.177691209603522
707 0.178121081786268
708 0.17861692498264
709 0.179013632057405
710 0.179427896348815
711 0.179915204718204
712 0.180422134830994
713 0.180857948414942
714 0.181307102330922
715 0.181842871850006
716 0.182318686712881
717 0.182776181174721
718 0.183245058283792
719 0.183739473182058
720 0.184215158307014
721 0.184682318492581
722 0.18516066595508
723 0.185677054413642
724 0.18617318674116
725 0.186642588281379
726 0.187094419144528
727 0.187491827025878
728 0.187985145181917
729 0.188557831712827
730 0.18901900376953
731 0.189461644027066
732 0.189938017441728
733 0.190466370507699
734 0.191003725537977
735 0.191487032683878
736 0.191921203564795
737 0.192359041764271
738 0.192897405308806
739 0.193406568349258
740 0.193854580782136
741 0.19437550974071
742 0.19485913461457
743 0.195326157062031
744 0.195820157915463
745 0.196339836787773
746 0.196879347502798
747 0.197396919458354
748 0.197840424513699
749 0.198303076991836
750 0.198803977812793
751 0.19931369619877
752 0.199733703784315
753 0.200240353135625
754 0.200783828127139
755 0.201266781508179
756 0.201725554860322
757 0.202227739400102
758 0.202760861753488
759 0.203250191516719
760 0.203750979868491
761 0.204243246577586
762 0.204718199249517
763 0.205211370693442
764 0.205747556917999
765 0.206288498747247
766 0.206777510638222
767 0.20720955003284
768 0.207607219812554
769 0.208048743055766
770 0.208644128241888
771 0.209224495705824
772 0.209741503216626
773 0.210203435788763
774 0.210685551483796
775 0.211194105912802
776 0.211701335354985
777 0.21217830634302
778 0.212666439453755
779 0.21317493093515
780 0.213685871537995
781 0.2141639262614
782 0.214659743165908
783 0.215214689958334
784 0.215793524699031
785 0.216189595035051
786 0.216604791051883
787 0.217097063670242
788 0.217656739539519
789 0.218241120060501
790 0.218770829733459
791 0.219221807429113
792 0.219633959739736
793 0.22018025529113
794 0.220755263473646
795 0.221265031767623
796 0.221734889430696
797 0.222230793579291
798 0.222732836468658
799 0.22321678309465
800 0.223795205495456
801 0.224333462820587
802 0.224775571729767
803 0.225155253045258
804 0.225684611053474
805 0.226221523767846
806 0.226696277894278
807 0.227239963475527
808 0.227730579389292
809 0.228227142239751
810 0.228796828717526
811 0.229369513308399
812 0.229887299404495
813 0.23033161949035
814 0.230725903917418
815 0.231178164162462
816 0.231642737140983
817 0.232116111840563
818 0.232659542063062
819 0.233205134821277
820 0.233702342139293
821 0.234154884486969
822 0.234688174700042
823 0.235176846654228
824 0.235620392127992
825 0.236068373325439
826 0.23654484946867
827 0.237076785241852
828 0.237618759831316
829 0.238081011739627
830 0.238555580802888
831 0.23903205731199
832 0.239521584749702
833 0.24009079797946
834 0.240569128749426
835 0.241016126133716
836 0.24150581221988
837 0.241942594429887
838 0.242452862001649
839 0.243013494045871
840 0.243538798435985
841 0.244057535152909
842 0.244509555855831
843 0.244944657752139
844 0.245494913126421
845 0.245954953958303
846 0.246347089999994
847 0.246748518246642
848 0.247258793685205
849 0.247819428213163
850 0.24834225812723
851 0.248782242640818
852 0.249251192861095
853 0.249693095070801
854 0.250129236691519
855 0.250606723814785
856 0.251126676126061
857 0.251569247496429
858 0.251964636787507
859 0.252457525189011
860 0.252955992246704
861 0.253506249619791
862 0.254073946738629
863 0.254498603556431
864 0.254917915834875
865 0.255377819399179
866 0.255890908808451
867 0.25645665263016
868 0.256928742433323
869 0.257354620477213
870 0.257830395272683
871 0.258331457180768
872 0.258792202798079
873 0.259227964302517
874 0.259694193609222
875 0.260156799801893
876 0.260658440257247
877 0.261177667198047
878 0.261632112100494
879 0.262013235587445
880 0.262447680798487
881 0.262971940578669
882 0.263460867170459
883 0.263967103522343
884 0.264440215874888
885 0.264878103878032
886 0.265442763721621
887 0.265977652349898
888 0.266476483266169
889 0.266974642762885
890 0.267471598365402
891 0.267889804997633
892 0.268272999352406
893 0.268717013109315
894 0.269242576909476
895 0.269704477758402
896 0.270083474536991
897 0.270473430710296
898 0.270972359486234
899 0.271533963488587
900 0.272073719299722
901 0.272507061409172
902 0.273003645489532
903 0.273539144304911
904 0.274071647825529
905 0.274585750749417
906 0.275004540589692
907 0.275374135877559
908 0.275786526550543
909 0.276358311382244
910 0.2769433757634
911 0.277413145191899
912 0.277760504623716
913 0.278300022403888
914 0.278782588399874
915 0.279190134969114
916 0.279595812639636
917 0.280044877812024
918 0.280620912550217
919 0.281220553304266
920 0.281697994496632
921 0.282211758532766
922 0.282674263917715
923 0.283097614940661
924 0.283550559091674
925 0.283968915404647
926 0.284464749169221
927 0.284974586650241
928 0.285331948141376
929 0.285817031260494
930 0.28628453986946
931 0.286710915709379
932 0.287224735911577
933 0.287748590004832
934 0.288186922036228
935 0.288558402325927
936 0.289019564147166
937 0.289685006369478
938 0.290316206984466
939 0.290785808734182
940 0.291216696021912
941 0.291618876107906
942 0.292036490898057
943 0.292492402759507
944 0.292969320561824
945 0.293361215908302
946 0.293750311092097
947 0.2942159397548
948 0.294744848104675
949 0.295234059294053
950 0.295714607913151
951 0.296230922203679
952 0.296781400726648
953 0.297193921430665
954 0.297590924945031
955 0.298095430445748
956 0.29865013572535
957 0.299118742266945
958 0.299542745126335
959 0.300000419743625
960 0.300521926286369
961 0.301046534167123
962 0.301460103979859
963 0.301753133660083
964 0.302174553815922
965 0.302666624250466
966 0.303190803490318
967 0.303687955436727
968 0.304053315935534
969 0.304583146114959
970 0.305111317494097
971 0.305528637595607
972 0.306179580334857
973 0.306577622396236
974 0.30695551689843
975 0.30749717796534
976 0.307826423826537
977 0.308205224333453
978 0.308612255946488
979 0.309026567939596
980 0.309576625120553
981 0.310050415920599
982 0.310508238535549
983 0.310977252585264
984 0.311299428137229
985 0.311679151184532
986 0.312124689709066
987 0.312646820304541
988 0.313317320655361
989 0.313760084935488
990 0.314204123342826
991 0.31477062343037
992 0.31523446652163
993 0.315421573856025
994 0.315741208967773
995 0.316306973413385
996 0.316751836487915
997 0.317114269871805
998 0.317579142620751
999 0.318175133987014
1000 0.318735080260495
1001 0.311853264817215
1002 0.31228067169495
1003 0.312663344553128
1004 0.31306962781399
1005 0.313382783501774
1006 0.313783511459533
1007 0.314251535144104
1008 0.31471942074853
1009 0.315112111747938
1010 0.315515896974387
1011 0.315871943796238
1012 0.316100171142131
1013 0.316373997761438
1014 0.316762426881168
1015 0.317211759471643
1016 0.317728779884182
1017 0.318170345321091
1018 0.318605172603689
1019 0.319022159664761
1020 0.31941308295318
1021 0.319741010381135
1022 0.320103046599857
1023 0.320579868853322
1024 0.320966151971227
1025 0.321310762865541
1026 0.321654582465134
1027 0.321946657134822
1028 0.322310612668588
1029 0.32270753592836
1030 0.323117744730759
1031 0.323552877031456
1032 0.323961986225431
1033 0.324303952642208
1034 0.324715048877179
1035 0.325161666038754
1036 0.325620116881079
1037 0.326056476208201
1038 0.326478829043487
1039 0.326885413184743
1040 0.327252073985964
1041 0.327641520214382
1042 0.328072840379291
1043 0.328456136406518
1044 0.328856156877496
1045 0.329275366420774
1046 0.329653105497665
1047 0.330067252911777
1048 0.330527070784891
1049 0.330957075205049
1050 0.331333616537329
1051 0.331769576314871
1052 0.332173065013588
1053 0.332512618902424
1054 0.332919782425691
1055 0.333320324039745
1056 0.333648197824338
1057 0.334040987979338
1058 0.334449460023007
1059 0.334835995149246
1060 0.335248258506156
1061 0.33566695444998
1062 0.336085126225668
1063 0.3365166687926
1064 0.336883939636626
1065 0.33720987573286
1066 0.337565222156745
1067 0.33785489926085
1068 0.338128666718103
1069 0.338452982240101
1070 0.338759061907923
1071 0.339094723514226
1072 0.33944115432182
1073 0.339753780902445
1074 0.340111256316501
1075 0.34046765584317
1076 0.340769346961604
1077 0.34103797446594
1078 0.34132625026956
1079 0.341633985400643
1080 0.341929775284576
1081 0.342266398119773
1082 0.342645682664108
1083 0.342972682460256
1084 0.343255424925835
1085 0.343523778679687
1086 0.343798666963623
1087 0.344057885723125
1088 0.344309715345686
1089 0.344613044393956
1090 0.344915364702127
1091 0.345215625974733
1092 0.345550741080395
1093 0.345843660562479
1094 0.346100955730176
1095 0.346375285591872
1096 0.346682075528393
1097 0.346935417271923
1098 0.347196364992281
1099 0.347483565383902
1100 0.347736470819078
1101 0.348002645502357
1102 0.348308514419765
1103 0.348640387883654
1104 0.348947066145535
1105 0.349262610774573
1106 0.349586662924111
1107 0.349928237301131
1108 0.350217449262662
1109 0.350487868782479
1110 0.350767551427813
1111 0.351040852410358
1112 0.351333066940201
1113 0.351633563760762
1114 0.351934471936601
1115 0.352240178264925
1116 0.352538510136122
1117 0.352857817838716
1118 0.353202633374449
1119 0.353508769169482
1120 0.353812187232741
1121 0.354150794629706
1122 0.354510909301521
1123 0.35485670914311
1124 0.355269740662748
1125 0.355594959101945
1126 0.355862934056657
1127 0.35612734885132
1128 0.356419947761766
1129 0.356686775891688
1130 0.356999489938651
1131 0.357352999848086
1132 0.357689556749783
1133 0.358027863864603
1134 0.358350853008798
1135 0.358673356227103
1136 0.358981251913286
1137 0.359247118156794
1138 0.359555023862126
1139 0.359881275266237
1140 0.360200031045651
1141 0.360530328780878
1142 0.360870242941824
1143 0.361219967554561
1144 0.361554442063369
1145 0.361881791180609
1146 0.36220237284788
1147 0.362490486434023
1148 0.362758841942721
1149 0.363048489804173
1150 0.363388723976464
1151 0.36372034169381
1152 0.364031345207645
1153 0.364344128387043
1154 0.364644633082275
1155 0.36495089721069
1156 0.365279960286865
1157 0.365568393193188
1158 0.365836679994725
1159 0.366113800954626
1160 0.366359588658857
1161 0.366624309193108
1162 0.366907047755462
1163 0.367178016948676
1164 0.367462435358058
1165 0.367743097097348
1166 0.368052458413999
1167 0.368379908985608
1168 0.368722497141985
1169 0.369052834352781
1170 0.369324454662607
1171 0.369551040344896
1172 0.369803822538234
1173 0.36998519073462
1174 0.370239580886025
1175 0.370556360032019
1176 0.370857519837783
1177 0.37118806377037
1178 0.371493533263739
1179 0.371805385908716
1180 0.372085385885176
1181 0.372330562088593
1182 0.372597521856293
1183 0.372864842301432
1184 0.373097126495969
1185 0.373323251649168
1186 0.373546336409001
1187 0.373788356238204
1188 0.374030327027802
1189 0.374275542625419
1190 0.37453835403985
1191 0.374801935577063
1192 0.375059354549662
1193 0.375317148759999
1194 0.375621343995703
1195 0.375865451839198
1196 0.37605160703126
1197 0.37626547204899
1198 0.376480036165327
1199 0.376654819157323
1200 0.376857398792042
1201 0.377084623060473
1202 0.377318414127508
1203 0.377588599221856
1204 0.377835745393613
1205 0.378115355603492
1206 0.378348978361916
1207 0.378549417098104
1208 0.37874088786622
1209 0.378912623169988
1210 0.379089590122904
1211 0.379247857142509
1212 0.379423693318083
1213 0.37959466775051
1214 0.379787783717513
1215 0.379985590235034
1216 0.380206657614552
1217 0.380472634183014
1218 0.380718153995561
1219 0.380951775345386
1220 0.381197250067958
1221 0.381403655937695
1222 0.381564608385037
1223 0.381764479889426
1224 0.381963074488416
1225 0.382163108718039
1226 0.382373196535719
1227 0.382586664166541
1228 0.382795027853462
1229 0.383013998429432
1230 0.383256316259388
1231 0.383481573847772
1232 0.383678638689991
1233 0.383914449456705
1234 0.384176455584207
1235 0.384426553542602
1236 0.384724035711293
1237 0.384980533619677
1238 0.385166504137204
1239 0.385319095882304
1240 0.385478760035909
1241 0.385568963110053
1242 0.385755559874762
1243 0.385997667093721
1244 0.386203528210167
1245 0.386447160118885
1246 0.386651911881666
1247 0.386803852878865
1248 0.387000655193329
1249 0.387200904883977
1250 0.387415928468322
1251 0.38768983747879
1252 0.387904920566727
1253 0.388087024551449
1254 0.388285776200351
1255 0.388434738281115
1256 0.388630798799503
1257 0.388882906287294
1258 0.389114832817778
1259 0.389350388241253
1260 0.389588060415372
1261 0.38985113190271
1262 0.390134294507594
1263 0.390389371231463
1264 0.390666903418103
1265 0.390912629650821
1266 0.391117443044914
1267 0.391330218136305
1268 0.391550265930599
1269 0.391747437167939
1270 0.391903260856611
1271 0.392094616246316
1272 0.392277580184076
1273 0.392491148684767
1274 0.392740369928658
1275 0.392984361397794
1276 0.393261354883899
1277 0.393509117629955
1278 0.393746219372676
1279 0.393978014863838
1280 0.394187339746783
1281 0.394369293630516
1282 0.394559259012095
1283 0.394745407684917
1284 0.394915713766802
1285 0.39508114020201
1286 0.395229435312146
1287 0.395340620527864
1288 0.395486413125417
1289 0.39562603430023
1290 0.395792087372185
1291 0.396013233229584
1292 0.396181137796593
1293 0.396333384383129
1294 0.396484972456239
1295 0.39662057049106
1296 0.396738134188755
1297 0.396839037744188
1298 0.396951310192315
1299 0.397058015452307
1300 0.397149534457208
1301 0.397232033131029
1302 0.397335473670479
1303 0.397388237872715
1304 0.397391980124862
1305 0.397423093931491
1306 0.397443901370488
1307 0.397473634703168
1308 0.397495454100511
1309 0.39754895899254
1310 0.397614205272263
1311 0.397689919600023
1312 0.397815151375287
1313 0.397891867560273
1314 0.397930314596898
1315 0.398005307882004
1316 0.398082658205577
1317 0.398156407496485
1318 0.39824160725545
1319 0.398340257279271
1320 0.398426528621058
1321 0.398530323209879
1322 0.398662711666069
1323 0.398806590082743
1324 0.398928658411894
1325 0.399043372695799
1326 0.399160238945619
1327 0.399268946766533
1328 0.399385792348462
1329 0.399511153720623
1330 0.399623817960569
1331 0.399717487954561
1332 0.399845753764518
1333 0.399975625914166
1334 0.400126182398306
1335 0.400315191645382
1336 0.400486828619292
1337 0.400653972719637
1338 0.400832270021072
1339 0.40103342979464
1340 0.401204232663402
1341 0.401358393610506
1342 0.40152473688022
1343 0.401678139327787
1344 0.401832560664366
1345 0.401998648871075
1346 0.402164747164199
1347 0.402316130965343
1348 0.402485493020695
1349 0.402644079479833
1350 0.402834280949799
1351 0.402941058312295
1352 0.402998807415972
1353 0.403084379071918
1354 0.403122014005002
1355 0.403208989838045
1356 0.403340071267912
1357 0.403443104129181
1358 0.403539137940461
1359 0.403642391975209
1360 0.403722611557514
1361 0.403853200674698
1362 0.404002311475666
1363 0.404172953294217
1364 0.404393247973969
1365 0.404598998064126
1366 0.404829815639183
1367 0.405027690382101
1368 0.405208295723693
1369 0.405387042033301
1370 0.405559617338873
1371 0.40570832668416
1372 0.405857221480178
1373 0.405986960289221
1374 0.406068531620511
1375 0.406126799806093
1376 0.406124594955379
1377 0.406077684076195
1378 0.405999708815435
1379 0.405860252962732
1380 0.405727852607795
1381 0.405560558983859
1382 0.405413102203583
1383 0.405251823048278
1384 0.405109942313718
1385 0.404987235891627
1386 0.404852659719689
1387 0.404750232822714
1388 0.404580196357156
1389 0.404429438013243
1390 0.404164007745158
1391 0.40378424601143
1392 0.403430527460367
1393 0.403014435710977
1394 0.402599699226957
1395 0.402188119740112
1396 0.401770751103773
1397 0.401342617268126
1398 0.400887336162738
1399 0.400425627335857
1400 0.399950303164513
1401 0.399442492416388
1402 0.398928205390141
1403 0.398378044811205
1404 0.397883941187519
1405 0.397381655871058
1406 0.396873773795581
1407 0.396371885788349
1408 0.395864676185467
1409 0.395424289061578
1410 0.394957580449586
1411 0.394635187212159
1412 0.39439482713941
1413 0.394236504265584
1414 0.394129408916405
1415 0.394171212790985
1416 0.394314579375507
1417 0.394565066794985
1418 0.394989054415635
1419 0.395409621116537
1420 0.395944834915327
1421 0.396433424845536
1422 0.396942212219147
1423 0.397444753506556
1424 0.397995775161493
1425 0.398446984155567
1426 0.398859852048048
1427 0.399246866706466
1428 0.399511159684527
1429 0.399837390772881
1430 0.400183465259903
1431 0.400537839819502
1432 0.400895337711865
1433 0.401290012923686
1434 0.401698536635049
1435 0.40211670447953
1436 0.402515585178802
1437 0.402933877404123
1438 0.403305558004893
1439 0.403652441163302
1440 0.403976623249793
1441 0.404274790436153
1442 0.404567569608957
1443 0.404828008733894
1444 0.405112661862387
1445 0.405412968614277
1446 0.405678126821945
1447 0.405926421756075
1448 0.406187006586614
1449 0.406435664602027
1450 0.406678689082427
1451 0.406943972564552
1452 0.407168617195982
1453 0.407364829375913
1454 0.407549955900402
1455 0.407711020159793
1456 0.407877579747955
1457 0.408017911909176
1458 0.408178607050363
1459 0.408348763381054
1460 0.408522279883287
1461 0.408703191809502
1462 0.408888295126785
1463 0.409085572652693
1464 0.409273868969726
1465 0.409450459874025
1466 0.409648420843227
1467 0.409843471085246
1468 0.410055003005579
1469 0.410289261260118
1470 0.410529306614485
1471 0.410783793375874
1472 0.411060269889534
1473 0.41135501066287
1474 0.411649956759385
1475 0.411908229110055
1476 0.412150273754045
1477 0.412388497466354
1478 0.412601646923937
1479 0.412813146973986
1480 0.413019138483976
1481 0.413236858037522
1482 0.413443241566627
1483 0.41366469099528
1484 0.413904615607562
1485 0.414134036685096
1486 0.414357030708473
1487 0.414585293627384
1488 0.414826040683413
1489 0.415052313534153
1490 0.415274379679385
1491 0.415490227718099
1492 0.415686506523909
1493 0.415902482920593
1494 0.416129623457771
1495 0.416345824324361
1496 0.416579143131113
1497 0.416784994417045
1498 0.416970202193596
1499 0.417149679578684
1500 0.41731228799874
1501 0.417476596034452
1502 0.417616916160656
1503 0.417786298157053
1504 0.417960160194776
1505 0.418152977584947
1506 0.418384863818368
1507 0.418599228699264
1508 0.418840506810157
1509 0.419036861604211
1510 0.419176329146783
1511 0.419354402458343
1512 0.419536533094046
1513 0.419705620629995
1514 0.41992331960139
1515 0.420088426566061
1516 0.420196589325242
1517 0.420294621994667
1518 0.420435682567491
1519 0.420553721694356
1520 0.420729361708533
1521 0.420954874986548
1522 0.421162403990318
1523 0.421389665657569
1524 0.421593830877611
1525 0.42179708397674
1526 0.42198774587985
1527 0.422172345502203
1528 0.422328214380672
1529 0.42247225007193
1530 0.422598098301461
1531 0.422690300602743
1532 0.422792552014272
1533 0.422885064113584
1534 0.422987137518985
1535 0.42307137511881
1536 0.423199155419252
1537 0.423341293536359
1538 0.423509851819359
1539 0.423733186473634
1540 0.423910756459903
1541 0.424086094978886
1542 0.42426018703086
1543 0.424394649804224
1544 0.42458237250252
1545 0.424818878502253
1546 0.425014313166755
1547 0.42524850287877
1548 0.425396147106544
1549 0.42547636910718
1550 0.425565727745701
1551 0.425601944189879
1552 0.425665879174674
1553 0.425720750359829
1554 0.425807241654547
1555 0.425888916805668
1556 0.426019469553111
1557 0.426194564520132
1558 0.426383306283132
1559 0.426626076953843
1560 0.42683759348406
1561 0.427078598567053
1562 0.427265646798317
1563 0.427406466579944
1564 0.427555517668903
1565 0.427674265674198
1566 0.427800724078172
1567 0.427948786219197
1568 0.428062690696526
1569 0.428147822423431
1570 0.428238609299689
1571 0.428294544621936
1572 0.428383816521778
1573 0.428467324627495
1574 0.428599894912775
1575 0.428813216071139
1576 0.428966290494556
1577 0.429141053055793
1578 0.429273681198313
1579 0.429323851769984
1580 0.429406971330536
1581 0.429478146727062
1582 0.429575359278315
1583 0.429696825138718
1584 0.42981748107293
1585 0.429951837267684
1586 0.430092074971651
1587 0.430245774578297
1588 0.43038666086524
1589 0.430558058043826
1590 0.430680254164645
1591 0.430733250180549
1592 0.430825848617304
1593 0.430913956010517
1594 0.43100088878035
1595 0.431122622228823
1596 0.431229488794012
1597 0.431286385648438
1598 0.431388540464235
1599 0.431519686525299
1600 0.431654198650824
1601 0.431819336742564
1602 0.432008655417783
1603 0.432201786138864
1604 0.432383566398865
1605 0.43250022785227
1606 0.432594072106416
1607 0.432656594003185
1608 0.432640187650467
1609 0.432702328508202
1610 0.432782615786473
1611 0.43286098239519
1612 0.432942881707225
1613 0.433080883185133
1614 0.433243105670249
1615 0.433398983097863
1616 0.433614494784319
1617 0.433753370629156
1618 0.43383991732407
1619 0.433971552840655
1620 0.434098607624209
1621 0.434240607596237
1622 0.434407242260252
1623 0.434552746362591
1624 0.434694592709439
1625 0.434832962801687
1626 0.434964522245784
1627 0.435094850309377
1628 0.435217876895449
1629 0.435356431099582
1630 0.435508354451022
1631 0.435634093123531
1632 0.435761599629974
1633 0.435866994044498
1634 0.435943980373121
1635 0.436029818191773
1636 0.436104550000911
1637 0.436201992639047
1638 0.436313374237816
1639 0.436394181325737
1640 0.436492957212991
1641 0.436532725494988
1642 0.436512244883039
1643 0.436543755089327
1644 0.436549175585191
1645 0.436627212467003
1646 0.436750396988288
1647 0.436879702524563
1648 0.437041988518894
1649 0.437234546217838
1650 0.437453085457758
1651 0.437661955708048
1652 0.43790944462726
1653 0.438106523590737
1654 0.438289471463363
1655 0.43842918475914
1656 0.438564780114978
1657 0.43875090149021
1658 0.438890877426376
1659 0.439016276445878
1660 0.439127445070476
1661 0.439124262202816
1662 0.439106472383782
1663 0.439181747472071
1664 0.439281189732625
1665 0.439413846303454
1666 0.439591772258099
1667 0.43974690820231
1668 0.439873245344223
1669 0.440018237400816
1670 0.44017143981069
1671 0.440276284630443
1672 0.440343219789519
1673 0.440384240619882
1674 0.440429285893839
1675 0.440556056829337
1676 0.440719683889193
1677 0.440888538116842
1678 0.441092757949518
1679 0.441279521063493
1680 0.4414596346505
1681 0.441670235446547
1682 0.441869884113119
1683 0.442039341066524
1684 0.442194498308952
1685 0.442337766200932
1686 0.442491271113663
1687 0.442655075905277
1688 0.442803968866377
1689 0.442964669489573
1690 0.443141245436872
1691 0.443335567074715
1692 0.443495669035633
1693 0.443605159108347
1694 0.443662714983099
1695 0.443660618388428
1696 0.443698840227206
1697 0.443782446084213
1698 0.443858843595679
1699 0.443861900870709
1700 0.443921957770606
1701 0.44398999863695
1702 0.444080986010193
1703 0.444254614364635
1704 0.44437158935894
1705 0.444456892835481
1706 0.444547030537958
1707 0.444596478324125
1708 0.444690548246408
1709 0.444820827189387
1710 0.444931930771714
1711 0.445053523800094
1712 0.445187136908278
1713 0.445327068732448
1714 0.445445620252538
1715 0.445572855416799
1716 0.445664898704097
1717 0.445728838485648
1718 0.445791591405863
1719 0.445836893051117
1720 0.445892170553322
1721 0.445924260125201
1722 0.445966171372034
1723 0.446014461893969
1724 0.44608343781467
1725 0.446189151658971
1726 0.446258298448666
1727 0.446342373262756
1728 0.44635828551019
1729 0.446285518931595
1730 0.446287716782248
1731 0.446305147920336
1732 0.446305718666148
1733 0.446335886243723
1734 0.446356937527571
1735 0.446328724917258
1736 0.446340200243665
1737 0.44640654608139
1738 0.446408499943908
1739 0.446381181074546
1740 0.446388309397988
1741 0.446394883007165
1742 0.446443675417409
1743 0.446462448922923
1744 0.446501930873507
1745 0.446602182542035
1746 0.446779040969799
1747 0.446980544295284
1748 0.447119879849887
1749 0.447266023277495
1750 0.447312760806967
1751 0.447331212674538
1752 0.447467997862061
1753 0.447556270980216
1754 0.447621211777096
1755 0.447724335077716
1756 0.447835607738626
1757 0.447931273530631
1758 0.447996001382934
1759 0.448067616557399
1760 0.448079625455714
1761 0.448054725599011
1762 0.448086399257148
1763 0.448139487410397
1764 0.448146768999216
1765 0.448094594378703
1766 0.44801252815092
1767 0.447941825015304
1768 0.447834316482714
1769 0.447760660712491
1770 0.447798988426221
1771 0.447816167709491
1772 0.44790918326774
1773 0.447997735377211
1774 0.448127510585344
1775 0.448206650204422
1776 0.448261768502334
1777 0.44830897094016
1778 0.448314354117237
1779 0.448278489635715
1780 0.448205369444716
1781 0.448200171564489
1782 0.448270239228968
1783 0.448429379853694
1784 0.448532979439649
1785 0.448564436760647
1786 0.448514473442203
1787 0.448423355966063
1788 0.448420064916836
1789 0.448500938221125
1790 0.44863981213847
1791 0.448824225638491
1792 0.448976698120181
1793 0.449112809075992
1794 0.44919886006397
1795 0.449251123836559
1796 0.449293693496392
1797 0.449302047534371
1798 0.449326709198971
1799 0.449329281612223
1800 0.449327607148092
1801 0.448476652584831
1802 0.448511682457149
1803 0.448613834775663
1804 0.448691739688407
1805 0.448741768039306
1806 0.448614874346431
1807 0.448727622809947
1808 0.449001618891544
1809 0.44919501767005
1810 0.44943413876701
1811 0.44969558420472
1812 0.449913307776203
1813 0.450001973624742
1814 0.450012509526849
1815 0.450016902247086
1816 0.450006478876401
1817 0.449856307849801
1818 0.449870631538455
1819 0.449989531535388
1820 0.450069647682346
1821 0.450115176328361
1822 0.450098853541661
1823 0.450021900844419
1824 0.450032828709422
1825 0.450109159872016
1826 0.450335850984619
1827 0.450423916057976
1828 0.4505160128283
1829 0.450582432536234
1830 0.450643020622575
1831 0.450499459357152
1832 0.45046597582791
1833 0.45044765509952
1834 0.450364488192237
1835 0.450423039516506
1836 0.450449927249652
1837 0.450538933445962
1838 0.450579507388501
1839 0.450564670095889
1840 0.450592237724629
1841 0.450734689669393
1842 0.450817025457492
1843 0.450810109591485
1844 0.450827375131779
1845 0.450824737740516
1846 0.4507621328154
1847 0.450779190169564
1848 0.450879055801407
1849 0.450973450084517
1850 0.450942536060112
1851 0.450957762641424
1852 0.45098366498464
1853 0.450927560115012
1854 0.450930343339984
1855 0.450975663700326
1856 0.45090826993613
1857 0.450770512447341
1858 0.45065950691177
1859 0.450566832712867
1860 0.450397828909767
1861 0.450146096416811
1862 0.45001401043354
1863 0.44982219458374
1864 0.449484449875505
1865 0.449176722708928
1866 0.44878095114122
1867 0.448348268710459
1868 0.447824099577851
1869 0.447362719701973
1870 0.446851330858332
1871 0.446289889035479
1872 0.445857223338931
1873 0.445394901421048
1874 0.444821217600607
1875 0.444352040486533
1876 0.443759245756147
1877 0.442971745378335
1878 0.442209634628713
1879 0.441457764745567
1880 0.440593786470094
1881 0.439701806453455
1882 0.438817902608406
1883 0.437804612186488
1884 0.436664721716932
1885 0.435268798405938
1886 0.433647672419755
1887 0.431890342692411
1888 0.430096919737412
1889 0.428172933328412
1890 0.426186992708635
1891 0.424190792525283
1892 0.422119184014311
1893 0.419881864807655
1894 0.417511566750556
1895 0.415024360915923
1896 0.41256994390954
1897 0.410125738531798
1898 0.407651809813355
1899 0.405259360193786
1900 0.402901892395534
1901 0.400593143437559
1902 0.398302817159746
1903 0.396146203182897
1904 0.394034463921709
1905 0.392119745433534
1906 0.390404417400851
1907 0.388996591352261
1908 0.387886333428217
1909 0.386997904298729
1910 0.386222066257844
1911 0.385645931684344
1912 0.385121792470983
1913 0.384680105137716
1914 0.384450228142873
1915 0.384373787687248
1916 0.384413021531085
1917 0.384486348941094
1918 0.384666800901445
1919 0.384846986632065
1920 0.385116101413648
1921 0.385523185766157
1922 0.386159058807599
1923 0.386693136467379
1924 0.387261008263031
1925 0.387889357081961
1926 0.388491558130372
1927 0.3890067650549
1928 0.389497079663504
1929 0.390003153442684
1930 0.390544422255055
1931 0.391092807393206
1932 0.391657162659504
1933 0.392271950589952
1934 0.392887385805899
1935 0.393465020220082
1936 0.394140835384335
1937 0.394853985113042
1938 0.395567456768345
1939 0.396313855209786
1940 0.396944036224906
1941 0.397485512854584
1942 0.397987766456734
1943 0.398490664301112
1944 0.398877609018233
1945 0.399367145411622
1946 0.399932318383291
1947 0.400459573889984
1948 0.400963702852745
1949 0.401535816164305
1950 0.40208665883581
1951 0.402656588370738
1952 0.403268523546504
1953 0.403902629107159
1954 0.404537420197454
1955 0.405181395007052
1956 0.405830447801391
1957 0.406562707848187
1958 0.407142895187137
1959 0.407664368024392
1960 0.408184738190551
1961 0.408548569190904
1962 0.408880044283446
1963 0.409334939343016
1964 0.409773179858487
1965 0.410224591242229
1966 0.410889541352294
1967 0.411498487572442
1968 0.412192609363759
1969 0.412757362839074
1970 0.413262191812202
1971 0.413762901644367
1972 0.414138748769942
1973 0.414647357941317
1974 0.415189376691032
1975 0.415811848106233
1976 0.416460704097301
1977 0.417011125344436
1978 0.417513950296873
1979 0.417950035252444
1980 0.418402335040956
1981 0.418769679641765
1982 0.419219649043926
1983 0.419680173165995
1984 0.420208558217167
1985 0.420800280866025
1986 0.42139548988906
1987 0.422033012788273
1988 0.422617057140334
1989 0.423164946525528
1990 0.423726369940879
1991 0.424255173776957
1992 0.424786657532416
1993 0.425261359915819
1994 0.425642681298688
1995 0.426106582928779
1996 0.426548409942885
1997 0.427023921859445
1998 0.427539731260016
1999 0.428131704060113
2000 0.428666169734178
2001 0.429184794537628
2002 0.429695580255165
2003 0.430234990188963
2004 0.430682329840295
2005 0.431068376935044
2006 0.431481224281497
2007 0.431839900541335
2008 0.432221460191822
2009 0.432646400018739
2010 0.433023988589966
2011 0.433358724219126
2012 0.433701656818825
2013 0.434102200025831
2014 0.434435447311183
2015 0.434898290508632
2016 0.435478960269397
2017 0.435987791887802
2018 0.436544896020759
2019 0.437060396025608
2020 0.437522343582517
2021 0.438020515336086
2022 0.438585163347827
2023 0.439058834593361
2024 0.439494489330657
2025 0.439907065114685
2026 0.440343318312608
2027 0.44061261619905
2028 0.44095252986544
2029 0.441350711080111
2030 0.441686136478101
2031 0.441985234074367
2032 0.442302362594122
2033 0.442539387102921
2034 0.442915901569431
2035 0.443462831598269
2036 0.443828724098519
2037 0.444191614296971
2038 0.444512857018485
2039 0.44469340199436
2040 0.444846208539249
2041 0.445120300825785
2042 0.445478921857178
2043 0.445767614634922
2044 0.446055284788355
2045 0.446321418455153
2046 0.446542453155949
2047 0.446818352665471
2048 0.447097953774568
2049 0.447418079178799
2050 0.447873361206777
2051 0.448143936914908
2052 0.448297751123798
2053 0.448529545042514
2054 0.448706909960546
2055 0.4488482665597
2056 0.449052132157446
2057 0.449361280529114
2058 0.449565082515119
2059 0.449690837668631
2060 0.44989793809365
2061 0.450169593550858
2062 0.450350762010857
2063 0.450437048865979
2064 0.450669042476708
2065 0.450908807926414
2066 0.451194069852474
2067 0.451654658016855
2068 0.452035278212558
2069 0.452384292815372
2070 0.452657627332914
2071 0.452854746772735
2072 0.452966687068262
2073 0.453120017591136
2074 0.453184333944449
2075 0.453320818151336
2076 0.453472779412752
2077 0.453680711414585
2078 0.453981543132109
2079 0.454168733402142
2080 0.454383462177081
2081 0.454551503703674
2082 0.454532589494186
2083 0.454641782482293
2084 0.45486937923394
2085 0.455003687886464
2086 0.455166855088157
2087 0.455400984009095
2088 0.455539974183752
2089 0.455570780626966
2090 0.455728414381515
2091 0.455877855400758
2092 0.456101976969648
2093 0.456469234126657
2094 0.456748444621212
2095 0.457098416773022
2096 0.457303906745951
2097 0.457391459608707
2098 0.457487095992162
2099 0.457486546258066
2100 0.457483715202867
2101 0.457564427403955
2102 0.457652442905383
2103 0.457788795571487
2104 0.458000969414008
2105 0.458138643557204
2106 0.458235219482794
2107 0.458431373235633
2108 0.458645463681641
2109 0.458870163114974
2110 0.459142106430122
2111 0.45947262337145
2112 0.459867550958929
2113 0.460189147920504
2114 0.460584553461244
2115 0.460911046886697
2116 0.461179411641074
2117 0.461361992213036
2118 0.461460685920943
2119 0.461607876043893
2120 0.461776573475987
2121 0.461860900067898
2122 0.462050953301527
2123 0.46234336441638
2124 0.462636256746779
2125 0.463044762584765
2126 0.46326594283085
2127 0.46341934480501
2128 0.463597968472819
2129 0.46364879267916
2130 0.463724538620157
2131 0.463841686846995
2132 0.463967525314037
2133 0.463987179201431
2134 0.464166797606092
2135 0.46430950466646
2136 0.464456161843213
2137 0.464492369828126
2138 0.464408518965281
2139 0.464379189186645
2140 0.464386396388582
2141 0.464240141404366
2142 0.464000927169579
2143 0.46381365717694
2144 0.463566638040286
2145 0.463251348816438
2146 0.462919671490127
2147 0.462614364411565
2148 0.462182553097034
2149 0.461843727288901
2150 0.461666828501703
2151 0.461388787985046
2152 0.461066426604642
2153 0.460740120404253
2154 0.460338090997212
2155 0.459884261589061
2156 0.45941005626952
2157 0.458856625612368
2158 0.458347803850745
2159 0.457802822242402
2160 0.457335195352622
2161 0.456929436877037
2162 0.456478289501373
2163 0.456045292728947
2164 0.455623690105336
2165 0.455160925179251
2166 0.454733548433576
2167 0.454454247769897
2168 0.453981128239937
2169 0.453312483750385
2170 0.452805252232438
2171 0.452242888482874
2172 0.451752283978613
2173 0.451444224574804
2174 0.451106860156219
2175 0.450691821507025
2176 0.450219012907386
2177 0.44975326422618
2178 0.449276238027762
2179 0.448748075491954
2180 0.448187185350841
2181 0.447618872697213
2182 0.447007346298708
2183 0.446390013051453
2184 0.445821593163251
2185 0.445126427430475
2186 0.444338081484149
2187 0.44352380045719
2188 0.442509799249571
2189 0.441700779527184
2190 0.440849265721095
2191 0.440242011530006
2192 0.44004237114381
2193 0.439600163116916
2194 0.439265061358158
2195 0.438776093645949
2196 0.438056869866018
2197 0.437208892294124
2198 0.436448459042811
2199 0.435644767681768
2200 0.434873073141298
2201 0.434095484468435
2202 0.433392041617904
2203 0.432698585305755
2204 0.432069427373628
2205 0.431475987673141
2206 0.430982344438838
2207 0.430318135209464
2208 0.430214280248977
2209 0.430410325001427
2210 0.430831780366106
2211 0.431903944644079
2212 0.432668081771453
2213 0.433477727849065
2214 0.43426933199627
2215 0.435071642512859
2216 0.435756111972982
2217 0.436470054850697
2218 0.437003242458372
2219 0.437397667169062
2220 0.437754687618168
2221 0.438128476270263
2222 0.438480661373775
2223 0.438809918116646
2224 0.439129368561493
2225 0.439412266121865
2226 0.439652478029106
2227 0.439918644989257
2228 0.440167115692551
2229 0.440379228446238
2230 0.44051590319206
2231 0.44080373448125
2232 0.441221046935455
2233 0.441492876705267
2234 0.44185160185903
2235 0.44206876615837
2236 0.442112194914306
2237 0.442111777964627
2238 0.442006198837016
2239 0.441975370798553
2240 0.441796361554393
2241 0.441786309097419
2242 0.441968967041652
2243 0.442087498468238
2244 0.442268024353888
2245 0.442349228622791
2246 0.442629267809985
2247 0.443041262998535
2248 0.443256724798735
2249 0.443420107686427
2250 0.443563304433495
2251 0.443531145207102
2252 0.443538721075339
2253 0.443569612679487
2254 0.443635303705638
2255 0.443564048512069
2256 0.443649490039248
2257 0.443975868480258
2258 0.444151593906176
2259 0.444192790092289
2260 0.444405136891786
2261 0.444775441155705
2262 0.44495282771537
2263 0.4451406426123
2264 0.445286924030347
2265 0.445305606076867
2266 0.445253447479955
2267 0.445021620135351
2268 0.445101348627902
2269 0.445370788144694
2270 0.445426723642571
2271 0.445601156222122
2272 0.445748530929994
2273 0.445649711634776
2274 0.445572804412333
2275 0.445604614729232
2276 0.445632205760314
2277 0.445499487488437
2278 0.44556921010738
2279 0.445444576303707
2280 0.445377069977303
2281 0.445501543353497
2282 0.445274335346877
2283 0.445116515492044
2284 0.44527652303997
2285 0.445252629872497
2286 0.445117159067183
2287 0.444972611046551
2288 0.444816795547418
2289 0.444682757340789
2290 0.444374508704048
2291 0.444321695883699
2292 0.444582063066327
2293 0.444589000727022
2294 0.444535726617352
2295 0.444560961044579
2296 0.444477289219292
2297 0.4444337999053
2298 0.444620781822097
2299 0.444525087739625
2300 0.4442073798988
2301 0.444008598965901
2302 0.443631188399693
2303 0.44349784077762
2304 0.44365812469521
2305 0.44356219175439
2306 0.443263390456117
2307 0.443282930701822
2308 0.443469973724428
2309 0.443444444472701
2310 0.443650165941869
2311 0.443682227106034
2312 0.443430365362604
2313 0.443106445306095
2314 0.442727592388639
2315 0.442336385949716
2316 0.441632389085217
2317 0.441157726840308
2318 0.440775866911041
2319 0.440616121647012
2320 0.440712973824446
2321 0.440684521383723
2322 0.441091035022022
2323 0.441314815952883
2324 0.441102187445516
2325 0.441084254390901
2326 0.440770924432559
2327 0.440201254347324
2328 0.439901991472786
2329 0.439719268913721
2330 0.439750037970664
2331 0.439746351662589
2332 0.439565667891498
2333 0.439261199575251
2334 0.438731090859459
2335 0.438208233587376
2336 0.437715150342273
2337 0.43723513845215
2338 0.436808350980363
2339 0.436342557030015
2340 0.436122972214173
2341 0.436119820958119
2342 0.436021197323251
2343 0.436036610643019
2344 0.435889190801645
2345 0.435855372077888
2346 0.435263093257806
2347 0.43416382851234
2348 0.433630872181837
2349 0.43284870630512
2350 0.432447111288482
2351 0.432707310592747
2352 0.432580682567063
2353 0.432315456718178
2354 0.432034675765877
2355 0.431542506461994
2356 0.431588160203095
2357 0.431955435720561
2358 0.432008298790271
2359 0.432346277179394
2360 0.43256709174384
2361 0.432529892485105
2362 0.432379641592577
2363 0.432199981566392
2364 0.432221363336169
2365 0.431962887176529
2366 0.43189837418988
2367 0.432527004035157
2368 0.432418102070337
2369 0.431854487587647
2370 0.431320835487439
2371 0.430366158804964
2372 0.429811008322137
2373 0.429213060079203
2374 0.428916826640349
2375 0.429206463019666
2376 0.429060122554451
2377 0.428870951301053
2378 0.428586384141217
2379 0.427810359374971
2380 0.427482324308389
2381 0.427411673275535
2382 0.427302749108062
2383 0.427578009097631
2384 0.427555917182027
2385 0.42745859266607
2386 0.427161748852542
2387 0.426488851795977
2388 0.425905814114366
2389 0.424913567625856
2390 0.424707072037896
2391 0.425294246858119
2392 0.425145176147699
2393 0.425109528981446
2394 0.42488149443663
2395 0.423807440106838
2396 0.423538377035519
2397 0.424003789114532
2398 0.423881206604737
2399 0.42388635170494
2400 0.423412785050703
2401 0.422008068593806
2402 0.421733818904644
2403 0.421719463438778
2404 0.421665906469998
2405 0.422505771743177
2406 0.422508706114645
2407 0.422353417816375
2408 0.421544673655542
2409 0.419839466026697
2410 0.41908042285155
2411 0.417849192523099
2412 0.417405492316674
2413 0.418536091717035
2414 0.417923279811489
2415 0.416473171472957
2416 0.415585411124609
2417 0.414042455230501
2418 0.413069673815047
2419 0.412610414349022
2420 0.412412048751528
2421 0.4122660455389
2422 0.412335718295911
2423 0.412965644881367
2424 0.413803499650657
2425 0.415480825269844
2426 0.415387672541646
2427 0.414705649218367
2428 0.413896288257749
2429 0.41141690561378
2430 0.409908212808311
2431 0.409373910490352
2432 0.408735094061459
2433 0.407461117397011
2434 0.407321299843427
2435 0.408140777417519
2436 0.408041675857607
2437 0.408240608211972
2438 0.407486280030972
2439 0.406275535438486
2440 0.405364795883233
2441 0.403735054587939
2442 0.404854736873687
2443 0.403215329556184
2444 0.400393937226944
2445 0.399839031668409
2446 0.398905330267001
2447 0.398002268503895
2448 0.399287633815221
2449 0.399630645457346
2450 0.399345316750749
2451 0.399729491649557
2452 0.399646249641903
2453 0.398507822356078
2454 0.397175646204668
2455 0.39703790467013
2456 0.395933969365955
2457 0.394870359452608
2458 0.394370187427887
2459 0.392435185947169
2460 0.391476841381573
2461 0.392429189262419
2462 0.393740589439156
2463 0.394522203632612
2464 0.397542750369556
2465 0.397815455090408
2466 0.394845894663594
2467 0.394349010494572
2468 0.393101850663337
2469 0.392053663673554
2470 0.394047032802306
2471 0.393670208494108
2472 0.390894026853216
2473 0.39000463942874
2474 0.389351139422079
2475 0.38835410058736
2476 0.387821034427748
2477 0.387112626867152
2478 0.385896572568817
2479 0.385696264797311
2480 0.386432088739257
2481 0.386434057581217
2482 0.384978691002539
2483 0.38653878412467
2484 0.391080890297981
2485 0.391988393508295
2486 0.39460405747898
2487 0.393909249789109
2488 0.387611224760055
2489 0.384514642195385
2490 0.380794633635543
2491 0.38021203480919
2492 0.380973741956988
2493 0.382388757244842
2494 0.387446618790012
2495 0.386706645124474
2496 0.384284761941808
2497 0.379555346209065
2498 0.373817944377722
2499 0.371233919873356
2500 0.372134775747898
