"Wavelength" "M038a_m4-w1"
350 0.0790987763562683
351 0.0833875991126379
352 0.0889324808695048
353 0.0882269127845541
354 0.0780387235364312
355 0.0782174154788935
356 0.0801765610663139
357 0.0803833651815987
358 0.0809027165039509
359 0.0826038495074365
360 0.0810594385949782
361 0.0775730019280913
362 0.0849673579189475
363 0.0870159311507512
364 0.0830293893875749
365 0.0778578083808199
366 0.0785811731447793
367 0.0779378692082234
368 0.0767352868695655
369 0.0797847373507272
370 0.082406310304725
371 0.080858001021258
372 0.0763323310302975
373 0.0755272791677574
374 0.081336807043699
375 0.0837252573369185
376 0.078122471740148
377 0.0809659959069009
378 0.0813682463718556
379 0.0792007186477153
380 0.0782884794068801
381 0.0771703038400102
382 0.0763439367307635
383 0.0768159063725337
384 0.0795597332469234
385 0.0765237790149582
386 0.0748602925370061
387 0.0782044168087201
388 0.0778989708349935
389 0.0775010683391775
390 0.0767591208945518
391 0.0749743270980782
392 0.0747369548406747
393 0.0752194891244021
394 0.0754685606677043
395 0.0748688628772216
396 0.0774134895651167
397 0.0783462290511926
398 0.0761694808500997
399 0.0777655381765215
400 0.0783052124078932
401 0.0776520621080534
402 0.0769852216368375
403 0.0767131239483839
404 0.0766287764556084
405 0.0766747430424315
406 0.076940542608074
407 0.0777610071638331
408 0.0779835894853571
409 0.0772439563966904
410 0.0769115523629143
411 0.0765929693514419
412 0.0767614527888263
413 0.0776626626434179
414 0.0774538045997852
415 0.0775969747531469
416 0.0783524852861066
417 0.0788625337784753
418 0.0782921295191138
419 0.0780493914593642
420 0.0787105077155671
421 0.0782896990897524
422 0.0789419152384124
423 0.0798877816494337
424 0.0797507753224025
425 0.0798544666661773
426 0.0803354183915151
427 0.0807698141417268
428 0.08033880579568
429 0.0802790177384382
430 0.0805708955519207
431 0.0809573117868766
432 0.0812419068931914
433 0.0816826157580173
434 0.0821984461429037
435 0.0824997185637335
436 0.0819833007981989
437 0.0817507927106212
438 0.0822064753912245
439 0.0827363047630063
440 0.0827276872504546
441 0.0828283530915515
442 0.0834762554272177
443 0.0833083439133406
444 0.0834105493685801
445 0.0839468433647535
446 0.0844805948850051
447 0.0848064660188798
448 0.08495997237322
449 0.0849512625030391
450 0.0846524126886284
451 0.0846455022568859
452 0.0846739377848294
453 0.0844814456281688
454 0.0851260968629524
455 0.0855155367661341
456 0.0855471493904204
457 0.0859771982538433
458 0.0860859356218071
459 0.0859827862437951
460 0.0859432395485679
461 0.0862951041799099
462 0.0867854028917205
463 0.0870772036094676
464 0.0869340435659255
465 0.086982647635365
466 0.0872979109074611
467 0.0876349206085919
468 0.0874344428552592
469 0.0874671543276073
470 0.0876066095988183
471 0.0876664116961972
472 0.0880798464002719
473 0.0883881050407679
474 0.0885278991740299
475 0.0887041202510099
476 0.088894623087015
477 0.0889826866674173
478 0.088983939347988
479 0.0892065798333411
480 0.0893315246561844
481 0.0895393291191526
482 0.0900183754398055
483 0.0899648492712245
484 0.0901125280878244
485 0.0906411816175216
486 0.0910413218764303
487 0.0912087218656876
488 0.0912589883687042
489 0.0913362191423063
490 0.0914539110522838
491 0.0916404328550436
492 0.091930523401826
493 0.092321127696982
494 0.0923912594449947
495 0.0925257919233953
496 0.0929003262881975
497 0.0931203311398568
498 0.0933944753620596
499 0.0937208108743476
500 0.0940099676875547
501 0.0940627184589791
502 0.0942323371484734
503 0.0945627422605468
504 0.0947413786570708
505 0.0950996589121492
506 0.0954268784776465
507 0.0955573691313943
508 0.0958454126100972
509 0.0960886286300946
510 0.0963462742950123
511 0.0967981480573077
512 0.0969801855763871
513 0.0971269150023568
514 0.0974059722286408
515 0.0976633910639877
516 0.0979598144867436
517 0.0982290743923707
518 0.0984095117565808
519 0.09874363424825
520 0.0990828276922376
521 0.0993166508157709
522 0.0994121008752461
523 0.0996901033417407
524 0.100020289915383
525 0.100256396712458
526 0.100672472228473
527 0.100962331076904
528 0.101125147190064
529 0.101397456063073
530 0.101824561275903
531 0.102183863724888
532 0.102381043863958
533 0.102736989035052
534 0.103009000817576
535 0.103259897604449
536 0.103650656266349
537 0.103964970571454
538 0.104240806576134
539 0.104528886834211
540 0.104860573147572
541 0.105183502150637
542 0.105501961275257
543 0.105825790150652
544 0.106098184512621
545 0.106408353091014
546 0.106753206733524
547 0.107038030268514
548 0.10742182038608
549 0.107810712422156
550 0.108130530848813
551 0.108552304505048
552 0.108927151920966
553 0.109262766864821
554 0.109661002643883
555 0.11004059399012
556 0.11042610534223
557 0.110823541986242
558 0.111157635075254
559 0.11154250531101
560 0.111965662353603
561 0.112357200682709
562 0.112650928285275
563 0.112942549840463
564 0.11324741629823
565 0.113452144841851
566 0.113704512016403
567 0.113953480374671
568 0.114131177209439
569 0.114340186432877
570 0.1146009497262
571 0.114912819620264
572 0.115255400586832
573 0.115596786765944
574 0.115923240229795
575 0.116243292919263
576 0.116614455455061
577 0.116978775538708
578 0.117263676737973
579 0.117421208382429
580 0.117712097886801
581 0.118017804184107
582 0.118269342634872
583 0.118590916201859
584 0.11890284171316
585 0.119142273044162
586 0.119294110722502
587 0.119563657280482
588 0.119888262954769
589 0.120221060603249
590 0.120558319833414
591 0.120834432121902
592 0.121067770258685
593 0.121292079582247
594 0.1214944005294
595 0.121684871527444
596 0.12190476054259
597 0.122212626639341
598 0.122511785773121
599 0.122819983118207
600 0.123138043647224
601 0.123362041316958
602 0.123566561955363
603 0.123808508620092
604 0.124117923018757
605 0.124364064747599
606 0.124615235467395
607 0.124903999741766
608 0.125165559589983
609 0.125392209479571
610 0.125633282155468
611 0.125927201331028
612 0.126126546394115
613 0.126338267787966
614 0.126622640207624
615 0.126970404640031
616 0.127288384565004
617 0.127561757538456
618 0.127799318985507
619 0.127995320584013
620 0.128266747979936
621 0.128586030728487
622 0.128823626808683
623 0.129028506002902
624 0.1292726756194
625 0.129573252421632
626 0.129806219566835
627 0.130068590418515
628 0.130351879602231
629 0.13060601657001
630 0.130852154257117
631 0.131129424056953
632 0.131441111668041
633 0.131733440753509
634 0.132023069252584
635 0.13230914200517
636 0.132588779475176
637 0.132865870459612
638 0.133139202936639
639 0.133426246810263
640 0.133759035901511
641 0.134032012036144
642 0.134292824809655
643 0.134588936161355
644 0.134865138504279
645 0.135119977589717
646 0.135402884604162
647 0.135775365765912
648 0.136074594603184
649 0.136342291023688
650 0.136628887880722
651 0.13694622655127
652 0.137268004841392
653 0.137565638533666
654 0.137823367233347
655 0.138102094283086
656 0.138394463113868
657 0.138703950024772
658 0.13905307807128
659 0.139339947327607
660 0.139630373631631
661 0.139980792719264
662 0.140240894149226
663 0.140552777515102
664 0.140932595621893
665 0.141295607332324
666 0.141601982065389
667 0.141873296691654
668 0.14214927432389
669 0.142482238441981
670 0.142838077565662
671 0.143188774722803
672 0.143513405346864
673 0.143825101264366
674 0.144163487218342
675 0.144516373971447
676 0.144796766359242
677 0.145100193598643
678 0.14542040067833
679 0.145737077437127
680 0.146100068820581
681 0.146442545614027
682 0.146781201573731
683 0.147194441860506
684 0.147513052633247
685 0.147823238564985
686 0.148198997726723
687 0.148576825948109
688 0.148910271104182
689 0.149212333942287
690 0.149527319328636
691 0.149877564936005
692 0.150228046849387
693 0.15056798257336
694 0.150930927588634
695 0.151271552933051
696 0.151626426839905
697 0.152031576336853
698 0.152432952507538
699 0.152768629873055
700 0.153075449279657
701 0.153464668881913
702 0.153893252547713
703 0.154283933791313
704 0.154622057020998
705 0.155063091405087
706 0.155449438794706
707 0.155784038894225
708 0.156135562450384
709 0.156500650658947
710 0.156872284321276
711 0.157253285616926
712 0.157660188901575
713 0.15803924581466
714 0.158407650273426
715 0.158796173479684
716 0.15921165993473
717 0.159604676149178
718 0.159979168813667
719 0.160372651657805
720 0.160732535141107
721 0.161128009021184
722 0.161583250250996
723 0.162005710408406
724 0.162408314861893
725 0.162800799059897
726 0.163190103430351
727 0.163549557446465
728 0.16394053646064
729 0.164368766219014
730 0.164778036152062
731 0.165153675679849
732 0.165555060050515
733 0.166006949266062
734 0.166392925023795
735 0.16681483222231
736 0.167228583071465
737 0.167548242754458
738 0.167959871107981
739 0.168387100901327
740 0.168778616404022
741 0.169154559392278
742 0.169551231397614
743 0.169972071086671
744 0.170405735490948
745 0.17082964321555
746 0.171281375645308
747 0.171722599040172
748 0.17207541632353
749 0.172413402817232
750 0.172791763866279
751 0.173223708026526
752 0.173659809853237
753 0.174077933623292
754 0.174465294278223
755 0.174828889553254
756 0.175222645573885
757 0.175665770763156
758 0.176116610876383
759 0.176496066727593
760 0.176921596680975
761 0.177368746849113
762 0.177795353334606
763 0.178165474244648
764 0.178595136296779
765 0.179052970763305
766 0.179462634916543
767 0.179830794104691
768 0.180179570823181
769 0.180554229794561
770 0.181012206866966
771 0.181492485471794
772 0.181958278136248
773 0.182377617636305
774 0.182704479331208
775 0.1831095373536
776 0.183566722071397
777 0.183988386013721
778 0.18440439147422
779 0.184796740240308
780 0.185182022298643
781 0.185608474619957
782 0.186048137419494
783 0.186516935273931
784 0.186991175603057
785 0.187334369417859
786 0.187715966969358
787 0.188160058972901
788 0.18862060968452
789 0.189007577758645
790 0.189403155829239
791 0.189804230706076
792 0.190138775459662
793 0.190561167372761
794 0.191047766782385
795 0.191534703946111
796 0.191942714260035
797 0.192353645619739
798 0.192740768791827
799 0.193079891160318
800 0.193519805248504
801 0.193965790108498
802 0.194348976187861
803 0.194653592148058
804 0.195108320708516
805 0.195620542987585
806 0.196078674389305
807 0.196418903918107
808 0.196795928591681
809 0.19723390050699
810 0.197705603478786
811 0.198165859773084
812 0.198601774023563
813 0.198989769311584
814 0.199325473093136
815 0.199767855113941
816 0.200207630048721
817 0.200602320014218
818 0.201019560736633
819 0.201414883615543
820 0.201813596643054
821 0.202236794494417
822 0.202662276909373
823 0.203055244311244
824 0.203413899429444
825 0.203765708434811
826 0.204192614341652
827 0.204616092317034
828 0.205020029972683
829 0.205438697369749
830 0.205796767659092
831 0.206185120696264
832 0.206640260982678
833 0.207079501611924
834 0.207492780215088
835 0.207901633969373
836 0.208323901585221
837 0.208729660421588
838 0.209130846466641
839 0.209518761775425
840 0.209891181505758
841 0.210339052484178
842 0.210810745140763
843 0.211254042819255
844 0.211634874038089
845 0.211993443323077
846 0.212319808232257
847 0.212646640358792
848 0.213083940069734
849 0.213594044600327
850 0.214042298862255
851 0.214357987489474
852 0.214741479127691
853 0.215131894943508
854 0.215499508821307
855 0.215849965994764
856 0.216311972267002
857 0.216753163251254
858 0.21713622501314
859 0.217514872171125
860 0.217862779065862
861 0.218285988711778
862 0.218762593065724
863 0.21908063576218
864 0.219420920128036
865 0.219785348051885
866 0.220170534195545
867 0.220670645178325
868 0.221119952067249
869 0.221531523904557
870 0.221948827254755
871 0.22224531075465
872 0.222599750512879
873 0.223014895191028
874 0.223394884460237
875 0.223788360087857
876 0.22414989203076
877 0.22448719536813
878 0.224861261029663
879 0.225263533733526
880 0.225687836243629
881 0.22612294313124
882 0.226552833226155
883 0.226967953900307
884 0.227358920049116
885 0.2277426678292
886 0.22819705489195
887 0.228603714616195
888 0.228966085884864
889 0.229331922992344
890 0.229748718599773
891 0.230119220679085
892 0.230428605183707
893 0.230729978159533
894 0.231168935961509
895 0.231634088910869
896 0.232066948432339
897 0.232464616908939
898 0.232818866456792
899 0.233155623101073
900 0.233503007945359
901 0.233883770162596
902 0.234301890378947
903 0.23473748332446
904 0.235173112082828
905 0.235603045519344
906 0.235979075468994
907 0.2362994091668
908 0.2366189897069
909 0.237077984608835
910 0.237529305169155
911 0.237936025015571
912 0.23831704190546
913 0.238744980280061
914 0.2392206340192
915 0.239650260084826
916 0.239957031184672
917 0.240259644114515
918 0.24061753375426
919 0.24105024257861
920 0.241532543375133
921 0.241978443584331
922 0.242349116281956
923 0.242662556632284
924 0.242977304474972
925 0.243339201781496
926 0.243771191073874
927 0.244221396583533
928 0.244595435618385
929 0.244933570797232
930 0.245273670732172
931 0.24566454982819
932 0.246146814708722
933 0.246631514342075
934 0.246964817507197
935 0.247205013262775
936 0.247646771566325
937 0.248223519002067
938 0.248667660547401
939 0.248926018877887
940 0.249282708504851
941 0.24964245879574
942 0.249996991594836
943 0.250379811594031
944 0.250862504347005
945 0.251258664482057
946 0.251541493564991
947 0.251799798903865
948 0.252238486488177
949 0.252646964888482
950 0.253012831260197
951 0.253355592646872
952 0.253655114670896
953 0.254085792450024
954 0.254565044769293
955 0.25501591412241
956 0.255534668988166
957 0.255924411817582
958 0.256220066971579
959 0.256539160293159
960 0.257017434965528
961 0.25746079448959
962 0.257847624972266
963 0.258188841855604
964 0.258440214626303
965 0.258874378042167
966 0.259307587464328
967 0.259584098580269
968 0.259940803730463
969 0.260345587929147
970 0.260725914999578
971 0.261057799226429
972 0.261464591741661
973 0.261808983095342
974 0.262135174094867
975 0.262479181702675
976 0.262740261114092
977 0.263212075287311
978 0.263703963674936
979 0.264074832175029
980 0.264563251740057
981 0.264834603792953
982 0.265130972301999
983 0.265579292380997
984 0.265833098993462
985 0.266089854176906
986 0.266397775342023
987 0.266812831570751
988 0.267429404214009
989 0.267870744223932
990 0.268212944540614
991 0.268542563202153
992 0.268817929244467
993 0.269128604691804
994 0.269534432108331
995 0.269961517315694
996 0.270210997695978
997 0.270376631429453
998 0.270714358271095
999 0.271250738918695
1000 0.271754310250729
1001 0.267536222840097
1002 0.267904809583858
1003 0.268222541501233
1004 0.268576000612857
1005 0.26895665988473
1006 0.269297979333623
1007 0.269642675598042
1008 0.269947363227569
1009 0.2702469181868
1010 0.270541914806837
1011 0.270842150524783
1012 0.271129428993354
1013 0.271406234818471
1014 0.271688432095956
1015 0.271982472079924
1016 0.272375009444796
1017 0.272739894944969
1018 0.273139894472765
1019 0.273485389139634
1020 0.273819000789579
1021 0.274119236866456
1022 0.274448141840045
1023 0.274809972694967
1024 0.275123596858757
1025 0.275388670400137
1026 0.275621977571967
1027 0.275840748267275
1028 0.27613304575804
1029 0.276420540458913
1030 0.276724511816133
1031 0.277114718543895
1032 0.277421492273651
1033 0.277667926621331
1034 0.277972255981079
1035 0.278295770585532
1036 0.278526870802157
1037 0.278830766827838
1038 0.279237641907801
1039 0.279530843208339
1040 0.279806293250818
1041 0.280145648733006
1042 0.280436031723054
1043 0.28076633981602
1044 0.281123964337532
1045 0.281383362511422
1046 0.281666334010395
1047 0.281991098022876
1048 0.282333302274718
1049 0.282677076866814
1050 0.283083625254156
1051 0.283442182049138
1052 0.283742379223888
1053 0.284031152997022
1054 0.284310191098929
1055 0.284594637307792
1056 0.284894013954557
1057 0.285267796307665
1058 0.285597257042836
1059 0.285860788394193
1060 0.286170061621596
1061 0.286479086031113
1062 0.286785141270244
1063 0.287083471613679
1064 0.287462797329322
1065 0.287829435293928
1066 0.288127882460985
1067 0.288523414373139
1068 0.28888425426755
1069 0.289158925342269
1070 0.289512132272714
1071 0.289801603934649
1072 0.29011465163716
1073 0.290521852912153
1074 0.290888442422392
1075 0.291229713573411
1076 0.291547468452873
1077 0.291830561730099
1078 0.292125832992493
1079 0.292437850607327
1080 0.292756463882677
1081 0.293139581862671
1082 0.29350594989939
1083 0.293872571127711
1084 0.294261490323755
1085 0.294589327705059
1086 0.294912828041131
1087 0.295262115673828
1088 0.29555383491771
1089 0.295837906049298
1090 0.296163743948885
1091 0.296462570348196
1092 0.296695405663259
1093 0.297002609517622
1094 0.297355813017913
1095 0.297679918761271
1096 0.298012656906461
1097 0.298353894687236
1098 0.298632939451433
1099 0.298899833484615
1100 0.299184760920923
1101 0.299432029099263
1102 0.299705514668527
1103 0.300055733233039
1104 0.300382836163709
1105 0.300681464619996
1106 0.300967485046525
1107 0.301250708158688
1108 0.301477728858382
1109 0.301636867222464
1110 0.301866517721083
1111 0.302131768087708
1112 0.302396542306112
1113 0.302662763296474
1114 0.302909390077645
1115 0.303122408334403
1116 0.303314724858101
1117 0.3035838830178
1118 0.303887909999957
1119 0.304134369461233
1120 0.30439694030625
1121 0.304646425553925
1122 0.304847478396166
1123 0.305087185457505
1124 0.305362229468878
1125 0.305606104182397
1126 0.305836525529233
1127 0.30609505097435
1128 0.306331591130222
1129 0.306566297052416
1130 0.30679948701946
1131 0.307012687928629
1132 0.307202925485533
1133 0.307398744120796
1134 0.307594625424475
1135 0.307800336577608
1136 0.308015175310835
1137 0.308252762401222
1138 0.30845411192282
1139 0.308639127523404
1140 0.308843843690666
1141 0.309038861331795
1142 0.309245578491835
1143 0.309473146338197
1144 0.309699282115483
1145 0.309899698622727
1146 0.310087638958838
1147 0.310288353620527
1148 0.31045513823293
1149 0.310643627677492
1150 0.310887030903513
1151 0.311110951390231
1152 0.311361364468628
1153 0.311600292159579
1154 0.311842943919124
1155 0.312057307542899
1156 0.312271952700963
1157 0.312464868975577
1158 0.312611371841211
1159 0.312798110439944
1160 0.312990245105641
1161 0.313183704108526
1162 0.313412194929603
1163 0.313644827461527
1164 0.313882514570983
1165 0.314127137748658
1166 0.314348932857168
1167 0.314583208692504
1168 0.314856128865366
1169 0.315121434133357
1170 0.315341109619215
1171 0.315545097598837
1172 0.31576135302733
1173 0.315905929059595
1174 0.316125731163949
1175 0.316431424814212
1176 0.316677276286374
1177 0.316920406606244
1178 0.317154669885466
1179 0.317371233458172
1180 0.317566717179638
1181 0.317768221032786
1182 0.317978401899479
1183 0.318206314729901
1184 0.318432262590967
1185 0.318638237064865
1186 0.318848864922465
1187 0.319070689356494
1188 0.319270262735195
1189 0.319500286395386
1190 0.319781585480364
1191 0.320020041600983
1192 0.32024552790843
1193 0.320466255317498
1194 0.320672765257486
1195 0.32087612451613
1196 0.321075184174401
1197 0.321270632901577
1198 0.321451534888884
1199 0.321637609694018
1200 0.321845863811592
1201 0.322044022584059
1202 0.322291939826829
1203 0.322576213332689
1204 0.322835035575072
1205 0.323133675822185
1206 0.323356347406352
1207 0.323540230445927
1208 0.32370767824299
1209 0.323806963024072
1210 0.323957097308579
1211 0.324107780636604
1212 0.324278719380394
1213 0.324466735188058
1214 0.324674450670211
1215 0.32491833654662
1216 0.325134481852085
1217 0.325361009368059
1218 0.325579092153383
1219 0.325762457198177
1220 0.32595900446917
1221 0.326132454208046
1222 0.326301378273748
1223 0.32645451767358
1224 0.326579350569606
1225 0.326713009872369
1226 0.326832632899774
1227 0.326975860669362
1228 0.327118730557854
1229 0.327284057461842
1230 0.327485141819956
1231 0.327662943278099
1232 0.327829869107874
1233 0.328016193093985
1234 0.328215460349212
1235 0.328401788986069
1236 0.328600173550416
1237 0.328794977615564
1238 0.32896930583546
1239 0.329103474141494
1240 0.329257670962144
1241 0.329404605940943
1242 0.329568755606324
1243 0.329743728019071
1244 0.329904076303243
1245 0.330072039619096
1246 0.330225414998678
1247 0.330350517433951
1248 0.330506327699647
1249 0.330673477483561
1250 0.330836827054155
1251 0.33101831754296
1252 0.331187304277158
1253 0.331366863945903
1254 0.331516101424623
1255 0.331625149559998
1256 0.331762337291327
1257 0.33190073444593
1258 0.332030228536064
1259 0.332161948920982
1260 0.332317138773389
1261 0.332449918327562
1262 0.332563293894814
1263 0.332676882784879
1264 0.332785352933315
1265 0.332907136687748
1266 0.333004345214343
1267 0.333148027985019
1268 0.333333485768793
1269 0.333505306882439
1270 0.333705602273614
1271 0.333879886440914
1272 0.334021213591797
1273 0.334195638997782
1274 0.334377339644641
1275 0.334561901207929
1276 0.334766697395281
1277 0.334973366943316
1278 0.335171251110675
1279 0.335376463775442
1280 0.33561184544609
1281 0.335876810829863
1282 0.336120161745131
1283 0.336385378505392
1284 0.336617338165828
1285 0.336821779353326
1286 0.337039400236581
1287 0.337249541037927
1288 0.337464939707267
1289 0.337679636684651
1290 0.337900534806876
1291 0.338119829562701
1292 0.338348638970445
1293 0.338603410828474
1294 0.338829394799398
1295 0.339048569661544
1296 0.33926012075578
1297 0.339429734851261
1298 0.33963160024103
1299 0.339844805050201
1300 0.340075234908266
1301 0.340286762792249
1302 0.340511434841972
1303 0.340716192312594
1304 0.340898871877335
1305 0.341092694081173
1306 0.341295090249977
1307 0.341477738190176
1308 0.34164608966282
1309 0.34182175371142
1310 0.341992919859813
1311 0.342159019577615
1312 0.342342427103419
1313 0.34248929946711
1314 0.342583729181586
1315 0.342727292860051
1316 0.342884700545324
1317 0.343030182889326
1318 0.343194494973369
1319 0.34335894556179
1320 0.343514369538055
1321 0.343661443374064
1322 0.343816995293006
1323 0.343978949057565
1324 0.344100248732785
1325 0.344195667972148
1326 0.344278452990874
1327 0.344335373096981
1328 0.34440311398401
1329 0.344459599253072
1330 0.344514323089486
1331 0.344568709275156
1332 0.344623864637303
1333 0.344646341029402
1334 0.344726343810836
1335 0.344850491004124
1336 0.34494812118894
1337 0.345073037555453
1338 0.345174975628285
1339 0.345260657944403
1340 0.345332137048248
1341 0.345385670488798
1342 0.345450809525131
1343 0.345500189411566
1344 0.345556859023418
1345 0.345641990957879
1346 0.345704693838987
1347 0.345746088554591
1348 0.345803335843619
1349 0.345827583731955
1350 0.345838121301242
1351 0.345831537850949
1352 0.345786238996542
1353 0.345788166681155
1354 0.345785714496979
1355 0.345813523390364
1356 0.345891592481223
1357 0.345928901717255
1358 0.345969882005547
1359 0.345989646749086
1360 0.345960697520696
1361 0.345987889635112
1362 0.34602484623212
1363 0.34607883193619
1364 0.346184269439968
1365 0.346261875531606
1366 0.346339213941762
1367 0.346403974399422
1368 0.346462719890512
1369 0.346510072571358
1370 0.346542076223149
1371 0.346571347980059
1372 0.346598337587315
1373 0.346617188355825
1374 0.346614978989557
1375 0.34659450120884
1376 0.346527471060455
1377 0.346411591871007
1378 0.346305603817103
1379 0.346167910965736
1380 0.34604517980601
1381 0.345931996177642
1382 0.345793154774862
1383 0.345640452134614
1384 0.345482651813072
1385 0.345307919299793
1386 0.345137849836585
1387 0.344969445975081
1388 0.344792851095082
1389 0.344649087155438
1390 0.344424175578119
1391 0.344151214573463
1392 0.343876690123617
1393 0.343546656692366
1394 0.343220730977227
1395 0.342897796175585
1396 0.342565531534795
1397 0.342228883182492
1398 0.341860486814478
1399 0.341465170055068
1400 0.341078824409393
1401 0.34065436582537
1402 0.340254083139843
1403 0.339870751520356
1404 0.339513252748506
1405 0.339148168015693
1406 0.338784473245587
1407 0.338430709901105
1408 0.338070939341391
1409 0.337754664646228
1410 0.337423367840436
1411 0.33720653312687
1412 0.337037277617762
1413 0.336947348586234
1414 0.336934634503209
1415 0.336985881679725
1416 0.337085593933341
1417 0.337282548361769
1418 0.337586255484425
1419 0.337913779078371
1420 0.338348532960423
1421 0.338744544504891
1422 0.339171285209534
1423 0.339580594782687
1424 0.339989837374342
1425 0.340384555098613
1426 0.340775053149812
1427 0.341151815616568
1428 0.341504240832503
1429 0.34186487941646
1430 0.342243261913206
1431 0.342584877657232
1432 0.342902753908204
1433 0.343238841992237
1434 0.343501384060099
1435 0.34372683320543
1436 0.34397381362827
1437 0.344188795982185
1438 0.34445202359735
1439 0.344740370519742
1440 0.345030197702879
1441 0.345355844122489
1442 0.345625561520698
1443 0.3458879136933
1444 0.346122390371853
1445 0.346314058746462
1446 0.346519760007166
1447 0.346706840910225
1448 0.346919384983552
1449 0.347147313139936
1450 0.347352497864747
1451 0.347571261905363
1452 0.347759854330479
1453 0.34791904394234
1454 0.348082390753011
1455 0.348255239561081
1456 0.348387704235047
1457 0.348480327421223
1458 0.34858862650497
1459 0.348656748139368
1460 0.348767073843471
1461 0.348907137724139
1462 0.349052755712846
1463 0.349216665675581
1464 0.349386426904319
1465 0.349575362952235
1466 0.349754763717358
1467 0.349927781948355
1468 0.350114064050046
1469 0.350304884914076
1470 0.350500062490485
1471 0.350705023679821
1472 0.350890835906564
1473 0.351061847112284
1474 0.351251439844473
1475 0.351426004576253
1476 0.351595896800957
1477 0.351774420395687
1478 0.3519499762601
1479 0.352121795190053
1480 0.352296614582836
1481 0.352480028145507
1482 0.352669615498369
1483 0.352837218529653
1484 0.353012800902761
1485 0.353163499272871
1486 0.353268789684226
1487 0.353414496949263
1488 0.353581278275307
1489 0.353724682970329
1490 0.35387084984243
1491 0.354013757078273
1492 0.354128529256867
1493 0.354273702973191
1494 0.354452339379708
1495 0.354597697361576
1496 0.354727453940416
1497 0.354876711485451
1498 0.355017507673261
1499 0.355165142511679
1500 0.355347418507401
1501 0.355495605005729
1502 0.355604121918048
1503 0.355746782014731
1504 0.355891393812657
1505 0.356045810981787
1506 0.356231409398775
1507 0.356403693754397
1508 0.356585586564919
1509 0.356741461569106
1510 0.356874139716566
1511 0.357016114425665
1512 0.35714900610008
1513 0.357275225766649
1514 0.357424380886487
1515 0.357538604498301
1516 0.357623774425533
1517 0.357687362632845
1518 0.35776085030969
1519 0.357843651077701
1520 0.357944734351874
1521 0.358083479113872
1522 0.358224543172123
1523 0.35838463586266
1524 0.358536921404497
1525 0.358707098314795
1526 0.358854303865874
1527 0.358992536725074
1528 0.359126095460176
1529 0.359251154880719
1530 0.359370326087449
1531 0.359489962783693
1532 0.359586884362223
1533 0.359664131788148
1534 0.35975287702582
1535 0.359816304210807
1536 0.359919077880795
1537 0.360059815804402
1538 0.360157548823191
1539 0.360269512785789
1540 0.360340793148114
1541 0.360354002310629
1542 0.360409094611727
1543 0.360450061237593
1544 0.360526090973525
1545 0.36062768143092
1546 0.360743819556163
1547 0.360897600013972
1548 0.361023606175515
1549 0.361178459023013
1550 0.361273508672035
1551 0.361321761631357
1552 0.361378133295963
1553 0.361389413382038
1554 0.361435567147013
1555 0.36147579025487
1556 0.361563915064883
1557 0.361672130385424
1558 0.361815764385633
1559 0.362042027314343
1560 0.362208683257984
1561 0.362399739819278
1562 0.362530772027331
1563 0.36258646680354
1564 0.362672147634921
1565 0.362722945769211
1566 0.362809086046803
1567 0.362935531850501
1568 0.363037613812696
1569 0.363161814988909
1570 0.363246024699318
1571 0.363270150759178
1572 0.363340326392578
1573 0.363388076510055
1574 0.363485466219138
1575 0.363660880545792
1576 0.363798625763807
1577 0.363962436810009
1578 0.364086305697194
1579 0.364177873936762
1580 0.36425630779594
1581 0.364295808348501
1582 0.364349437004666
1583 0.364371400043722
1584 0.364434985532462
1585 0.364532907866005
1586 0.364628506663229
1587 0.364746420193672
1588 0.364868080889468
1589 0.364994815061725
1590 0.36511860813622
1591 0.365285661434219
1592 0.365395663541298
1593 0.365465204686349
1594 0.3655280178362
1595 0.365529607055963
1596 0.365559710089745
1597 0.365594659438644
1598 0.365644471347746
1599 0.365708938566574
1600 0.365775672798611
1601 0.365906120204776
1602 0.366045051027893
1603 0.366177728697204
1604 0.366322476341824
1605 0.366426815664107
1606 0.366504681240759
1607 0.366549240921281
1608 0.366562966767475
1609 0.366600349741234
1610 0.366601042097445
1611 0.366649928052491
1612 0.366735782334106
1613 0.366812383897454
1614 0.366890462041141
1615 0.366978918633852
1616 0.367094256530501
1617 0.367160428936085
1618 0.367205650365467
1619 0.367269269414662
1620 0.367312122208027
1621 0.367378558646281
1622 0.367467411724415
1623 0.367552324310618
1624 0.367639760665297
1625 0.367715854621787
1626 0.367790866581942
1627 0.367879186859442
1628 0.367960090721064
1629 0.368051740942206
1630 0.368173351125546
1631 0.368262943261433
1632 0.368333870497404
1633 0.368406366474633
1634 0.368468980985554
1635 0.36854151675632
1636 0.36860831071707
1637 0.36869724456689
1638 0.368814196110138
1639 0.368879194110737
1640 0.368941664957156
1641 0.368975333614003
1642 0.368956211838027
1643 0.368979151139227
1644 0.369006741756018
1645 0.369045203374148
1646 0.369089876382415
1647 0.369163109591944
1648 0.369248774581447
1649 0.36935048442181
1650 0.369475970977353
1651 0.369612847642467
1652 0.369769204757727
1653 0.369905764280797
1654 0.370077533939269
1655 0.370137812324461
1656 0.37019760239366
1657 0.370241953130528
1658 0.370229945610099
1659 0.370246697111815
1660 0.370262074995564
1661 0.370263304426131
1662 0.370274721999351
1663 0.370292968392901
1664 0.37035662485944
1665 0.370471998212037
1666 0.370597138723994
1667 0.370735532238609
1668 0.370855047267104
1669 0.370973532491973
1670 0.371100288694299
1671 0.37119915511326
1672 0.371290585854716
1673 0.371342423485535
1674 0.371346624744748
1675 0.371366488947528
1676 0.371435335222134
1677 0.371533738031383
1678 0.371621910292095
1679 0.371741893558222
1680 0.371861406469207
1681 0.371939261770768
1682 0.372055937378599
1683 0.372154996030716
1684 0.372183918896659
1685 0.372215425377588
1686 0.372279130845632
1687 0.372333574536953
1688 0.37239346690458
1689 0.372485986665505
1690 0.372531584905071
1691 0.372559140774835
1692 0.372621673003179
1693 0.372639944730062
1694 0.372636277397231
1695 0.372670056029195
1696 0.372713707371164
1697 0.37277361720954
1698 0.372857976241444
1699 0.372914098983947
1700 0.37300028760658
1701 0.37316759024639
1702 0.373250842350682
1703 0.373276485426979
1704 0.37332936023059
1705 0.373325976245676
1706 0.373358233597216
1707 0.373431645302744
1708 0.373516807499661
1709 0.373650276090258
1710 0.373721169425751
1711 0.373779159609234
1712 0.373841010257238
1713 0.373866134604161
1714 0.373862859801652
1715 0.37385485051265
1716 0.373838667290791
1717 0.37377087340373
1718 0.373732033746171
1719 0.373726243822838
1720 0.373700804590722
1721 0.373620500128256
1722 0.373619375385986
1723 0.373672401679272
1724 0.373694757259308
1725 0.373761976017621
1726 0.373811796302847
1727 0.373835867965354
1728 0.373860543302204
1729 0.373878574257829
1730 0.37391401975842
1731 0.373966813945954
1732 0.373959521618888
1733 0.373946774937281
1734 0.373953610172465
1735 0.373892041697674
1736 0.373871818086393
1737 0.373916599530875
1738 0.373918663582007
1739 0.373897925215365
1740 0.373905353337303
1741 0.373880832634731
1742 0.373842223477398
1743 0.373824583533248
1744 0.373886418358647
1745 0.373945412631822
1746 0.373950127754065
1747 0.373920243878098
1748 0.373794545668958
1749 0.373721960399158
1750 0.373664331555034
1751 0.373660620135825
1752 0.373777811719015
1753 0.373749259449211
1754 0.373705087476431
1755 0.373691421973004
1756 0.373598791312414
1757 0.373552411650556
1758 0.373571379088254
1759 0.373594042215263
1760 0.373601238856826
1761 0.373658512394548
1762 0.373723437516167
1763 0.373722547012107
1764 0.373693495315672
1765 0.373658349807174
1766 0.373603410008197
1767 0.373607829613528
1768 0.373664221183243
1769 0.373655750844139
1770 0.373631458078219
1771 0.373615431995654
1772 0.373662341029598
1773 0.373669055211754
1774 0.373692946542512
1775 0.37366975392524
1776 0.37353938059299
1777 0.373539617987377
1778 0.373616603500238
1779 0.373630096679786
1780 0.373703195510683
1781 0.373640413077478
1782 0.373616710246676
1783 0.373661736187071
1784 0.373654381394408
1785 0.373679877751478
1786 0.373666027032467
1787 0.373572569783337
1788 0.373454889448475
1789 0.373363651840741
1790 0.373317412655924
1791 0.373278624640011
1792 0.373281117252032
1793 0.373321822312137
1794 0.373336166515345
1795 0.373420079702345
1796 0.373501576077497
1797 0.373454592992312
1798 0.373365445174212
1799 0.373243705314743
1800 0.373119022287547
1801 0.369876438312317
1802 0.369886416898127
1803 0.370000305084769
1804 0.370010585368875
1805 0.370070095954747
1806 0.370160262279547
1807 0.370257249028698
1808 0.370416336661572
1809 0.370487749156714
1810 0.370509388954786
1811 0.370562287670257
1812 0.370664064542822
1813 0.370713324707019
1814 0.370852952911175
1815 0.37102606502695
1816 0.371152780183982
1817 0.371227140036238
1818 0.371311082289784
1819 0.371414786400367
1820 0.371474863745341
1821 0.371513048123098
1822 0.371576254084131
1823 0.371662444233514
1824 0.371778118239496
1825 0.371847002669045
1826 0.371893216147996
1827 0.371931039445482
1828 0.37192672486345
1829 0.371966220612286
1830 0.372024037193175
1831 0.372077033447152
1832 0.372171458525319
1833 0.372204345705986
1834 0.372196169183109
1835 0.372188837926489
1836 0.3721368867397
1837 0.371961063086259
1838 0.371950028172394
1839 0.371993958884832
1840 0.372011825101592
1841 0.372121527988693
1842 0.372301228070849
1843 0.372357261073327
1844 0.372397705255268
1845 0.372448526001139
1846 0.37243457393411
1847 0.372428995545367
1848 0.372418808481889
1849 0.372370516239647
1850 0.37226108016381
1851 0.372222423767884
1852 0.372227351910823
1853 0.372239976053738
1854 0.372286583357457
1855 0.372269987080245
1856 0.37220319922824
1857 0.372155083271099
1858 0.37209755385564
1859 0.372078934629108
1860 0.37201232733568
1861 0.371858417802909
1862 0.371775401383669
1863 0.371663862811787
1864 0.371544753403837
1865 0.371478982111656
1866 0.37124439117729
1867 0.370981313040779
1868 0.370643801606228
1869 0.370333636237616
1870 0.369939943801105
1871 0.369552481321622
1872 0.369219008869533
1873 0.368846075258645
1874 0.368475000717098
1875 0.368096635543165
1876 0.367652769287462
1877 0.367152703909865
1878 0.366581294738984
1879 0.365941597448974
1880 0.36525047846116
1881 0.36453503055207
1882 0.363773116789927
1883 0.362950793436484
1884 0.362057702392372
1885 0.361048787197321
1886 0.35991993070207
1887 0.358655022377276
1888 0.357363335098033
1889 0.355995706448138
1890 0.35459052460114
1891 0.353138680991062
1892 0.351600647904533
1893 0.349970338898822
1894 0.34833030715738
1895 0.346555584289211
1896 0.34481571281577
1897 0.343171800603344
1898 0.341365889546202
1899 0.339585465922008
1900 0.337798032941906
1901 0.336036577588551
1902 0.334205219693834
1903 0.332472246140899
1904 0.330921717836827
1905 0.329536018519262
1906 0.328306763284983
1907 0.327257298125494
1908 0.326281851146448
1909 0.325403661843335
1910 0.324699222931805
1911 0.324124346211024
1912 0.323711835995801
1913 0.323484925200374
1914 0.32337207363225
1915 0.323323072533794
1916 0.323395120170864
1917 0.323551714872097
1918 0.323745433143829
1919 0.324009951391935
1920 0.324313658796844
1921 0.324623158644637
1922 0.32491321418221
1923 0.325298523450703
1924 0.325750300771438
1925 0.326216027407173
1926 0.326723107277184
1927 0.327222506047314
1928 0.327612523768652
1929 0.328009605164054
1930 0.328410352156936
1931 0.328778955475027
1932 0.329163122664726
1933 0.329537101316959
1934 0.329946459303433
1935 0.33034268035146
1936 0.330811555775474
1937 0.331339925003984
1938 0.33187018628381
1939 0.332356391153369
1940 0.33281556975493
1941 0.333191148426383
1942 0.333585889372699
1943 0.334002042434619
1944 0.334411872060277
1945 0.334804527017668
1946 0.335215594924755
1947 0.335629724160095
1948 0.33600392403382
1949 0.336480945025126
1950 0.336881714867105
1951 0.337231805206455
1952 0.337605014319335
1953 0.337986639142162
1954 0.338422041042241
1955 0.338944349926314
1956 0.339416130938808
1957 0.339952217179514
1958 0.34035850070959
1959 0.340696376797401
1960 0.341038461508685
1961 0.341277930228921
1962 0.341533566746437
1963 0.341914712556897
1964 0.342256199623669
1965 0.342598082790429
1966 0.343109293510501
1967 0.343581379927494
1968 0.344129488608773
1969 0.344534792613735
1970 0.344881647430713
1971 0.345246011846249
1972 0.345496436516455
1973 0.345834600617454
1974 0.346242307222659
1975 0.346537670355817
1976 0.346845462981171
1977 0.347181015223276
1978 0.347483061219051
1979 0.34777602618808
1980 0.348132557612593
1981 0.348471559529399
1982 0.348849538476953
1983 0.349322503692077
1984 0.349757086014694
1985 0.350189317423658
1986 0.350577545860472
1987 0.351049990671839
1988 0.351502129412962
1989 0.351882590762325
1990 0.352343273218396
1991 0.352755231934969
1992 0.35312674389833
1993 0.353489186295158
1994 0.353847118313073
1995 0.354196390992285
1996 0.354501946294151
1997 0.354836576494428
1998 0.355169217516607
1999 0.355554519790727
2000 0.355948092243667
2001 0.356298528157116
2002 0.356657002189128
2003 0.357038940379236
2004 0.357381330435083
2005 0.357689437357338
2006 0.358011354947416
2007 0.358316631489903
2008 0.358645277799691
2009 0.358970925085002
2010 0.359321751708995
2011 0.359718792434296
2012 0.36010369770245
2013 0.360443571567974
2014 0.360678036517823
2015 0.361017817665835
2016 0.361326687584382
2017 0.36171631907531
2018 0.36230360287968
2019 0.362674208502411
2020 0.362903887857041
2021 0.363217496304244
2022 0.36350744250427
2023 0.363758929993745
2024 0.363958808556015
2025 0.364340453361758
2026 0.364641324499762
2027 0.364715448241437
2028 0.365005784608917
2029 0.365322533120543
2030 0.365561379950978
2031 0.365760308295312
2032 0.36602538759892
2033 0.366231926681324
2034 0.366516988556086
2035 0.366981692090733
2036 0.367269675473932
2037 0.367482163130922
2038 0.367698461440389
2039 0.367838055945695
2040 0.367951939895993
2041 0.368064428306833
2042 0.368287404385906
2043 0.368541468206515
2044 0.368859012680137
2045 0.369111743113022
2046 0.369426703761514
2047 0.369680864601348
2048 0.369849233673061
2049 0.370036560170253
2050 0.370327029598467
2051 0.370444790670099
2052 0.370313999331844
2053 0.370417392215043
2054 0.370614726324177
2055 0.370698801759614
2056 0.370815322935949
2057 0.371044789778982
2058 0.371237213109438
2059 0.371316537897914
2060 0.371494261711359
2061 0.371863599471333
2062 0.372065542816639
2063 0.372117811542055
2064 0.372292087372069
2065 0.372444200587801
2066 0.372657450505767
2067 0.373004419799356
2068 0.373282539705338
2069 0.373489660412302
2070 0.373773424185836
2071 0.373896067101104
2072 0.373883353548201
2073 0.373960205754492
2074 0.373950504700151
2075 0.374051129342436
2076 0.374242945178841
2077 0.374411999123275
2078 0.374689480311919
2079 0.374813178078709
2080 0.374816514206266
2081 0.374887136690096
2082 0.374885291415293
2083 0.374920906095397
2084 0.374986161642244
2085 0.375171761128178
2086 0.375230489245521
2087 0.375248349600724
2088 0.375226286774568
2089 0.375085533247217
2090 0.375123326810752
2091 0.375200669562136
2092 0.375294840989158
2093 0.375473066258818
2094 0.375682621792888
2095 0.375953724989596
2096 0.376149532879763
2097 0.37644707739013
2098 0.376628754650856
2099 0.376673877468288
2100 0.376661263989191
2101 0.376805916892565
2102 0.37687432424137
2103 0.377036298320127
2104 0.377372683280196
2105 0.377457008768718
2106 0.377382607629429
2107 0.37746345870608
2108 0.377473371218963
2109 0.377538648340272
2110 0.377726097801287
2111 0.377921014508008
2112 0.378075455753414
2113 0.37827076993296
2114 0.378598974812113
2115 0.378846361335762
2116 0.379004661617901
2117 0.379259436676589
2118 0.379408333783242
2119 0.379657575275338
2120 0.379852438913232
2121 0.380045477136785
2122 0.380199664193426
2123 0.380306939989886
2124 0.380467654686002
2125 0.380652149713311
2126 0.380800988088903
2127 0.38102062158331
2128 0.381112223792126
2129 0.381045506334635
2130 0.381078190924967
2131 0.381120465023071
2132 0.381135607798465
2133 0.381142910715801
2134 0.381215610879902
2135 0.381228279684406
2136 0.381251121043322
2137 0.381330355827164
2138 0.381496547385595
2139 0.381581287132857
2140 0.381758981577176
2141 0.381680228781698
2142 0.381454684135507
2143 0.381235331366964
2144 0.380773506910858
2145 0.380491378702385
2146 0.380305542994528
2147 0.380099025648292
2148 0.379960044311021
2149 0.379759263784394
2150 0.379588068822174
2151 0.379312567065089
2152 0.378987475832486
2153 0.378585166815127
2154 0.378079485267375
2155 0.377469585558167
2156 0.376996658526481
2157 0.376471564301778
2158 0.376113134151092
2159 0.37593602480535
2160 0.375644877003662
2161 0.375388316549836
2162 0.375104948216709
2163 0.37479110957035
2164 0.374465444596013
2165 0.374125784928915
2166 0.373806742710569
2167 0.373455085285285
2168 0.373137713743541
2169 0.372956181115891
2170 0.372605519519054
2171 0.372172947495805
2172 0.371718837522154
2173 0.371078969326263
2174 0.370510118557627
2175 0.370102224821319
2176 0.369763415557991
2177 0.369470550767387
2178 0.369411630957512
2179 0.369097097203197
2180 0.368748245756965
2181 0.368293709247579
2182 0.367642890773997
2183 0.36710126013643
2184 0.366549171892424
2185 0.365972759730034
2186 0.365402364363172
2187 0.364819653456196
2188 0.364124873233254
2189 0.363570205267363
2190 0.363198905779477
2191 0.36269206271425
2192 0.362201706226669
2193 0.361660236838132
2194 0.361040869318586
2195 0.360280238215732
2196 0.359736099732224
2197 0.359128229523924
2198 0.358498746122462
2199 0.357851590724434
2200 0.357250838474252
2201 0.356570669215655
2202 0.356054719847163
2203 0.355647863299001
2204 0.355276756385757
2205 0.354988487759626
2206 0.354726104265039
2207 0.354417089021017
2208 0.354353080834131
2209 0.354347992882491
2210 0.354579737953553
2211 0.355228508770874
2212 0.355687341371556
2213 0.356219631517178
2214 0.35674344609032
2215 0.357171023102868
2216 0.357664787383138
2217 0.358260686958057
2218 0.358890596634143
2219 0.35923874676761
2220 0.359489925282772
2221 0.35977188781887
2222 0.35983986411358
2223 0.36013723699207
2224 0.360658835919811
2225 0.360912031452664
2226 0.361102738939613
2227 0.361273059526931
2228 0.361226249924248
2229 0.36140769670759
2230 0.361753702464342
2231 0.361941493375481
2232 0.362166230178065
2233 0.36231485057556
2234 0.362279461447983
2235 0.362411984788823
2236 0.36271418444475
2237 0.362819512141644
2238 0.362900120364871
2239 0.362894330774028
2240 0.362562325085997
2241 0.362496047712718
2242 0.362648520001726
2243 0.362686951928355
2244 0.362732926033055
2245 0.362866008009744
2246 0.362969896434679
2247 0.3628544880772
2248 0.363168861957058
2249 0.363601356998129
2250 0.363768201127813
2251 0.363951748143811
2252 0.364023234237064
2253 0.363770540529541
2254 0.363843186224937
2255 0.364124505005874
2256 0.364219961127858
2257 0.364385971585778
2258 0.364360654555414
2259 0.363962378832502
2260 0.36400643356794
2261 0.364173393280702
2262 0.364425680725929
2263 0.365184256643381
2264 0.365436802878867
2265 0.365407691723642
2266 0.365444308655482
2267 0.365203553136908
2268 0.365154615502039
2269 0.36534720016822
2270 0.365344550306438
2271 0.365097915702425
2272 0.365131369402128
2273 0.3653399534182
2274 0.36538569991115
2275 0.365608333138856
2276 0.365720183622268
2277 0.365596108771132
2278 0.365396295126412
2279 0.365565365338436
2280 0.365847260393421
2281 0.366134143744751
2282 0.36608310969905
2283 0.366171415027372
2284 0.366231866440545
2285 0.366189388738681
2286 0.366265304995875
2287 0.366218997923958
2288 0.36584953203863
2289 0.365745597435022
2290 0.365838315879042
2291 0.365721347182149
2292 0.365726569002335
2293 0.365332600558515
2294 0.364392865790444
2295 0.364104564644283
2296 0.36378690419848
2297 0.363734917049564
2298 0.364365071881685
2299 0.364579736159355
2300 0.364696369397808
2301 0.36476358264033
2302 0.364727743902062
2303 0.364722259822315
2304 0.364716742418009
2305 0.364543624816825
2306 0.364096215528139
2307 0.364035225813806
2308 0.36413542075643
2309 0.364080973775921
2310 0.364346179204788
2311 0.364356332594539
2312 0.36399962235679
2313 0.363760635627021
2314 0.363504207583287
2315 0.363321460783096
2316 0.363059024849743
2317 0.362920503975117
2318 0.362870923315106
2319 0.362943549083048
2320 0.363305430715649
2321 0.363440790040401
2322 0.36355220281487
2323 0.36375967758277
2324 0.363471284551811
2325 0.363374304602683
2326 0.363065087544712
2327 0.362432087234392
2328 0.362166307534744
2329 0.36159192466224
2330 0.361006452063692
2331 0.360806770365218
2332 0.360455477746031
2333 0.360270007448193
2334 0.36056334734751
2335 0.36091524215158
2336 0.360936167264836
2337 0.360876630661475
2338 0.360755148540323
2339 0.360260484619958
2340 0.360247234019265
2341 0.360596141358516
2342 0.36057148784223
2343 0.360690879543925
2344 0.360295776494813
2345 0.359337360526676
2346 0.358710451307049
2347 0.35790171068184
2348 0.357507595292046
2349 0.357392300456372
2350 0.357232619937786
2351 0.357217162645627
2352 0.357179456670564
2353 0.357249301585832
2354 0.35713166206307
2355 0.356914778934491
2356 0.356870092176858
2357 0.356809167470201
2358 0.356704728642671
2359 0.356623115905268
2360 0.356889034314174
2361 0.357348729693672
2362 0.357356134383467
2363 0.357603343171979
2364 0.357582387548912
2365 0.356554045138166
2366 0.356663123665897
2367 0.357881482783253
2368 0.35797491529269
2369 0.358238610965767
2370 0.357732674103091
2371 0.355507122539075
2372 0.354926116849185
2373 0.354941345699205
2374 0.354854964964937
2375 0.355748582251173
2376 0.356008590448592
2377 0.355767222683628
2378 0.355461992297942
2379 0.355050340058913
2380 0.354854869087623
2381 0.354641665697684
2382 0.354363837335262
2383 0.353790000808651
2384 0.353977069013256
2385 0.354857205801568
2386 0.354705214856012
2387 0.354892129436349
2388 0.354493422515394
2389 0.352374244031891
2390 0.351772216912211
2391 0.352079146684603
2392 0.352037808640492
2393 0.352402577855582
2394 0.352393756159011
2395 0.352079282190444
2396 0.352072454928385
2397 0.352339006202637
2398 0.352168262507274
2399 0.35164782581077
2400 0.351485636930539
2401 0.351175006341545
2402 0.35101189747402
2403 0.351603032357747
2404 0.351459808561277
2405 0.350814955790146
2406 0.350177804441432
2407 0.348845763201174
2408 0.348301402960654
2409 0.348070982902547
2410 0.347956794198877
2411 0.348650392523437
2412 0.348794758485135
2413 0.348972764151891
2414 0.348566375916488
2415 0.347188136134301
2416 0.346623931953213
2417 0.346104176039569
2418 0.345555851728974
2419 0.345524119524208
2420 0.345733756019279
2421 0.346070496851159
2422 0.345722148728095
2423 0.345206364515177
2424 0.345169825136919
2425 0.344580584906448
2426 0.344644527641214
2427 0.346432447677244
2428 0.346040542133704
2429 0.344395637698031
2430 0.342545391113782
2431 0.339232384111868
2432 0.338197069548382
2433 0.337439635604143
2434 0.338087876837104
2435 0.341092026556513
2436 0.341788064546218
2437 0.342520833558172
2438 0.342155575489818
2439 0.340001628805576
2440 0.339060478223087
2441 0.337813228345506
2442 0.338079312869319
2443 0.340413222370411
2444 0.341800081498864
2445 0.341458604913202
2446 0.340325577866308
2447 0.336846666417756
2448 0.335213377199282
2449 0.336036341345644
2450 0.335426888934768
2451 0.336197885683162
2452 0.337340228974382
2453 0.334163041664444
2454 0.332662767721142
2455 0.333420237447073
2456 0.330149237934195
2457 0.328909776410937
2458 0.330908558539456
2459 0.330259532608725
2460 0.331318203315299
2461 0.334585031774264
2462 0.334520593204184
2463 0.333391363958644
2464 0.333949422161944
2465 0.33312574896924
2466 0.330912218724993
2467 0.330026796979838
2468 0.32851944015899
2469 0.328144119909377
2470 0.329940504882625
2471 0.330467996258136
2472 0.331340540241678
2473 0.330337424316596
2474 0.326503703450749
2475 0.325601914396676
2476 0.32570031113127
2477 0.325385950359077
2478 0.326700718666751
2479 0.327805438723673
2480 0.327814189516843
2481 0.328023257948304
2482 0.329342094546941
2483 0.330333779520732
2484 0.330567033771018
2485 0.330057909291257
2486 0.330098443195855
2487 0.32935287968866
2488 0.326603134454533
2489 0.326470714447333
2490 0.327716231177162
2491 0.330083473070104
2492 0.328684972416099
2493 0.326088195994416
2494 0.325660913672685
2495 0.323182129491188
2496 0.323554055622743
2497 0.323102202127584
2498 0.321205132583743
2499 0.320391086552594
2500 0.318229100570384
