"Wavelength" "M040a_m5-w3"
350 0.0832974129188933
351 0.0890278208529501
352 0.0924628964526687
353 0.0909866395769004
354 0.086599615873904
355 0.0853968069379393
356 0.0857020712254963
357 0.0869402796457158
358 0.0896454013539322
359 0.0896931199519989
360 0.0868361675131963
361 0.084250520586591
362 0.0902250186693029
363 0.090101949402792
364 0.0866977481860388
365 0.085912171521061
366 0.085500790972568
367 0.0849155366170674
368 0.0864551803931664
369 0.0923853624291359
370 0.0924301795397166
371 0.0889962415650401
372 0.0857913533594421
373 0.0860640563088234
374 0.0890131919751989
375 0.0917444503479559
376 0.0919623198865601
377 0.0893009200672172
378 0.0877824519103186
379 0.0883755708666955
380 0.0897507757676759
381 0.086603642389718
382 0.0848065197118503
383 0.085922905384516
384 0.0868405968206904
385 0.0863560850764648
386 0.086038299648364
387 0.0865365542725073
388 0.0851898584260202
389 0.0859803503904955
390 0.0872613698797622
391 0.0865380079765587
392 0.086608418045953
393 0.0873598432073857
394 0.0875534769223427
395 0.0856648938478562
396 0.0876998510244698
397 0.0888695858136856
398 0.0871232274602692
399 0.0884093987273891
400 0.0897286997570864
401 0.089805630109436
402 0.0884564506366495
403 0.0876584459841508
404 0.0878722519827394
405 0.0884101422543987
406 0.0879858359506769
407 0.0886096433267566
408 0.0891156502987004
409 0.0889885922602635
410 0.0898114491323519
411 0.0901764031334235
412 0.0898868044309325
413 0.0893198747448767
414 0.0894721425849226
415 0.0900072770040588
416 0.0907372708089151
417 0.0915902706287888
418 0.0913927171702345
419 0.0909884225164538
420 0.0911496890647448
421 0.0918539859405146
422 0.0927093114605592
423 0.093281479620126
424 0.0932764115882196
425 0.0930649545132501
426 0.0931652647980593
427 0.0934987290028148
428 0.0934520917270468
429 0.0938133429032893
430 0.0945307614373926
431 0.0952656474227631
432 0.0953621147689834
433 0.0955816594647523
434 0.0958642560114301
435 0.0958578568394538
436 0.0959052851506012
437 0.0962542386435964
438 0.0968388814663274
439 0.0972405874547045
440 0.097273042337771
441 0.0972894540462966
442 0.0975760287155094
443 0.0977084331291517
444 0.0980196244781676
445 0.0984797766200638
446 0.0988416462463937
447 0.0990677720687129
448 0.099371677596012
449 0.0998341394354478
450 0.10029219410412
451 0.100353432609381
452 0.100283460186489
453 0.100504078361836
454 0.101135353014477
455 0.101347694016898
456 0.101261269739011
457 0.101760693541412
458 0.101818238881902
459 0.101872509534734
460 0.102233594711367
461 0.102294513295556
462 0.102563083556515
463 0.102896634650689
464 0.102973824859275
465 0.10321690109537
466 0.103585854850834
467 0.103876192099865
468 0.103736379647767
469 0.103931719267798
470 0.104223482432025
471 0.104345004897263
472 0.10488855367187
473 0.105109772103029
474 0.10508007972366
475 0.105378782529926
476 0.105676728856563
477 0.105909169290549
478 0.10608677478607
479 0.106303784939155
480 0.106409745048047
481 0.106648000381098
482 0.107195610952905
483 0.107035357717187
484 0.107173436150765
485 0.107817010567081
486 0.108198116131363
487 0.108598637963428
488 0.108950353334897
489 0.109152137761667
490 0.109156059105768
491 0.109390663199016
492 0.109767660402646
493 0.109914725125391
494 0.110064008069924
495 0.110317703041948
496 0.110680855438894
497 0.111006432095361
498 0.111481977652027
499 0.111989350160495
500 0.112329522955034
501 0.112464318760924
502 0.112629793424434
503 0.112934317566516
504 0.113329864776393
505 0.113786960235406
506 0.114200816851758
507 0.11450769776367
508 0.114802245313812
509 0.115075576390818
510 0.115415290920339
511 0.115924857741012
512 0.116173459930803
513 0.116404361562011
514 0.116766700987463
515 0.117037765161897
516 0.117306167809793
517 0.11759224802078
518 0.117908262092943
519 0.118355529601728
520 0.118755927015271
521 0.119062240004111
522 0.119405681225956
523 0.119735016542124
524 0.1201298549179
525 0.12061991409535
526 0.120953827582346
527 0.12123657792669
528 0.121547742097095
529 0.121934209945515
530 0.12232772086167
531 0.122724751454761
532 0.12312277636346
533 0.123490336162787
534 0.123876863053024
535 0.124279716444136
536 0.12467113827363
537 0.125042257349666
538 0.125401453719623
539 0.125768689993393
540 0.126177238767333
541 0.126637696887696
542 0.127068443009765
543 0.127395669831192
544 0.127709143814337
545 0.128075667816204
546 0.128502945006737
547 0.128941947050328
548 0.129383787099486
549 0.12983580883804
550 0.130303571502498
551 0.130762310182722
552 0.13130376995068
553 0.131877330653855
554 0.132347324687152
555 0.13278167208243
556 0.133158810665967
557 0.133503973727412
558 0.133958253137338
559 0.13448095885638
560 0.135029502560304
561 0.135542417972316
562 0.135887126606941
563 0.136273645939631
564 0.136711637859672
565 0.136898965368351
566 0.137146832906327
567 0.137477265310243
568 0.137826307959622
569 0.138126163721653
570 0.138543608916423
571 0.13905312756507
572 0.139453914430695
573 0.139892260688213
574 0.140384896421475
575 0.140891208673426
576 0.141283805357209
577 0.141599360284575
578 0.141908103145555
579 0.142286008328882
580 0.14261297263736
581 0.142913579928901
582 0.14321196006486
583 0.143492553403774
584 0.143785004890569
585 0.14408625988652
586 0.144396204404368
587 0.144807384642908
588 0.145176219963251
589 0.14550378318807
590 0.145984403659758
591 0.146281186963207
592 0.146555801908567
593 0.14698761263667
594 0.147283073068898
595 0.147583645495819
596 0.147913818851254
597 0.148202755123222
598 0.14858369897523
599 0.148972495560768
600 0.149298966930471
601 0.149625427259932
602 0.149951559338447
603 0.150230449935451
604 0.150423453918245
605 0.150779403772179
606 0.151149712295728
607 0.151447036627343
608 0.151758820375621
609 0.152128138964525
610 0.152496857464605
611 0.152794892733231
612 0.153100455735947
613 0.153445315117728
614 0.153801255848192
615 0.154079726536863
616 0.154377226796824
617 0.154742261093842
618 0.155158546181127
619 0.155432609702574
620 0.155727596507729
621 0.156093843719784
622 0.156485722439258
623 0.156775303447794
624 0.157075485940712
625 0.157461269738426
626 0.157828669585245
627 0.158164964411055
628 0.15847151469061
629 0.158765604254097
630 0.15908360693953
631 0.159465135807542
632 0.159878155637291
633 0.160178745472908
634 0.160537304905811
635 0.160928179180263
636 0.161283390004869
637 0.161646039705877
638 0.161987481985594
639 0.162307145503086
640 0.162634804610081
641 0.16301986475627
642 0.163381921685622
643 0.163685687285294
644 0.164133311988532
645 0.164498669230784
646 0.164816247516402
647 0.165256385582934
648 0.165584041467495
649 0.165915343742702
650 0.166324343119922
651 0.166709241783408
652 0.167144866520512
653 0.167545588579392
654 0.167816336960784
655 0.168174106371847
656 0.168558950128646
657 0.168941435589045
658 0.169353533849762
659 0.169730255981498
660 0.170079128737818
661 0.170429771022614
662 0.1708121616105
663 0.171231282774864
664 0.171660232875349
665 0.172052246075516
666 0.172447720530254
667 0.172891050188798
668 0.173369341684681
669 0.173734231588507
670 0.174112066790132
671 0.174498934381029
672 0.174851960845471
673 0.175265423912945
674 0.175726265861227
675 0.176185003040919
676 0.17655561749651
677 0.176944643477118
678 0.177374724087013
679 0.177827348084531
680 0.178222397981125
681 0.17867162553941
682 0.179165243579522
683 0.179591253809635
684 0.179972536382001
685 0.180362208843803
686 0.180793083237855
687 0.181237325610096
688 0.18166852626623
689 0.182104960324315
690 0.182576468806287
691 0.183030151613002
692 0.183466242318712
693 0.183886857616595
694 0.184287861879366
695 0.184722986779372
696 0.185169469145352
697 0.185596279949516
698 0.186036614526423
699 0.18650876661264
700 0.186998413282493
701 0.187464812995845
702 0.187913474637536
703 0.188349086024923
704 0.188795315014642
705 0.189335182234086
706 0.189796493914874
707 0.190216531697927
708 0.190710814939234
709 0.191233094466546
710 0.191705429112138
711 0.192136072428994
712 0.192647624926667
713 0.193105858603307
714 0.193553103106628
715 0.194043295910633
716 0.19448734418629
717 0.195009493219267
718 0.195573336311693
719 0.196037271675418
720 0.196493136603597
721 0.196936806600177
722 0.197389193383098
723 0.197958603504964
724 0.198463261595176
725 0.198914569098957
726 0.199385743396049
727 0.19986103813856
728 0.200345760175813
729 0.200862686113998
730 0.20144539732701
731 0.201949678549725
732 0.2024317689184
733 0.20294023558335
734 0.203367787332649
735 0.203855777240591
736 0.204376366004165
737 0.204840147987029
738 0.205414005096615
739 0.20593915710532
740 0.206377698892907
741 0.206900891753523
742 0.207388211414273
743 0.207875179130588
744 0.208406131483137
745 0.208915352098987
746 0.209395497847848
747 0.209879276666845
748 0.210415267207666
749 0.210915156912934
750 0.211423188146691
751 0.211966437333795
752 0.212517096326859
753 0.212999741952457
754 0.213436171339451
755 0.213883381177244
756 0.214374575724667
757 0.214918634166355
758 0.215480638524962
759 0.215994293037684
760 0.216460027944487
761 0.216932297142383
762 0.21744539604293
763 0.217975509349693
764 0.218526089359077
765 0.219050074824007
766 0.219506617443725
767 0.219968445533747
768 0.220476494597735
769 0.22100235984294
770 0.221467315825401
771 0.222038918724436
772 0.222588289269211
773 0.2230348357454
774 0.223516926506075
775 0.224059639081119
776 0.224608207905442
777 0.225097838831422
778 0.225603788613351
779 0.226093597815114
780 0.226571965658401
781 0.227082930974339
782 0.227618697680805
783 0.228150338923031
784 0.22865400613937
785 0.22911847029669
786 0.229633049582659
787 0.230161302995127
788 0.230641321611639
789 0.231148837920339
790 0.231693413262152
791 0.232240575793136
792 0.23273156413661
793 0.233297069965594
794 0.233855680973491
795 0.234346616989246
796 0.234819189855236
797 0.235296696399043
798 0.235761717543242
799 0.236204484425941
800 0.236716349775927
801 0.237278768105316
802 0.23783597339419
803 0.238316472767351
804 0.238746032443424
805 0.23921646009593
806 0.239761272647169
807 0.240305585353251
808 0.240945077415033
809 0.241569772586899
810 0.242061134984273
811 0.242477004804681
812 0.242946606268688
813 0.243460699055728
814 0.24394149669774
815 0.244490651392891
816 0.244984148499333
817 0.245435153738788
818 0.24603226635941
819 0.246556569533045
820 0.247010050653194
821 0.247466105157386
822 0.248064586123031
823 0.248531403808928
824 0.248945911568768
825 0.249481802428191
826 0.250019045395156
827 0.250519755417353
828 0.251004600719817
829 0.251528581754032
830 0.251983603317677
831 0.252446640522302
832 0.252967664471742
833 0.253511819656029
834 0.25407280301435
835 0.254591615459731
836 0.255046434423609
837 0.255565737023266
838 0.256040461087687
839 0.256489096202487
840 0.256977849811979
841 0.257464501841665
842 0.257987733803212
843 0.258542689022008
844 0.259079282113579
845 0.259536692598497
846 0.259962090830414
847 0.260411706309602
848 0.260921374167541
849 0.261459487327592
850 0.261961833191494
851 0.262398829494724
852 0.262868429241141
853 0.263343180130952
854 0.263839349295627
855 0.264366064523953
856 0.264794861438687
857 0.26525150750533
858 0.265759316642455
859 0.266246126021722
860 0.266714057296292
861 0.267226854822969
862 0.267762910557608
863 0.2681774774172
864 0.268684262035596
865 0.269184599223023
866 0.269606007493419
867 0.270119302265342
868 0.270632706156013
869 0.271163435109017
870 0.271729179074425
871 0.272207034121646
872 0.27264859694183
873 0.273074845331136
874 0.273493897344505
875 0.273963623162397
876 0.274472353305959
877 0.274988044017963
878 0.275470447182924
879 0.275937213543415
880 0.276390447011652
881 0.276857416922497
882 0.27739999972747
883 0.277880789747533
884 0.278365872242358
885 0.278892569198443
886 0.279312518193614
887 0.279739776165165
888 0.280249619168449
889 0.280829907905116
890 0.281219131766359
891 0.281598251246617
892 0.282071101188612
893 0.282651029759798
894 0.28313834225264
895 0.283633280814389
896 0.284173717721726
897 0.284719524233729
898 0.285120251079411
899 0.285514757593883
900 0.28598543015722
901 0.286507253173559
902 0.286987965631853
903 0.28747300600279
904 0.28794616609196
905 0.28827275715939
906 0.288723346584843
907 0.289221097474609
908 0.289677370114414
909 0.290152069696702
910 0.290686020234985
911 0.291213897059899
912 0.291691751266627
913 0.292234400161255
914 0.292793910508502
915 0.293303258442907
916 0.293721716774464
917 0.294117550207467
918 0.294615764523925
919 0.295191586900183
920 0.295727526278842
921 0.296091406506145
922 0.296473623506031
923 0.29693756672163
924 0.297436104426453
925 0.29789955893091
926 0.298340280034961
927 0.298768649008445
928 0.299197618247185
929 0.299722413416158
930 0.300251242286862
931 0.30072474500064
932 0.301146832069493
933 0.301569717320062
934 0.302020919946682
935 0.302525092920753
936 0.303100650612385
937 0.303684642646494
938 0.304136586036134
939 0.304494941070051
940 0.305032785310666
941 0.305443045555963
942 0.305830187950113
943 0.306280766229313
944 0.306719618679896
945 0.307140251743428
946 0.307621862584192
947 0.308164865037293
948 0.308600283325214
949 0.309071012968317
950 0.309565000388708
951 0.310027029126441
952 0.310395698769482
953 0.310843748065777
954 0.311347867344514
955 0.311849740170272
956 0.312341405900722
957 0.312838442534029
958 0.313281616955755
959 0.313646202244557
960 0.314025122830614
961 0.314417953213771
962 0.314849875983717
963 0.315333221141487
964 0.315845884041498
965 0.316337849252479
966 0.316778760233292
967 0.317181445942673
968 0.317634862674038
969 0.3181165334412
970 0.318558767003257
971 0.318934175531879
972 0.319331880466367
973 0.319879157878051
974 0.320447355431037
975 0.320949376992752
976 0.321566737311475
977 0.321933020401123
978 0.322137314864045
979 0.322371635372976
980 0.322745247768758
981 0.323185286414037
982 0.323713084989314
983 0.324310134019539
984 0.324856527141334
985 0.325400229747206
986 0.325835251830536
987 0.326185249893337
988 0.326707335730305
989 0.327022130055428
990 0.327440566455782
991 0.327993919794059
992 0.328175049655977
993 0.328602682700408
994 0.32906903361943
995 0.329535277316211
996 0.330272868274973
997 0.330577345835059
998 0.330751972463362
999 0.331071225157261
1000 0.331537728197366
1001 0.325632680594352
1002 0.326023589479268
1003 0.326466666906873
1004 0.326918966359901
1005 0.327462605877706
1006 0.327906708826775
1007 0.328351353193493
1008 0.328689673734511
1009 0.329027541336057
1010 0.329374758609048
1011 0.329765680980118
1012 0.330152762725648
1013 0.330536244693242
1014 0.330864565280492
1015 0.331138980417566
1016 0.331539524056249
1017 0.332000764823102
1018 0.332602369327633
1019 0.333038619050236
1020 0.333492385777459
1021 0.333885597274571
1022 0.334138770366664
1023 0.334424919821237
1024 0.334840712783447
1025 0.335253490094111
1026 0.335679699598589
1027 0.336052537667475
1028 0.336382433063256
1029 0.336757155874187
1030 0.337119241162018
1031 0.337518689681497
1032 0.337922554054144
1033 0.338348348158872
1034 0.338759300202571
1035 0.339196485665927
1036 0.339584885880234
1037 0.339906620743061
1038 0.340202316201986
1039 0.340485761798708
1040 0.340794185569021
1041 0.341143331990142
1042 0.341555956847242
1043 0.34195462091464
1044 0.342286421962035
1045 0.34270295683698
1046 0.343145507822128
1047 0.343540775595997
1048 0.34391614752383
1049 0.344348305190378
1050 0.344711923495863
1051 0.345052199215602
1052 0.345477501623368
1053 0.345873567478797
1054 0.346296494367505
1055 0.346684516608959
1056 0.346997494146701
1057 0.347378597813938
1058 0.347745875792108
1059 0.348130999307659
1060 0.348563558240708
1061 0.348918167417669
1062 0.349283757263943
1063 0.34963114229925
1064 0.350012198866283
1065 0.350357842355701
1066 0.350760841795521
1067 0.351187837922045
1068 0.351556490502099
1069 0.351969189909873
1070 0.352336979756729
1071 0.352644401666513
1072 0.35294610391948
1073 0.353261629415647
1074 0.35366249314422
1075 0.354062360822703
1076 0.354433349104824
1077 0.354841254671488
1078 0.355156000553036
1079 0.355367880191258
1080 0.355644195223484
1081 0.355917852186802
1082 0.356233999316692
1083 0.356610107181423
1084 0.356967031639306
1085 0.3573136055743
1086 0.357641549612308
1087 0.357973413456252
1088 0.358286326789678
1089 0.35856947355411
1090 0.358904560470006
1091 0.359234974416315
1092 0.359578507677618
1093 0.359877873253095
1094 0.360167689519463
1095 0.360454963274512
1096 0.360737983324707
1097 0.361029366777857
1098 0.361368032620061
1099 0.361676815703637
1100 0.361934916510198
1101 0.362241041185275
1102 0.362514353046587
1103 0.362740715702591
1104 0.363014067443816
1105 0.363323654272737
1106 0.363622144882915
1107 0.363948614802815
1108 0.364274070628401
1109 0.364618157109797
1110 0.364886069147643
1111 0.365180407450277
1112 0.365514031131347
1113 0.36576006373043
1114 0.366041394756994
1115 0.366352879488114
1116 0.366626091413136
1117 0.366994685138283
1118 0.367360525636717
1119 0.367669943480615
1120 0.367995214551017
1121 0.368304371622057
1122 0.368579414321094
1123 0.368859246658134
1124 0.369135606326529
1125 0.369428256007144
1126 0.369707463160877
1127 0.370003902606785
1128 0.370360444631029
1129 0.370722892432915
1130 0.371047712425639
1131 0.371368533005973
1132 0.371707508746416
1133 0.372013437206287
1134 0.372318199346164
1135 0.372656175230414
1136 0.372963326782375
1137 0.373218740097188
1138 0.373514110682566
1139 0.373840257024392
1140 0.374139387910031
1141 0.374436240631114
1142 0.374736554864236
1143 0.375046669853618
1144 0.375305790887963
1145 0.375563580088387
1146 0.375861987677358
1147 0.376156649118386
1148 0.376456401595906
1149 0.376763651476598
1150 0.37702721020926
1151 0.377305043042499
1152 0.377626429395099
1153 0.377931784084909
1154 0.378272255843429
1155 0.37857939549068
1156 0.378868685967471
1157 0.379133796298942
1158 0.379357516220956
1159 0.379625338577418
1160 0.379881671572991
1161 0.380184905481094
1162 0.380470630994033
1163 0.38078870963849
1164 0.381130020069675
1165 0.381393412936868
1166 0.381671741860634
1167 0.381993992375208
1168 0.382287173617566
1169 0.382572884879089
1170 0.382883218979992
1171 0.383250937510372
1172 0.383546097957504
1173 0.383818768887311
1174 0.384077235036969
1175 0.384270412248168
1176 0.384513268807351
1177 0.384769897939457
1178 0.385037983287663
1179 0.385323306470493
1180 0.385619792441418
1181 0.38594823101183
1182 0.386234683370558
1183 0.386515674958748
1184 0.386793599727267
1185 0.387028787870797
1186 0.387276146671895
1187 0.38752760313117
1188 0.387801266422435
1189 0.388042961508802
1190 0.388269685650269
1191 0.388494632196758
1192 0.388680074936217
1193 0.388909711910001
1194 0.389179211275955
1195 0.389415910260712
1196 0.389675981369129
1197 0.389904631347387
1198 0.390103457649316
1199 0.390276230749217
1200 0.390459058797906
1201 0.390640589612731
1202 0.390839431530679
1203 0.391061714187877
1204 0.391286912270135
1205 0.391539105127243
1206 0.391776870868127
1207 0.392011632528657
1208 0.392245358696263
1209 0.392469866564628
1210 0.392714620887522
1211 0.392982765059329
1212 0.393226752856817
1213 0.393486831753051
1214 0.393715939008931
1215 0.393907143059406
1216 0.394104855217879
1217 0.394294124690287
1218 0.394476717532713
1219 0.394661183501474
1220 0.394869024242597
1221 0.395067533956341
1222 0.395262055839761
1223 0.395480197075223
1224 0.395706388527312
1225 0.395934910957885
1226 0.396198036364041
1227 0.396426586264449
1228 0.396653991819219
1229 0.396846452954775
1230 0.397004360620904
1231 0.397174558050899
1232 0.397306283486003
1233 0.397472099381789
1234 0.397640366785753
1235 0.39784140425757
1236 0.398065349588785
1237 0.398316056005588
1238 0.398578706340028
1239 0.398849039396883
1240 0.399102339600225
1241 0.399354323113006
1242 0.39958250264042
1243 0.399790515845057
1244 0.400009594766168
1245 0.400222026475519
1246 0.400426896584578
1247 0.400628852643163
1248 0.400836443975186
1249 0.401006466256619
1250 0.401231232834834
1251 0.401507040097553
1252 0.401764136515812
1253 0.402077918737826
1254 0.402322819453778
1255 0.402530899191989
1256 0.402723195313721
1257 0.402876834706901
1258 0.403001411365406
1259 0.403145403467198
1260 0.403274865272221
1261 0.403427329917317
1262 0.403595828623087
1263 0.403751781011524
1264 0.403905829272502
1265 0.4040791019354
1266 0.404232756061431
1267 0.404434039648456
1268 0.404689073370913
1269 0.404919080408894
1270 0.405156618010284
1271 0.405401730791323
1272 0.40564958187553
1273 0.405888568162541
1274 0.406142160825521
1275 0.406383091844522
1276 0.406583299014185
1277 0.40681665119647
1278 0.407063161967069
1279 0.407334924341034
1280 0.407562974211187
1281 0.407801811321823
1282 0.408008074669202
1283 0.408143357390733
1284 0.408361114853266
1285 0.408623121839594
1286 0.408844809939039
1287 0.409082555389658
1288 0.409309808244729
1289 0.409514226612978
1290 0.409711020451038
1291 0.409938395888781
1292 0.410110688506551
1293 0.410212194790922
1294 0.410351434952883
1295 0.410469299914688
1296 0.410614568487032
1297 0.410801961156298
1298 0.410968151931887
1299 0.411130424889653
1300 0.411293736915213
1301 0.411465654189453
1302 0.411637325406243
1303 0.411799686283173
1304 0.411979496132197
1305 0.412122864343111
1306 0.412245353497766
1307 0.41235354321386
1308 0.412446627818161
1309 0.412525658016897
1310 0.41256462688276
1311 0.412639688697892
1312 0.412722645177371
1313 0.412801100685692
1314 0.412873978795182
1315 0.412980219627066
1316 0.413114060746395
1317 0.413221995187917
1318 0.413321635282818
1319 0.413457142877567
1320 0.413585924518694
1321 0.413726232676421
1322 0.413891568762589
1323 0.414108762339384
1324 0.414259018948643
1325 0.414388035426682
1326 0.414499279800235
1327 0.414570627200988
1328 0.414688618543699
1329 0.414797056599623
1330 0.414936789153949
1331 0.415130017457524
1332 0.415276842301332
1333 0.415409543180413
1334 0.415549127496666
1335 0.415658135694082
1336 0.415810334292465
1337 0.415997114161537
1338 0.416168586137924
1339 0.416355872883703
1340 0.416535176127258
1341 0.416690354092934
1342 0.416871147587862
1343 0.417073500159985
1344 0.417269568216972
1345 0.417511238170821
1346 0.417694780363583
1347 0.417852538603913
1348 0.417984118808303
1349 0.418097318951539
1350 0.418156647483552
1351 0.418257110762488
1352 0.41836806933496
1353 0.418459652035482
1354 0.418541404792227
1355 0.418643256297879
1356 0.418734849550267
1357 0.418847807083067
1358 0.41897754570121
1359 0.419125460866427
1360 0.419277142922505
1361 0.419453267464192
1362 0.41968352968455
1363 0.419873283210954
1364 0.420056437675804
1365 0.420236133896977
1366 0.420403208667623
1367 0.420560035033099
1368 0.420734661478889
1369 0.420867763353301
1370 0.420993029731455
1371 0.421064444008026
1372 0.421067397899085
1373 0.421078049551094
1374 0.421092111787094
1375 0.42108191267985
1376 0.421065883336743
1377 0.421068107424972
1378 0.421034232975318
1379 0.42095925669573
1380 0.420897106559157
1381 0.420836193884487
1382 0.42076445314714
1383 0.42067916089164
1384 0.420591069168359
1385 0.420511246126436
1386 0.420403192241183
1387 0.420306688696211
1388 0.420141896056983
1389 0.419957245752352
1390 0.419704479789021
1391 0.419355577351009
1392 0.419033025196314
1393 0.418655429226095
1394 0.418318186493685
1395 0.418006115607233
1396 0.417685121985879
1397 0.417382785009357
1398 0.417059655733836
1399 0.416739607753481
1400 0.416392601576962
1401 0.416035625852741
1402 0.415645258292545
1403 0.415238240891104
1404 0.414823163403075
1405 0.414393834599551
1406 0.413939024344707
1407 0.413517617186503
1408 0.413064191485398
1409 0.412708842773725
1410 0.412379571391736
1411 0.41213426747847
1412 0.411938662007615
1413 0.411841673191707
1414 0.411802585081083
1415 0.411874451126099
1416 0.412057977107164
1417 0.412293975291461
1418 0.412625862018432
1419 0.412997424740105
1420 0.413467349921851
1421 0.413906528098558
1422 0.414412588962308
1423 0.414862055019809
1424 0.415288707523579
1425 0.415703120771991
1426 0.416086861747415
1427 0.416476516807767
1428 0.416871122975064
1429 0.417235056150714
1430 0.417556480309408
1431 0.417915769933958
1432 0.418272200783533
1433 0.418647356704083
1434 0.419012121990729
1435 0.419393028012763
1436 0.41972297249094
1437 0.420003089833822
1438 0.420300966178415
1439 0.420595760526436
1440 0.420872278293214
1441 0.42113367297036
1442 0.421400987904034
1443 0.421658054195528
1444 0.421915931468251
1445 0.422175521145426
1446 0.422431674316466
1447 0.422699593397331
1448 0.422925855520379
1449 0.423133390499779
1450 0.423338433653067
1451 0.423497263877518
1452 0.423693422013671
1453 0.423909833265237
1454 0.424119843215311
1455 0.424330596989134
1456 0.424554973539094
1457 0.424798194568647
1458 0.425022335956096
1459 0.425254220613468
1460 0.425472140251727
1461 0.425674237632087
1462 0.425868303614969
1463 0.426059540749792
1464 0.426235522470286
1465 0.426395033146743
1466 0.426548547987815
1467 0.426662652137899
1468 0.426817675239467
1469 0.426994602915292
1470 0.427155534673739
1471 0.427366454089993
1472 0.427609563448441
1473 0.427846127449344
1474 0.428089441271363
1475 0.428313752296586
1476 0.428532686705094
1477 0.428756666177383
1478 0.428966344407586
1479 0.429190544079039
1480 0.429429693795751
1481 0.429655702956311
1482 0.429882004738713
1483 0.430097359044989
1484 0.430310893364158
1485 0.430507945597342
1486 0.430684598861421
1487 0.430877437842424
1488 0.431060697322254
1489 0.431259157517965
1490 0.43147310194853
1491 0.431680118866018
1492 0.431888349549035
1493 0.432100269071472
1494 0.432329145221125
1495 0.432526740081894
1496 0.432704042482206
1497 0.432892927582335
1498 0.433065736034687
1499 0.433247985509703
1500 0.433439494041823
1501 0.433637698269361
1502 0.433844182318082
1503 0.434034367737504
1504 0.434208605863292
1505 0.434417819315701
1506 0.434648747201905
1507 0.434852959434346
1508 0.435093925334405
1509 0.435290490912685
1510 0.435429088744625
1511 0.435579248287405
1512 0.435711956241751
1513 0.435853180039797
1514 0.435983328910132
1515 0.436130083952268
1516 0.436292002338127
1517 0.436461330215027
1518 0.436627330136905
1519 0.436792427229251
1520 0.436928084715402
1521 0.437059283445238
1522 0.437178673998144
1523 0.43728091113133
1524 0.437390235529254
1525 0.437481227453554
1526 0.437615929576576
1527 0.437764810453788
1528 0.437928798107383
1529 0.438121543743213
1530 0.438314501631071
1531 0.438522065675123
1532 0.438715207896861
1533 0.438927785112928
1534 0.439100706501022
1535 0.439242063946539
1536 0.439396845838614
1537 0.439532326563173
1538 0.439689663172887
1539 0.439868091997537
1540 0.440022588180829
1541 0.440175946592893
1542 0.44032116111902
1543 0.440467981613239
1544 0.44057489393418
1545 0.44065384436105
1546 0.440741347829796
1547 0.440796587976971
1548 0.440866871165123
1549 0.440942402884858
1550 0.441036117091663
1551 0.441114720517827
1552 0.441234410195187
1553 0.441398205936277
1554 0.441557128992924
1555 0.441735768109589
1556 0.441912654876692
1557 0.442121955109547
1558 0.442278748468444
1559 0.442399274256274
1560 0.442540918435232
1561 0.442668496513814
1562 0.442786046429134
1563 0.44291059403811
1564 0.443035435579914
1565 0.443135068772582
1566 0.443245776168219
1567 0.443396769148684
1568 0.443503888967074
1569 0.4435850407762
1570 0.443657917293681
1571 0.443672557722531
1572 0.443744883796829
1573 0.443816177148268
1574 0.44393494782149
1575 0.444147343586077
1576 0.444304518730569
1577 0.444455029541815
1578 0.444610829430207
1579 0.444718730773237
1580 0.444871106191457
1581 0.445094634233733
1582 0.445264741789531
1583 0.445423765989454
1584 0.445575828589733
1585 0.445666529145407
1586 0.445799889215557
1587 0.445992649651694
1588 0.446134310429046
1589 0.446253701616228
1590 0.446384068319788
1591 0.446516311810474
1592 0.446601131451092
1593 0.446654747611458
1594 0.446728354240721
1595 0.446763148795123
1596 0.446804675609617
1597 0.446846745572652
1598 0.446935854773337
1599 0.44703518743408
1600 0.447152103238143
1601 0.447315993662195
1602 0.447510873585062
1603 0.447675797429923
1604 0.447813343335917
1605 0.44793794167005
1606 0.448045822625622
1607 0.448162729918232
1608 0.448263240099923
1609 0.448368926962147
1610 0.44848352466562
1611 0.448594547478435
1612 0.448699025492018
1613 0.44879684307826
1614 0.448885299589123
1615 0.449014149219733
1616 0.449139897775762
1617 0.449299951016283
1618 0.449512894837509
1619 0.449693196598649
1620 0.449881604266033
1621 0.45002642545744
1622 0.450178930122801
1623 0.450242300749272
1624 0.45023914654034
1625 0.450241672771569
1626 0.450159487653533
1627 0.450213410385719
1628 0.450306949191652
1629 0.450423039723732
1630 0.450624166110051
1631 0.450765454733944
1632 0.450886763792163
1633 0.451040029700627
1634 0.451208389841407
1635 0.451344691104726
1636 0.451490395601713
1637 0.451617978942376
1638 0.451708636519961
1639 0.451831519715932
1640 0.451962361142363
1641 0.452098484752122
1642 0.452251529601356
1643 0.452376884965564
1644 0.45250393317925
1645 0.452608738548828
1646 0.452671538189515
1647 0.452797365197389
1648 0.45294187338783
1649 0.453082330778421
1650 0.453263436834061
1651 0.453386318894769
1652 0.45348108309685
1653 0.453570807033754
1654 0.453642231180563
1655 0.453677708256375
1656 0.453763886959881
1657 0.453908870065457
1658 0.453993225071896
1659 0.454103227133452
1660 0.454218557296918
1661 0.454304613193446
1662 0.454363997184189
1663 0.454405718610685
1664 0.454462505882001
1665 0.454506045808266
1666 0.454579591210958
1667 0.454679358837865
1668 0.454798898563197
1669 0.454945610534345
1670 0.455083196029615
1671 0.455215694585282
1672 0.455311580647316
1673 0.455371393711026
1674 0.455443487960659
1675 0.455573490240261
1676 0.455769398774613
1677 0.455956692395976
1678 0.456110930177841
1679 0.456236127601513
1680 0.45635019899543
1681 0.45652363194275
1682 0.456746664576828
1683 0.456985987526165
1684 0.457169788754441
1685 0.457317896788261
1686 0.457462972006392
1687 0.457535530863715
1688 0.457624549619855
1689 0.45773601069021
1690 0.457835205850647
1691 0.457945632787139
1692 0.45806664940377
1693 0.458181042989798
1694 0.458228407110316
1695 0.458337079529281
1696 0.458505699348786
1697 0.4585918769513
1698 0.458695863351882
1699 0.458801938722883
1700 0.458894392066899
1701 0.459020856171942
1702 0.459131298787848
1703 0.459189090985041
1704 0.459283377573284
1705 0.459434927185739
1706 0.459529909091548
1707 0.459605966098379
1708 0.459678559018963
1709 0.459722520738333
1710 0.459740284345769
1711 0.459772674067931
1712 0.459750821746919
1713 0.459615636071109
1714 0.459583600922555
1715 0.459574939209436
1716 0.459576686169093
1717 0.459628584306329
1718 0.459698141820633
1719 0.45979284165623
1720 0.459867591855285
1721 0.459994992339116
1722 0.460041102642396
1723 0.460005647022283
1724 0.460014149103157
1725 0.460001466254137
1726 0.460027290671931
1727 0.460088471608875
1728 0.460129299656802
1729 0.460181534581954
1730 0.460222620848446
1731 0.460235233613574
1732 0.460281977072173
1733 0.460353916815033
1734 0.460383429652976
1735 0.460442400445874
1736 0.460461873074672
1737 0.460394877651943
1738 0.460427950430956
1739 0.460481675775397
1740 0.460593923618825
1741 0.460716169914172
1742 0.460821591398621
1743 0.460905088627047
1744 0.460987236919928
1745 0.461090594487862
1746 0.461135266012821
1747 0.461174487800432
1748 0.461154070430628
1749 0.461088795821716
1750 0.46113117246191
1751 0.461212642321377
1752 0.461306874889594
1753 0.461434385647926
1754 0.461530390398261
1755 0.461571731087563
1756 0.461576674237211
1757 0.461566152233254
1758 0.461618233646558
1759 0.461713874997999
1760 0.461833432459238
1761 0.462014157957784
1762 0.46209877703429
1763 0.462073828597138
1764 0.462080064237597
1765 0.462080222590117
1766 0.461999192644637
1767 0.461959625485371
1768 0.461976193098535
1769 0.461958886640585
1770 0.462045062022317
1771 0.462166959370382
1772 0.462222860774483
1773 0.46225530299546
1774 0.462234375453243
1775 0.462250474114987
1776 0.462272495683611
1777 0.46227888769302
1778 0.462268418694406
1779 0.462314077552874
1780 0.462374843809894
1781 0.462501920447422
1782 0.462658419496483
1783 0.462785205037502
1784 0.462841014722316
1785 0.462863149018629
1786 0.462845340301776
1787 0.462824785296521
1788 0.462797252553357
1789 0.462775905945502
1790 0.462832285312641
1791 0.462912567849141
1792 0.462965031310871
1793 0.463001517268098
1794 0.462965098132025
1795 0.462867600776944
1796 0.462797936114206
1797 0.462747986842636
1798 0.462757869293788
1799 0.462884207733669
1800 0.463082783447665
1801 0.460983156077932
1802 0.461088345978144
1803 0.461238293554608
1804 0.46134508381671
1805 0.461443513365699
1806 0.461531012702353
1807 0.461666725030817
1808 0.46179725464134
1809 0.461950515621753
1810 0.462171019562301
1811 0.462358443674869
1812 0.462523718717341
1813 0.462622404355172
1814 0.462610386402327
1815 0.462605047746802
1816 0.462647600465849
1817 0.462678625150806
1818 0.462736360142385
1819 0.462865376739614
1820 0.462966275148134
1821 0.462998848047499
1822 0.462912881701984
1823 0.462870015371543
1824 0.46290698960406
1825 0.462941255494927
1826 0.463036027660914
1827 0.463109135820283
1828 0.463181242479638
1829 0.463219533651355
1830 0.463248193720827
1831 0.463281724952658
1832 0.463263906815561
1833 0.463262827840147
1834 0.463219456823653
1835 0.463220124425995
1836 0.46326079228293
1837 0.463294531458972
1838 0.463397686874983
1839 0.463617015729819
1840 0.463761885255272
1841 0.463829506192886
1842 0.463951775624656
1843 0.46395670163307
1844 0.463897316666431
1845 0.463946753096714
1846 0.463996873214673
1847 0.463997665472339
1848 0.463972380065483
1849 0.463981227859689
1850 0.463929470237597
1851 0.463920637062067
1852 0.463903528200195
1853 0.463898199422197
1854 0.463982174410274
1855 0.463953949554139
1856 0.46390515474734
1857 0.463847378141899
1858 0.463784461138538
1859 0.463683633910226
1860 0.463585800887616
1861 0.463429871779791
1862 0.463239941465293
1863 0.462907149706295
1864 0.462596946136144
1865 0.462370233581362
1866 0.462037763262798
1867 0.461716567116287
1868 0.461418677333134
1869 0.461063619196055
1870 0.460667182160173
1871 0.460367157001999
1872 0.460010472845394
1873 0.459629558354177
1874 0.459293552191275
1875 0.458900709530415
1876 0.458512462109848
1877 0.458093819053736
1878 0.457508749916445
1879 0.456785517480598
1880 0.45597366975336
1881 0.455063333615962
1882 0.454083593424673
1883 0.453129230158682
1884 0.452046298988061
1885 0.450937259774331
1886 0.449777678249945
1887 0.448468598699728
1888 0.447054602709757
1889 0.44556462839755
1890 0.443958283478654
1891 0.44223240447639
1892 0.440339797775848
1893 0.438389129482028
1894 0.436354600613167
1895 0.434218552787841
1896 0.432121395976037
1897 0.429999149473052
1898 0.427847431217089
1899 0.425795858020606
1900 0.42374415226499
1901 0.421803150734994
1902 0.419942993191613
1903 0.41818188576676
1904 0.416512547919394
1905 0.415013961573669
1906 0.413566274701038
1907 0.412345033613342
1908 0.411328933714259
1909 0.410424406150589
1910 0.409697561328903
1911 0.409176771297026
1912 0.408776497906988
1913 0.408517910816005
1914 0.408404431763563
1915 0.408438393117748
1916 0.408645217162188
1917 0.408872396043772
1918 0.4091317638692
1919 0.409477075044724
1920 0.409798449903024
1921 0.41016030310434
1922 0.410595114815676
1923 0.410993761474683
1924 0.411371949028852
1925 0.411809871944247
1926 0.412239309646212
1927 0.412711170232166
1928 0.413198483935982
1929 0.413764979605947
1930 0.414332231641219
1931 0.414821031895445
1932 0.415341010949956
1933 0.415887020360956
1934 0.416354435531801
1935 0.416735182386791
1936 0.417255765771728
1937 0.4177305055063
1938 0.418186688344474
1939 0.418699779956938
1940 0.419204754317054
1941 0.419782534370653
1942 0.420395110184921
1943 0.421006032596788
1944 0.421756312473552
1945 0.422334074432766
1946 0.422844646789813
1947 0.423302911923116
1948 0.423677891425108
1949 0.423961008922751
1950 0.424344224088634
1951 0.424697295079151
1952 0.42505297597191
1953 0.425512082687327
1954 0.425955502673572
1955 0.426361176543674
1956 0.426870819613997
1957 0.427502948663061
1958 0.428053903569174
1959 0.428623332206288
1960 0.42918260220633
1961 0.429667445027903
1962 0.43010972785143
1963 0.430638109975074
1964 0.43121556587946
1965 0.431806797037394
1966 0.43231208738751
1967 0.432763335411214
1968 0.433099708061274
1969 0.433475551120937
1970 0.433820647269776
1971 0.434204931800479
1972 0.434575524769342
1973 0.434960637667095
1974 0.435528715326691
1975 0.436048310308646
1976 0.43650698053617
1977 0.437066395958704
1978 0.437567973539781
1979 0.437967037745101
1980 0.438435259464563
1981 0.438990434725449
1982 0.43946347325783
1983 0.439873047997045
1984 0.440295773760472
1985 0.44070696410239
1986 0.441118095040155
1987 0.441505649344915
1988 0.441953265136502
1989 0.442334098275945
1990 0.442809971409838
1991 0.443258685757448
1992 0.443712945246473
1993 0.444141862010824
1994 0.444558511064049
1995 0.444980595918558
1996 0.445394569980241
1997 0.445851394225618
1998 0.446361249495941
1999 0.446828270290544
2000 0.447252912588094
2001 0.447634085579935
2002 0.448114078223754
2003 0.448599914854198
2004 0.449099579827544
2005 0.449770815236816
2006 0.450232619143675
2007 0.450567349825021
2008 0.450915620236557
2009 0.451153729421726
2010 0.451441863216689
2011 0.451709012191053
2012 0.452054551684726
2013 0.452395616061575
2014 0.452660452147117
2015 0.452958630605494
2016 0.453235783901072
2017 0.453582679521832
2018 0.453965837301829
2019 0.454333385596933
2020 0.454778606153967
2021 0.455125714383906
2022 0.455449972894267
2023 0.45572606610344
2024 0.455952060585566
2025 0.456101286026877
2026 0.456340461623785
2027 0.456511559058588
2028 0.456725948382882
2029 0.457108981413165
2030 0.457425896247008
2031 0.457767096036205
2032 0.458059447890332
2033 0.458340244678587
2034 0.458620115700555
2035 0.458887732739687
2036 0.459131938515189
2037 0.45936914910911
2038 0.459598251422111
2039 0.45972242166361
2040 0.459947882522124
2041 0.460330105993142
2042 0.460682235305831
2043 0.460961040103715
2044 0.461281160730054
2045 0.461508050537059
2046 0.461633522126593
2047 0.461756841128495
2048 0.461797095361407
2049 0.461941463804523
2050 0.462041324897917
2051 0.462203137550217
2052 0.46250919439411
2053 0.462779923070927
2054 0.46303941573141
2055 0.463332269433249
2056 0.463582120481875
2057 0.463827829130626
2058 0.464053405829364
2059 0.464243333370679
2060 0.464435479636334
2061 0.464627793534486
2062 0.464820347534826
2063 0.465008290708171
2064 0.465171718424106
2065 0.46533930097995
2066 0.465476462663516
2067 0.46553790479827
2068 0.46565422980652
2069 0.465853706153679
2070 0.465981208552687
2071 0.466123262445123
2072 0.466275136324559
2073 0.46648508448635
2074 0.466714255863827
2075 0.466899725217009
2076 0.467148861220617
2077 0.467331331275383
2078 0.467365508883138
2079 0.467539548860789
2080 0.467826259837254
2081 0.468035837372261
2082 0.468358090039295
2083 0.468504717442308
2084 0.468470187683629
2085 0.468446678039239
2086 0.468525096590769
2087 0.46855483981646
2088 0.468652637924216
2089 0.468902879114433
2090 0.469052401066927
2091 0.469136512741664
2092 0.469255172511981
2093 0.469361077952846
2094 0.469522386168384
2095 0.469750732780111
2096 0.469902584518412
2097 0.470095292952206
2098 0.470240975690502
2099 0.470338896087949
2100 0.470308983597301
2101 0.470404019980902
2102 0.47055099669804
2103 0.470683620952749
2104 0.470781731645711
2105 0.471048037108896
2106 0.471505522702098
2107 0.471693450846138
2108 0.471842491172137
2109 0.472044943882633
2110 0.472027620619622
2111 0.472182881548209
2112 0.472537641942727
2113 0.47284050114508
2114 0.473197780019937
2115 0.473449980510447
2116 0.473623035172816
2117 0.473896915346769
2118 0.474095315523651
2119 0.474243233469517
2120 0.474418431366501
2121 0.474651579038486
2122 0.474839556858223
2123 0.474975513849926
2124 0.47512763376286
2125 0.475346434764299
2126 0.475451473817499
2127 0.475402537188025
2128 0.475516788991689
2129 0.47566846324094
2130 0.475810296161806
2131 0.476090050367725
2132 0.476264874236897
2133 0.47634758537065
2134 0.476437997715637
2135 0.476610812625334
2136 0.47667563694227
2137 0.476580178245225
2138 0.476354953099519
2139 0.476200620611393
2140 0.475845522271328
2141 0.475709323901504
2142 0.475805005050382
2143 0.475673757347522
2144 0.4755015800194
2145 0.475297664930993
2146 0.474951059253815
2147 0.474698316673426
2148 0.474508973583872
2149 0.474250424824291
2150 0.473932556843621
2151 0.473660876706722
2152 0.473341823551837
2153 0.473133625584832
2154 0.472848886796614
2155 0.472575557723733
2156 0.472316614984944
2157 0.472026752935593
2158 0.471733038708452
2159 0.471522622579778
2160 0.471184417087066
2161 0.470755182805593
2162 0.470309496309146
2163 0.469761950253655
2164 0.46932339055991
2165 0.46888441561889
2166 0.468461609280153
2167 0.468220580761169
2168 0.467772443365367
2169 0.467154881121482
2170 0.466621380573422
2171 0.465973865935152
2172 0.465402194939578
2173 0.464853964657295
2174 0.464435978674152
2175 0.464040542303697
2176 0.463753348463969
2177 0.46330708386362
2178 0.462909820401783
2179 0.462378471102192
2180 0.461594041637979
2181 0.461037835688378
2182 0.460553661482052
2183 0.46003786030513
2184 0.45959881465025
2185 0.459138719428572
2186 0.458681672502489
2187 0.458164864413306
2188 0.457629612432616
2189 0.457112769052908
2190 0.456524789390555
2191 0.455959981122962
2192 0.455430722057294
2193 0.454910320870917
2194 0.454268435068394
2195 0.453894367031078
2196 0.453481484577907
2197 0.452890845937969
2198 0.452256282008945
2199 0.451444494857018
2200 0.450843810166182
2201 0.450302832119816
2202 0.449676882834256
2203 0.449013646413865
2204 0.448576591058838
2205 0.448087145702956
2206 0.447798028281369
2207 0.447814941162502
2208 0.447850614089106
2209 0.447929609937637
2210 0.448091897272498
2211 0.448474283846183
2212 0.448776535174574
2213 0.449031726593499
2214 0.449372712455674
2215 0.449755654200635
2216 0.450176534268634
2217 0.450703006477435
2218 0.451192459021264
2219 0.451660551455504
2220 0.452174048840722
2221 0.452650323813649
2222 0.453114750740219
2223 0.453538318213229
2224 0.454015718102265
2225 0.454279029405433
2226 0.454374235287541
2227 0.454563624863006
2228 0.454658998588032
2229 0.454763189802365
2230 0.454898188811681
2231 0.455038115677242
2232 0.455102712131207
2233 0.455257579479497
2234 0.455537252708663
2235 0.455736676856513
2236 0.455900691223538
2237 0.456083703685605
2238 0.456360696792565
2239 0.456442109565323
2240 0.45637215409494
2241 0.456362757874803
2242 0.456267684310052
2243 0.456151455684691
2244 0.455955021077978
2245 0.45594695749407
2246 0.455968472809647
2247 0.456134548982954
2248 0.456468340180332
2249 0.456789950896297
2250 0.456866315099449
2251 0.456740026150199
2252 0.456656912427906
2253 0.456407059044317
2254 0.456313744557645
2255 0.456191385698617
2256 0.456278861722768
2257 0.456592421088273
2258 0.456747991283348
2259 0.456973549231088
2260 0.457140706366245
2261 0.457147493157954
2262 0.457272735716635
2263 0.457549641317228
2264 0.457685720516918
2265 0.457666439801753
2266 0.457837904822886
2267 0.458115504732069
2268 0.458314530571614
2269 0.458698247668568
2270 0.458857536180568
2271 0.458699293504408
2272 0.458714466470378
2273 0.458836011316826
2274 0.458812698662136
2275 0.458720839298042
2276 0.458703377311316
2277 0.458563986196393
2278 0.458492244411426
2279 0.458705700592721
2280 0.458700055986091
2281 0.458530219719128
2282 0.458322214715078
2283 0.458198329342273
2284 0.458228371423728
2285 0.458187464306006
2286 0.45835442455821
2287 0.458231100104994
2288 0.4578560555829
2289 0.457694394617993
2290 0.457393347243271
2291 0.457520394174316
2292 0.458070879386975
2293 0.458224499181792
2294 0.458556472561106
2295 0.458581633528105
2296 0.45817924800387
2297 0.457875319362219
2298 0.457506882746415
2299 0.457251896843086
2300 0.457054891677448
2301 0.456664771071237
2302 0.456066018847491
2303 0.455827016806217
2304 0.455648794831482
2305 0.455517371356868
2306 0.455745100817652
2307 0.455840912756937
2308 0.455767538723087
2309 0.455687981493348
2310 0.455774723315846
2311 0.455724022465396
2312 0.455290806106067
2313 0.455268881096839
2314 0.455589493815552
2315 0.455702061010277
2316 0.456030905646957
2317 0.456130582025232
2318 0.45581031614966
2319 0.455732684765785
2320 0.455766009178594
2321 0.455702636208954
2322 0.455806753718069
2323 0.455994534442961
2324 0.455880715272384
2325 0.455733953092956
2326 0.455633725949635
2327 0.455497995765127
2328 0.455352436408994
2329 0.455094657637974
2330 0.454976880500088
2331 0.454534788811625
2332 0.454053800268208
2333 0.453788048127911
2334 0.453170806454114
2335 0.453053456491576
2336 0.452999677476787
2337 0.453371685889451
2338 0.453107883773788
2339 0.452682558787319
2340 0.452313981887808
2341 0.45165932282888
2342 0.451016112194359
2343 0.450305692769069
2344 0.450054372008185
2345 0.44977416211261
2346 0.449674932005399
2347 0.450146068234668
2348 0.450453101397072
2349 0.450580634279409
2350 0.450970372707036
2351 0.451957561867174
2352 0.452060820826931
2353 0.451480236166974
2354 0.451688239599532
2355 0.451982456076582
2356 0.452052278779788
2357 0.452707498679195
2358 0.452511099669649
2359 0.451327018647595
2360 0.450892399704348
2361 0.450549896530258
2362 0.450391781910693
2363 0.450777655282188
2364 0.450401795632713
2365 0.44943067810911
2366 0.449195182432658
2367 0.44900545248776
2368 0.448724283141651
2369 0.448905045436296
2370 0.449124937235383
2371 0.44888541088216
2372 0.449139109767552
2373 0.450387801940364
2374 0.45069100859128
2375 0.450611314493736
2376 0.450514652939407
2377 0.449930676894141
2378 0.449408529615738
2379 0.448798176861464
2380 0.448352124814525
2381 0.447991120176262
2382 0.447491288444534
2383 0.446981928269024
2384 0.446711674167048
2385 0.446382679288564
2386 0.446126331455004
2387 0.446119497147386
2388 0.445809222657572
2389 0.444930534131728
2390 0.444918251184958
2391 0.446101485819705
2392 0.446021229940816
2393 0.44566457394438
2394 0.44520752521939
2395 0.443510896402071
2396 0.442408403105305
2397 0.441692252451072
2398 0.441528180362876
2399 0.441627863085963
2400 0.441493891228187
2401 0.44168044745521
2402 0.441841038735634
2403 0.442126803776852
2404 0.442201675379183
2405 0.442778985523945
2406 0.442697102094924
2407 0.441475459799547
2408 0.440626163842541
2409 0.439675539769507
2410 0.438758743440309
2411 0.438066617956276
2412 0.437204784642551
2413 0.436246463153573
2414 0.435595091107299
2415 0.434613047432836
2416 0.434115896701428
2417 0.434198828963812
2418 0.434161218093026
2419 0.434157008718641
2420 0.434669571580426
2421 0.435775755623336
2422 0.436166918174304
2423 0.436853707679167
2424 0.436846081186288
2425 0.435872825768983
2426 0.435483258376917
2427 0.435223977992667
2428 0.434302176122821
2429 0.433186326899788
2430 0.432044435970357
2431 0.430137700520654
2432 0.429258048496996
2433 0.42881574031096
2434 0.428501544027688
2435 0.42878340089976
2436 0.428765552957153
2437 0.428969754086566
2438 0.428605769356581
2439 0.427995414376083
2440 0.42725882628849
2441 0.426069305190645
2442 0.424405056833052
2443 0.423496520755933
2444 0.42248037626674
2445 0.423237864986534
2446 0.424639662360585
2447 0.424641204775199
2448 0.424938446629813
2449 0.424311538539161
2450 0.422559018939686
2451 0.4211819781497
2452 0.420979195267441
2453 0.420767480472276
2454 0.421790448507009
2455 0.42297448136584
2456 0.421064250648347
2457 0.419388866296667
2458 0.418087729386551
2459 0.415674234362716
2460 0.414454563271894
2461 0.413845121239277
2462 0.413824284999983
2463 0.415656866066121
2464 0.415153812962182
2465 0.415110475747157
2466 0.413104062373235
2467 0.412248828826007
2468 0.414047646694312
2469 0.414229177271576
2470 0.412693800543431
2471 0.413280039146642
2472 0.414945929369034
2473 0.415686932880018
2474 0.417472861599144
2475 0.417599467108188
2476 0.416002753542451
2477 0.415447847672712
2478 0.415051768466153
2479 0.413985690842842
2480 0.411751786818806
2481 0.410838853370964
2482 0.410532014518192
2483 0.410904035123091
2484 0.413039856856329
2485 0.412949554957034
2486 0.412388297221156
2487 0.410803938473371
2488 0.407042774475302
2489 0.406318294199769
2490 0.405262766522685
2491 0.408010709143972
2492 0.412037486439383
2493 0.413987673745126
2494 0.416311569494173
2495 0.416356239273677
2496 0.414890568532222
2497 0.411460745301725
2498 0.408542086579532
2499 0.406401595948458
2500 0.404305439008622
