"Wavelength" "M040a_m2-w1"
350 0.109195409477589
351 0.110178149509907
352 0.107479288207834
353 0.103711612124647
354 0.102839859812108
355 0.0999898112959328
356 0.101301085271622
357 0.107528776654325
358 0.114276426459952
359 0.112707438257611
360 0.107826916060426
361 0.105581316115124
362 0.110178318978731
363 0.108449387349001
364 0.105199627869582
365 0.107046575430375
366 0.107717794021896
367 0.106411690693057
368 0.105206684398736
369 0.106781370566624
370 0.105668265971535
371 0.104614227663978
372 0.105047531658903
373 0.105733575288901
374 0.104587793234132
375 0.102628813740716
376 0.101935587463717
377 0.106092926904797
378 0.10676294053049
379 0.104479747556489
380 0.103340659982469
381 0.103129708648451
382 0.104513959472337
383 0.105930722567992
384 0.104135444459444
385 0.103110192539091
386 0.102660345037139
387 0.102332464494625
388 0.102586313845907
389 0.103887408845696
390 0.105068609019162
391 0.104802194491134
392 0.10337748803866
393 0.102826316061096
394 0.10309269175778
395 0.102612534662814
396 0.10355976679039
397 0.104376527465599
398 0.1045637461579
399 0.10684292796482
400 0.106932512935386
401 0.105519393822971
402 0.104585103531061
403 0.104311244236104
404 0.104826712270522
405 0.105533427091322
406 0.105450938221692
407 0.105665277578904
408 0.105885512275259
409 0.106026319627285
410 0.106882341553506
411 0.106553305412032
412 0.10638321371224
413 0.107806102610048
414 0.107900534520188
415 0.10769746855303
416 0.107823003716012
417 0.108372571847517
418 0.108847285565858
419 0.109162021066366
420 0.109362806684474
421 0.10961364312914
422 0.10965983314577
423 0.110083341690405
424 0.111329005224538
425 0.111571821388663
426 0.11158843522169
427 0.111623227270587
428 0.111290300473921
429 0.111531334151303
430 0.112059879795964
431 0.112538654477689
432 0.11323351980453
433 0.11318798546679
434 0.113136598226688
435 0.114207028736587
436 0.114462349158244
437 0.115090192435795
438 0.11611163963448
439 0.115839154252545
440 0.116037014425828
441 0.116524526263247
442 0.116811141890198
443 0.11697140959034
444 0.117372902841606
445 0.117855226125689
446 0.118005879533758
447 0.1183402860642
448 0.118846280769299
449 0.119339608802485
450 0.119456095073483
451 0.1196362833102
452 0.119856796314684
453 0.120035317138881
454 0.120512080704904
455 0.120958460217369
456 0.121255303126903
457 0.121486275113613
458 0.121625775368857
459 0.121833321848921
460 0.122197788845931
461 0.122598203575923
462 0.122971270660141
463 0.123155623981535
464 0.12308443282709
465 0.123509986966838
466 0.123983928645373
467 0.124207294598223
468 0.124190642221536
469 0.124399746881668
470 0.124640945632612
471 0.124754715252394
472 0.125331145567891
473 0.125802714610925
474 0.126019893786977
475 0.126143796019817
476 0.126359313847491
477 0.126588052664536
478 0.126784094962917
479 0.127054115144844
480 0.127240448610384
481 0.127511152882951
482 0.128026125750282
483 0.12823423044278
484 0.128512712919664
485 0.128922709578831
486 0.129135096147043
487 0.129522786925734
488 0.129791802889292
489 0.129778210943686
490 0.130139113377929
491 0.130688190763063
492 0.131209896284867
493 0.131516901084382
494 0.131918889984771
495 0.132291979756695
496 0.132590706930268
497 0.133001518671426
498 0.133584689309989
499 0.134141072317567
500 0.134451835074105
501 0.134715314754124
502 0.135131944870466
503 0.135645374846049
504 0.135936592623667
505 0.136226168600746
506 0.136597619997928
507 0.137055649799594
508 0.137474434569984
509 0.137824081740258
510 0.138168518303209
511 0.138617682743686
512 0.139064043938587
513 0.139587301423533
514 0.140152233895945
515 0.14042281674733
516 0.140787163204603
517 0.141255130778539
518 0.141696823866708
519 0.142045769584933
520 0.142465153060485
521 0.142979900246141
522 0.143431903787897
523 0.143824213191435
524 0.14423300907246
525 0.144715704434716
526 0.145179194839244
527 0.145651858201381
528 0.146149338934834
529 0.146664552244643
530 0.146992813640615
531 0.147355362724196
532 0.147894021383259
533 0.148421143230875
534 0.148811106293958
535 0.149179913561856
536 0.149726757552386
537 0.150299940932947
538 0.150822366743569
539 0.151267523294766
540 0.151664622404416
541 0.152108892528185
542 0.152633609517231
543 0.15321515276362
544 0.153690830019479
545 0.154171104669841
546 0.154692207493075
547 0.155206041277266
548 0.155750066863941
549 0.156303054982704
550 0.156860768440571
551 0.157520305674941
552 0.158143313174534
553 0.158729600238056
554 0.15936051060342
555 0.159923114536064
556 0.160506119310965
557 0.161158128632449
558 0.161783795376208
559 0.162371132935356
560 0.162971899472258
561 0.163624937890914
562 0.164070580101774
563 0.164514105387444
564 0.165014256066704
565 0.165379488783668
566 0.165697791284344
567 0.166010519894756
568 0.166348536679967
569 0.166728980300877
570 0.167199799356876
571 0.167771496835098
572 0.16841619914599
573 0.169087447296813
574 0.169788580360873
575 0.170494811517072
576 0.171065583088205
577 0.171537771654671
578 0.172018911139522
579 0.172617817865258
580 0.17298962664114
581 0.173184622415633
582 0.173339178511775
583 0.173647064482223
584 0.17396615938587
585 0.174318407838239
586 0.174767397890643
587 0.175264898509656
588 0.175807177771111
589 0.176380741763709
590 0.176957974158488
591 0.177354823983982
592 0.177724239123837
593 0.178227636859031
594 0.178672864244437
595 0.179159921884835
596 0.179673882538979
597 0.180106997933063
598 0.180528212287652
599 0.180915014777141
600 0.181265726655735
601 0.181666652194855
602 0.18207294834253
603 0.182435699887198
604 0.182724648839744
605 0.183083479085759
606 0.183465564823004
607 0.183825560392617
608 0.184146098981084
609 0.184625644777634
610 0.185135451803666
611 0.185490631483551
612 0.185864420994112
613 0.18630213692129
614 0.186774449570021
615 0.187180406039733
616 0.187558417749877
617 0.187984299667966
618 0.188488591850841
619 0.188918428684084
620 0.189335559780331
621 0.189752641298051
622 0.190148354194396
623 0.190560443856625
624 0.190981892608842
625 0.191402748445371
626 0.191831508690516
627 0.192187143523337
628 0.192559526150808
629 0.193078180539096
630 0.19350428445453
631 0.19392782797412
632 0.19439576103462
633 0.194838115716116
634 0.195284566060233
635 0.195726719543588
636 0.196156013949454
637 0.196616310375515
638 0.197044301225879
639 0.197438290453417
640 0.19786021299127
641 0.198318700774261
642 0.1987749453294
643 0.199214547368629
644 0.199744850292702
645 0.200217820452771
646 0.2006808049249
647 0.201270650336498
648 0.201693295513546
649 0.202073900831956
650 0.202525929118905
651 0.203029820795482
652 0.203558203468992
653 0.204045833302386
654 0.204452584912792
655 0.204971015966597
656 0.205459519811248
657 0.205889739116495
658 0.206397150916342
659 0.206870232791652
660 0.207366875762826
661 0.207937521512437
662 0.208458864515965
663 0.208955832625354
664 0.209436271026304
665 0.209897155144494
666 0.210395208077157
667 0.210952545528998
668 0.211529903073377
669 0.211951307638426
670 0.212432449396306
671 0.212982909789821
672 0.21352650986236
673 0.214077013375548
674 0.214652955452902
675 0.215208979136324
676 0.21560595992906
677 0.216138816778245
678 0.216734227719669
679 0.217253407011443
680 0.217753117471463
681 0.21829757020286
682 0.218886095072305
683 0.219460415402717
684 0.219972722587352
685 0.220469694584427
686 0.220995330027961
687 0.221537749873287
688 0.222124173698708
689 0.222749939755807
690 0.223382432824662
691 0.223931422435787
692 0.224448571895376
693 0.224979046206441
694 0.225538303578369
695 0.226092594669247
696 0.226658398037776
697 0.227251511606671
698 0.227827607536617
699 0.228407091525054
700 0.228997006135815
701 0.229593607794396
702 0.230269340981948
703 0.230885884381065
704 0.231396197673428
705 0.232062729954662
706 0.232662069222968
707 0.233202427979727
708 0.233790441675101
709 0.234475687656669
710 0.235067225279383
711 0.235555907141445
712 0.236191068778371
713 0.236795618117303
714 0.23740050302082
715 0.238046327670531
716 0.23860230197574
717 0.239226277608361
718 0.239904710199403
719 0.240508385991141
720 0.241135580650418
721 0.241729518606819
722 0.242295073247806
723 0.243014793401392
724 0.243629209296242
725 0.24419922616841
726 0.244863589399659
727 0.245503675180417
728 0.246140815658118
729 0.246799509208213
730 0.24749520786433
731 0.248116314837671
732 0.248702123018283
733 0.249309801068936
734 0.249947978816934
735 0.250611141940171
736 0.251242710143989
737 0.251795982239392
738 0.252511570651679
739 0.253196670589699
740 0.253786938667812
741 0.254454671563021
742 0.255110349238397
743 0.255760470512197
744 0.256424565187985
745 0.257084719820412
746 0.257744549127443
747 0.258404616285439
748 0.259060230394556
749 0.259671148784057
750 0.260308409237411
751 0.261009903685261
752 0.261740111856467
753 0.262360240254325
754 0.262972659602149
755 0.263696319445434
756 0.264334309346351
757 0.264994862074002
758 0.265708301155321
759 0.266425729490909
760 0.267043988138918
761 0.267628586341673
762 0.268257321466731
763 0.268978582715042
764 0.269692316532614
765 0.270373759090829
766 0.271029734850746
767 0.271668551612052
768 0.272325178996851
769 0.272984435700414
770 0.273594104127059
771 0.274296515913693
772 0.275023376216723
773 0.275703094140502
774 0.276343423924058
775 0.276987013924164
776 0.277638634035463
777 0.278292926178409
778 0.278968358701524
779 0.279618969760434
780 0.280260014243066
781 0.280962925556408
782 0.281662263960544
783 0.282314864851727
784 0.282925756096805
785 0.28358901373632
786 0.284310956403835
787 0.284994433167078
788 0.285561625991411
789 0.286246478217498
790 0.28699378641058
791 0.287727690030635
792 0.288379701650178
793 0.289068761334706
794 0.289763165305325
795 0.290424816144113
796 0.291051750262627
797 0.291716566875181
798 0.292389732516818
799 0.293034483326767
800 0.29375851525534
801 0.294457119322494
802 0.295107200922908
803 0.295755313894352
804 0.296419329321967
805 0.297089378263776
806 0.297757621970343
807 0.298424549147503
808 0.299208846181413
809 0.29999533820013
810 0.300652233163146
811 0.301243951890298
812 0.301865693907894
813 0.302540007441255
814 0.303232853126434
815 0.303876828801754
816 0.304488614978018
817 0.305142777677964
818 0.305954717970349
819 0.306617784623201
820 0.3072112849588
821 0.307857488909023
822 0.30857525669866
823 0.309167117614767
824 0.309738873809123
825 0.310467188502905
826 0.311222121977607
827 0.311890369124668
828 0.312497404593578
829 0.313168212067606
830 0.313780964695877
831 0.314448575665668
832 0.315199605532363
833 0.315883559733186
834 0.316588155982782
835 0.317253815461991
836 0.317842299430267
837 0.318491548471272
838 0.319106602434638
839 0.319758631315409
840 0.320539455119846
841 0.321197187210724
842 0.321835989894022
843 0.322496443186999
844 0.323139348885313
845 0.323732900338039
846 0.324334815379214
847 0.324981564271336
848 0.32564783316067
849 0.326379919927474
850 0.327086323844266
851 0.327709886970241
852 0.328416828045533
853 0.329089349218877
854 0.329735856452754
855 0.330405373362981
856 0.33102719465465
857 0.331703020292552
858 0.332398541759523
859 0.332981366800583
860 0.333589913900198
861 0.33431685262401
862 0.335080137410895
863 0.335583245181541
864 0.336232412695328
865 0.336915049844412
866 0.337521637577944
867 0.33825585338883
868 0.338970132089643
869 0.339675800995851
870 0.340404347340877
871 0.341038829189136
872 0.341661554487042
873 0.342270640686722
874 0.342836776196796
875 0.343508914983715
876 0.344235257561647
877 0.344944985880877
878 0.345578768384175
879 0.346210376056027
880 0.346834154283835
881 0.347453244374921
882 0.348099986753357
883 0.348765072840819
884 0.349480458786283
885 0.350214094623694
886 0.35076086833158
887 0.351375342067861
888 0.352066812038272
889 0.352751649900245
890 0.353348483093518
891 0.353872808905625
892 0.354436822007686
893 0.355154463294832
894 0.355902658212798
895 0.356586982616476
896 0.35726451497262
897 0.358055108205609
898 0.358636359632859
899 0.359191362965684
900 0.359825770578105
901 0.360495583145629
902 0.361169529728164
903 0.361913160617612
904 0.36266432363515
905 0.36316500943349
906 0.363733978278698
907 0.364364158076182
908 0.365002954906728
909 0.365666224088015
910 0.366343351475315
911 0.366996349121756
912 0.367631680004201
913 0.368401435506512
914 0.369214541070108
915 0.369935787316179
916 0.370489407650142
917 0.37106383373506
918 0.371692495196679
919 0.372390617964733
920 0.373125909383296
921 0.373728776400887
922 0.374296708967529
923 0.37490083726403
924 0.375549879279763
925 0.376046698732298
926 0.376665013920831
927 0.377444235548367
928 0.378202580484739
929 0.378909149338933
930 0.379527440601001
931 0.380079057757823
932 0.380643290232401
933 0.381325563243693
934 0.38204495568685
935 0.382732480800422
936 0.383382086913016
937 0.384113912199859
938 0.384732606177289
939 0.385277081673126
940 0.386140178258112
941 0.386729510673952
942 0.387270209781201
943 0.387944098335503
944 0.388593396669833
945 0.389189631729774
946 0.389807760836001
947 0.390482502160114
948 0.391128377485585
949 0.391841791111321
950 0.392557739436955
951 0.393175394671821
952 0.393607980191209
953 0.394168402514546
954 0.394921952611801
955 0.395784544866732
956 0.39653530222684
957 0.397224470950996
958 0.397795130868551
959 0.39826354349109
960 0.398847152737157
961 0.399508578696841
962 0.400112658032107
963 0.400611351415778
964 0.401218523753503
965 0.402053480779698
966 0.402863227281728
967 0.403449875915286
968 0.404022591993275
969 0.404681543502861
970 0.405320543383787
971 0.405860438745022
972 0.406438048510626
973 0.40707348571932
974 0.407734958025021
975 0.408394024026858
976 0.409073180458263
977 0.409860528055394
978 0.410467646956332
979 0.410779788376101
980 0.411223810585527
981 0.411824079751017
982 0.412534111385904
983 0.413303840681967
984 0.414139159231191
985 0.41483523512862
986 0.415393112623225
987 0.415915863351129
988 0.416558984467253
989 0.417251274713193
990 0.417902771790277
991 0.418409048128158
992 0.418702797031655
993 0.419406718186208
994 0.420080735567175
995 0.420528285626171
996 0.421091020578039
997 0.421805866749958
998 0.422416858056213
999 0.422918280967499
1000 0.423580873381591
1001 0.411605911999807
1002 0.412167690806526
1003 0.412639655639022
1004 0.413191201834381
1005 0.413817960672907
1006 0.414391900823597
1007 0.414932845357419
1008 0.415535264356021
1009 0.416126007357289
1010 0.416712515651416
1011 0.41732669403411
1012 0.417886862023783
1013 0.418419306518443
1014 0.41893077141504
1015 0.419449908217359
1016 0.420014470761405
1017 0.420556699957771
1018 0.421121420743447
1019 0.421655656543376
1020 0.422171473468099
1021 0.422662846788365
1022 0.42317147107505
1023 0.423707308515871
1024 0.424227504457757
1025 0.424772105324326
1026 0.425328714349632
1027 0.425920151139908
1028 0.426553270850763
1029 0.427090018868088
1030 0.427581363132926
1031 0.428101507087866
1032 0.428674677890993
1033 0.429264243348566
1034 0.429883637850288
1035 0.430605856696292
1036 0.431263840412186
1037 0.431760668978691
1038 0.432247535478353
1039 0.432762377553848
1040 0.433257404492409
1041 0.433821611740342
1042 0.434419345048282
1043 0.434961291996175
1044 0.435488411229411
1045 0.436037078868847
1046 0.43660643440189
1047 0.437154551781777
1048 0.437711202223406
1049 0.43824380825076
1050 0.438715718634942
1051 0.439184498379698
1052 0.439724451603893
1053 0.440269626496435
1054 0.440817737425825
1055 0.441385473803594
1056 0.441902494862007
1057 0.442317712350967
1058 0.442770140076508
1059 0.443297505537801
1060 0.443780901257408
1061 0.444256518834116
1062 0.444725695314074
1063 0.445202534203624
1064 0.445613693666683
1065 0.446041656123573
1066 0.446506349682313
1067 0.446976505267771
1068 0.447454856761251
1069 0.447922360254622
1070 0.448390772068605
1071 0.448836373102369
1072 0.449187705303242
1073 0.449527202267945
1074 0.449955434522886
1075 0.450345742074095
1076 0.450704350787452
1077 0.45108134699108
1078 0.451443018022699
1079 0.451710656848539
1080 0.45201640031971
1081 0.452337492650297
1082 0.452653547472106
1083 0.452946550099161
1084 0.453204590296378
1085 0.453533116448205
1086 0.453935368822802
1087 0.454355838015392
1088 0.454742566398261
1089 0.455080861250781
1090 0.455381543549077
1091 0.45569768362999
1092 0.455996850134711
1093 0.456304502663166
1094 0.456627800670413
1095 0.45693637212012
1096 0.457216727414959
1097 0.457540358867565
1098 0.457973403347318
1099 0.458372751861859
1100 0.458735370795528
1101 0.459112597621821
1102 0.459415921095143
1103 0.459732061549849
1104 0.460183332243284
1105 0.460649535453083
1106 0.461070230566078
1107 0.461504992566539
1108 0.461930168885618
1109 0.462318794938912
1110 0.462701192173466
1111 0.463118357011713
1112 0.46357573997779
1113 0.464020251146262
1114 0.464462951344005
1115 0.464949982589147
1116 0.465447562905846
1117 0.465958438614786
1118 0.46645929656849
1119 0.466967154134271
1120 0.467470920237301
1121 0.467952546580444
1122 0.468430612801078
1123 0.468889615335583
1124 0.469281019887134
1125 0.469750153156906
1126 0.470246946658352
1127 0.47074083020613
1128 0.471264245441229
1129 0.471840667747473
1130 0.472341567328989
1131 0.472811208021074
1132 0.473356903562159
1133 0.473873518114796
1134 0.47436504972273
1135 0.474933796068981
1136 0.475460673792895
1137 0.475963190253369
1138 0.476437941703204
1139 0.476890705235068
1140 0.477353546382866
1141 0.477772021404216
1142 0.478256290861873
1143 0.478790796972872
1144 0.479329558752777
1145 0.479808026970258
1146 0.480280035720043
1147 0.480783522357527
1148 0.481261041741957
1149 0.481745054160502
1150 0.482193015461423
1151 0.482619667630006
1152 0.483057836897251
1153 0.483495406746467
1154 0.483959263886858
1155 0.484430282580378
1156 0.484903038291619
1157 0.485346951138834
1158 0.485777803184634
1159 0.486237507725695
1160 0.486681148094924
1161 0.487149873519399
1162 0.487637372696458
1163 0.488136773501423
1164 0.488590613738314
1165 0.489016021276055
1166 0.489465463473332
1167 0.489916428718398
1168 0.490388651107634
1169 0.490859172936562
1170 0.491317739644388
1171 0.491795569224689
1172 0.49222902395724
1173 0.492617703692412
1174 0.493026487071438
1175 0.49341161201981
1176 0.49382146802309
1177 0.494262938767116
1178 0.494685490554392
1179 0.495124486810282
1180 0.495515085098259
1181 0.495905363700455
1182 0.49627888117563
1183 0.496629102361868
1184 0.496960906755414
1185 0.497263673323356
1186 0.497569475316746
1187 0.497881619536805
1188 0.498166687760047
1189 0.498520679677259
1190 0.498932902058899
1191 0.499293604228932
1192 0.499670428693374
1193 0.500030454500783
1194 0.500355972071895
1195 0.500690180466133
1196 0.501040030247887
1197 0.501377110382183
1198 0.501723577702947
1199 0.502012380945536
1200 0.502283335151797
1201 0.502584914423864
1202 0.502852710267054
1203 0.503129921974921
1204 0.50341429716034
1205 0.503706084774297
1206 0.50401721179511
1207 0.504326997452589
1208 0.504656318622475
1209 0.505021726317697
1210 0.505373904944741
1211 0.505761726788344
1212 0.506097037755811
1213 0.506421032206773
1214 0.506715182825523
1215 0.506925309454279
1216 0.507185112433266
1217 0.507462684919181
1218 0.507720029993244
1219 0.508025375609742
1220 0.50838222189526
1221 0.508696101186179
1222 0.508999389312374
1223 0.509338683268218
1224 0.509680162784599
1225 0.510021867956526
1226 0.510418999093711
1227 0.510749532858384
1228 0.511040243577932
1229 0.51132952348436
1230 0.511590173591728
1231 0.511861224644338
1232 0.512108838061416
1233 0.512389819405757
1234 0.512670158375367
1235 0.512978820687657
1236 0.513324841516991
1237 0.513676266249109
1238 0.514057951086648
1239 0.514399782839749
1240 0.514717067309974
1241 0.515021790268174
1242 0.515303683916005
1243 0.5155294087436
1244 0.515804976307803
1245 0.516081485944258
1246 0.516366962391399
1247 0.516676638847647
1248 0.516980627965977
1249 0.517248421103127
1250 0.517590139985302
1251 0.517974395210068
1252 0.518363610908171
1253 0.518855385777334
1254 0.519258805759256
1255 0.519609866635037
1256 0.519974291959757
1257 0.520327299984357
1258 0.52062394272807
1259 0.520957721441671
1260 0.521308473983482
1261 0.521646621466984
1262 0.521993562049056
1263 0.522301681324499
1264 0.522587157540309
1265 0.522888261274225
1266 0.523150703060122
1267 0.523450946026958
1268 0.523799558480869
1269 0.52411347375392
1270 0.524414231942653
1271 0.524718841996985
1272 0.525035385785574
1273 0.525312142598895
1274 0.525566971242991
1275 0.52582300466063
1276 0.526032664078951
1277 0.526265545024577
1278 0.526517704572383
1279 0.526781666089577
1280 0.526991950136878
1281 0.527182571897171
1282 0.527377732455958
1283 0.527529402077949
1284 0.527713035680931
1285 0.527928842301808
1286 0.528109155661522
1287 0.528292892903933
1288 0.528435338986565
1289 0.528533570250797
1290 0.528654440691923
1291 0.528760871066734
1292 0.528864541705959
1293 0.528980221688084
1294 0.529084529508429
1295 0.529174347092406
1296 0.529255274885654
1297 0.529327788736699
1298 0.529405055648308
1299 0.529468432237108
1300 0.529549213429071
1301 0.529589678460739
1302 0.52962078675314
1303 0.529654299018912
1304 0.529656369717675
1305 0.529681839598366
1306 0.529735800312942
1307 0.529758308851206
1308 0.529753598816681
1309 0.529774992887341
1310 0.529799777655685
1311 0.52982515500096
1312 0.529856900919457
1313 0.529897180925397
1314 0.529916960596488
1315 0.529981559595757
1316 0.530089692778784
1317 0.530183491163228
1318 0.530259872178639
1319 0.530395143384734
1320 0.530559080201239
1321 0.530728921675304
1322 0.53093396117197
1323 0.531181793796611
1324 0.531380077260139
1325 0.531550930151642
1326 0.53174999108425
1327 0.531938120212714
1328 0.532167246554906
1329 0.53242689384185
1330 0.532674095958303
1331 0.532917965865044
1332 0.533207752956589
1333 0.533508525505957
1334 0.533831092226044
1335 0.534229099957945
1336 0.534564096945283
1337 0.534865070146893
1338 0.535188158525143
1339 0.535479540081793
1340 0.535816320792422
1341 0.536184615673634
1342 0.536562727701665
1343 0.536966932946482
1344 0.537375309111528
1345 0.537834116590798
1346 0.538240006222558
1347 0.538645003478998
1348 0.539013321361265
1349 0.539342609395089
1350 0.539611803670025
1351 0.5399078268833
1352 0.540175161424924
1353 0.540480414176791
1354 0.540800072633859
1355 0.541119578732714
1356 0.541446873544922
1357 0.541789431972812
1358 0.542129065941518
1359 0.542500989632376
1360 0.542911326225702
1361 0.543304457862163
1362 0.54371501962683
1363 0.544108256215504
1364 0.54448941572033
1365 0.544869634781551
1366 0.54527009487804
1367 0.545618261591477
1368 0.545961755691049
1369 0.546252094276891
1370 0.54647983315899
1371 0.546694198091774
1372 0.546887772784551
1373 0.547037009509509
1374 0.547158249824249
1375 0.547291175695673
1376 0.547373294850957
1377 0.547410215594558
1378 0.547465499011397
1379 0.547494586797039
1380 0.547547851602305
1381 0.547633127915464
1382 0.547660361824337
1383 0.547688678770694
1384 0.547655280868764
1385 0.547561926454315
1386 0.547474098748086
1387 0.547400714397054
1388 0.54722305325445
1389 0.54703154826977
1390 0.546730287567482
1391 0.546275922588397
1392 0.545859947745535
1393 0.545366014027725
1394 0.544924362728629
1395 0.544517354767033
1396 0.544085621739232
1397 0.543661276930976
1398 0.543224758187978
1399 0.542784073705201
1400 0.542316964118885
1401 0.541839717507194
1402 0.54135219351015
1403 0.540817789818002
1404 0.540280809730725
1405 0.539728866480918
1406 0.539158288485044
1407 0.538593587005655
1408 0.537985791508365
1409 0.537474041480795
1410 0.53694157290185
1411 0.536578245015524
1412 0.536286062911896
1413 0.536138506208536
1414 0.536089010321009
1415 0.536195102018536
1416 0.536456296858079
1417 0.536786875889237
1418 0.537267404889769
1419 0.537792670678397
1420 0.53843131185022
1421 0.539054944264171
1422 0.539791244061762
1423 0.540437507728239
1424 0.541055673618949
1425 0.541657986949674
1426 0.54221878815055
1427 0.542780473173602
1428 0.543335419584776
1429 0.54387365343624
1430 0.544360908848468
1431 0.54489935136731
1432 0.545474881499418
1433 0.546041892024817
1434 0.546566952757726
1435 0.547092636677536
1436 0.547544945541545
1437 0.54790646671072
1438 0.548297012374686
1439 0.548667139249877
1440 0.549051381028995
1441 0.549424192653088
1442 0.549803785347954
1443 0.550186265423986
1444 0.550585292353829
1445 0.550983003754551
1446 0.551393593378688
1447 0.551848314300292
1448 0.55225043813218
1449 0.552651412196192
1450 0.553007054536614
1451 0.553324609799492
1452 0.553629939739343
1453 0.553905153228386
1454 0.554163053593934
1455 0.554360400149244
1456 0.55462463187537
1457 0.554901113774534
1458 0.555186694204235
1459 0.555539965271937
1460 0.555850927129557
1461 0.556148146083902
1462 0.556422885739298
1463 0.556678091087262
1464 0.556921728010538
1465 0.557142859885454
1466 0.557356005019248
1467 0.557512307784665
1468 0.557738967959234
1469 0.557988976402447
1470 0.558245178973456
1471 0.558595211577552
1472 0.558979155807425
1473 0.559344105895815
1474 0.559729916423807
1475 0.560093339964451
1476 0.560448970989919
1477 0.560799434086865
1478 0.561153179097191
1479 0.561472179239763
1480 0.561780956970507
1481 0.562058903734082
1482 0.562296720039717
1483 0.562546352224328
1484 0.562758180575644
1485 0.563027066395635
1486 0.563313432937351
1487 0.563615105721445
1488 0.563970262993251
1489 0.564284083551702
1490 0.564575834837276
1491 0.564895559531275
1492 0.565214696061372
1493 0.565538375147023
1494 0.565901856381986
1495 0.566220551057243
1496 0.566512374137856
1497 0.566808204908294
1498 0.567098037346118
1499 0.567367511751556
1500 0.567622604666364
1501 0.567878450994716
1502 0.568106220649496
1503 0.568346941462115
1504 0.568586183943611
1505 0.568846539218765
1506 0.569141111248984
1507 0.569398980621034
1508 0.569666187320279
1509 0.569906044522192
1510 0.570078317517894
1511 0.570294082563822
1512 0.570509253917456
1513 0.570750586158296
1514 0.57105709685473
1515 0.571317527491438
1516 0.571547079648805
1517 0.571813986520101
1518 0.57206707073404
1519 0.572268873559956
1520 0.5724963135245
1521 0.572714738464561
1522 0.572921781670227
1523 0.573098952544838
1524 0.573300475991388
1525 0.573500402846303
1526 0.573729207046169
1527 0.573967420397044
1528 0.574225248811662
1529 0.574508621678368
1530 0.574802088592526
1531 0.575134794593931
1532 0.575398885366354
1533 0.575661432962281
1534 0.575886363495398
1535 0.57603369453606
1536 0.576240749631249
1537 0.576446906025282
1538 0.576687737156447
1539 0.576970934676229
1540 0.577220868993055
1541 0.577482601602154
1542 0.577734340226086
1543 0.577976056182652
1544 0.57819676186889
1545 0.578421468700231
1546 0.57861634552002
1547 0.578770097875039
1548 0.578929124941824
1549 0.579059503513669
1550 0.579228779112032
1551 0.579385674179143
1552 0.579592840969765
1553 0.579853835015219
1554 0.580107670474069
1555 0.580399234074293
1556 0.580661273555926
1557 0.580933153540909
1558 0.581168933817428
1559 0.581361144726223
1560 0.581579060879357
1561 0.581803566329596
1562 0.581997979095918
1563 0.582182658947927
1564 0.582371508092117
1565 0.582526382446392
1566 0.582701118964961
1567 0.582915419780086
1568 0.583094377953126
1569 0.583264428377028
1570 0.583412565143218
1571 0.583510552502205
1572 0.583647060251679
1573 0.583764917729332
1574 0.583926116101934
1575 0.584145244780258
1576 0.584348045361511
1577 0.584575286402542
1578 0.584786277492828
1579 0.58497556365298
1580 0.58518039581692
1581 0.585379612086624
1582 0.585596200557196
1583 0.585842608257699
1584 0.586073107808173
1585 0.586322731310676
1586 0.586541226260445
1587 0.586735421314849
1588 0.586920130718115
1589 0.587088956703083
1590 0.587240664731456
1591 0.587370961538328
1592 0.587500029432702
1593 0.587608349175065
1594 0.587720023228548
1595 0.587813863027833
1596 0.587936893823471
1597 0.5880329873645
1598 0.588201338850511
1599 0.588441295533055
1600 0.588696686173525
1601 0.588967014824916
1602 0.589234320183662
1603 0.589434418911012
1604 0.589639291190276
1605 0.589832354911665
1606 0.590016580295726
1607 0.590188723616045
1608 0.590349759101879
1609 0.590502992302406
1610 0.590634818230664
1611 0.590798847893192
1612 0.59097174736403
1613 0.591133670313583
1614 0.591292050636937
1615 0.591502146326932
1616 0.591717507411337
1617 0.591954284002894
1618 0.592254356781276
1619 0.592503989362252
1620 0.592746022826481
1621 0.592945808315428
1622 0.593133382015508
1623 0.593287386063492
1624 0.593394526970351
1625 0.593499220636923
1626 0.593554478844545
1627 0.593727422792225
1628 0.593923266985167
1629 0.594136992849055
1630 0.594458882204524
1631 0.594663402506728
1632 0.594809831568056
1633 0.594982396442486
1634 0.595139396189413
1635 0.595290601519201
1636 0.595421082424178
1637 0.595615626612256
1638 0.5958204012526
1639 0.596048907524929
1640 0.596338821687202
1641 0.59658351906942
1642 0.596829100704659
1643 0.597020536779453
1644 0.597191658508267
1645 0.597348816416099
1646 0.597438239261622
1647 0.597614620788725
1648 0.597822421582888
1649 0.598033807765322
1650 0.598288195569917
1651 0.598494942501847
1652 0.598673793264636
1653 0.598901258233078
1654 0.599135698739221
1655 0.599380542385199
1656 0.599662814752256
1657 0.599860372433233
1658 0.600013622607361
1659 0.600178044432961
1660 0.600275198689981
1661 0.600356909885399
1662 0.600411979090742
1663 0.600452002916296
1664 0.600544397720637
1665 0.600712941909327
1666 0.600991095461756
1667 0.601307689901333
1668 0.601580379762856
1669 0.601825384771715
1670 0.602025387094116
1671 0.602154259146741
1672 0.60230538953817
1673 0.602431784583528
1674 0.602544102179014
1675 0.60278258663691
1676 0.603048166703807
1677 0.60335055932825
1678 0.603651201548837
1679 0.603854379857022
1680 0.604062949014482
1681 0.604264837784538
1682 0.604503193176755
1683 0.604801228111912
1684 0.605039785267537
1685 0.605283160804754
1686 0.605520725675367
1687 0.60565126050241
1688 0.605817551737239
1689 0.606023015207784
1690 0.606223249036187
1691 0.606495372994533
1692 0.606726840048342
1693 0.606918993808202
1694 0.607058880739363
1695 0.607198785260826
1696 0.607410158470036
1697 0.607519893090526
1698 0.607617518896827
1699 0.607640927031884
1700 0.607763446971498
1701 0.607975537835925
1702 0.608215417755947
1703 0.608596259238588
1704 0.608839814800324
1705 0.609045794203837
1706 0.609202321408043
1707 0.609215587211994
1708 0.609296945587959
1709 0.609398106138644
1710 0.609484995734584
1711 0.60959442823346
1712 0.609681064355273
1713 0.609731971590586
1714 0.609819771915851
1715 0.609908469381688
1716 0.610008540651659
1717 0.610089187020346
1718 0.610256479830189
1719 0.610519243567767
1720 0.610705807044976
1721 0.610935339319345
1722 0.611104987117907
1723 0.611167274369481
1724 0.611293831432861
1725 0.611474382830316
1726 0.611591145461294
1727 0.611678913703385
1728 0.611775310813952
1729 0.611803749993071
1730 0.611931023890841
1731 0.612127204067505
1732 0.61227937470536
1733 0.612507467322388
1734 0.612598826931091
1735 0.612596401167398
1736 0.612633908086405
1737 0.612570844091201
1738 0.612650364463032
1739 0.612827046326912
1740 0.612999301375116
1741 0.613148969189128
1742 0.613339892289002
1743 0.61348961648615
1744 0.613633058157129
1745 0.613864177674412
1746 0.613973338130689
1747 0.614020481198351
1748 0.614032936883569
1749 0.613989069904229
1750 0.614064263326328
1751 0.614180162233304
1752 0.614317404247333
1753 0.614440976353994
1754 0.614491003583918
1755 0.614550820910498
1756 0.614649748047542
1757 0.61480473710744
1758 0.61502985552533
1759 0.615302425199164
1760 0.61554530575671
1761 0.615723665709891
1762 0.615826946841335
1763 0.615830875428613
1764 0.615820736499664
1765 0.615861989719134
1766 0.615890156545108
1767 0.615964414017263
1768 0.616094367823423
1769 0.616249814862422
1770 0.616446227962055
1771 0.616579836352961
1772 0.616666068551993
1773 0.616715914953295
1774 0.616702005531273
1775 0.616746496566372
1776 0.616749266273856
1777 0.616852502136079
1778 0.617044839926196
1779 0.617193700927503
1780 0.617341016020968
1781 0.617603216811973
1782 0.617911241341119
1783 0.618189826821265
1784 0.618379356872253
1785 0.618548578660233
1786 0.618645271005958
1787 0.618780390599614
1788 0.619067018460652
1789 0.619187680460991
1790 0.619258936796979
1791 0.619419832030518
1792 0.619480223886675
1793 0.619601024977508
1794 0.61972425812441
1795 0.61967459339068
1796 0.619666034220192
1797 0.619782466677859
1798 0.619940195519399
1799 0.620225466163117
1800 0.620604409808278
1801 0.615119065376603
1802 0.615223269697319
1803 0.615425846519749
1804 0.615537415963378
1805 0.615608132098266
1806 0.615560107484662
1807 0.615627974240442
1808 0.615760126838457
1809 0.615855218077033
1810 0.615960993347734
1811 0.616051867762167
1812 0.616210795442433
1813 0.616224606850283
1814 0.616316107587035
1815 0.616521204264491
1816 0.616637576164987
1817 0.616744086571778
1818 0.616783972322862
1819 0.616764817874151
1820 0.616759486117533
1821 0.616711379271256
1822 0.616701550000233
1823 0.616807694356501
1824 0.616847939888038
1825 0.61691102428231
1826 0.617052214094671
1827 0.617121716093606
1828 0.617096207784386
1829 0.617131729501319
1830 0.617164108893245
1831 0.617206111034848
1832 0.617275980587216
1833 0.61742877368154
1834 0.617536137222497
1835 0.617520509456204
1836 0.617555740915566
1837 0.617535670300552
1838 0.617608148028331
1839 0.617732613011856
1840 0.617904418912845
1841 0.618007793656264
1842 0.618085289328561
1843 0.618134790693877
1844 0.618147631980931
1845 0.618096811610283
1846 0.618057193246539
1847 0.618107490383292
1848 0.618212008675242
1849 0.618273653674798
1850 0.618365495878156
1851 0.618429010488923
1852 0.618362622628171
1853 0.618246096580476
1854 0.618123831694715
1855 0.618074836749984
1856 0.618081932223277
1857 0.618014170567381
1858 0.617920689686403
1859 0.617822812541438
1860 0.617715434206565
1861 0.617528437044297
1862 0.617357578713896
1863 0.617119316454741
1864 0.616874864984722
1865 0.616552020209786
1866 0.616049097891504
1867 0.615584649803012
1868 0.615124234686868
1869 0.614534241267539
1870 0.613918133730282
1871 0.613426831849844
1872 0.61287197968812
1873 0.612330903198367
1874 0.611851495513916
1875 0.611254246259598
1876 0.610469558077403
1877 0.609562934998767
1878 0.608559589004292
1879 0.607383485933258
1880 0.606158945510131
1881 0.604842890464215
1882 0.603499792043477
1883 0.602190848154123
1884 0.600631240801662
1885 0.599056235599097
1886 0.597326181625575
1887 0.595325139291583
1888 0.593300520952595
1889 0.591206350943037
1890 0.588904735758958
1891 0.586487897406948
1892 0.583963432503276
1893 0.581220369965525
1894 0.578381524465899
1895 0.575466957659738
1896 0.572434984524348
1897 0.569370876012123
1898 0.566373651501914
1899 0.563479819250807
1900 0.560627844175603
1901 0.5579084002951
1902 0.555297386614902
1903 0.552755704996196
1904 0.550340783257645
1905 0.54828330904806
1906 0.546409712267966
1907 0.544741011438416
1908 0.543317028072267
1909 0.542047167999136
1910 0.540998780786594
1911 0.540134543598956
1912 0.539510761231249
1913 0.539146906770938
1914 0.538921280019196
1915 0.53884402135978
1916 0.539005432456837
1917 0.539269703393086
1918 0.5395680782552
1919 0.539988208751692
1920 0.540472408205471
1921 0.541027313223046
1922 0.541683006504076
1923 0.542376888127252
1924 0.543176465103567
1925 0.543928680429571
1926 0.544691877190189
1927 0.54547442802888
1928 0.546214799796441
1929 0.546961356272777
1930 0.547744578934819
1931 0.54848371698162
1932 0.549298449418714
1933 0.550250637907566
1934 0.55104935316361
1935 0.551800850430017
1936 0.552574348489414
1937 0.553271843136572
1938 0.553935504599713
1939 0.554717324443325
1940 0.555460062855842
1941 0.556279353890513
1942 0.557169210174508
1943 0.557975416294126
1944 0.558874744832294
1945 0.559634002924324
1946 0.560230521069681
1947 0.560857815857068
1948 0.561475847259041
1949 0.561952093796217
1950 0.562587569856564
1951 0.563218365876262
1952 0.563755577362406
1953 0.564425408037841
1954 0.565004252957825
1955 0.565425301159742
1956 0.566050796755576
1957 0.566773376670611
1958 0.567479794808245
1959 0.568268418683472
1960 0.569070531351147
1961 0.569787218981469
1962 0.57046738889523
1963 0.57118557862191
1964 0.57194151463199
1965 0.57270091437319
1966 0.57337836437223
1967 0.574070936127149
1968 0.574734010723111
1969 0.575362184870269
1970 0.575957558529761
1971 0.576622601251947
1972 0.577219061309914
1973 0.577938321436185
1974 0.578798291993886
1975 0.579518215274549
1976 0.580295532901892
1977 0.581004168763225
1978 0.581653296820034
1979 0.582228587402481
1980 0.582818354635338
1981 0.583316182203779
1982 0.583907215247848
1983 0.584545575403002
1984 0.585166292027325
1985 0.585820338123947
1986 0.58645254849115
1987 0.587089052168077
1988 0.587749602565664
1989 0.588309591553844
1990 0.588943763049187
1991 0.589586167367165
1992 0.59021593865808
1993 0.590794491834367
1994 0.591424652279346
1995 0.591990124842267
1996 0.592407423829631
1997 0.592976075380487
1998 0.593648521066829
1999 0.594260522024962
2000 0.59485781808288
2001 0.59539948544821
2002 0.595995159544514
2003 0.59650972912905
2004 0.597137184921146
2005 0.597913588267
2006 0.598573155860138
2007 0.599239206858883
2008 0.599869019544903
2009 0.600457078212764
2010 0.601001330748616
2011 0.601505885292549
2012 0.601985093996853
2013 0.60239791834569
2014 0.602849881295315
2015 0.603383531247274
2016 0.603957694579346
2017 0.604575597685138
2018 0.605337201068497
2019 0.605949580126011
2020 0.606537069677818
2021 0.607085288822793
2022 0.607545450771154
2023 0.608023568243172
2024 0.608503073705138
2025 0.608968592301463
2026 0.609371951043595
2027 0.609787812934247
2028 0.610130027453891
2029 0.610397071691689
2030 0.6107417949134
2031 0.611075495425283
2032 0.611427599870735
2033 0.61179224375836
2034 0.612228030176885
2035 0.612715560459451
2036 0.613148572299663
2037 0.613740742628067
2038 0.614150455307482
2039 0.61434472669502
2040 0.614611634098804
2041 0.615024702026214
2042 0.615322387293202
2043 0.615653562475015
2044 0.61613645655343
2045 0.616421334592511
2046 0.616504605418379
2047 0.616740471999715
2048 0.616977994983216
2049 0.617247446066605
2050 0.617612359157466
2051 0.61789961159185
2052 0.618116658828858
2053 0.618409414869947
2054 0.618736364188155
2055 0.619046405926539
2056 0.619331287685734
2057 0.619627018009811
2058 0.619944648490319
2059 0.620156540420439
2060 0.620565146722122
2061 0.621218894975999
2062 0.621632113384899
2063 0.622079730152553
2064 0.622404732656165
2065 0.622470679680873
2066 0.622672271276168
2067 0.622930553408704
2068 0.62310435840491
2069 0.623356773403958
2070 0.623640573341928
2071 0.623826124108696
2072 0.623910810821976
2073 0.624172659541919
2074 0.624437101732338
2075 0.624753269516571
2076 0.625282262699359
2077 0.625622323066105
2078 0.625879324543722
2079 0.626128683287482
2080 0.626362115860116
2081 0.626512622460734
2082 0.626571890962785
2083 0.626652728984395
2084 0.626668374551055
2085 0.626659913420672
2086 0.626762161934887
2087 0.626884942903245
2088 0.62713665404385
2089 0.627563787462502
2090 0.627842331303093
2091 0.628193310098029
2092 0.628422262770423
2093 0.628498957420442
2094 0.628611206022867
2095 0.628709885675417
2096 0.628806250064162
2097 0.628768507559239
2098 0.628935779037232
2099 0.629303965614911
2100 0.62948574396511
2101 0.629870029784602
2102 0.630293208223835
2103 0.630560226916295
2104 0.630659505486802
2105 0.630966850563009
2106 0.631362233230231
2107 0.63161037364524
2108 0.631880908822676
2109 0.632133282759145
2110 0.632189540214686
2111 0.632404568756406
2112 0.632771974124988
2113 0.633112974529277
2114 0.633395535668692
2115 0.633785300632504
2116 0.634358077007309
2117 0.634786463232998
2118 0.63513855074189
2119 0.63559689648941
2120 0.635934961373542
2121 0.636100072655115
2122 0.636404970109273
2123 0.636828654745613
2124 0.637092939599725
2125 0.637336039222978
2126 0.63749931350837
2127 0.637477741829087
2128 0.637562690639313
2129 0.637635395295253
2130 0.637747906286456
2131 0.637939722271145
2132 0.638092441260875
2133 0.63821197024832
2134 0.638404266880128
2135 0.638577033017526
2136 0.638666450499199
2137 0.63863971986665
2138 0.638470063835696
2139 0.638451555477689
2140 0.638419757320418
2141 0.638319221447093
2142 0.638350783410219
2143 0.638185874394888
2144 0.637724419592647
2145 0.637481437918553
2146 0.637340191850776
2147 0.637104464814002
2148 0.636963188307296
2149 0.636682307604501
2150 0.63624255504382
2151 0.635813165908186
2152 0.635398076310753
2153 0.634830849864517
2154 0.634121550559897
2155 0.633644717290519
2156 0.633150414349816
2157 0.632648104963837
2158 0.632158661548933
2159 0.631842348342318
2160 0.631297655803021
2161 0.630606319796566
2162 0.629983024741309
2163 0.629254185040367
2164 0.62862719528354
2165 0.628087106564284
2166 0.627480742857385
2167 0.626885172710388
2168 0.626274858103596
2169 0.625669148271644
2170 0.624997676797498
2171 0.624265171829013
2172 0.623561870121871
2173 0.622705743300045
2174 0.621988030837938
2175 0.621469640869283
2176 0.621208645838749
2177 0.620641440838355
2178 0.620230293215861
2179 0.619451908215987
2180 0.618200338995271
2181 0.61731806881038
2182 0.616398744490505
2183 0.615620623387423
2184 0.615124770998842
2185 0.614425825687859
2186 0.613788337106454
2187 0.612966437892134
2188 0.611857445555173
2189 0.610943631986304
2190 0.609974086705843
2191 0.609064078076516
2192 0.608298998179982
2193 0.607542030141131
2194 0.606702012735489
2195 0.606082824361334
2196 0.605453820968368
2197 0.604775090041086
2198 0.603934081630874
2199 0.602960959971719
2200 0.601982737244421
2201 0.600825025659209
2202 0.599846339538756
2203 0.598796910186709
2204 0.598092949118349
2205 0.597512058225089
2206 0.597157636213271
2207 0.597146040311428
2208 0.597153533352814
2209 0.597254275403483
2210 0.597551831563905
2211 0.598061871879324
2212 0.598586569200455
2213 0.599374470867242
2214 0.600039120583429
2215 0.600588143008217
2216 0.601306043155815
2217 0.602192990328244
2218 0.602888589021772
2219 0.603784098165914
2220 0.604750349749151
2221 0.60546636547037
2222 0.606055830957677
2223 0.606612628197995
2224 0.607104933915971
2225 0.607422787164297
2226 0.607599735404108
2227 0.607791760020125
2228 0.60773769661423
2229 0.607880098977947
2230 0.608144655516855
2231 0.608334535423263
2232 0.608610286078611
2233 0.608762079505296
2234 0.608644144770381
2235 0.60889716713575
2236 0.609367975940834
2237 0.609680456401074
2238 0.610337457654449
2239 0.610592134466908
2240 0.610416381976753
2241 0.610341554423525
2242 0.610078894569936
2243 0.609951902054684
2244 0.60973889244549
2245 0.609852103996141
2246 0.610039689438716
2247 0.61023201932603
2248 0.610566825836534
2249 0.610638121134473
2250 0.610638559126616
2251 0.610499172317218
2252 0.610337072014483
2253 0.610029873895769
2254 0.609794608055068
2255 0.609240684180747
2256 0.609436626412473
2257 0.610113285894213
2258 0.610547576004205
2259 0.611504912649157
2260 0.611979564728857
2261 0.611907189862326
2262 0.61220935307555
2263 0.612781005791612
2264 0.613001512801632
2265 0.613071972217216
2266 0.613247490390925
2267 0.613313578099888
2268 0.613336726223497
2269 0.613399890264865
2270 0.613470733685006
2271 0.613273411209833
2272 0.613301284372754
2273 0.613680260970449
2274 0.613877012148875
2275 0.614125517660809
2276 0.614243557624363
2277 0.614214486685264
2278 0.614118391017298
2279 0.614012660610098
2280 0.613924417260132
2281 0.613666993302906
2282 0.613310326939468
2283 0.613288975822061
2284 0.613256362201118
2285 0.613336759007864
2286 0.613820092859995
2287 0.613897838121534
2288 0.613772587274071
2289 0.613692980173762
2290 0.613512819785219
2291 0.613400500302286
2292 0.613124085865051
2293 0.613238470724637
2294 0.613708186331431
2295 0.613788040655368
2296 0.614042361107266
2297 0.61404305761368
2298 0.613517103033363
2299 0.61336161229954
2300 0.613427061503498
2301 0.613250624637582
2302 0.613093638456669
2303 0.612834697195062
2304 0.612469933242097
2305 0.611999504436815
2306 0.610981471458183
2307 0.610751905435757
2308 0.610952818063469
2309 0.610949483852172
2310 0.61155008695958
2311 0.611845267342515
2312 0.611755712041773
2313 0.61172256880541
2314 0.611649426652198
2315 0.611709272336666
2316 0.611875403079978
2317 0.611786860225417
2318 0.611625470250608
2319 0.611586295613537
2320 0.611492074580815
2321 0.61121001561757
2322 0.610962306924986
2323 0.610604228679263
2324 0.61007451278852
2325 0.609890576796724
2326 0.610398233239468
2327 0.610783516419341
2328 0.610494239191248
2329 0.609922363271723
2330 0.609099734765534
2331 0.608557631042047
2332 0.608500854574051
2333 0.608280887539964
2334 0.608188857321656
2335 0.608137300069721
2336 0.607836433249075
2337 0.607486080706249
2338 0.607248535914022
2339 0.606850644505556
2340 0.60640827957319
2341 0.606128834246569
2342 0.605620777190143
2343 0.604593964116224
2344 0.604295987892135
2345 0.604469034586404
2346 0.604364967080933
2347 0.604520662444358
2348 0.604467288321639
2349 0.604039996128575
2350 0.603942048313065
2351 0.604095909357807
2352 0.604035525472732
2353 0.603845702967952
2354 0.604023043055695
2355 0.604333842310788
2356 0.604573084583768
2357 0.605508895727103
2358 0.605218205773099
2359 0.603712622610458
2360 0.603263651543283
2361 0.602611896660824
2362 0.602392646572968
2363 0.603364002859214
2364 0.603419267675036
2365 0.602870037447485
2366 0.602679234586356
2367 0.602499181634765
2368 0.601997911484644
2369 0.601188189624256
2370 0.601060694864773
2371 0.600992644775069
2372 0.601133957740885
2373 0.602277464346202
2374 0.602387381940348
2375 0.601787531511488
2376 0.601588000269279
2377 0.601154985897112
2378 0.600911744465933
2379 0.601121916442345
2380 0.60078721831149
2381 0.599947858843038
2382 0.599436110871901
2383 0.599022149441853
2384 0.598455733159364
2385 0.597646449449512
2386 0.597739336379954
2387 0.598312300300128
2388 0.598104205426332
2389 0.598532894764352
2390 0.598186882497102
2391 0.596392628286041
2392 0.595763997470538
2393 0.59551334754693
2394 0.595298837209884
2395 0.595761713801807
2396 0.595490479597346
2397 0.59498630570609
2398 0.594446431492292
2399 0.593231479550475
2400 0.592559835804195
2401 0.592255147376289
2402 0.591722275518577
2403 0.591611728216058
2404 0.591103155677946
2405 0.590222830894358
2406 0.589177180732791
2407 0.587529148578234
2408 0.586452955363974
2409 0.585073096162473
2410 0.584693342336784
2411 0.585848941552354
2412 0.585616055386868
2413 0.58548975287255
2414 0.584775661553946
2415 0.582923743265623
2416 0.581333497014238
2417 0.5787501632573
2418 0.578223132209161
2419 0.578504970719622
2420 0.578900460735805
2421 0.581966980673891
2422 0.582530750850342
2423 0.581588828407947
2424 0.580812971823056
2425 0.578744756127564
2426 0.577571278809161
2427 0.576490625777093
2428 0.575961606441594
2429 0.576071473931251
2430 0.575746589725934
2431 0.576088084093573
2432 0.575237171208332
2433 0.573552035883393
2434 0.572244379720312
2435 0.570007307535417
2436 0.569123145296593
2437 0.569505486083688
2438 0.568218990094394
2439 0.566524049253743
2440 0.565804970801294
2441 0.564286078880544
2442 0.56422116746892
2443 0.564949294349551
2444 0.565511261062689
2445 0.564976972905197
2446 0.563644705302123
2447 0.561854153234851
2448 0.560288715105971
2449 0.560263848122269
2450 0.560703532570388
2451 0.560922768362994
2452 0.561293588334039
2453 0.55944687649468
2454 0.558482146703538
2455 0.558831404225599
2456 0.555936958214032
2457 0.555053797197316
2458 0.555318603348541
2459 0.554667448511663
2460 0.55506311489248
2461 0.554279772392943
2462 0.554879133090957
2463 0.555075713066239
2464 0.554485577653485
2465 0.5538685512806
2466 0.549961664589173
2467 0.548497391809027
2468 0.549045655639375
2469 0.549077909940974
2470 0.550293648600977
2471 0.550955634277647
2472 0.552012010951882
2473 0.551824074522808
2474 0.551345155299915
2475 0.54914752344267
2476 0.544384037134488
2477 0.541554204258749
2478 0.537408524291325
2479 0.535631773851212
2480 0.535404460240093
2481 0.535866305574085
2482 0.539249434852173
2483 0.540178319904542
2484 0.542117462477005
2485 0.540705188449736
2486 0.535613507585301
2487 0.533718095563889
2488 0.529599066969733
2489 0.530257390562287
2490 0.535265254959557
2491 0.539227357843426
2492 0.542154123262054
2493 0.543067078642925
2494 0.544817011167785
2495 0.543721873335732
2496 0.544328973788451
2497 0.54169924486557
2498 0.534050836898593
2499 0.530342200058471
2500 0.529223289106694
