"Wavelength" "M042a_m1-w1"
350 0.108025102249946
351 0.103275071294473
352 0.0985101668207271
353 0.096007002379574
354 0.0954541439122834
355 0.0911432949399908
356 0.0919415631479389
357 0.0973032603585472
358 0.0990329562230436
359 0.100010596913869
360 0.098751992945858
361 0.0971130912501411
362 0.104010388142006
363 0.102392734471673
364 0.0979638690615762
365 0.0991683195558246
366 0.100011195612934
367 0.0976763696329132
368 0.095629863231455
369 0.0991800868211852
370 0.0995349350109772
371 0.0989993765953272
372 0.0982529567061833
373 0.0946348419635134
374 0.096746889853574
375 0.0984743387117117
376 0.095670186163026
377 0.0973438247388081
378 0.0995046879221786
379 0.100485966581473
380 0.099750020021149
381 0.0967932118791954
382 0.0959086019841532
383 0.097942114601862
384 0.100140422087095
385 0.0974461157423084
386 0.0946043553585555
387 0.0950972148736632
388 0.0959733413604232
389 0.0973325790652849
390 0.0972889919161564
391 0.0947782767526019
392 0.0946817785992009
393 0.0957055615160557
394 0.0959845184431
395 0.0939537011492491
396 0.0948549907033587
397 0.0960719325300916
398 0.0959945419212527
399 0.097138708744332
400 0.0980487387646316
401 0.0979382560379697
402 0.0968187922767563
403 0.0971000113486655
404 0.0969993092357582
405 0.09629988184421
406 0.0960973747557821
407 0.0970674435019958
408 0.0974391446469944
409 0.0967996609498076
410 0.0979529410309769
411 0.0982140082621819
412 0.0979746526572065
413 0.0983020252789859
414 0.0987106952565807
415 0.0992150843279772
416 0.0998825361992066
417 0.100713912448128
418 0.0999108099323883
419 0.0993725180012365
420 0.100271535570023
421 0.101184224969019
422 0.101718017508198
423 0.101928581878368
424 0.102041249590705
425 0.101784229128074
426 0.102396312240559
427 0.103415100769266
428 0.102825745420236
429 0.103400562919371
430 0.104222321498568
431 0.104371696408589
432 0.104772151603358
433 0.104916755062925
434 0.104952998702068
435 0.105268165739049
436 0.105805725041627
437 0.106097282793945
438 0.106294739389781
439 0.107331442528911
440 0.107763425512835
441 0.107740026354993
442 0.107755537576811
443 0.108023943841227
444 0.108466413813276
445 0.108925024969235
446 0.109252002906522
447 0.109939545602024
448 0.110277698966455
449 0.110081316124682
450 0.110224705994544
451 0.110849426868075
452 0.111469811267545
453 0.111622550505235
454 0.111983260564615
455 0.112260708806295
456 0.112446104308931
457 0.112780789186332
458 0.113076887874392
459 0.113170071544778
460 0.11313762605949
461 0.113610126480796
462 0.114149749544242
463 0.114469011961779
464 0.11444715642537
465 0.114617599209633
466 0.114866282974442
467 0.115064731644373
468 0.115137311846643
469 0.115486507867469
470 0.115953341560532
471 0.116275750900162
472 0.116341572200319
473 0.116474000149827
474 0.116833110922505
475 0.117402730737004
476 0.117629472873257
477 0.117671020348771
478 0.117774616683979
479 0.118177066903684
480 0.118475681372678
481 0.118726297757614
482 0.119075653578089
483 0.119169690636203
484 0.119464500664973
485 0.119985218533225
486 0.120256909399445
487 0.120539094400125
488 0.120770816840663
489 0.120932596167871
490 0.121349121830905
491 0.12166249798031
492 0.121908590238523
493 0.122341284590845
494 0.12279926748659
495 0.123125030438434
496 0.12337615118813
497 0.12401993646069
498 0.124518953526566
499 0.124856397542656
500 0.125188034059971
501 0.125525575840314
502 0.125972707861375
503 0.126468571500754
504 0.126781109669651
505 0.127048964806956
506 0.127414915812195
507 0.127909781829807
508 0.128230308217245
509 0.128475417231504
510 0.128770390858412
511 0.129222596287118
512 0.129534054643412
513 0.12989775568711
514 0.130411380035014
515 0.130858336650143
516 0.131288014488696
517 0.131702614711181
518 0.132105264168862
519 0.132575469114484
520 0.132991698118716
521 0.133330468505175
522 0.133701341653053
523 0.134026075162103
524 0.134430445740758
525 0.134984780588599
526 0.135383325278909
527 0.135786434326288
528 0.136246127496802
529 0.136718975156377
530 0.137104076762053
531 0.137511642923084
532 0.137994459352836
533 0.138385900733514
534 0.138759996542502
535 0.139187633402138
536 0.139711655430536
537 0.140156223846794
538 0.140615787769341
539 0.141131843207626
540 0.141628190295942
541 0.142091604381258
542 0.142513657884793
543 0.142911010021937
544 0.143392112857988
545 0.143828745909263
546 0.144235627040585
547 0.14477246262527
548 0.14528613262369
549 0.145835867960315
550 0.146463207741287
551 0.147008456776708
552 0.147601506627977
553 0.148233502262362
554 0.148806493804
555 0.149324249092803
556 0.149821381940478
557 0.150317552676228
558 0.150776940205526
559 0.151269138628597
560 0.151833165529578
561 0.152454608708467
562 0.152879006347005
563 0.153303175219334
564 0.153763931971818
565 0.154027014283975
566 0.154348600041683
567 0.154695934022944
568 0.155002340797894
569 0.155411510593023
570 0.155920112518908
571 0.156510062733843
572 0.157150543172544
573 0.157783276055815
574 0.158449538455431
575 0.159141191614312
576 0.159651799729252
577 0.159994595772717
578 0.160287554359003
579 0.160688456959561
580 0.161008797423661
581 0.161287774076836
582 0.161572457185345
583 0.161869160976179
584 0.162166056138508
585 0.162469981224142
586 0.16280724283111
587 0.163270678144353
588 0.163711800195046
589 0.164113689716738
590 0.164636765650579
591 0.16507853778956
592 0.165550650243108
593 0.16613860772332
594 0.166492478828226
595 0.166872321522426
596 0.167319712301767
597 0.167692967041469
598 0.168106253538939
599 0.168512320979688
600 0.16887873444813
601 0.169290502666308
602 0.169617491340947
603 0.169834997334379
604 0.169997891322337
605 0.170308456675206
606 0.170624092432346
607 0.17088547895184
608 0.171238646236872
609 0.171686349132136
610 0.172128690535694
611 0.172457348226216
612 0.172733377659344
613 0.173076689773891
614 0.173499741673209
615 0.173893897643332
616 0.174248883175906
617 0.174624495575434
618 0.175055805089548
619 0.175423722224556
620 0.175802643813455
621 0.17619681331257
622 0.176557058791417
623 0.176849830287174
624 0.17717360619769
625 0.177583747571845
626 0.177996298267704
627 0.178341123518001
628 0.178673999763047
629 0.179096986539129
630 0.1795402534176
631 0.179957435431846
632 0.180329991063767
633 0.18067332267919
634 0.181053295293804
635 0.18144998782605
636 0.181829479890177
637 0.182240472779541
638 0.182642668177049
639 0.18302704494851
640 0.183418328992174
641 0.183823812418043
642 0.184227775499561
643 0.184629673867842
644 0.185106862141887
645 0.185512079693005
646 0.185875800876797
647 0.186322020904036
648 0.186690687873768
649 0.187062188303638
650 0.187492559430873
651 0.187927030270141
652 0.18840225417069
653 0.188840488308283
654 0.189169070911443
655 0.189609092393798
656 0.190060118679445
657 0.190477109040756
658 0.190909888948982
659 0.191317657389598
660 0.191744024681227
661 0.192222029582133
662 0.192672399142137
663 0.193135990567628
664 0.193593034142332
665 0.193983735677807
666 0.194383374478997
667 0.194832121793169
668 0.195326956088763
669 0.195782115683928
670 0.19626150434987
671 0.19673829685712
672 0.197163659568871
673 0.197620519114675
674 0.198109246437789
675 0.198595410799115
676 0.199005628620706
677 0.199486142550523
678 0.200006666641965
679 0.200491196050795
680 0.200889021072606
681 0.201407821791116
682 0.202002662418448
683 0.202427108593782
684 0.20285850054998
685 0.203280971436409
686 0.203693124850948
687 0.204213589560428
688 0.204744843909088
689 0.205284794783484
690 0.205853428310019
691 0.206299679833205
692 0.206771873396384
693 0.207307727553292
694 0.20774766556482
695 0.208225292894735
696 0.208749666949726
697 0.209283622591898
698 0.209753497560078
699 0.210259593901623
700 0.210808812772863
701 0.211329608396702
702 0.211875178032458
703 0.212392109346435
704 0.212873390974794
705 0.213480301291854
706 0.213968441504865
707 0.214420951589
708 0.21502238233324
709 0.215585327582007
710 0.21606669871117
711 0.216516259322268
712 0.217085239914411
713 0.217641588809812
714 0.218204324778009
715 0.218793488488592
716 0.219275463907192
717 0.219831747947858
718 0.220444293811828
719 0.220962449869463
720 0.221512272731042
721 0.22203761430262
722 0.222540488614761
723 0.223201727557274
724 0.223770478137951
725 0.22427969184327
726 0.224841830085007
727 0.22538763385117
728 0.225975526893832
729 0.226587037017577
730 0.227123820341926
731 0.227674661190994
732 0.228244552424593
733 0.228804443317814
734 0.229264484242048
735 0.229823265669495
736 0.230423351692021
737 0.230914515677886
738 0.231535806405215
739 0.23215111197592
740 0.2326876292332
741 0.233211133089733
742 0.233753209661492
743 0.234333957866012
744 0.234941221236543
745 0.235474748514832
746 0.236026726155604
747 0.236615812897553
748 0.237206274729258
749 0.237775091180342
750 0.238342788089336
751 0.238933168086261
752 0.239571100978103
753 0.240134585677553
754 0.240656911418301
755 0.241209258843255
756 0.241770514124849
757 0.242361834494824
758 0.242968658971463
759 0.243549479929372
760 0.244130601885875
761 0.244670349993518
762 0.245175211615406
763 0.245771135930537
764 0.246393588378991
765 0.246974772141954
766 0.247479432466138
767 0.248044779717764
768 0.248641211759698
769 0.249231790169361
770 0.249787291518685
771 0.250394273494665
772 0.251024739531994
773 0.25163456944775
774 0.252196125159041
775 0.252712014524785
776 0.253233420748321
777 0.253815060488492
778 0.254414853976066
779 0.254978467036531
780 0.255525425272189
781 0.256140160263983
782 0.256751613518488
783 0.257314882751647
784 0.25784187885594
785 0.258457370599263
786 0.259076401006597
787 0.259660093322704
788 0.260202116914328
789 0.26077252775436
790 0.261394669471463
791 0.262024772043594
792 0.262575195093812
793 0.263168747782278
794 0.263787109329372
795 0.264380850121983
796 0.264884647264855
797 0.265416140216468
798 0.265982161586578
799 0.266559884982394
800 0.267185887545118
801 0.267810674947341
802 0.268395224785605
803 0.268923891322905
804 0.269489600196458
805 0.27005357544138
806 0.27059664787982
807 0.271158310798629
808 0.271837700799133
809 0.272522044978052
810 0.273085584753381
811 0.273594116353532
812 0.27409831010792
813 0.274637395094458
814 0.275224772550229
815 0.275772431330946
816 0.276312843072878
817 0.276910500070341
818 0.277639433620998
819 0.27824467468406
820 0.278742874131645
821 0.279230088176427
822 0.279844428380694
823 0.280354663855825
824 0.280839475945838
825 0.281449446865685
826 0.282033002198234
827 0.282589081045328
828 0.283143744135562
829 0.283732195756649
830 0.284277922317326
831 0.284835458160604
832 0.285428310117078
833 0.286001596891257
834 0.286602859837815
835 0.287178680510603
836 0.287698199125178
837 0.288279079116091
838 0.28884133903809
839 0.289402275580546
840 0.290000455100072
841 0.290516606439763
842 0.291046070753412
843 0.29162457673149
844 0.292217982331039
845 0.292796612332458
846 0.293318878459876
847 0.293796215485528
848 0.294320676772505
849 0.294958024216182
850 0.295591255865972
851 0.296121916978525
852 0.296678160771374
853 0.297199219709752
854 0.297710800889961
855 0.298261440404566
856 0.298797743869594
857 0.299381027569504
858 0.29998193578842
859 0.300503668330951
860 0.301008910963872
861 0.301570904823528
862 0.302170774311006
863 0.302666263687707
864 0.303195329930551
865 0.303734612050256
866 0.30426382137428
867 0.304872773615802
868 0.305385190642715
869 0.305908264839281
870 0.306567385440142
871 0.30713872080041
872 0.307658182588042
873 0.308143503514912
874 0.308610714278743
875 0.30913200978986
876 0.309712623097075
877 0.310331132526728
878 0.310939950152005
879 0.311411333895424
880 0.311864426637309
881 0.312392323495445
882 0.312983987374456
883 0.313591439155693
884 0.314186274111556
885 0.31473775551306
886 0.315182037481216
887 0.315761488586407
888 0.316405292822545
889 0.316969421017839
890 0.317476862545616
891 0.317932938140831
892 0.318405288485362
893 0.318968800377848
894 0.319577678217954
895 0.320178869970661
896 0.320769912962755
897 0.321372215733555
898 0.321867160210244
899 0.322330913776517
900 0.322841897981652
901 0.323440804480897
902 0.324008481093863
903 0.324579084295497
904 0.325146575165427
905 0.325611758136392
906 0.326144535975191
907 0.326663330965516
908 0.327145252688452
909 0.327812069172562
910 0.328396776178882
911 0.328920432073595
912 0.329474886066163
913 0.330092391774172
914 0.330707658120121
915 0.331259808342535
916 0.331724760300091
917 0.332175859277118
918 0.33274689789376
919 0.333402681653117
920 0.334006739936486
921 0.334411466245454
922 0.334902231910508
923 0.335511296574389
924 0.336083887835145
925 0.336522552294665
926 0.337083129496373
927 0.33779833308103
928 0.338476104437836
929 0.338906406377613
930 0.339312658156096
931 0.339817405631704
932 0.340370675106754
933 0.340836711475201
934 0.34140131812297
935 0.342080900046646
936 0.342656574679113
937 0.343321801158232
938 0.343818138076034
939 0.344153831492134
940 0.344773108733583
941 0.345370128808887
942 0.345861092144518
943 0.346286014828244
944 0.346803201003848
945 0.347420190305725
946 0.34801026121385
947 0.348526376092397
948 0.349119089215524
949 0.34964672135261
950 0.350158578816631
951 0.350696000813583
952 0.351190339413627
953 0.351720537338969
954 0.352265675775022
955 0.352834331191652
956 0.353556526058078
957 0.354140614229221
958 0.354614085063031
959 0.355053582216094
960 0.355413569741676
961 0.355993849123332
962 0.356603113098797
963 0.357050485106312
964 0.357493499147118
965 0.358118733064536
966 0.358798820403994
967 0.359356771981447
968 0.359749843848539
969 0.360310024484781
970 0.360891092868338
971 0.361334603584266
972 0.361791712115495
973 0.36242907556442
974 0.363050303788608
975 0.363509532364805
976 0.364011840223341
977 0.364632101237917
978 0.365155566052662
979 0.365483750110853
980 0.365916508576407
981 0.366349509681222
982 0.366814736849146
983 0.367358510484774
984 0.367995793554872
985 0.368710934815093
986 0.369296084125243
987 0.369739157896863
988 0.370382255194025
989 0.370789477024106
990 0.371321175659604
991 0.371987898802191
992 0.372158057231161
993 0.37275562519707
994 0.373284108610345
995 0.373591575861041
996 0.374205178150781
997 0.374769887704091
998 0.375160079228242
999 0.375522164390811
1000 0.376169875370367
1001 0.368673106579734
1002 0.369176896274119
1003 0.369742420858935
1004 0.370248989131093
1005 0.370829273841319
1006 0.371319370082641
1007 0.37174734163471
1008 0.372075819808334
1009 0.372528556382327
1010 0.372926187972792
1011 0.373334960197357
1012 0.373838708942756
1013 0.3742630806126
1014 0.374611380888969
1015 0.375025150541339
1016 0.375490786433784
1017 0.375967339365639
1018 0.376550445741904
1019 0.377045299308764
1020 0.377540189104821
1021 0.37792693463537
1022 0.378341930127182
1023 0.378725591361391
1024 0.379192890913927
1025 0.379717550124307
1026 0.380178227017914
1027 0.380647968687598
1028 0.381094627992549
1029 0.381544813681362
1030 0.382009075767544
1031 0.38244151259587
1032 0.382946390332615
1033 0.38352179728501
1034 0.384034957271692
1035 0.384556801967092
1036 0.385118761887836
1037 0.385552002440463
1038 0.385906246199096
1039 0.38641575119032
1040 0.386966102527298
1041 0.387478701121096
1042 0.388049288672144
1043 0.388530789995161
1044 0.388972719915438
1045 0.389533350431999
1046 0.390047586313147
1047 0.390549056316494
1048 0.391049493724859
1049 0.391578997684053
1050 0.392009359425087
1051 0.39244582719062
1052 0.392889679840707
1053 0.393272762477196
1054 0.393722026764385
1055 0.394213167538054
1056 0.39469082013523
1057 0.39515006084584
1058 0.395558710753052
1059 0.395961239334416
1060 0.396343658076365
1061 0.396681205150677
1062 0.397029385246145
1063 0.397365603848341
1064 0.397674441830935
1065 0.397995332078026
1066 0.398385100120763
1067 0.398740227108083
1068 0.399066892874462
1069 0.3994511321352
1070 0.399817725228649
1071 0.400087087987774
1072 0.400266976977051
1073 0.400444732412944
1074 0.400675652984759
1075 0.400923811694095
1076 0.40118787139416
1077 0.401548541034158
1078 0.4018565221103
1079 0.402024118897209
1080 0.402217559800494
1081 0.402414653350449
1082 0.402628197494209
1083 0.402878384832053
1084 0.403103162796699
1085 0.403359913862953
1086 0.403595522808853
1087 0.403808262179425
1088 0.404029822425454
1089 0.404203591803368
1090 0.404389214415916
1091 0.404578291338605
1092 0.404746751107187
1093 0.404929762043473
1094 0.405132521291585
1095 0.405331894291114
1096 0.405484702351303
1097 0.405752335727246
1098 0.406066683583246
1099 0.406311122428392
1100 0.406639380943656
1101 0.406942669962352
1102 0.40714414170806
1103 0.407424588896873
1104 0.407729950364162
1105 0.408007565391352
1106 0.40831661812723
1107 0.408680368434342
1108 0.409021747935424
1109 0.409352035091996
1110 0.409699449620128
1111 0.410043843967294
1112 0.410346698270879
1113 0.41064426429454
1114 0.410981391446286
1115 0.411370991041833
1116 0.411795436003581
1117 0.412278297755299
1118 0.412748752876356
1119 0.413163350850121
1120 0.413606439266828
1121 0.414041024570633
1122 0.414437014244929
1123 0.414872902187099
1124 0.415338550525701
1125 0.415794078529636
1126 0.416259062182397
1127 0.416710664869004
1128 0.417173380414626
1129 0.417665305105242
1130 0.418122855733334
1131 0.418594763792751
1132 0.419107376574752
1133 0.419584093621479
1134 0.420048701169725
1135 0.420543274985485
1136 0.421018682173225
1137 0.421472635294948
1138 0.421919227975526
1139 0.422362800957427
1140 0.422806677982569
1141 0.423209905089582
1142 0.423663397250923
1143 0.424163632790208
1144 0.424646441729711
1145 0.425068722731258
1146 0.425538638883078
1147 0.425982325797992
1148 0.426417198783997
1149 0.426878101897126
1150 0.427289020975143
1151 0.427693455538893
1152 0.428099557365409
1153 0.428525292019776
1154 0.428988613488206
1155 0.429433910782474
1156 0.429893709428273
1157 0.4303100877356
1158 0.430689317839682
1159 0.431094535273626
1160 0.431488150908961
1161 0.431889846445614
1162 0.432272768072808
1163 0.432686743054518
1164 0.433110651818598
1165 0.433517892278585
1166 0.433930307799227
1167 0.434335415914399
1168 0.434772669020325
1169 0.435187774837811
1170 0.435586638152353
1171 0.436038640596224
1172 0.436419160314428
1173 0.436716386704469
1174 0.437033269316407
1175 0.437327386478905
1176 0.43763563385187
1177 0.437943943350719
1178 0.438264302814191
1179 0.438595228295454
1180 0.43893307253958
1181 0.439285554447361
1182 0.439561250620792
1183 0.439841441109746
1184 0.440099662867356
1185 0.440320968439771
1186 0.440579211989775
1187 0.440834888438004
1188 0.441099775987187
1189 0.441365315896059
1190 0.441644535171689
1191 0.441899070540489
1192 0.442125591420283
1193 0.442385628020798
1194 0.442668730054823
1195 0.442924179504917
1196 0.443195688063351
1197 0.443451604374237
1198 0.443701983817693
1199 0.443895289509293
1200 0.444087133645882
1201 0.444276306679312
1202 0.44443690091181
1203 0.444606424405942
1204 0.444813019848322
1205 0.445055913959307
1206 0.445298030095475
1207 0.44557207176899
1208 0.445811705305515
1209 0.446031646972014
1210 0.446276618486644
1211 0.44653224264015
1212 0.446776107809387
1213 0.447032183735851
1214 0.447282170466933
1215 0.44750276630443
1216 0.447739341316013
1217 0.448000740827948
1218 0.448253038831227
1219 0.448485182752625
1220 0.448711700340473
1221 0.448952046366009
1222 0.449179986409265
1223 0.449438539566018
1224 0.449724015033189
1225 0.450001717569937
1226 0.450287080064647
1227 0.450580285096477
1228 0.450898165246327
1229 0.451171948525023
1230 0.45143595109551
1231 0.451693969527103
1232 0.451911680729452
1233 0.45215137962893
1234 0.452375001262106
1235 0.452642554063753
1236 0.452962574362064
1237 0.453246420238927
1238 0.453532218996414
1239 0.453804830835548
1240 0.454049703562501
1241 0.454241940773626
1242 0.454450900414469
1243 0.454659808731719
1244 0.454861825172486
1245 0.455013363804151
1246 0.455240056162257
1247 0.455506592606907
1248 0.455770997467036
1249 0.456057551494121
1250 0.456368467104794
1251 0.456689263553016
1252 0.457027047111036
1253 0.457448200123946
1254 0.457795168148514
1255 0.458096195319543
1256 0.458417328938391
1257 0.458725835177525
1258 0.459009504445006
1259 0.45930263004664
1260 0.459594607203168
1261 0.459919000738164
1262 0.460253453698078
1263 0.460577376620976
1264 0.460936401067427
1265 0.461276075572457
1266 0.461560820738279
1267 0.46190533379266
1268 0.462314143449726
1269 0.462670388403934
1270 0.463040093232624
1271 0.463370521055532
1272 0.463666450744866
1273 0.463941719774424
1274 0.464184861479881
1275 0.464422421135983
1276 0.46463918605286
1277 0.464841530169102
1278 0.465028332240254
1279 0.465221079006493
1280 0.465366079804473
1281 0.465481709683092
1282 0.465584234459302
1283 0.465633877685404
1284 0.465737826693911
1285 0.465865833079512
1286 0.465954737333019
1287 0.466065127474155
1288 0.466129371845005
1289 0.466133303615992
1290 0.466160944712834
1291 0.466205863022876
1292 0.466206479193161
1293 0.466196351701702
1294 0.46615604153696
1295 0.466059167145531
1296 0.465977401403
1297 0.465886529745252
1298 0.465791584229504
1299 0.46569066953415
1300 0.465596095044529
1301 0.465491811380126
1302 0.465362932696544
1303 0.465287954702327
1304 0.465247352894747
1305 0.465165079202148
1306 0.465101224126586
1307 0.465011613972657
1308 0.464885439045016
1309 0.464764598092654
1310 0.464633689611059
1311 0.464526239782822
1312 0.464403307963855
1313 0.46430908723752
1314 0.464234349590874
1315 0.464188443191267
1316 0.464155425688234
1317 0.464146155980349
1318 0.464156397264334
1319 0.464208039725923
1320 0.464282525954003
1321 0.464386537340537
1322 0.464526293743639
1323 0.464705571008446
1324 0.464899263205929
1325 0.465126971541608
1326 0.465329323360888
1327 0.465538438021251
1328 0.465768402418239
1329 0.465981163256039
1330 0.466239052417308
1331 0.466542510051193
1332 0.466838909622292
1333 0.46714601937568
1334 0.467459615915
1335 0.467795649368724
1336 0.468114289897406
1337 0.468415805375387
1338 0.468746962017047
1339 0.469065791924652
1340 0.469427418698468
1341 0.469825432629552
1342 0.470236803320262
1343 0.470702995766031
1344 0.471135175126771
1345 0.471583114372246
1346 0.47200070944087
1347 0.472396574311596
1348 0.472765414121563
1349 0.473128248457224
1350 0.473479786928194
1351 0.473809613338477
1352 0.474111662265747
1353 0.474433974668219
1354 0.474740129830229
1355 0.475068842124245
1356 0.475410097737429
1357 0.47576510674446
1358 0.476117663354846
1359 0.476505518735709
1360 0.476939667695259
1361 0.477344455661305
1362 0.477762511295284
1363 0.478164475550424
1364 0.478527465233055
1365 0.478925415104873
1366 0.47936598413419
1367 0.47975736452595
1368 0.480163004545952
1369 0.480517053758599
1370 0.480841895877643
1371 0.481106898138634
1372 0.481299652522526
1373 0.48149556162165
1374 0.481671094996663
1375 0.481831080062905
1376 0.481996047304671
1377 0.482187984456696
1378 0.482336867712041
1379 0.482452918190504
1380 0.482575548843891
1381 0.482702978358728
1382 0.482795205270834
1383 0.482876975419893
1384 0.482923011351922
1385 0.482931524593048
1386 0.482935310384969
1387 0.482964318972908
1388 0.482879608219949
1389 0.482769443530563
1390 0.4825638602142
1391 0.482210467943944
1392 0.481892669223597
1393 0.481507390732609
1394 0.48116586345051
1395 0.480840725193126
1396 0.480513202256885
1397 0.48021175255559
1398 0.479885933293343
1399 0.479580589297643
1400 0.479213810156352
1401 0.478807998283622
1402 0.478387987849377
1403 0.477894879679745
1404 0.477394333521114
1405 0.476903695273342
1406 0.476396796914332
1407 0.475912627944229
1408 0.475415002002184
1409 0.474984605417863
1410 0.474550509553775
1411 0.47422840518812
1412 0.473952089999836
1413 0.473794108502841
1414 0.473695443731071
1415 0.473744939689906
1416 0.473940673749071
1417 0.474171479836107
1418 0.474509813643889
1419 0.474902248826978
1420 0.475390250778948
1421 0.475857330971738
1422 0.476422143403497
1423 0.476919262657956
1424 0.477379853198351
1425 0.477838290535566
1426 0.478289301560617
1427 0.478726193415249
1428 0.479141524537329
1429 0.47955177266439
1430 0.479937087303645
1431 0.480341239943477
1432 0.480758792259127
1433 0.481180853050403
1434 0.481551887592736
1435 0.481922793655397
1436 0.482253573575089
1437 0.482520533956141
1438 0.482831375528557
1439 0.483143311290289
1440 0.48345763390696
1441 0.483781468539652
1442 0.484095300638171
1443 0.484413277586315
1444 0.484716866345508
1445 0.485002066088779
1446 0.485302645355211
1447 0.485618689871353
1448 0.48589644619267
1449 0.486166901244591
1450 0.486427783265226
1451 0.486651402276226
1452 0.486892058796357
1453 0.487141712407177
1454 0.487384593457804
1455 0.487603245859857
1456 0.487857573120823
1457 0.488137218555721
1458 0.488406956376285
1459 0.488719232887021
1460 0.488981195074151
1461 0.48921536610974
1462 0.489434954103783
1463 0.489610531509363
1464 0.489801503555405
1465 0.489986763426643
1466 0.490174061237824
1467 0.490335263973425
1468 0.490544174428302
1469 0.490756320512743
1470 0.491018219698547
1471 0.491328338529258
1472 0.491659372227945
1473 0.491990536649942
1474 0.492322635381957
1475 0.492631203139807
1476 0.492923936317562
1477 0.493226704306646
1478 0.493517080571187
1479 0.493815650389801
1480 0.494127895745152
1481 0.49442233825364
1482 0.494717059006677
1483 0.49498788595113
1484 0.495248435302081
1485 0.495489306467351
1486 0.495697339266843
1487 0.495920352434854
1488 0.496122715919689
1489 0.496360720512358
1490 0.496625094625205
1491 0.496873496221763
1492 0.497133422241597
1493 0.497386430640383
1494 0.497626303645325
1495 0.497871308982489
1496 0.498134483936627
1497 0.498375496269473
1498 0.498594569870957
1499 0.498826168307658
1500 0.499038270620146
1501 0.499278575869779
1502 0.499551528131968
1503 0.49980572078056
1504 0.500059447581613
1505 0.500323297468622
1506 0.500604404377363
1507 0.500846900032667
1508 0.501093597884326
1509 0.501310607139156
1510 0.501434476122605
1511 0.501631973269784
1512 0.501871967764317
1513 0.502097355547346
1514 0.502364567805807
1515 0.50261245720215
1516 0.502841651510396
1517 0.503060422376907
1518 0.503290220847612
1519 0.503479561430116
1520 0.503619328137968
1521 0.50376388742398
1522 0.503919124644228
1523 0.504054377043636
1524 0.504220209353939
1525 0.504406270822855
1526 0.504602563893969
1527 0.504805088545449
1528 0.505030112703477
1529 0.505285737273698
1530 0.505526636428642
1531 0.505786642099501
1532 0.506007469596408
1533 0.506215612937194
1534 0.506410777967834
1535 0.506568640841239
1536 0.506757945291344
1537 0.506944713378405
1538 0.50715063724491
1539 0.507377556050536
1540 0.507598595324578
1541 0.507838935551722
1542 0.508053565628864
1543 0.508267933296453
1544 0.508453923130944
1545 0.508606335289955
1546 0.508774875500496
1547 0.508935944501114
1548 0.509093513816225
1549 0.509254552440897
1550 0.509410791493093
1551 0.509547698710963
1552 0.509702050897508
1553 0.509854072064699
1554 0.510034215851304
1555 0.510216062873312
1556 0.510437319706476
1557 0.51073446438469
1558 0.510963838751077
1559 0.511196106214208
1560 0.511400727705252
1561 0.511560185443462
1562 0.511709550451431
1563 0.51182809081016
1564 0.511973239283729
1565 0.512080088159716
1566 0.512243902077457
1567 0.512471770215664
1568 0.512678662543977
1569 0.512945723646191
1570 0.51313026977402
1571 0.513239295123318
1572 0.51338918931348
1573 0.513476892645597
1574 0.513633809387742
1575 0.513892573022651
1576 0.514089259286682
1577 0.514272481607334
1578 0.514464871418344
1579 0.514628452311374
1580 0.514803495969964
1581 0.514987576654606
1582 0.515190135588289
1583 0.51541475024869
1584 0.515615759865328
1585 0.515818634441384
1586 0.516028046250986
1587 0.516246546181513
1588 0.516421574705735
1589 0.516571676931176
1590 0.516736221193216
1591 0.516860101258709
1592 0.516997843678174
1593 0.517164979977729
1594 0.517331368637683
1595 0.517501698916946
1596 0.51765554898032
1597 0.51778197494644
1598 0.517949188119029
1599 0.518149016550857
1600 0.518312984183093
1601 0.518498463923651
1602 0.51869790775514
1603 0.518826805534104
1604 0.518972892847062
1605 0.519137050568726
1606 0.519326005284337
1607 0.519471516740445
1608 0.519606775816
1609 0.519761913099729
1610 0.519886811050713
1611 0.520075202281379
1612 0.520316904121288
1613 0.520515016749134
1614 0.520721948083659
1615 0.520912012403897
1616 0.521075631877861
1617 0.521276196653029
1618 0.521488296241057
1619 0.521700396759583
1620 0.521934500480468
1621 0.522136602325101
1622 0.522331677174822
1623 0.522508236888214
1624 0.522682062939028
1625 0.522795258487797
1626 0.522848095272285
1627 0.522982772026934
1628 0.523094040073647
1629 0.523264352758846
1630 0.523516673526783
1631 0.523727562636881
1632 0.52393834838538
1633 0.524129025708897
1634 0.524326565704386
1635 0.524488315667136
1636 0.524596107907805
1637 0.524790874752733
1638 0.525007823145157
1639 0.525233354927852
1640 0.525509221903697
1641 0.5257462051401
1642 0.52599063182553
1643 0.526153317243847
1644 0.526282696909605
1645 0.526414071576576
1646 0.526451504378891
1647 0.526623905583233
1648 0.526865229619382
1649 0.527084219770838
1650 0.527360985798393
1651 0.527566292189406
1652 0.527734831795758
1653 0.527929537555867
1654 0.528109975493275
1655 0.52831480333955
1656 0.528531023941647
1657 0.528752503483277
1658 0.52894057989171
1659 0.529135912800316
1660 0.529349089801144
1661 0.529537622266564
1662 0.529674174387391
1663 0.52982223282281
1664 0.529967163646928
1665 0.530127562624072
1666 0.530375791072399
1667 0.530615934010775
1668 0.530835199808453
1669 0.531078350042409
1670 0.531262523679378
1671 0.531389971810241
1672 0.531543502984887
1673 0.531671806999159
1674 0.531823736454201
1675 0.532082867473714
1676 0.532369815699866
1677 0.532660740176118
1678 0.532927585307487
1679 0.533161746434462
1680 0.533379235543127
1681 0.533607903834768
1682 0.533878352466398
1683 0.53415917758859
1684 0.53441206777716
1685 0.534671048950943
1686 0.5349288304753
1687 0.535117813071071
1688 0.535291373173653
1689 0.535441414475827
1690 0.535583868056028
1691 0.535738899042026
1692 0.535869379252503
1693 0.536031079191965
1694 0.536179115895081
1695 0.536359282477195
1696 0.53661223027868
1697 0.536803608115702
1698 0.536968482656669
1699 0.537117542197765
1700 0.537326016679633
1701 0.537650965700525
1702 0.537896181625534
1703 0.538131054819387
1704 0.538337551884609
1705 0.538470531298863
1706 0.538626147697801
1707 0.538798200438222
1708 0.538938953171315
1709 0.539071562734708
1710 0.539174821203801
1711 0.539239062836422
1712 0.539315209487054
1713 0.53936094333006
1714 0.539440542429192
1715 0.539522815610013
1716 0.53963313394101
1717 0.539762197873412
1718 0.539923475312533
1719 0.540141199331247
1720 0.540326699999625
1721 0.54054182210682
1722 0.540700295793794
1723 0.540802026559227
1724 0.540944330049147
1725 0.541072042275696
1726 0.541218946291606
1727 0.541412571860561
1728 0.541544640894406
1729 0.541636804762419
1730 0.541778188002298
1731 0.541921977314157
1732 0.54205046046333
1733 0.542208185997703
1734 0.542315997351446
1735 0.542373508217094
1736 0.542468575387757
1737 0.54254809857377
1738 0.542694567759278
1739 0.542859682251326
1740 0.543093208317583
1741 0.543305767571583
1742 0.543462868466304
1743 0.543706761857137
1744 0.543927854861322
1745 0.54410733038846
1746 0.544233956245263
1747 0.544311856539883
1748 0.544362224549301
1749 0.54443152458988
1750 0.544594166255817
1751 0.544773566017297
1752 0.544926743245162
1753 0.545050177755706
1754 0.545098935116256
1755 0.545154801034096
1756 0.545251305385991
1757 0.545335214075978
1758 0.545500215659967
1759 0.5457268393689
1760 0.545884246133221
1761 0.546045172411336
1762 0.54623884483598
1763 0.546357526926108
1764 0.546458378383051
1765 0.546580766229713
1766 0.546603278423144
1767 0.546610655262206
1768 0.546729118395014
1769 0.546927690792746
1770 0.54719397870897
1771 0.547479335381891
1772 0.54771201241857
1773 0.547860987888282
1774 0.5479514174924
1775 0.548047305475138
1776 0.548045257436029
1777 0.548117202545904
1778 0.548241427988718
1779 0.548359829305348
1780 0.548480864474649
1781 0.548743720388476
1782 0.548946168714527
1783 0.549106663742216
1784 0.549287966012331
1785 0.549453445271116
1786 0.549594789420401
1787 0.549811309929145
1788 0.550070507058383
1789 0.550278889749434
1790 0.550485717130876
1791 0.550758080464158
1792 0.550979769218082
1793 0.551131502594264
1794 0.551289848787888
1795 0.551279346791045
1796 0.5512250439949
1797 0.551334954248229
1798 0.551488456200618
1799 0.551724328426885
1800 0.552061284800833
1801 0.55147203557637
1802 0.551542836958833
1803 0.551727494477766
1804 0.55182714769453
1805 0.551862235424371
1806 0.551761495198329
1807 0.551824256022325
1808 0.551929626801048
1809 0.552000520830317
1810 0.552101280967036
1811 0.552236041205463
1812 0.552371656054941
1813 0.552476566741811
1814 0.5526637630403
1815 0.552846133024876
1816 0.552973068438408
1817 0.552994495352153
1818 0.553106496564183
1819 0.553277536581524
1820 0.553394775439591
1821 0.553419173389653
1822 0.553460805624041
1823 0.553403822379398
1824 0.553329665479255
1825 0.553338156598056
1826 0.553394224526459
1827 0.553462767353148
1828 0.553632629143341
1829 0.553707389519634
1830 0.553757152879889
1831 0.553773207305495
1832 0.553826859860617
1833 0.553847427372047
1834 0.55386566039161
1835 0.553949848939387
1836 0.554020920786616
1837 0.553992994429298
1838 0.554089564574255
1839 0.554258091092779
1840 0.55452550941715
1841 0.554696393618963
1842 0.554786090228027
1843 0.554822430595025
1844 0.554776106149235
1845 0.554685234023627
1846 0.554686979925644
1847 0.554714802708362
1848 0.554789202943235
1849 0.55478819534719
1850 0.554807304957082
1851 0.554928135683445
1852 0.555021202187931
1853 0.555090694097454
1854 0.555155000986293
1855 0.555114964724117
1856 0.555051615781754
1857 0.554922548217361
1858 0.554822258504158
1859 0.554743582264528
1860 0.5546909179315
1861 0.554494626308732
1862 0.554322463062534
1863 0.554010379446028
1864 0.553654138594009
1865 0.553364256030661
1866 0.552921594143445
1867 0.552524794593838
1868 0.552144220195109
1869 0.551749616765771
1870 0.551304448354497
1871 0.550909218682565
1872 0.550440673334491
1873 0.549916545224795
1874 0.549455638001741
1875 0.54891596151335
1876 0.548272375464682
1877 0.547616179757409
1878 0.546866466605349
1879 0.545992597465972
1880 0.545053926200755
1881 0.5440595685321
1882 0.542963638127236
1883 0.541694938789685
1884 0.540335047766007
1885 0.538955742253281
1886 0.537409112404706
1887 0.535832978230511
1888 0.534167354092289
1889 0.532442750570244
1890 0.530528864880036
1891 0.528518581757844
1892 0.526372332930521
1893 0.523967519308063
1894 0.52145474200669
1895 0.518990329614422
1896 0.516340371970985
1897 0.513722695363855
1898 0.511234182754166
1899 0.508743557113004
1900 0.506181748195723
1901 0.50382852532071
1902 0.501590409633595
1903 0.499387789032646
1904 0.497337469939106
1905 0.495470014907339
1906 0.493706971008981
1907 0.492228186687188
1908 0.491013382056362
1909 0.489995493607043
1910 0.489099309120358
1911 0.488372163042656
1912 0.487802928606905
1913 0.487360833567301
1914 0.487115715551752
1915 0.487053093599358
1916 0.487159598722095
1917 0.487295070755299
1918 0.487437285112599
1919 0.487698550107696
1920 0.488013895802124
1921 0.488381492075852
1922 0.48882660947307
1923 0.489317353421901
1924 0.489862123902863
1925 0.490469606010816
1926 0.4910571209566
1927 0.49168706059303
1928 0.49225039022582
1929 0.492823697830469
1930 0.493442990598531
1931 0.493989076078388
1932 0.494583899546134
1933 0.495220122234732
1934 0.495791580450296
1935 0.496303616428464
1936 0.496954112849862
1937 0.497476519998449
1938 0.498022684407808
1939 0.498603966706158
1940 0.49910594684634
1941 0.499775872698123
1942 0.500423958512267
1943 0.501056128234511
1944 0.501774035974474
1945 0.502402570818533
1946 0.502955641345926
1947 0.50352444183862
1948 0.50409869088784
1949 0.504554532704822
1950 0.50513437619056
1951 0.505612289993191
1952 0.506066017765616
1953 0.506619025505665
1954 0.507093874954307
1955 0.507467393375166
1956 0.50799563824363
1957 0.50857458439442
1958 0.509138711868391
1959 0.509764451952053
1960 0.510395899959103
1961 0.510990265725349
1962 0.511608648329665
1963 0.512275292334885
1964 0.51287858322097
1965 0.513508239396818
1966 0.514073810189076
1967 0.514688086153911
1968 0.515363034538318
1969 0.515976650796254
1970 0.516584827407864
1971 0.517196622690842
1972 0.517790529988515
1973 0.518293460826912
1974 0.518959252502584
1975 0.519504064552701
1976 0.520133098169278
1977 0.520808380196199
1978 0.521408636674085
1979 0.522034178973325
1980 0.522582569416537
1981 0.522969209086965
1982 0.523527093955995
1983 0.524101006719775
1984 0.524679325114347
1985 0.525357823767407
1986 0.526060570923178
1987 0.526574826882411
1988 0.527215032028986
1989 0.527773276880959
1990 0.528303344765474
1991 0.528917889461517
1992 0.529597972420704
1993 0.530196132125845
1994 0.530865134157028
1995 0.531411803851625
1996 0.531834108093619
1997 0.532309293663381
1998 0.53277082301333
1999 0.533173896332087
2000 0.533641157493868
2001 0.53412123386695
2002 0.534657055026517
2003 0.535229184335697
2004 0.535829874160991
2005 0.536509468458887
2006 0.537130017620597
2007 0.537814773226093
2008 0.53839055736114
2009 0.538882875000079
2010 0.53937387809522
2011 0.539805837102302
2012 0.540199087979215
2013 0.540611206662998
2014 0.541120390686906
2015 0.541635323821715
2016 0.542175860193079
2017 0.542728837070236
2018 0.54338003250215
2019 0.543890719103864
2020 0.544354304470667
2021 0.544806709377236
2022 0.545195970384624
2023 0.545565735008753
2024 0.545909588824146
2025 0.546270825448391
2026 0.54659932417856
2027 0.546808806165545
2028 0.546984218318372
2029 0.547219085153996
2030 0.547544613290105
2031 0.547915992197061
2032 0.548290944213316
2033 0.548797105689743
2034 0.549215903861938
2035 0.549572930320629
2036 0.549929661777436
2037 0.550322582607072
2038 0.550661293904622
2039 0.550890342381766
2040 0.551217302722459
2041 0.551591279126842
2042 0.551864791925944
2043 0.552146878128079
2044 0.552460201467522
2045 0.552700573865462
2046 0.552847488339925
2047 0.553062091069401
2048 0.55324142864816
2049 0.553500033144764
2050 0.553864052571973
2051 0.554133366071197
2052 0.554323008990518
2053 0.55463215116057
2054 0.554984597893235
2055 0.555300965152255
2056 0.555654057977428
2057 0.55615284945446
2058 0.556514611875159
2059 0.556756020154324
2060 0.557097117083545
2061 0.557501340546506
2062 0.557827381848934
2063 0.55815188809822
2064 0.558443799559657
2065 0.558659479867169
2066 0.558905209888401
2067 0.559142383935254
2068 0.559400374271145
2069 0.559663539865152
2070 0.559927192036951
2071 0.560092120433319
2072 0.560149001864579
2073 0.560361942338737
2074 0.560542328465375
2075 0.560812518668396
2076 0.561310633405187
2077 0.561594724829954
2078 0.561779644640551
2079 0.56199017577073
2080 0.562150442884626
2081 0.562293442787817
2082 0.562395499028453
2083 0.562546796953834
2084 0.56270669051155
2085 0.562864691182183
2086 0.562953201833811
2087 0.563012676861841
2088 0.563196936103707
2089 0.563343981016169
2090 0.563533245382268
2091 0.563958105725277
2092 0.564133835231223
2093 0.564031123626533
2094 0.564207567058788
2095 0.564502824264769
2096 0.564698946617343
2097 0.565017749840191
2098 0.56526193460501
2099 0.565396656611815
2100 0.56546889297714
2101 0.565662109951539
2102 0.565895356890404
2103 0.566102031715851
2104 0.566248689203613
2105 0.566559301684577
2106 0.567032805233794
2107 0.567303472088437
2108 0.567620035329035
2109 0.567837108033844
2110 0.567720784706236
2111 0.567923188896321
2112 0.568347649300703
2113 0.568654440026479
2114 0.569058856339656
2115 0.569402369692975
2116 0.569661675484949
2117 0.569883777964117
2118 0.570190347469288
2119 0.570539873965282
2120 0.570769406857712
2121 0.57093636696342
2122 0.571130410574327
2123 0.571245282623552
2124 0.571431208264622
2125 0.571720155945812
2126 0.571886904622458
2127 0.571951256251186
2128 0.572110063173093
2129 0.572275527556573
2130 0.572415414911777
2131 0.572649494779695
2132 0.57279013876947
2133 0.572771844356092
2134 0.572865079888667
2135 0.573061899827326
2136 0.573156973494735
2137 0.573168328530279
2138 0.573163795187159
2139 0.573133372462883
2140 0.572927796605163
2141 0.572881958439906
2142 0.572987265555506
2143 0.572920787814307
2144 0.572805883117455
2145 0.572677452055409
2146 0.572466285919247
2147 0.572273865293225
2148 0.572060805870147
2149 0.571872373302372
2150 0.571829312544306
2151 0.57152492360286
2152 0.571053612197313
2153 0.570624937600026
2154 0.570051260802219
2155 0.569403317231133
2156 0.568903914946171
2157 0.568549598205063
2158 0.568097251438267
2159 0.567647635603324
2160 0.567188024880081
2161 0.566712535253818
2162 0.566236173346193
2163 0.565763524223941
2164 0.565249699912307
2165 0.564750878460551
2166 0.564181982818019
2167 0.563486794305042
2168 0.562898569091558
2169 0.562240348172328
2170 0.561724017009311
2171 0.56149116337571
2172 0.561044241626423
2173 0.560466243262136
2174 0.55999941560771
2175 0.559553733677001
2176 0.559041916902134
2177 0.55853539327653
2178 0.558230094614492
2179 0.557605230266575
2180 0.556683238000266
2181 0.555962911305376
2182 0.555196931384808
2183 0.554475526740726
2184 0.553798635907794
2185 0.553177897509623
2186 0.552663018262789
2187 0.552030243932537
2188 0.551407542429953
2189 0.550773825360781
2190 0.55000575840551
2191 0.549265295175047
2192 0.548591189389889
2193 0.547890506162015
2194 0.547055360593059
2195 0.546387293403346
2196 0.545777796569356
2197 0.545192635441829
2198 0.544579192402503
2199 0.544004427208462
2200 0.543410005890561
2201 0.542814342762831
2202 0.542149377837677
2203 0.541445523739123
2204 0.540811230444218
2205 0.539920525934088
2206 0.539510807038512
2207 0.539355903689619
2208 0.539344031024092
2209 0.539729799074035
2210 0.540047178364963
2211 0.540353387565433
2212 0.540852382918312
2213 0.541646588455034
2214 0.542241421601365
2215 0.542901296507655
2216 0.543523694633791
2217 0.54411161337042
2218 0.544405171124279
2219 0.545038155940275
2220 0.545848943414886
2221 0.54635079474207
2222 0.546688326966207
2223 0.547356353098258
2224 0.548100487747485
2225 0.548593838659968
2226 0.549356926979409
2227 0.549707491251153
2228 0.549463153313795
2229 0.54956534331754
2230 0.549812218909973
2231 0.549871866567753
2232 0.549842638752755
2233 0.549885709485158
2234 0.549725078766491
2235 0.549861418722063
2236 0.550246211360248
2237 0.550539704829772
2238 0.551100118228189
2239 0.551358268148947
2240 0.551362727571573
2241 0.551469730320482
2242 0.551446329078829
2243 0.551468947904506
2244 0.551583467604351
2245 0.551660744463452
2246 0.551592847449286
2247 0.551808700971808
2248 0.552080704423532
2249 0.552043586661728
2250 0.552097207320734
2251 0.55211661038889
2252 0.552150515665803
2253 0.552221003615647
2254 0.552158386850457
2255 0.551763631769302
2256 0.552062618885799
2257 0.552755888971055
2258 0.553065618850914
2259 0.553802466361943
2260 0.55409953807663
2261 0.553622890518938
2262 0.553757246805078
2263 0.554312615295644
2264 0.55455340383005
2265 0.554938372170187
2266 0.555003903690859
2267 0.554735637885672
2268 0.554524301128285
2269 0.553959704939819
2270 0.553754113246085
2271 0.553716023627924
2272 0.553696375966148
2273 0.553930219372591
2274 0.554144032685023
2275 0.554368107521632
2276 0.55456265077362
2277 0.554889558681327
2278 0.555043948102575
2279 0.555120598550895
2280 0.555105464265274
2281 0.554592342056174
2282 0.554072909991768
2283 0.553892419073503
2284 0.553608132218465
2285 0.553473272304224
2286 0.553779975635583
2287 0.553663060512208
2288 0.553192167542224
2289 0.553151629178827
2290 0.553286576471023
2291 0.553262309884578
2292 0.553368030222554
2293 0.553359236778923
2294 0.553147540809114
2295 0.553078991172726
2296 0.553155789739712
2297 0.553079226284815
2298 0.552998030109237
2299 0.552756898175572
2300 0.55217265725193
2301 0.552030912784202
2302 0.552020015061751
2303 0.552023712868565
2304 0.5525759753549
2305 0.552566685308298
2306 0.552051342386998
2307 0.551773815181114
2308 0.551272678533161
2309 0.551022907428506
2310 0.551117057265376
2311 0.551103236254755
2312 0.55114901589548
2313 0.551070236083232
2314 0.550780684934319
2315 0.550724479743584
2316 0.550932601242425
2317 0.550836988705099
2318 0.550668013557128
2319 0.550517368807005
2320 0.549992059976181
2321 0.549748439320292
2322 0.54960087665065
2323 0.54962621864224
2324 0.549698085758271
2325 0.54974758521123
2326 0.550368671751006
2327 0.550342239416239
2328 0.549777976480925
2329 0.549414359073177
2330 0.5486432291163
2331 0.548417564278973
2332 0.548833369258197
2333 0.548776814501196
2334 0.548622067030666
2335 0.548467421839865
2336 0.548079004649816
2337 0.547375643875448
2338 0.546978170028748
2339 0.546515207028556
2340 0.546102229393988
2341 0.545845642740462
2342 0.545522275786376
2343 0.544988004949636
2344 0.545040970303516
2345 0.545612633019011
2346 0.54553662473506
2347 0.545505272020518
2348 0.545416154109641
2349 0.544684216218843
2350 0.544725574879709
2351 0.545467539742164
2352 0.545543606155976
2353 0.545546943015739
2354 0.545535122356607
2355 0.545234079422456
2356 0.545102709684989
2357 0.545286388216326
2358 0.544782167403749
2359 0.543690615744602
2360 0.543007325482511
2361 0.541887344680149
2362 0.541748842943109
2363 0.542745356662056
2364 0.54268968398988
2365 0.542518699106804
2366 0.542351436147007
2367 0.541576933091372
2368 0.541069141790193
2369 0.540767014543998
2370 0.540694183112102
2371 0.540565689178106
2372 0.540507342493329
2373 0.541203344995238
2374 0.541134257069642
2375 0.540392652253747
2376 0.539971579055155
2377 0.539008064556063
2378 0.538918963441934
2379 0.539815210511
2380 0.539958354319186
2381 0.540452107982594
2382 0.540207379574335
2383 0.53881383041097
2384 0.538145609773244
2385 0.53715247822256
2386 0.537209873805264
2387 0.538603614811249
2388 0.538793036100584
2389 0.539113406027681
2390 0.53899187396231
2391 0.537826367910942
2392 0.536971711384329
2393 0.536132200165203
2394 0.535583254542756
2395 0.534747294592
2396 0.534343583234743
2397 0.534700834185791
2398 0.53481951697648
2399 0.535058956977675
2400 0.534985176958257
2401 0.53473108057497
2402 0.534494036062056
2403 0.534027429019591
2404 0.53377063635406
2405 0.534152074563712
2406 0.533422561219014
2407 0.531837767894092
2408 0.530825561718862
2409 0.528951115373875
2410 0.528132194861234
2411 0.528534575770675
2412 0.528170917894942
2413 0.527869219379473
2414 0.527444725932662
2415 0.527009667664421
2416 0.526202227524188
2417 0.524758843145871
2418 0.524390612109782
2419 0.52389702328898
2420 0.523726063154575
2421 0.525409154594315
2422 0.525250600626121
2423 0.523866468350867
2424 0.523033918829976
2425 0.521476289522949
2426 0.520378429808628
2427 0.519570288574511
2428 0.518960423019179
2429 0.518671348153567
2430 0.518320838574021
2431 0.51793728102054
2432 0.518154375911567
2433 0.51913388615432
2434 0.518616010769868
2435 0.517927892268052
2436 0.517248121156414
2437 0.515084709331912
2438 0.513602699545159
2439 0.513219509328257
2440 0.512655993191032
2441 0.51123321857648
2442 0.511263933443474
2443 0.511453602915827
2444 0.510923201970562
2445 0.511092422288542
2446 0.511100090605294
2447 0.508780914834184
2448 0.506994631593834
2449 0.507468733577203
2450 0.506680059983191
2451 0.506116343415855
2452 0.50761719498156
2453 0.505873438833822
2454 0.503210867671908
2455 0.503294443013871
2456 0.500606800332867
2457 0.499263666629765
2458 0.50340117404807
2459 0.504835158919214
2460 0.503480796953951
2461 0.50398703996829
2462 0.502725073212913
2463 0.500959670945486
2464 0.500901987720387
2465 0.501031875891643
2466 0.500542806009696
2467 0.500147921462249
2468 0.500953740535935
2469 0.500945285982799
2470 0.500324302039968
2471 0.499635893055362
2472 0.499234357427175
2473 0.498646211834202
2474 0.49684003046404
2475 0.4958194470957
2476 0.495067406286878
2477 0.494650573036717
2478 0.495379179404287
2479 0.494733231921517
2480 0.49400193064908
2481 0.492053705924238
2482 0.487131363144192
2483 0.485725818865295
2484 0.486184967890879
2485 0.485665035183202
2486 0.486626853596921
2487 0.486753694938202
2488 0.485659222260363
2489 0.484677885534721
2490 0.483942672248627
2491 0.486880439443685
2492 0.48572162196437
2493 0.488356787835926
2494 0.492569575026321
2495 0.491615985069052
2496 0.49261313644059
2497 0.491077928050512
2498 0.48503580789873
2499 0.481640818697306
2500 0.480850462712258
