"Wavelength" "M042a_m5-w1"
350 0.103161728321517
351 0.102157309208834
352 0.100665527274085
353 0.0958237836743454
354 0.086803935520983
355 0.0882259319501843
356 0.0911151497425089
357 0.093365210236204
358 0.0992193278523581
359 0.101375158196912
360 0.0966664111060913
361 0.0903907793895991
362 0.101654225173796
363 0.0994525840120831
364 0.0928724337542431
365 0.0955445860789415
366 0.0940881288619
367 0.0929740113936314
368 0.0943344889349397
369 0.0975973143315125
370 0.0945034923632015
371 0.093499103919522
372 0.095330106788463
373 0.0896043516268583
374 0.0895652044967048
375 0.0910405213155058
376 0.0894219847418134
377 0.0889289066676053
378 0.0891984619814901
379 0.0907594784877268
380 0.0934529943290701
381 0.091793192265544
382 0.0905270338923703
383 0.0911712724609564
384 0.0915313928853894
385 0.0885582465634192
386 0.0883784201871236
387 0.0927622506503802
388 0.0909986979072139
389 0.0917967592278576
390 0.0932176794073882
391 0.0912234148482673
392 0.0887105575134733
393 0.0884787369503776
394 0.0891097023087786
395 0.0865888349324391
396 0.0883967398357942
397 0.0904405934095237
398 0.0899234717231154
399 0.0894214924322938
400 0.0903261965329356
401 0.09124503533868
402 0.090595611333153
403 0.0900295915236895
404 0.0903867992671808
405 0.0909001669951948
406 0.0899271420428486
407 0.0905709877914698
408 0.0909538873297634
409 0.090382384024498
410 0.0918299204876732
411 0.0918280376144771
412 0.0914456939007147
413 0.092283119990588
414 0.0914481005064603
415 0.0914540013687066
416 0.0925988570960325
417 0.0932179398769217
418 0.0929654297163112
419 0.0926779326866481
420 0.0929721468252886
421 0.0936737506755525
422 0.093904141427395
423 0.0942559645931196
424 0.0953548978692028
425 0.0948871042648333
426 0.0947363261134655
427 0.0953084744125029
428 0.0953876830934136
429 0.0955388207745963
430 0.0958959530571446
431 0.0964579500938391
432 0.0971569391514072
433 0.0973688189875885
434 0.0973008592605352
435 0.0974915657522205
436 0.0977876017963873
437 0.0981205154903382
438 0.0985075792584635
439 0.0990692457714818
440 0.0993385014522529
441 0.0994625789941195
442 0.0996264675393503
443 0.0995284738319427
444 0.0999302615076146
445 0.100683417757765
446 0.101110160892683
447 0.101323123646168
448 0.101497525737942
449 0.101742965862013
450 0.102033837355644
451 0.102472018954312
452 0.102747439218493
453 0.102689380194806
454 0.103317961233313
455 0.103803667346827
456 0.103918973692402
457 0.104016515088023
458 0.104214192279154
459 0.104363545948151
460 0.104461090385806
461 0.105004407149854
462 0.105414349417374
463 0.105607299597571
464 0.105730318561449
465 0.105888648119984
466 0.106235804980574
467 0.106602638684983
468 0.106436617787724
469 0.106659618809766
470 0.107014140559287
471 0.10716260692084
472 0.107561007821294
473 0.107933686807232
474 0.108124882833029
475 0.108105602797835
476 0.108235080957135
477 0.10837812921152
478 0.10849632728914
479 0.108904007090826
480 0.109171398353701
481 0.109470968432413
482 0.110030782415493
483 0.110112693377518
484 0.110366695322924
485 0.110898693705708
486 0.111153763512937
487 0.111399355468037
488 0.111727275114539
489 0.112117543450086
490 0.112315905898036
491 0.11255380486927
492 0.112811079303701
493 0.112945218757607
494 0.113219901530802
495 0.113667900084109
496 0.114152140499235
497 0.114240601097402
498 0.114705942205964
499 0.115299226259295
500 0.115535083610104
501 0.115697261159935
502 0.116046943495452
503 0.116556324705956
504 0.116899764473161
505 0.117216292722724
506 0.117575434680753
507 0.117998889155323
508 0.118417321609596
509 0.118725441679556
510 0.119011675857815
511 0.119450958074589
512 0.119674956320031
513 0.119951904618174
514 0.120418204206658
515 0.120788903995238
516 0.121134933871575
517 0.121461813062092
518 0.121784349544038
519 0.122268302049468
520 0.122752810656722
521 0.123131047422748
522 0.123387189299378
523 0.123820538062127
524 0.124270266833421
525 0.124563868269151
526 0.124942035755873
527 0.125308422530675
528 0.125683506579409
529 0.126166920223454
530 0.126594578425895
531 0.126990482220121
532 0.127388352715189
533 0.127760065592071
534 0.128152941848335
535 0.128597452243602
536 0.129089892142357
537 0.129448256742468
538 0.12981358215725
539 0.130254715699119
540 0.130684976478432
541 0.13111371773166
542 0.131556488167358
543 0.132022326855691
544 0.132476752416213
545 0.132873982091935
546 0.133264555177619
547 0.13378676894882
548 0.134265758602503
549 0.134711370219367
550 0.135163391630981
551 0.135609598371903
552 0.136163767092863
553 0.136734817638193
554 0.137124758757338
555 0.137575222259123
556 0.138117916938643
557 0.138717051189712
558 0.139260982342954
559 0.139791401707379
560 0.140313727248981
561 0.140812845716014
562 0.141213556623745
563 0.14161467005111
564 0.142031638459006
565 0.142345949152094
566 0.142690367829375
567 0.143043249285739
568 0.143366723085669
569 0.143749423368613
570 0.144128564317035
571 0.144512678392129
572 0.144974869709046
573 0.145427766970197
574 0.145906386747956
575 0.146432621708748
576 0.146930647316153
577 0.147302561275831
578 0.147642204322702
579 0.148126853364643
580 0.148496348653724
581 0.148784151055646
582 0.149049129988593
583 0.149319448339335
584 0.149608185404329
585 0.149900609574349
586 0.150199009603944
587 0.150673844227273
588 0.151142977307304
589 0.151524770731743
590 0.151886072372971
591 0.152229278335708
592 0.152627308193246
593 0.153097969820157
594 0.15337700380204
595 0.153743097402095
596 0.154201509907756
597 0.15453150565993
598 0.154827243163642
599 0.155137063745336
600 0.155487742476977
601 0.155874334501381
602 0.156230942046523
603 0.156535000076033
604 0.156800947931888
605 0.157118075768921
606 0.157451527156405
607 0.157784334178173
608 0.158159998438222
609 0.15849842219175
610 0.158801028657768
611 0.159096510391008
612 0.159376806028594
613 0.159704850318302
614 0.160091929416833
615 0.160489154824378
616 0.160862197856388
617 0.161218508767794
618 0.161575131803502
619 0.161939681714055
620 0.16227164637306
621 0.162589479251563
622 0.162945686562669
623 0.163197766441118
624 0.163475378873092
625 0.163866264827268
626 0.164267928166058
627 0.164620241967409
628 0.164963594042442
629 0.165367205735397
630 0.165684345705535
631 0.1660346793818
632 0.166451898140073
633 0.166797744552407
634 0.16716133619028
635 0.167544749948977
636 0.167919741681126
637 0.168242488044023
638 0.168558359575232
639 0.16889342328155
640 0.169248901651537
641 0.169608021329949
642 0.169983940147707
643 0.170383628403025
644 0.170783831351177
645 0.171166573919888
646 0.171543289276081
647 0.171936316389377
648 0.17225472665851
649 0.172608546359846
650 0.173043782794899
651 0.173429368438861
652 0.173831747928067
653 0.174233858534475
654 0.174599650931138
655 0.174959454799299
656 0.175345716726807
657 0.175741244571856
658 0.176070063872531
659 0.176461562363929
660 0.176887702536067
661 0.17729538685828
662 0.177695707139179
663 0.178145164254707
664 0.178597122756933
665 0.178938945808425
666 0.179305818988376
667 0.179717970794915
668 0.180156562579929
669 0.180557140977996
670 0.180987875526203
671 0.181432485174467
672 0.181843362998742
673 0.182230125798705
674 0.182643938561913
675 0.18307621098337
676 0.183429080402419
677 0.183864022943461
678 0.184339551286262
679 0.184773549614165
680 0.18516965365175
681 0.185606666131938
682 0.186085970087423
683 0.186540228190683
684 0.186922556898507
685 0.187300783798185
686 0.187723676569393
687 0.188136777135219
688 0.188584504144301
689 0.189081649102534
690 0.189609011988596
691 0.190027062483998
692 0.190415718842467
693 0.19084121430624
694 0.191320208677354
695 0.191779085484583
696 0.192211135481614
697 0.192635852955035
698 0.19308077369569
699 0.193595350341541
700 0.194120995355794
701 0.194524481900739
702 0.194989592165752
703 0.195435835562786
704 0.195833729496936
705 0.196400281543654
706 0.196868825084538
707 0.197301312864497
708 0.197861959312515
709 0.198356391785264
710 0.19877289451218
711 0.199166882260831
712 0.199657702490308
713 0.200160429832414
714 0.200661930084803
715 0.201155596952202
716 0.201580481317714
717 0.202046763694183
718 0.20257388120026
719 0.203106958095563
720 0.203579420345134
721 0.204043839072616
722 0.204541305109197
723 0.20505830688207
724 0.205556143795382
725 0.206050177331016
726 0.206561657060486
727 0.20702117544487
728 0.20750265267355
729 0.20802334075468
730 0.208534377385768
731 0.209030609663142
732 0.209544214809929
733 0.210076215078271
734 0.210508890780474
735 0.210987957258797
736 0.21150726552631
737 0.211996381835479
738 0.21254724644772
739 0.213056711367771
740 0.213502931852816
741 0.214001214143134
742 0.214480790305496
743 0.214976512966331
744 0.215518863391932
745 0.216032325106159
746 0.216521058053204
747 0.217015267248768
748 0.217549944116618
749 0.218015394526467
750 0.218481183977958
751 0.219001498655955
752 0.21956854946701
753 0.220064975117176
754 0.220506224054993
755 0.22096119067018
756 0.22150569613181
757 0.222044596600137
758 0.222539273388488
759 0.223005723276628
760 0.223451807283504
761 0.223913987410741
762 0.224416648834341
763 0.224956016149392
764 0.22551648023168
765 0.226026933928032
766 0.226449477872476
767 0.22700130874985
768 0.227574184604144
769 0.228103721095468
770 0.228586956472475
771 0.229085027194837
772 0.229616999613536
773 0.230165391664825
774 0.230654795475981
775 0.231135301539968
776 0.231617797243112
777 0.232104969878324
778 0.232620197121032
779 0.233127744577609
780 0.233625600971589
781 0.234146618347809
782 0.234684606836516
783 0.235163981056462
784 0.235583341277262
785 0.236130909636055
786 0.236674654542164
787 0.237165087591814
788 0.23760424744557
789 0.238088594243227
790 0.238659280290471
791 0.239252915666235
792 0.239733457183341
793 0.240248038048042
794 0.240772682243046
795 0.241268203125722
796 0.24171941494586
797 0.242204275227566
798 0.242691557182068
799 0.243142755082357
800 0.243666013674773
801 0.244200543178168
802 0.244704127426141
803 0.245163956101375
804 0.245655922646949
805 0.246188430292097
806 0.246721879383728
807 0.247156542456954
808 0.247673366667261
809 0.248235095089335
810 0.24875394683701
811 0.249206232715662
812 0.249694132656715
813 0.250228300781492
814 0.250757596950289
815 0.251237951137558
816 0.251632620135945
817 0.252032141404516
818 0.252655980942835
819 0.253187235452372
820 0.253634117469857
821 0.254083576862325
822 0.254638930197475
823 0.255112721160233
824 0.255565215214178
825 0.256110132228528
826 0.256599975741427
827 0.257044407260414
828 0.257491142026578
829 0.257999292212247
830 0.258448896477124
831 0.258948200254696
832 0.259534606645758
833 0.260086982904128
834 0.26061800197908
835 0.261077500789994
836 0.261457379223106
837 0.261902924582598
838 0.262401632625488
839 0.262905390594782
840 0.263358781488983
841 0.263781174793707
842 0.264269589414077
843 0.264812480866952
844 0.265299301085966
845 0.265720506374272
846 0.266143677643601
847 0.266604033715535
848 0.267058641872061
849 0.267559282121163
850 0.268070824696062
851 0.268551024908798
852 0.269015595467164
853 0.26944449780699
854 0.269877613737673
855 0.270359855079945
856 0.270805604255193
857 0.271279771951905
858 0.271778892338809
859 0.2722373218493
860 0.272628592700096
861 0.273088057606642
862 0.273601504447385
863 0.273928350279969
864 0.274431350769271
865 0.274993835406604
866 0.275485093461365
867 0.27602827348961
868 0.276503922337035
869 0.276971877913743
870 0.277501666530041
871 0.277938361956897
872 0.278341112341596
873 0.278740985879596
874 0.279156307217779
875 0.279653536743543
876 0.280164086906359
877 0.280647644904001
878 0.281104576052364
879 0.28152687567788
880 0.281941530584536
881 0.282370443162708
882 0.282819033110831
883 0.283401701816933
884 0.283996914082115
885 0.2844792910019
886 0.284843594389524
887 0.28529282768305
888 0.28577140666212
889 0.286179780161069
890 0.286618743681914
891 0.286992878919316
892 0.287396425474155
893 0.28795464240559
894 0.288430849756497
895 0.288923429375769
896 0.289421864551792
897 0.289834936070969
898 0.29020720359514
899 0.290612685836725
900 0.291075394081465
901 0.291557004925274
902 0.292000154298411
903 0.29246848714645
904 0.292960205472644
905 0.293351208535152
906 0.293808574440955
907 0.294259022632202
908 0.294653563206251
909 0.29510863586256
910 0.295545583425922
911 0.295965527008743
912 0.296417613582474
913 0.297030590705211
914 0.297580880271169
915 0.29800152258963
916 0.298335156886251
917 0.298751460711109
918 0.299220996013789
919 0.299734339067577
920 0.300258567163291
921 0.300603898770721
922 0.301030854169721
923 0.301551475239786
924 0.302000572092029
925 0.302290910368663
926 0.302744437902387
927 0.303337726440497
928 0.303770434489306
929 0.304157090986845
930 0.304525692154433
931 0.304923265846949
932 0.305406122920113
933 0.305907124366197
934 0.306411029197605
935 0.306908919076578
936 0.307390724642474
937 0.307821058173438
938 0.308162441065524
939 0.308506569705093
940 0.309085781102458
941 0.309439351627557
942 0.30979710318762
943 0.310307996565822
944 0.310767840362118
945 0.31123465162611
946 0.311619192135178
947 0.311960314886285
948 0.312557521650317
949 0.313018870480222
950 0.31343078297994
951 0.313901652399326
952 0.314339532686804
953 0.314776253596408
954 0.315189947202922
955 0.315600430165244
956 0.316137892627611
957 0.316665729407882
958 0.317128050800093
959 0.317503209580523
960 0.317783574435831
961 0.318214028249715
962 0.318669349958723
963 0.31903032430841
964 0.319459289248983
965 0.319931913580346
966 0.320379313808431
967 0.320763447256164
968 0.321153248783715
969 0.321653779072806
970 0.322090139512963
971 0.322381136394122
972 0.322840550965715
973 0.323430646573657
974 0.323946503881701
975 0.324286791905609
976 0.324682477834523
977 0.325244182593895
978 0.325676944019829
979 0.325862853063134
980 0.326263663337933
981 0.326633807114467
982 0.326966130931919
983 0.327316039052022
984 0.327744020769342
985 0.328381638421095
986 0.328870157652427
987 0.329140109603421
988 0.329741205952697
989 0.330253717903861
990 0.330650596276582
991 0.330934717544354
992 0.331066006177766
993 0.331442113957452
994 0.331941660406303
995 0.332433693277854
996 0.332903096651538
997 0.333258487437001
998 0.333548801423855
999 0.333849373664583
1000 0.334217317023327
1001 0.327380868698498
1002 0.327762200630123
1003 0.328126109268366
1004 0.328526525158158
1005 0.329022002139789
1006 0.329425515497963
1007 0.329807400697468
1008 0.330158036325252
1009 0.330452141877305
1010 0.330823442705873
1011 0.331322457636489
1012 0.331742232077692
1013 0.332138460506958
1014 0.332548207254507
1015 0.332848540184917
1016 0.333142905733883
1017 0.333503669013742
1018 0.333951213008435
1019 0.334329120392467
1020 0.334736709865346
1021 0.335054560181542
1022 0.3352865165932
1023 0.335514456295932
1024 0.335772019397912
1025 0.336168172895921
1026 0.336639896231587
1027 0.337146294732597
1028 0.337621971160102
1029 0.337948446606893
1030 0.338285427397857
1031 0.338592262575179
1032 0.33890977952257
1033 0.339224662106244
1034 0.339563284593764
1035 0.339916828987618
1036 0.340256297541138
1037 0.34060265183834
1038 0.340927382738673
1039 0.341293817133244
1040 0.341634905140404
1041 0.341984467581324
1042 0.342365810711478
1043 0.342643413789873
1044 0.342907418112608
1045 0.343222416601174
1046 0.343556211208341
1047 0.343895170763054
1048 0.344281133260155
1049 0.344695072963052
1050 0.345060907082926
1051 0.345329209160213
1052 0.345631359422265
1053 0.345994107731833
1054 0.346342342650367
1055 0.346699609718394
1056 0.347085094141212
1057 0.347420911933601
1058 0.347697275975447
1059 0.348004360894796
1060 0.348370487313261
1061 0.348716050428164
1062 0.349033722018337
1063 0.349342320799129
1064 0.349704313502539
1065 0.350010506459812
1066 0.350340948552055
1067 0.35074632439053
1068 0.351037056474971
1069 0.351362357373864
1070 0.351699530924298
1071 0.351985339581181
1072 0.352324940264485
1073 0.352580264598765
1074 0.352845797716676
1075 0.353165822419068
1076 0.353469861378074
1077 0.353775176919075
1078 0.354151173389893
1079 0.354477101810312
1080 0.354767032487553
1081 0.355098982109906
1082 0.355408616265579
1083 0.355710015437377
1084 0.356013229226968
1085 0.356305568249912
1086 0.356576914738949
1087 0.356832283780389
1088 0.357109708332555
1089 0.357380484040352
1090 0.357661886815139
1091 0.357953480381444
1092 0.358272975402332
1093 0.358535982080604
1094 0.358768082153648
1095 0.359042083962314
1096 0.359289181196336
1097 0.359574387263684
1098 0.359945869951586
1099 0.360271970130357
1100 0.360588501843968
1101 0.360913256003156
1102 0.361152161519324
1103 0.361401815691701
1104 0.361656508859463
1105 0.361892919660726
1106 0.362170946730206
1107 0.362486574461193
1108 0.362796907693999
1109 0.36312195719371
1110 0.363465668606232
1111 0.363756546227995
1112 0.364019242388498
1113 0.36428201389104
1114 0.364509513444088
1115 0.364768770562424
1116 0.365099927016044
1117 0.365428372064734
1118 0.365729963564338
1119 0.366032753497209
1120 0.366318689692366
1121 0.366584057127161
1122 0.366806384082435
1123 0.367071097408
1124 0.367328307770737
1125 0.367602185689754
1126 0.36788962625078
1127 0.368207356919752
1128 0.36851129252756
1129 0.368834425789418
1130 0.36916859879405
1131 0.369490122984569
1132 0.369827419789004
1133 0.370153401324399
1134 0.370441989082948
1135 0.370734211456266
1136 0.371017829091606
1137 0.371274498910176
1138 0.371544659222264
1139 0.3718256010478
1140 0.372093800472476
1141 0.372344846895257
1142 0.372617347288477
1143 0.372905681498006
1144 0.37318095493996
1145 0.373437133214688
1146 0.373694051228661
1147 0.373966099348924
1148 0.374221128955249
1149 0.374469114060135
1150 0.374726159988328
1151 0.374951093966397
1152 0.375192852042323
1153 0.375455731568509
1154 0.375752443391296
1155 0.376030072134999
1156 0.376322333852517
1157 0.376596111922925
1158 0.376849275722724
1159 0.377113690759826
1160 0.377378103665399
1161 0.377647561067533
1162 0.377887955625428
1163 0.378169953537853
1164 0.378484975223127
1165 0.378729555310819
1166 0.378973766729735
1167 0.379262413878018
1168 0.379549785961501
1169 0.379851793784388
1170 0.380143943519514
1171 0.380488347808749
1172 0.380753944642426
1173 0.380944972985759
1174 0.381183682920743
1175 0.381421933753015
1176 0.381649827260341
1177 0.381871901911117
1178 0.382130710770349
1179 0.382389356221925
1180 0.382654325730484
1181 0.382994067267518
1182 0.383301549068845
1183 0.383555159849301
1184 0.383788514775011
1185 0.384002145371583
1186 0.384204821610006
1187 0.384420068396214
1188 0.384640204631339
1189 0.384879439565434
1190 0.38512216242749
1191 0.385369770678427
1192 0.385636273116632
1193 0.385900347087742
1194 0.386176703768442
1195 0.386438684757345
1196 0.386708908357803
1197 0.386959062961182
1198 0.387220961933312
1199 0.387406430844314
1200 0.387576240122483
1201 0.387767256155435
1202 0.387910323930707
1203 0.388065453859044
1204 0.388253583754394
1205 0.388463571944678
1206 0.388679709672237
1207 0.388932969173732
1208 0.389153216280317
1209 0.389364680709522
1210 0.38958054191635
1211 0.389783025072462
1212 0.390000137276638
1213 0.390239344820706
1214 0.390460166047093
1215 0.390684631936244
1216 0.390885493743413
1217 0.391073322495357
1218 0.391234824928992
1219 0.39140231461481
1220 0.391606139428739
1221 0.391804137471684
1222 0.392030070170876
1223 0.392225590073126
1224 0.392403845433754
1225 0.392592681963453
1226 0.392769757711291
1227 0.392972116405013
1228 0.39318834967756
1229 0.393402866622199
1230 0.3936380578606
1231 0.393855062480447
1232 0.394063666904083
1233 0.394280351538283
1234 0.394492058204243
1235 0.394706645892485
1236 0.394936352860666
1237 0.395141952228292
1238 0.395367621815877
1239 0.39558639873691
1240 0.395777153348073
1241 0.395962134780086
1242 0.396120582921508
1243 0.396225505378546
1244 0.396381927626897
1245 0.396537932560851
1246 0.396716991421373
1247 0.396943198161469
1248 0.397131604898342
1249 0.397281772918018
1250 0.397493126308827
1251 0.397724994147315
1252 0.397958268808516
1253 0.398284978067272
1254 0.398519078161932
1255 0.398698291100107
1256 0.398873434509143
1257 0.398999583210587
1258 0.399108603877196
1259 0.399259971408299
1260 0.39941194307493
1261 0.39959341485503
1262 0.399811424428935
1263 0.400017608948879
1264 0.400245067044154
1265 0.400453610680137
1266 0.400659802870056
1267 0.400853615413396
1268 0.401044630895513
1269 0.401218193012872
1270 0.401365041233005
1271 0.401527263082719
1272 0.401664392209508
1273 0.401835403932392
1274 0.402054824666936
1275 0.402237733447821
1276 0.402418849133863
1277 0.402594506322174
1278 0.402747355011615
1279 0.40289113762121
1280 0.40304362048554
1281 0.40321107061382
1282 0.403353348688851
1283 0.403470933938274
1284 0.403615569340017
1285 0.40375359329795
1286 0.403913091125924
1287 0.404100708379067
1288 0.404276292700055
1289 0.404468591155616
1290 0.4046320650017
1291 0.404775577075104
1292 0.404928992771983
1293 0.405065587089908
1294 0.405212468691754
1295 0.405372729700161
1296 0.405528653898666
1297 0.405684342474226
1298 0.405835785006017
1299 0.405993106948413
1300 0.40614042103361
1301 0.40627601265618
1302 0.406395383492339
1303 0.406532630155212
1304 0.406666860129562
1305 0.406803450256107
1306 0.406962706281789
1307 0.407084376992753
1308 0.407185426875553
1309 0.4072881785689
1310 0.407355900562501
1311 0.407466339363662
1312 0.407617630279194
1313 0.407722724994018
1314 0.407810580481323
1315 0.407920402731028
1316 0.407996949562837
1317 0.408107887278248
1318 0.408238492171132
1319 0.40840481364403
1320 0.408603390466234
1321 0.40879969467152
1322 0.409025035100514
1323 0.409272503324838
1324 0.409477351149797
1325 0.409666408285309
1326 0.409838958251035
1327 0.409999948545425
1328 0.410138224879476
1329 0.410241923555493
1330 0.410370883302447
1331 0.410479144689884
1332 0.410623617165446
1333 0.410793377427476
1334 0.410961839037198
1335 0.411155666348225
1336 0.411327574741869
1337 0.411502953175727
1338 0.411660139213894
1339 0.411778968717977
1340 0.411935657577915
1341 0.412098243146904
1342 0.41227009911548
1343 0.412483791543168
1344 0.412670474793009
1345 0.412862079744873
1346 0.413025092229087
1347 0.413153779846595
1348 0.413292034463513
1349 0.413422042902075
1350 0.413524562783597
1351 0.413665083541027
1352 0.413833652650897
1353 0.413969154671753
1354 0.414096823532886
1355 0.414239007234237
1356 0.414361835667226
1357 0.414512435858571
1358 0.414687200337062
1359 0.414869447032778
1360 0.41506700013331
1361 0.415256197582432
1362 0.415479927196215
1363 0.415652730941964
1364 0.415802406233503
1365 0.415933231301627
1366 0.416029871839232
1367 0.416122332014643
1368 0.416211864211625
1369 0.416269848789431
1370 0.416306946451369
1371 0.416326423015903
1372 0.416300579486107
1373 0.416287351233852
1374 0.416282766856476
1375 0.416279492865375
1376 0.416271649368863
1377 0.416269196304935
1378 0.416272294306413
1379 0.416267461407532
1380 0.416273933660254
1381 0.416320119758455
1382 0.416296158273546
1383 0.416260916503019
1384 0.416176879361515
1385 0.416027330469599
1386 0.415901893140716
1387 0.415780796573343
1388 0.415604813095515
1389 0.415437260563929
1390 0.415191702664027
1391 0.414837439229952
1392 0.414531871484112
1393 0.414202281138641
1394 0.413878893664418
1395 0.413588253894043
1396 0.413264764521904
1397 0.412891895890855
1398 0.412555708209169
1399 0.412262311145012
1400 0.411913019537718
1401 0.411548590215878
1402 0.411187850887516
1403 0.410757394157209
1404 0.410338663338562
1405 0.409950031148877
1406 0.409586394334819
1407 0.409212096343787
1408 0.408828933881209
1409 0.408498854774491
1410 0.408156650643054
1411 0.407914728139466
1412 0.407718118804918
1413 0.40761244762537
1414 0.407560402687021
1415 0.407612508445602
1416 0.407754725503861
1417 0.407970618576193
1418 0.408290978390212
1419 0.40865011300614
1420 0.409112675472727
1421 0.409549739547236
1422 0.41006217415371
1423 0.410506102938675
1424 0.410942100998313
1425 0.411341795491056
1426 0.411683171945477
1427 0.412034919049632
1428 0.412360125447477
1429 0.412691919011126
1430 0.413018150249272
1431 0.413360450607514
1432 0.413712620203531
1433 0.414069424624154
1434 0.414419979684893
1435 0.414770949263165
1436 0.415088985437008
1437 0.415387002725435
1438 0.415658968498586
1439 0.415908725711922
1440 0.416146313552385
1441 0.416351520200317
1442 0.416569951297679
1443 0.41677379907632
1444 0.416999751952395
1445 0.417235170863591
1446 0.417469188037485
1447 0.417736986726541
1448 0.417946018883799
1449 0.418120724360217
1450 0.418306266378908
1451 0.418448751146424
1452 0.41863250601321
1453 0.418848972839943
1454 0.419047553861639
1455 0.419231342212655
1456 0.419453772948193
1457 0.419706172400197
1458 0.419936306813475
1459 0.42021012866141
1460 0.420427586307086
1461 0.420597570272154
1462 0.420761912956276
1463 0.420891148377484
1464 0.421031154076706
1465 0.421167558742771
1466 0.421297097695286
1467 0.421410348250877
1468 0.421545971598293
1469 0.421684395469298
1470 0.421826442295517
1471 0.421994619510229
1472 0.422182688300679
1473 0.422368942407695
1474 0.422569666225063
1475 0.422775616277614
1476 0.422990966393558
1477 0.423216304813003
1478 0.423447783203145
1479 0.423690656674238
1480 0.423955005560415
1481 0.424201436251129
1482 0.424458166490278
1483 0.424689074998809
1484 0.424917896288078
1485 0.425105227730678
1486 0.425267618046269
1487 0.425409626170296
1488 0.425484057991833
1489 0.42562915111399
1490 0.425793205496903
1491 0.425955396762045
1492 0.426149163912206
1493 0.426333218294777
1494 0.426515683201722
1495 0.426684514207291
1496 0.426861990829565
1497 0.427027145979881
1498 0.427160073259565
1499 0.42731260853761
1500 0.427461948146862
1501 0.427634885932353
1502 0.427819535706394
1503 0.428011909256092
1504 0.428238048928911
1505 0.428447670237357
1506 0.428657687327485
1507 0.428859733036433
1508 0.429061549413611
1509 0.429244507920703
1510 0.429415732955568
1511 0.42957984589656
1512 0.429698510782452
1513 0.429861354234532
1514 0.430074317158521
1515 0.430240764088834
1516 0.430403127943784
1517 0.430570037535303
1518 0.430689382354104
1519 0.430776639512372
1520 0.430910396267188
1521 0.431049815960826
1522 0.431180294806503
1523 0.431312139575377
1524 0.431452739478633
1525 0.43158705866527
1526 0.431736301244279
1527 0.431905594819013
1528 0.432059138565425
1529 0.432215326395725
1530 0.43235725337613
1531 0.432494418119399
1532 0.432618687705923
1533 0.432720307507769
1534 0.432844380719639
1535 0.43296728427009
1536 0.433097490850233
1537 0.433232816453182
1538 0.433388240637047
1539 0.433555927093691
1540 0.433721087552553
1541 0.433917206721667
1542 0.434077410487188
1543 0.434228538035728
1544 0.434353230620569
1545 0.434430106815112
1546 0.43455641230502
1547 0.434699746713361
1548 0.434815494662584
1549 0.434949681678147
1550 0.435066690921517
1551 0.435139125706515
1552 0.43523598373727
1553 0.435331142267793
1554 0.435464457717349
1555 0.435602527829641
1556 0.435770969566457
1557 0.436036743910069
1558 0.436204075541178
1559 0.436336471611131
1560 0.436462896392372
1561 0.436522980277022
1562 0.436611899510143
1563 0.436701545088749
1564 0.436813363969017
1565 0.436922927364881
1566 0.437059225169022
1567 0.437262381169091
1568 0.437408933493386
1569 0.437558916467973
1570 0.437667987671132
1571 0.43769530882936
1572 0.4377731171138
1573 0.437852720719318
1574 0.437939922574902
1575 0.438067647645297
1576 0.438171500395986
1577 0.438251907275275
1578 0.4383466562065
1579 0.438427064696335
1580 0.438537112027343
1581 0.438682323436796
1582 0.438811972503906
1583 0.438969589319314
1584 0.439095990454885
1585 0.439188758766499
1586 0.439288308337977
1587 0.439386127488576
1588 0.439466691018378
1589 0.439529270035403
1590 0.439603039684863
1591 0.439662742453654
1592 0.439730422769249
1593 0.439816503261125
1594 0.439898475403834
1595 0.439980345840408
1596 0.440057310974103
1597 0.440105933258019
1598 0.440196715237064
1599 0.440292427367604
1600 0.440428930347176
1601 0.440602222208922
1602 0.440743185670401
1603 0.440842365559272
1604 0.440949462167003
1605 0.441039899248527
1606 0.441106102601716
1607 0.441185592774354
1608 0.441259618683222
1609 0.441356580319688
1610 0.4414496236006
1611 0.441587995572949
1612 0.441773146190305
1613 0.441902254340648
1614 0.44203486791577
1615 0.442158981966088
1616 0.442251405098352
1617 0.442355349848978
1618 0.442471543666894
1619 0.442586156443682
1620 0.44268734036849
1621 0.442794728285957
1622 0.442926913894965
1623 0.443014769801436
1624 0.443071585915692
1625 0.443143536116299
1626 0.443194643380574
1627 0.443289261334866
1628 0.44340195444856
1629 0.443521227046097
1630 0.443678024823485
1631 0.443784306431429
1632 0.443874157347917
1633 0.443961259530281
1634 0.444028077982251
1635 0.444091753621418
1636 0.444141303520619
1637 0.444240603032008
1638 0.444339542642962
1639 0.444466537098467
1640 0.44464869156187
1641 0.444789606680756
1642 0.444919946510328
1643 0.445055301949176
1644 0.44519499623329
1645 0.445313607261468
1646 0.445421768231406
1647 0.44552998109255
1648 0.445616275998636
1649 0.445738983645504
1650 0.445882802950707
1651 0.446005832303987
1652 0.446139228877949
1653 0.446252352736247
1654 0.446332658743699
1655 0.446471590794875
1656 0.446640740692897
1657 0.446818683869572
1658 0.446952711787783
1659 0.447043441839983
1660 0.447093314870184
1661 0.447173063437284
1662 0.447250799000409
1663 0.447316132244874
1664 0.447421335065995
1665 0.447476104281488
1666 0.447544865371163
1667 0.447643705979047
1668 0.447702352879498
1669 0.447784405533592
1670 0.447878116184185
1671 0.447932183247865
1672 0.448001121556336
1673 0.448088537280279
1674 0.44817197100263
1675 0.448345619521957
1676 0.448561030032293
1677 0.448749916482264
1678 0.448926335426353
1679 0.449103090661051
1680 0.449279599468926
1681 0.44945372044013
1682 0.449639078311163
1683 0.449789964750428
1684 0.449900255950135
1685 0.450024849336867
1686 0.450142126975798
1687 0.450186715627083
1688 0.450207100568029
1689 0.450217262369924
1690 0.450230405989379
1691 0.450270227302857
1692 0.450322851164285
1693 0.450380050356182
1694 0.450421883310199
1695 0.450509127645266
1696 0.450599349515622
1697 0.450651697933547
1698 0.450720462940232
1699 0.450787285001444
1700 0.450905869323894
1701 0.451122492646953
1702 0.451296326537914
1703 0.451510292473842
1704 0.451644128459921
1705 0.451709897111383
1706 0.451764538723952
1707 0.451746476342753
1708 0.451763600442343
1709 0.451773680203271
1710 0.451822467238073
1711 0.451943156166696
1712 0.451981364845924
1713 0.451968509663607
1714 0.452004180466649
1715 0.452028802015878
1716 0.452032643875318
1717 0.452060051613673
1718 0.452095700374879
1719 0.452083434692469
1720 0.45211207076317
1721 0.452196389351259
1722 0.452262628581617
1723 0.45233076712189
1724 0.452375442355965
1725 0.452431841753188
1726 0.452474321906297
1727 0.452480012198596
1728 0.452503092793149
1729 0.452502737592182
1730 0.45256420199434
1731 0.452656621421164
1732 0.452735656598741
1733 0.452887117978536
1734 0.452957383103195
1735 0.452976438374294
1736 0.453013369939347
1737 0.453002530733618
1738 0.453045383601459
1739 0.453120011652886
1740 0.453168568962556
1741 0.453237385254834
1742 0.453275519086336
1743 0.453308943774601
1744 0.453417099857314
1745 0.453537521016061
1746 0.45360578522842
1747 0.453689671019518
1748 0.453687529712508
1749 0.453677457674585
1750 0.453777775848535
1751 0.453839066626873
1752 0.453940802837132
1753 0.453994221217707
1754 0.453917250712978
1755 0.453891136423151
1756 0.453854289300137
1757 0.453828803061847
1758 0.453899800540631
1759 0.453968210830147
1760 0.453999142512531
1761 0.45403447545005
1762 0.454041397126387
1763 0.45398746492798
1764 0.453972600023905
1765 0.454002355072691
1766 0.4539825686489
1767 0.453979490771897
1768 0.453982831297969
1769 0.453972125112035
1770 0.454039546826498
1771 0.454147627795423
1772 0.454225707475091
1773 0.454231221336431
1774 0.454169935065782
1775 0.45413109253658
1776 0.45404353772168
1777 0.454009002858708
1778 0.453996292437157
1779 0.454027219525336
1780 0.454086273418388
1781 0.454258822324535
1782 0.454359951903993
1783 0.454441374160943
1784 0.454548947009078
1785 0.454580284519495
1786 0.454629044045599
1787 0.45476663408716
1788 0.454917827617228
1789 0.455036845735691
1790 0.45515519651328
1791 0.455199578666928
1792 0.455210681097431
1793 0.455257693759583
1794 0.45521484508708
1795 0.455083259319585
1796 0.454939907106095
1797 0.45485613250344
1798 0.454848213117697
1799 0.454890032114384
1800 0.454982369350599
1801 0.454015224811888
1802 0.45408636595287
1803 0.454320222301907
1804 0.45440423981666
1805 0.45450736157973
1806 0.454534170382657
1807 0.45461600555334
1808 0.45474713826953
1809 0.454878614103177
1810 0.45502272724087
1811 0.455111833459814
1812 0.455265053739339
1813 0.455360984487184
1814 0.455393251521149
1815 0.455444119797355
1816 0.455553433579011
1817 0.45568488915202
1818 0.45580790115546
1819 0.455983072647465
1820 0.456168907711507
1821 0.456294198072497
1822 0.45632224019233
1823 0.456293763154288
1824 0.456316070483022
1825 0.456328353494855
1826 0.456288419945738
1827 0.456299958760624
1828 0.45634175270617
1829 0.456384889319795
1830 0.456402726957459
1831 0.456520043016113
1832 0.456610986432718
1833 0.456640935019651
1834 0.456810444023132
1835 0.456899118005267
1836 0.456976088922763
1837 0.457096594666869
1838 0.457218699370341
1839 0.457297693245844
1840 0.457401890079891
1841 0.457438269766674
1842 0.457359762090196
1843 0.457346062941426
1844 0.457298922626921
1845 0.457306278899141
1846 0.457406561001232
1847 0.457441169518634
1848 0.45740413066119
1849 0.457403842295226
1850 0.457480895093625
1851 0.457481805686453
1852 0.457540464813664
1853 0.457548721156193
1854 0.457440484192395
1855 0.457358897250289
1856 0.457280643000904
1857 0.457216271387416
1858 0.457135318250489
1859 0.457057675752424
1860 0.457018258635342
1861 0.45696221987084
1862 0.456773317444625
1863 0.45651383965917
1864 0.45637243994198
1865 0.45623130572979
1866 0.455957916381723
1867 0.455730109863738
1868 0.455575883401334
1869 0.455300245897783
1870 0.454943703121846
1871 0.45470633866982
1872 0.454356780195516
1873 0.45387322284453
1874 0.453462697602333
1875 0.453049166645939
1876 0.452521715788473
1877 0.452005464565134
1878 0.451429845839057
1879 0.450768303810278
1880 0.45001477098693
1881 0.4492878745099
1882 0.448471098785695
1883 0.447540519487393
1884 0.446517713695802
1885 0.445506102992657
1886 0.444476948787411
1887 0.443368225898888
1888 0.442148247900372
1889 0.440866478380998
1890 0.439398598490547
1891 0.437869813235154
1892 0.436268477554575
1893 0.434529171781763
1894 0.432753585470414
1895 0.4308720048305
1896 0.428912204098866
1897 0.427033584675159
1898 0.425150534085559
1899 0.423300473592618
1900 0.421476549293346
1901 0.419702590066392
1902 0.417935622656698
1903 0.416203780726213
1904 0.414653965971272
1905 0.41332271360572
1906 0.412060353333354
1907 0.41098288586714
1908 0.410034288452943
1909 0.409145993328271
1910 0.408381611932883
1911 0.407694514418864
1912 0.407245181079046
1913 0.406974115723401
1914 0.406782767427483
1915 0.406763964164106
1916 0.40689290326163
1917 0.406907807569175
1918 0.406917197125954
1919 0.407121820366646
1920 0.407343953097632
1921 0.407577533610918
1922 0.407876326639624
1923 0.408242121035419
1924 0.408647328361898
1925 0.409038124311795
1926 0.409470425987861
1927 0.40996581858252
1928 0.410353675251062
1929 0.410747150518377
1930 0.411252453178748
1931 0.411645243183471
1932 0.412033909204684
1933 0.412387971968598
1934 0.412773304625498
1935 0.413110776920899
1936 0.413532211959973
1937 0.413972386943807
1938 0.414390956540827
1939 0.414821498356293
1940 0.415289095706775
1941 0.415769535547572
1942 0.416266018759001
1943 0.416777870459254
1944 0.41734332137277
1945 0.417830945271933
1946 0.418302136306187
1947 0.418760376517054
1948 0.419209315823331
1949 0.419533054552637
1950 0.419905031627869
1951 0.420339808642858
1952 0.420740700958946
1953 0.421130728120158
1954 0.421493135755677
1955 0.42180820051906
1956 0.422213117902505
1957 0.422645200843183
1958 0.423041652013768
1959 0.423479270951345
1960 0.423909850112281
1961 0.424259447216856
1962 0.424774408094924
1963 0.425353172670935
1964 0.42587954096961
1965 0.426374582440092
1966 0.426727926534792
1967 0.427164064265701
1968 0.427616559266431
1969 0.428005411436585
1970 0.428387113106068
1971 0.428799832683155
1972 0.429130546804437
1973 0.429536545776361
1974 0.43005766440535
1975 0.430487511554686
1976 0.430969385066415
1977 0.431433823951394
1978 0.431881720386251
1979 0.432360954027776
1980 0.432778950753177
1981 0.433121871522127
1982 0.433516471227115
1983 0.433869875447858
1984 0.434265440485583
1985 0.434674730944734
1986 0.435145141282206
1987 0.4356673431491
1988 0.436240667962287
1989 0.436717479743773
1990 0.437206207970236
1991 0.437634046686663
1992 0.43792137178213
1993 0.438274890243908
1994 0.438639174625937
1995 0.439008925807084
1996 0.439401904573297
1997 0.43978159294385
1998 0.440155619605253
1999 0.440552547683662
2000 0.440896186460519
2001 0.441244439622111
2002 0.441653144356321
2003 0.442087122841546
2004 0.442551366939852
2005 0.443075745838748
2006 0.443578434189088
2007 0.444170387139763
2008 0.444618882645494
2009 0.444998707944987
2010 0.445365961413888
2011 0.445611839549604
2012 0.445901696904547
2013 0.446287314378501
2014 0.446700830700342
2015 0.447033004964073
2016 0.44736091126468
2017 0.447689797826879
2018 0.447925683133914
2019 0.448237690219542
2020 0.448664536891399
2021 0.44898628373369
2022 0.449258001183233
2023 0.449538318189119
2024 0.4498148844872
2025 0.450011993939586
2026 0.450229102575677
2027 0.450484973990494
2028 0.450703508053386
2029 0.450899756396724
2030 0.451122906008788
2031 0.451332481312646
2032 0.451597459919886
2033 0.451891305840073
2034 0.452202108648638
2035 0.452579613240156
2036 0.452904793161775
2037 0.45324105883007
2038 0.4535491103099
2039 0.453793276886881
2040 0.454076271754433
2041 0.454438161010278
2042 0.454699562637207
2043 0.454977734071778
2044 0.455329702801382
2045 0.455518364001149
2046 0.455552115033787
2047 0.455726179212312
2048 0.455865276023873
2049 0.456028330927642
2050 0.456278568323101
2051 0.456478943526239
2052 0.456637210998328
2053 0.456832278982137
2054 0.457035885722334
2055 0.457294326286114
2056 0.457492798804153
2057 0.457629841941514
2058 0.457873896831391
2059 0.458119560108009
2060 0.458415569735737
2061 0.458853891038646
2062 0.459181612315366
2063 0.459534011239698
2064 0.459792905669427
2065 0.459958719241813
2066 0.460118399437897
2067 0.460209434423887
2068 0.460275362129972
2069 0.460402895699824
2070 0.460557866554614
2071 0.46071784105542
2072 0.460894345249109
2073 0.4611005065827
2074 0.461351353257996
2075 0.461557964444748
2076 0.461766589581677
2077 0.461989838280224
2078 0.462225764122299
2079 0.462393033891512
2080 0.462547685291472
2081 0.462697626177198
2082 0.462800218092548
2083 0.462877089371534
2084 0.462917819938634
2085 0.463006275446441
2086 0.463112839162877
2087 0.463193383478742
2088 0.463301499696716
2089 0.46351348472585
2090 0.463589285781896
2091 0.463561395482254
2092 0.463588650825026
2093 0.463549130383206
2094 0.463622897623731
2095 0.463793959705982
2096 0.46391497411222
2097 0.464021069916742
2098 0.464199347747516
2099 0.464373248323
2100 0.464610393688224
2101 0.464903523998405
2102 0.465191790683104
2103 0.465431696131421
2104 0.465625223555559
2105 0.4658093798504
2106 0.46600754241965
2107 0.466123172670782
2108 0.466128338266347
2109 0.466240241366826
2110 0.466305442543145
2111 0.466463915540655
2112 0.46673522254468
2113 0.466987620202336
2114 0.467305811431534
2115 0.467575985570082
2116 0.467860592286502
2117 0.468105276651688
2118 0.468288213292971
2119 0.468403147864989
2120 0.468619196065362
2121 0.468827829108111
2122 0.469085460715575
2123 0.469502954999402
2124 0.46971883505969
2125 0.469849660673192
2126 0.469995218408859
2127 0.469981612456426
2128 0.47011702231687
2129 0.470356946722617
2130 0.470539097954867
2131 0.470836835971971
2132 0.47097926584921
2133 0.470889439497107
2134 0.471028714319393
2135 0.471141564382573
2136 0.471137402916801
2137 0.471078204469954
2138 0.471002540837809
2139 0.470917281618822
2140 0.470682634627699
2141 0.470583760479213
2142 0.470602572369339
2143 0.470549901550083
2144 0.470470854402277
2145 0.470390312237098
2146 0.470357390399833
2147 0.470247012179836
2148 0.470107439069661
2149 0.469924256188088
2150 0.469715183754033
2151 0.46940396758627
2152 0.468994881158234
2153 0.468562909968559
2154 0.46807323908989
2155 0.467672774776186
2156 0.46728586698121
2157 0.466945122256653
2158 0.466637010339465
2159 0.466390032327686
2160 0.466076953778911
2161 0.46581459728329
2162 0.465472187138994
2163 0.46504214500893
2164 0.464626750696313
2165 0.464237665514102
2166 0.463753908249866
2167 0.463177761071617
2168 0.462644129424739
2169 0.462013951877152
2170 0.461476632143491
2171 0.461001652773129
2172 0.460548756320751
2173 0.460081049125219
2174 0.459750642987639
2175 0.459417348631787
2176 0.459198127488162
2177 0.458782934138518
2178 0.458373520857267
2179 0.457826840558526
2180 0.457007644017933
2181 0.4564380588194
2182 0.455922545102936
2183 0.455401548110239
2184 0.454999747117992
2185 0.45454859884793
2186 0.454099012252877
2187 0.453579813082704
2188 0.452922702895554
2189 0.452451402716672
2190 0.452043885884335
2191 0.451592402177336
2192 0.451400341980686
2193 0.450984098233552
2194 0.450341699351292
2195 0.449711213836707
2196 0.449122186965765
2197 0.448457196305146
2198 0.447804440615341
2199 0.447155726140616
2200 0.446543360698185
2201 0.445929251876133
2202 0.445277402499987
2203 0.444579377060153
2204 0.444068662624178
2205 0.443419392989845
2206 0.443172931908421
2207 0.44335941129669
2208 0.443411146297916
2209 0.443607507606878
2210 0.443830104274937
2211 0.443979220791346
2212 0.444289622255965
2213 0.444833227378056
2214 0.445275707232428
2215 0.445705608751291
2216 0.446235656308249
2217 0.446893203521434
2218 0.447374270357837
2219 0.447944932577566
2220 0.448552755382005
2221 0.449094684632264
2222 0.449600731181639
2223 0.449991637769533
2224 0.45042171472891
2225 0.450587625111901
2226 0.450436373852615
2227 0.450476527940925
2228 0.450345825880173
2229 0.450502573896925
2230 0.450983318173146
2231 0.451149064917662
2232 0.451317085555169
2233 0.451436587571772
2234 0.451243913999396
2235 0.451321085223106
2236 0.451554230152905
2237 0.451784318021645
2238 0.452215199053521
2239 0.452428004431499
2240 0.45261975207685
2241 0.452704008669286
2242 0.452491173783894
2243 0.452446354297733
2244 0.452490024678025
2245 0.452426347356406
2246 0.452429440360312
2247 0.452556696087905
2248 0.452526813745881
2249 0.452503618920516
2250 0.45250460778247
2251 0.45248860036285
2252 0.452518762553554
2253 0.452583050179157
2254 0.452639038262459
2255 0.452604014118281
2256 0.452905408705138
2257 0.453412798327939
2258 0.453824188046535
2259 0.454623506543861
2260 0.454873529566461
2261 0.454694916886633
2262 0.454730961381987
2263 0.454543784231858
2264 0.454585655315655
2265 0.454861869858184
2266 0.455008049072822
2267 0.455196901488887
2268 0.455322714575951
2269 0.455412802852458
2270 0.455420233639483
2271 0.455252520506992
2272 0.455227660771602
2273 0.455230293928734
2274 0.455263256450207
2275 0.455458031067437
2276 0.455558955407846
2277 0.455587630919487
2278 0.455609834888138
2279 0.455620321955912
2280 0.455574113721013
2281 0.455385131130646
2282 0.454988371958582
2283 0.45483755994109
2284 0.454719515083281
2285 0.454619852388405
2286 0.454656073464194
2287 0.454743803817238
2288 0.454885906011108
2289 0.454908027395167
2290 0.455047620805677
2291 0.455062918012121
2292 0.454749721149689
2293 0.454755046922906
2294 0.455104521033286
2295 0.45501502677019
2296 0.454734411897631
2297 0.454623882686366
2298 0.454254920895539
2299 0.454205861190477
2300 0.454583306019778
2301 0.454612796739721
2302 0.454538713577908
2303 0.454465179142218
2304 0.454330310341224
2305 0.454175411472027
2306 0.453842770387781
2307 0.453768798994695
2308 0.453870299991829
2309 0.453762936733425
2310 0.453725287202239
2311 0.45374298687884
2312 0.453540585651861
2313 0.453493807407291
2314 0.453810091085863
2315 0.453841300873461
2316 0.453648262070919
2317 0.453546852615629
2318 0.453231351665393
2319 0.453177877610983
2320 0.453371509035121
2321 0.453579915851115
2322 0.453502020363389
2323 0.45380001022829
2324 0.453951627885223
2325 0.45369204681018
2326 0.453649121977003
2327 0.453505329175567
2328 0.453428195265464
2329 0.45331054348439
2330 0.452778085429263
2331 0.45238770296104
2332 0.451935799078582
2333 0.451378500722986
2334 0.451603130130754
2335 0.452072264989513
2336 0.452097658916411
2337 0.452088000338739
2338 0.451966408106031
2339 0.451522359861705
2340 0.451161621030213
2341 0.45085758885687
2342 0.450507974901985
2343 0.449914925843675
2344 0.449780503238811
2345 0.450078526520578
2346 0.449716224095522
2347 0.44921713180264
2348 0.448719095232901
2349 0.447648671559748
2350 0.447322395259296
2351 0.447381383700686
2352 0.447630782804534
2353 0.448192728947104
2354 0.448665422000144
2355 0.449619592335236
2356 0.449999632818886
2357 0.450427476171281
2358 0.45003605733313
2359 0.448554691433495
2360 0.448020008918675
2361 0.447232757696871
2362 0.446991769050488
2363 0.447838302477941
2364 0.447915825381201
2365 0.4474759864726
2366 0.447526527838366
2367 0.447857356692036
2368 0.447730761045241
2369 0.447539606116448
2370 0.447637057802621
2371 0.447489336967752
2372 0.447362564201086
2373 0.447732653879047
2374 0.447618782321247
2375 0.446837886118531
2376 0.446793996787819
2377 0.447104168808794
2378 0.447101461492825
2379 0.447584126759197
2380 0.447385467191729
2381 0.446567762694623
2382 0.445987071197164
2383 0.445136445664783
2384 0.444273226673768
2385 0.443019640603192
2386 0.442674528286646
2387 0.44278481712485
2388 0.44284530036169
2389 0.44381869581798
2390 0.44398605627339
2391 0.443318663376987
2392 0.443574848829732
2393 0.44430061234378
2394 0.444624142160846
2395 0.445746857619226
2396 0.445474081793092
2397 0.443361723177937
2398 0.442987777871764
2399 0.4430376838301
2400 0.442690359616103
2401 0.443436491755905
2402 0.443258242208401
2403 0.441529720769139
2404 0.441218610889387
2405 0.442199117456399
2406 0.441609631081487
2407 0.440369773510425
2408 0.439730495880443
2409 0.438198690301924
2410 0.437386300398429
2411 0.43820232289889
2412 0.437714487867663
2413 0.435742813890997
2414 0.435421563167305
2415 0.436076897599543
2416 0.435605912059898
2417 0.435223874247972
2418 0.43527625077882
2419 0.434324971690531
2420 0.434300774729454
2421 0.4363820391695
2422 0.436722898223587
2423 0.435848462496698
2424 0.435576189892249
2425 0.435466172901888
2426 0.433974844565318
2427 0.431536098324737
2428 0.430281317123785
2429 0.428115735074156
2430 0.427575570142131
2431 0.429203594709419
2432 0.429083155863473
2433 0.42850386913851
2434 0.428093317474862
2435 0.427306435483178
2436 0.427309106755512
2437 0.427590873603567
2438 0.427770049157322
2439 0.428323999608314
2440 0.428237414444568
2441 0.428113200887408
2442 0.427631843649123
2443 0.427397932725425
2444 0.426476063138102
2445 0.424194380206434
2446 0.422676544600375
2447 0.421098578792073
2448 0.420221315078949
2449 0.421378894505336
2450 0.421695181568201
2451 0.421175692909412
2452 0.421505085195166
2453 0.420253684428497
2454 0.419055661182281
2455 0.419554998162721
2456 0.418534360639905
2457 0.417352955515459
2458 0.418573347088007
2459 0.418261039264962
2460 0.417341424466412
2461 0.4193394667157
2462 0.419166914688258
2463 0.416974860637874
2464 0.415061509757755
2465 0.413644010688839
2466 0.411314434241435
2467 0.411091268244083
2468 0.413310393591914
2469 0.414029945119897
2470 0.415627308016326
2471 0.415964338441949
2472 0.414212581719322
2473 0.413935517861052
2474 0.413587906832758
2475 0.414088227464989
2476 0.41714590323361
2477 0.417317545256382
2478 0.41615324683731
2479 0.414921668040615
2480 0.410813988653947
2481 0.409004015933593
2482 0.40878905282988
2483 0.408883613916756
2484 0.410040493751403
2485 0.410349750205818
2486 0.411562187841841
2487 0.410315015480651
2488 0.406578352430971
2489 0.405673245198144
2490 0.404378802413223
2491 0.404374966935871
2492 0.407115060785234
2493 0.409691099344668
2494 0.41111463781493
2495 0.412323626706586
2496 0.411855537016119
2497 0.409248098673613
2498 0.406802482341876
2499 0.407221925539403
2500 0.408763411231508
