"Wavelength" "M042a_m2-w3"
350 0.103427034656577
351 0.0947972336572006
352 0.0921271362155252
353 0.0937362481036358
354 0.0920940011018954
355 0.0915892915295246
356 0.0948122048775532
357 0.0994642263746593
358 0.0998184281475377
359 0.0951905951883692
360 0.0914056741246445
361 0.0925713336049014
362 0.0989436682500761
363 0.101151927304623
364 0.0995821642085297
365 0.0977477669667152
366 0.0991095570184474
367 0.0980487462410728
368 0.0948717145510601
369 0.0935026196746874
370 0.0974293837384975
371 0.0965580500630151
372 0.0910821192596376
373 0.0948249698731541
374 0.096133317439759
375 0.0958342879264408
376 0.0963490505785615
377 0.0970277967793922
378 0.0961622879617438
379 0.0942157205396316
380 0.0927197767007402
381 0.0931392374634485
382 0.0940253467773567
383 0.0947935244776537
384 0.0957318764422257
385 0.0933541432229865
386 0.0918624348687781
387 0.0935971876447367
388 0.0944765201670764
389 0.0936922317052557
390 0.0932795266758892
391 0.0949449344151482
392 0.0936597023735326
393 0.0932048393445623
394 0.093548224897802
395 0.0917541296116329
396 0.0926977907836205
397 0.093110311117786
398 0.0914858074661991
399 0.0915648704839486
400 0.0938324166464143
401 0.0952368371491718
402 0.0933041714848046
403 0.0927854363113805
404 0.0931931910565218
405 0.0937856648395014
406 0.0938803284455852
407 0.0938812284654814
408 0.0939777192031674
409 0.0942919304170398
410 0.0949837233550065
411 0.0949206279615051
412 0.0947888007741993
413 0.0954419132493027
414 0.0956885360623509
415 0.0961145861033673
416 0.0967641069886952
417 0.0971535200325294
418 0.0963381449357475
419 0.0961592271704747
420 0.0973500955827726
421 0.0974497212213971
422 0.0979292671309128
423 0.098685897836831
424 0.0991194503228702
425 0.0989407248916688
426 0.0991472202968644
427 0.0996548552199186
428 0.0993509722824685
429 0.0998449019776605
430 0.100815472864534
431 0.101660239104633
432 0.102119019521491
433 0.101914660824248
434 0.101479186595435
435 0.101486941047744
436 0.101698612058671
437 0.102266775360231
438 0.103058427538768
439 0.103581666206244
440 0.103879486559097
441 0.104358704589743
442 0.105085182405943
443 0.104614918910954
444 0.104789745564219
445 0.105638880102243
446 0.106095697786754
447 0.106242351196497
448 0.106654158556786
449 0.107297310122747
450 0.10698008478468
451 0.107266101569744
452 0.10792589174345
453 0.108297575687028
454 0.108492901202918
455 0.108671035931515
456 0.108941219465542
457 0.109340082929479
458 0.109553891426878
459 0.109721597507353
460 0.109964006413483
461 0.110142307145821
462 0.110531564793038
463 0.110808330669861
464 0.110618274249997
465 0.111223731399269
466 0.111623756627491
467 0.111543731922669
468 0.111811931247296
469 0.111969394211702
470 0.112075038415884
471 0.112329014650382
472 0.113058769824901
473 0.113448363663355
474 0.113480817556066
475 0.113655100001347
476 0.113696527943058
477 0.113791850147627
478 0.114047975002755
479 0.114324225593586
480 0.114563701603863
481 0.114897095289717
482 0.115423590553605
483 0.115653725312787
484 0.115982652020172
485 0.11647823547837
486 0.116807476612335
487 0.117167147292418
488 0.117423686931659
489 0.117486602142203
490 0.117549855187025
491 0.117949477249103
492 0.118526208935015
493 0.118846777919977
494 0.119043995541136
495 0.119362887318964
496 0.119836306962124
497 0.120060626353595
498 0.120549732860693
499 0.121115615899888
500 0.121404701841607
501 0.121521612403881
502 0.121963376655503
503 0.122637642253422
504 0.122823567326968
505 0.123159335607798
506 0.123581652476181
507 0.123935609040767
508 0.12429287679073
509 0.124566108505238
510 0.124889932650094
511 0.125478907377063
512 0.125751444987546
513 0.126030095112369
514 0.12651893078687
515 0.126949122288504
516 0.127376558514163
517 0.127760488380391
518 0.128065938640687
519 0.12844752650206
520 0.128915141542713
521 0.129398872848229
522 0.129750548656745
523 0.13005504165981
524 0.130445727372935
525 0.130990586292776
526 0.131510357185605
527 0.131859096640184
528 0.132133539819576
529 0.132596603922712
530 0.133083666774671
531 0.133544155688228
532 0.133957519277498
533 0.134325878594969
534 0.134650990185091
535 0.13502714473904
536 0.135552711212402
537 0.136023566258065
538 0.136463301381178
539 0.136909718734108
540 0.137386834758397
541 0.137847799173679
542 0.138283110176135
543 0.138708930502479
544 0.139208106976043
545 0.139622778583997
546 0.139972500577039
547 0.140456354557591
548 0.140989483770752
549 0.141549842404886
550 0.142132059465555
551 0.142750899445613
552 0.143388898763343
553 0.144002073770601
554 0.144537450745798
555 0.145047176573419
556 0.145576597188537
557 0.146127084831864
558 0.146599641120458
559 0.147102354451316
560 0.147651117101901
561 0.148201798854641
562 0.148585103864078
563 0.148983181120428
564 0.149420350257746
565 0.149664824538028
566 0.14998107981569
567 0.150303289743818
568 0.150548174710011
569 0.150951529111062
570 0.151536528969654
571 0.152211563063614
572 0.152793381158993
573 0.153423104601114
574 0.154057014038942
575 0.15464982326644
576 0.155273614567271
577 0.155703943312853
578 0.156009259653053
579 0.156412911196805
580 0.156766683478861
581 0.156990459336592
582 0.157116171375324
583 0.157360721628235
584 0.157682628787635
585 0.158042702091736
586 0.158407461732289
587 0.158818392368348
588 0.159235179741732
589 0.159661772702292
590 0.160161139315087
591 0.160622223485765
592 0.161103943523125
593 0.161642382065512
594 0.161994768817982
595 0.162394480722658
596 0.16287239622555
597 0.163287459558875
598 0.163682403038737
599 0.164062651214539
600 0.164427408860276
601 0.164769567510883
602 0.165083043217663
603 0.165356524256441
604 0.165588372019448
605 0.16586072864483
606 0.166165857989997
607 0.166481740827305
608 0.166777720270992
609 0.167130854398594
610 0.167515426773065
611 0.167876955261928
612 0.168210597506642
613 0.168580204560709
614 0.168997837960723
615 0.169414387124889
616 0.169748133054771
617 0.1700916074077
618 0.170518045065408
619 0.170872596464141
620 0.171260495865621
621 0.171693485197027
622 0.172108036601453
623 0.172417699454501
624 0.172730980181685
625 0.173131270842315
626 0.173584253820493
627 0.173924727320053
628 0.174225712506681
629 0.174646066125413
630 0.17502635632307
631 0.175423902236394
632 0.17584968824975
633 0.176208970389207
634 0.176612800960231
635 0.177033717817026
636 0.177412326480887
637 0.177748921626395
638 0.178125872010709
639 0.178541306402542
640 0.17890922954869
641 0.179303295994555
642 0.179668842421078
643 0.179991993193491
644 0.180475076126926
645 0.1808875758002
646 0.181273497312035
647 0.181812176112267
648 0.182185160036964
649 0.182514138175373
650 0.182924851798231
651 0.183449664686027
652 0.183886290638171
653 0.184225247844475
654 0.184545737407809
655 0.18493147522115
656 0.185381555883202
657 0.185862275363512
658 0.186311543060392
659 0.186745005637381
660 0.187173113551561
661 0.187604760194959
662 0.188040636510703
663 0.188501186173638
664 0.188959773085749
665 0.189361050993492
666 0.189791865299631
667 0.190247301938408
668 0.190705705735493
669 0.191140120483849
670 0.191602983746068
671 0.192068674960875
672 0.192493230194811
673 0.192968575971045
674 0.193447318786042
675 0.193885584163273
676 0.194257687914272
677 0.19474253405131
678 0.195306215363447
679 0.195835871765215
680 0.196167493408742
681 0.196620437096466
682 0.197204372474768
683 0.197668090042056
684 0.198116065433648
685 0.198557314537092
686 0.198993181033479
687 0.199435231117455
688 0.199918591484994
689 0.200454569357044
690 0.20102320292358
691 0.201502944096938
692 0.201931156369553
693 0.202362009437442
694 0.202848788053363
695 0.203362385617227
696 0.203863742033453
697 0.204326740708719
698 0.204783277117644
699 0.205309169368159
700 0.205872298230128
701 0.206358776477831
702 0.20688086818127
703 0.20736671431486
704 0.207798537258955
705 0.208369126038555
706 0.208895691142369
707 0.209373898479813
708 0.20987637798087
709 0.210429292435116
710 0.210943968414161
711 0.211420782276715
712 0.211987682486766
713 0.212505537606331
714 0.213034855047855
715 0.213630334078914
716 0.214122373140971
717 0.214685004793389
718 0.21529191494331
719 0.21578261240875
720 0.216244229202744
721 0.216734477539849
722 0.217297400475635
723 0.217980230962371
724 0.218542029546255
725 0.219002317400639
726 0.219481605971623
727 0.220043088098691
728 0.220629382691493
729 0.221213505904635
730 0.221805145556813
731 0.222302795552235
732 0.222808534155787
733 0.223384375105081
734 0.223855864285555
735 0.224358568934249
736 0.224903016489459
737 0.225447509102569
738 0.226078533792397
739 0.226672942530706
740 0.227189361810129
741 0.227726862753416
742 0.228256998744211
743 0.228803915194473
744 0.229375874854151
745 0.229878552104352
746 0.230435398999175
747 0.231037916015728
748 0.231592321848262
749 0.232136176723779
750 0.232709725059127
751 0.233321516957067
752 0.233931774926411
753 0.234447786293706
754 0.234914819188575
755 0.235414740336642
756 0.235940600174902
757 0.236565725373113
758 0.237237411886508
759 0.237807232561701
760 0.238322413020475
761 0.238824467030445
762 0.239355792008974
763 0.239966712532996
764 0.240553310567685
765 0.241086381252229
766 0.241586454949783
767 0.242161327366653
768 0.242741034112681
769 0.243291127603607
770 0.243824059552006
771 0.244429967501347
772 0.245034986872877
773 0.245580141102759
774 0.246104086556512
775 0.246662845220086
776 0.247210014336311
777 0.247693583645499
778 0.248248753502343
779 0.248796321202203
780 0.249339162461319
781 0.249961459064714
782 0.250582428262205
783 0.251131858667407
784 0.251600420176792
785 0.252090480774267
786 0.252685868266921
787 0.253298082864732
788 0.25381115201943
789 0.254351411362268
790 0.254951099942022
791 0.255572938606647
792 0.256134516570145
793 0.256778250374323
794 0.257394978611112
795 0.257902368883189
796 0.258345449189778
797 0.25884451767935
798 0.259396757267791
799 0.259967816673935
800 0.260623322138721
801 0.26121947362657
802 0.261737068462851
803 0.262259792663183
804 0.26282151021435
805 0.263370716177467
806 0.263897689609965
807 0.264478140512222
808 0.265141503436077
809 0.265782220310359
810 0.266306218611221
811 0.266808127668488
812 0.267327111480529
813 0.26786547750558
814 0.268396470294
815 0.268877324457199
816 0.269346544314649
817 0.269903570829205
818 0.270688080990554
819 0.271272181816537
820 0.271713142234765
821 0.272166308509859
822 0.272749217192151
823 0.273254844551967
824 0.273778220805459
825 0.274456757626092
826 0.275017434403716
827 0.275483423308001
828 0.275953388524974
829 0.276549404475611
830 0.277066741836063
831 0.277599584952703
832 0.278200009596012
833 0.278787566001004
834 0.27938591414562
835 0.279906783707957
836 0.280331492967821
837 0.280936362630365
838 0.281478234677742
839 0.281985079522462
840 0.28257075106297
841 0.283038714251651
842 0.283555656681082
843 0.284136427018117
844 0.284645479766438
845 0.285124056967453
846 0.285616624752388
847 0.286146200636796
848 0.286695502124014
849 0.287295774404495
850 0.28786295121835
851 0.288351704522725
852 0.288929606055303
853 0.289509536393862
854 0.290033814832746
855 0.290482477151774
856 0.290944589999331
857 0.291474254988472
858 0.292055804948297
859 0.292613658986321
860 0.293073587648198
861 0.29359791485938
862 0.294198180981311
863 0.294639451744123
864 0.295176697761288
865 0.295706580913356
866 0.296163568485721
867 0.296786121848465
868 0.297315288567526
869 0.297833000838742
870 0.298460164284521
871 0.298969940719686
872 0.299441091147224
873 0.299906487020842
874 0.300371063072754
875 0.300860395250354
876 0.301392386169903
877 0.301979491524856
878 0.302613470801511
879 0.303106436688799
880 0.303529989256682
881 0.303970834568046
882 0.304467276002338
883 0.30508188616318
884 0.305710071477944
885 0.306238010728733
886 0.306612243901488
887 0.307184088537558
888 0.307836844473532
889 0.308352989715434
890 0.308785999893199
891 0.309213037879053
892 0.309704785619896
893 0.310286146626915
894 0.310801038729252
895 0.311339625672742
896 0.311916370247558
897 0.312474837074235
898 0.312961967164116
899 0.313451154351407
900 0.313987577613173
901 0.314562535220177
902 0.315123377695308
903 0.315651788573039
904 0.316136850552085
905 0.316569378717657
906 0.317058311137248
907 0.317522862071322
908 0.317948546654403
909 0.318549601710428
910 0.319148159179843
911 0.319677336782903
912 0.32014872324761
913 0.320688511605023
914 0.321288010341947
915 0.321847123273098
916 0.322297938339518
917 0.3228370836693
918 0.323326831622033
919 0.323843440707621
920 0.324476769381482
921 0.324817966745409
922 0.325277670692283
923 0.325928427075723
924 0.32656956668632
925 0.326985056657054
926 0.327451716679067
927 0.328030787332726
928 0.328566750821437
929 0.328970749855395
930 0.32939824827779
931 0.329926215869102
932 0.330510227933232
933 0.331065602935068
934 0.331613577767545
935 0.332157791412993
936 0.332667681866461
937 0.333210609732112
938 0.333705762991355
939 0.334193335981138
940 0.334884723082437
941 0.335316677465319
942 0.335711646329168
943 0.336231477616103
944 0.336713495168874
945 0.33719392368816
946 0.33770671252103
947 0.338264980893879
948 0.338840906034542
949 0.339327432504981
950 0.339797405255452
951 0.340284789352075
952 0.340650835589005
953 0.341212749985159
954 0.3418434405
955 0.342412013361929
956 0.343051283990523
957 0.343627417370733
958 0.34411662151287
959 0.344531948669179
960 0.344886446584706
961 0.345343775806003
962 0.345772878275051
963 0.34611124479373
964 0.346653968013899
965 0.34732149172225
966 0.347973801539693
967 0.348486125782058
968 0.348823550162761
969 0.349376412253263
970 0.34995776183692
971 0.350369497151712
972 0.350799505006892
973 0.351354420661781
974 0.351948248866082
975 0.352473694851885
976 0.352924558489151
977 0.353396739329531
978 0.35383689164573
979 0.354188261626108
980 0.354476114781283
981 0.354970376148468
982 0.355567666822435
983 0.356152122337318
984 0.356783551776563
985 0.35729208881071
986 0.357697927927175
987 0.358114967609964
988 0.358700791582611
989 0.359193936291759
990 0.35984684665833
991 0.360568248921665
992 0.360721596271554
993 0.361107380167247
994 0.361568839204111
995 0.36200867948014
996 0.362581114071947
997 0.362957826094865
998 0.363254644586396
999 0.363686467262639
1000 0.364399354211445
1001 0.351998525936181
1002 0.352439995152304
1003 0.352786880803429
1004 0.353215265757673
1005 0.353793479750792
1006 0.35426390388559
1007 0.354688019122092
1008 0.355116117136954
1009 0.355561061151004
1010 0.355978204907643
1011 0.356357692880866
1012 0.35674069658049
1013 0.357122766539989
1014 0.357504287032809
1015 0.357912097574707
1016 0.358387546691114
1017 0.358840741091939
1018 0.359285929004054
1019 0.359724584205819
1020 0.360183014957069
1021 0.360613437896787
1022 0.360979845129575
1023 0.361359204095367
1024 0.361743832612187
1025 0.362170468794978
1026 0.362635809908137
1027 0.363113644456196
1028 0.363547330776036
1029 0.363936037510822
1030 0.364305452726354
1031 0.36472916220277
1032 0.365203451549945
1033 0.365756167448128
1034 0.366246295027299
1035 0.366766773846126
1036 0.367256488268954
1037 0.367671130574607
1038 0.368085741060825
1039 0.368559522567282
1040 0.36904643108125
1041 0.369445217221432
1042 0.369846936736221
1043 0.370272103006823
1044 0.37065038482361
1045 0.371113727487796
1046 0.371604074686424
1047 0.372072551310867
1048 0.372522481449122
1049 0.373003014608237
1050 0.373447632278706
1051 0.373927007265765
1052 0.374427600093124
1053 0.374854718955357
1054 0.375311482485051
1055 0.375749456725837
1056 0.376097893602881
1057 0.376510805045042
1058 0.376923482249578
1059 0.377266913583627
1060 0.377701278679068
1061 0.378065118643969
1062 0.37837443019379
1063 0.378609688785872
1064 0.378943723625419
1065 0.379227644402164
1066 0.379532419784122
1067 0.379910884457632
1068 0.380188690094029
1069 0.380464649470487
1070 0.380799857370249
1071 0.381096143525872
1072 0.381347505158462
1073 0.381590412953493
1074 0.38183194130828
1075 0.382102329459544
1076 0.382366903571489
1077 0.382686066362469
1078 0.382973202172405
1079 0.383172288984719
1080 0.383301095827971
1081 0.383460935288434
1082 0.383627800593786
1083 0.38375575406922
1084 0.383947844501093
1085 0.384184145085996
1086 0.384415105892612
1087 0.384660832074093
1088 0.384900381717853
1089 0.385073091530656
1090 0.385224033334724
1091 0.3854015099838
1092 0.385595754454495
1093 0.385752739859015
1094 0.385896635834952
1095 0.386065123667098
1096 0.38620827748452
1097 0.386405471874267
1098 0.386665640336053
1099 0.386950054659123
1100 0.387235619488286
1101 0.387523514120009
1102 0.387790559449973
1103 0.388035569504906
1104 0.388301861945309
1105 0.388561591612566
1106 0.388837484460796
1107 0.389114166757602
1108 0.38943834659056
1109 0.389788075803789
1110 0.390150841180669
1111 0.390492836523885
1112 0.390838225422806
1113 0.391167573931862
1114 0.391493339972754
1115 0.391862560045167
1116 0.392228151514651
1117 0.392602862910143
1118 0.392989232271961
1119 0.393365847734812
1120 0.393767168261641
1121 0.394158146410317
1122 0.394527469828791
1123 0.394910298434286
1124 0.395303158040237
1125 0.395704182629754
1126 0.396109905160777
1127 0.39650962607336
1128 0.396934458048813
1129 0.397402384118407
1130 0.397854197598121
1131 0.398302409707297
1132 0.398787807930118
1133 0.399229736961321
1134 0.399649174534319
1135 0.400124920224969
1136 0.400579917066497
1137 0.401027042640341
1138 0.401461653247176
1139 0.40189260956392
1140 0.402325814782133
1141 0.402731352386453
1142 0.403157281701668
1143 0.403610974433145
1144 0.404064068517459
1145 0.404429794690352
1146 0.404849471051523
1147 0.405297424167635
1148 0.4056935364964
1149 0.406106026719779
1150 0.406507293077574
1151 0.406870836594486
1152 0.407259102296695
1153 0.407651633972361
1154 0.408079146134732
1155 0.408489155560525
1156 0.408886944428947
1157 0.409269484962965
1158 0.409633548526776
1159 0.410033192792473
1160 0.410424057222733
1161 0.410864192898175
1162 0.411295821941957
1163 0.411719209121775
1164 0.412112094313327
1165 0.412472822344221
1166 0.412837757365023
1167 0.413191145825529
1168 0.413523043123759
1169 0.413862170230365
1170 0.414211990167876
1171 0.414579517128586
1172 0.41491739842909
1173 0.415250130640399
1174 0.415576636702993
1175 0.415895227096488
1176 0.416194299078892
1177 0.416485350419604
1178 0.416776393481615
1179 0.417036236113946
1180 0.41731071235121
1181 0.417620055637017
1182 0.417886537344344
1183 0.418135319570318
1184 0.418343321909369
1185 0.418557845145869
1186 0.418789916162745
1187 0.41902609529826
1188 0.419291348297889
1189 0.419532341118908
1190 0.419763262178306
1191 0.420002125005867
1192 0.420219535712906
1193 0.420474288645631
1194 0.420769317363336
1195 0.421020631327071
1196 0.42128792679951
1197 0.421529624298281
1198 0.421746656920978
1199 0.421935790164874
1200 0.42210974945225
1201 0.422272218158586
1202 0.422426073423371
1203 0.422588646043911
1204 0.422778728798067
1205 0.42299536872121
1206 0.423219204089113
1207 0.423471945910683
1208 0.423693368659077
1209 0.423906221086495
1210 0.424137717996559
1211 0.424365124856588
1212 0.424601377024989
1213 0.424865649427732
1214 0.425106634012308
1215 0.425317518449212
1216 0.425551074497016
1217 0.425783820339151
1218 0.426049377543572
1219 0.426310326242864
1220 0.426559602057727
1221 0.426776806371355
1222 0.426937955296772
1223 0.427181948939347
1224 0.427439135233092
1225 0.427701454776418
1226 0.428034061272824
1227 0.428309222437642
1228 0.428550318428847
1229 0.428795736970129
1230 0.429040736595133
1231 0.42927070060312
1232 0.429480092178386
1233 0.429694753576831
1234 0.42987818199645
1235 0.430101448551541
1236 0.43034657637914
1237 0.430594308595953
1238 0.430877210094442
1239 0.43115536474392
1240 0.431423843497448
1241 0.431701906472728
1242 0.431942038897321
1243 0.432163599328402
1244 0.432375040481606
1245 0.432532521351436
1246 0.43274828052434
1247 0.432982985526187
1248 0.433223027642273
1249 0.433487051367584
1250 0.433758208027844
1251 0.434024979617127
1252 0.434314931592887
1253 0.434671347738926
1254 0.434964665016987
1255 0.435232891449895
1256 0.435504282971046
1257 0.435741130373233
1258 0.43597324934651
1259 0.436220263233258
1260 0.436475742325041
1261 0.436738426563506
1262 0.437007331690241
1263 0.437272694318251
1264 0.437547614463683
1265 0.437826037054571
1266 0.438087264508174
1267 0.438376765916759
1268 0.43870444521217
1269 0.439005387129579
1270 0.439306690327404
1271 0.439602550995481
1272 0.439900799700859
1273 0.440167634317754
1274 0.44043624026604
1275 0.440667874811984
1276 0.440844484125096
1277 0.441027702303821
1278 0.441174310373138
1279 0.441353259126427
1280 0.441512951538793
1281 0.44167807880993
1282 0.441816128769805
1283 0.441929765711075
1284 0.44206190753496
1285 0.442192323608434
1286 0.442311295255436
1287 0.44246430582629
1288 0.442544163776612
1289 0.442566153069271
1290 0.442604709403361
1291 0.442616573021138
1292 0.442623089525336
1293 0.442639003748734
1294 0.442631224716126
1295 0.442603717362548
1296 0.442557230597733
1297 0.442481142099047
1298 0.442416042790897
1299 0.442335068306112
1300 0.442255176875324
1301 0.442184163600699
1302 0.442132792730148
1303 0.442056566508647
1304 0.441972341635709
1305 0.441883464184544
1306 0.441791669377639
1307 0.441682678445348
1308 0.441560322400031
1309 0.441439713806535
1310 0.441279181649289
1311 0.441179862003355
1312 0.441099360687449
1313 0.441042872586562
1314 0.441031132984506
1315 0.441016910375207
1316 0.441021319098654
1317 0.441021919346365
1318 0.440975309592995
1319 0.441024953232928
1320 0.441152487896409
1321 0.44124990019862
1322 0.441386298465605
1323 0.441549318236169
1324 0.441673811354226
1325 0.441740070948946
1326 0.441877790619729
1327 0.442031913720002
1328 0.442228067730778
1329 0.442454934429038
1330 0.442698363886753
1331 0.442983290973144
1332 0.443264604179338
1333 0.443571772901831
1334 0.443853441809158
1335 0.444122091382191
1336 0.444416323336364
1337 0.444710946716639
1338 0.445007752533624
1339 0.445315295566259
1340 0.445642496589268
1341 0.445951665429685
1342 0.446304348215179
1343 0.446735271367093
1344 0.447117973466915
1345 0.447521378997438
1346 0.447882059172393
1347 0.448191460301315
1348 0.448503826640689
1349 0.448799555027684
1350 0.449069613438694
1351 0.449354915348294
1352 0.44965377839825
1353 0.449903026800622
1354 0.450133823067819
1355 0.450356833422729
1356 0.450522778971194
1357 0.450750299705827
1358 0.45097710680074
1359 0.451262647437848
1360 0.451588964444254
1361 0.451934896934541
1362 0.452330442044009
1363 0.452727726764942
1364 0.453159382820417
1365 0.45356379003967
1366 0.453993115268876
1367 0.45437646309979
1368 0.454738337143825
1369 0.455067060325387
1370 0.455367248679071
1371 0.455633145676569
1372 0.455857962730693
1373 0.456064496142384
1374 0.456244053539508
1375 0.45642428237435
1376 0.45657100315376
1377 0.456703111316509
1378 0.456807227378223
1379 0.456880703866354
1380 0.456943449385393
1381 0.456967518507325
1382 0.457029838118635
1383 0.457096790941417
1384 0.457153331002969
1385 0.457238804359697
1386 0.457284026375886
1387 0.457334690892726
1388 0.457302946032856
1389 0.45726331181909
1390 0.457122223291817
1391 0.456866409884063
1392 0.456610469746744
1393 0.456271387581415
1394 0.455963081176985
1395 0.455649505193554
1396 0.4553301063627
1397 0.455014395582935
1398 0.454685929483586
1399 0.454370884173819
1400 0.454009055405379
1401 0.453617504878569
1402 0.453214832252771
1403 0.452773138798549
1404 0.452321388626511
1405 0.451898922656561
1406 0.451485972916496
1407 0.45108630315646
1408 0.450685760261207
1409 0.450332275176296
1410 0.449973206407149
1411 0.44970808008673
1412 0.449477926619278
1413 0.449350166120636
1414 0.449276162458119
1415 0.449324237258668
1416 0.449478913277909
1417 0.449695307678046
1418 0.450016226234654
1419 0.450389029306117
1420 0.450864051210221
1421 0.451319826218984
1422 0.451864752424315
1423 0.452344825303816
1424 0.452826220290631
1425 0.453254931484212
1426 0.453624931713931
1427 0.454010516329972
1428 0.454348964787187
1429 0.454710616785197
1430 0.45509828560491
1431 0.455479175624644
1432 0.455867458997414
1433 0.456256046759925
1434 0.456583090634887
1435 0.456915362427467
1436 0.457226659887083
1437 0.457490745970619
1438 0.457783682417025
1439 0.458090092483079
1440 0.458380102690782
1441 0.458663850495543
1442 0.458946884235737
1443 0.459222310564856
1444 0.459504078106922
1445 0.459781918841883
1446 0.460065748143006
1447 0.460375195414341
1448 0.460640998108659
1449 0.460887131142044
1450 0.461133362414832
1451 0.461345808210088
1452 0.461582881086779
1453 0.461835129306895
1454 0.462078373598078
1455 0.462312067054041
1456 0.462563085756933
1457 0.462821952572119
1458 0.463083134191489
1459 0.463392274141634
1460 0.463639711316383
1461 0.463847829283771
1462 0.464062358771218
1463 0.464225456462242
1464 0.464416552904983
1465 0.464655567883424
1466 0.464850642236619
1467 0.465013974562878
1468 0.465194438899055
1469 0.465357751409697
1470 0.465507694387653
1471 0.465711836026957
1472 0.465979118610219
1473 0.46626971782439
1474 0.466575433285305
1475 0.466869594632831
1476 0.467184060719252
1477 0.467465426068404
1478 0.467732338496964
1479 0.467987412415383
1480 0.468220741547876
1481 0.46846367364248
1482 0.468712023928013
1483 0.468932524780171
1484 0.469135506701841
1485 0.469351390930703
1486 0.469534630844816
1487 0.469764034315739
1488 0.470016662147349
1489 0.470289353216046
1490 0.470603056621136
1491 0.470885769728526
1492 0.471202029656201
1493 0.471453126180597
1494 0.471664849768908
1495 0.471861419288247
1496 0.471997607931563
1497 0.47217508020896
1498 0.472337141866143
1499 0.472532967285666
1500 0.472759681485964
1501 0.472991654875053
1502 0.473258669547488
1503 0.473502170024665
1504 0.473749350784563
1505 0.473983955801246
1506 0.474204836341479
1507 0.474417246660047
1508 0.474628009115425
1509 0.474821606505089
1510 0.474970580743647
1511 0.475158173106726
1512 0.475347263550474
1513 0.475553790882583
1514 0.475818669534115
1515 0.476049767890714
1516 0.47626146964774
1517 0.476490947625327
1518 0.47669398278228
1519 0.47684077052645
1520 0.476991218151323
1521 0.477138290106999
1522 0.477291244518761
1523 0.477437017622804
1524 0.477599526534543
1525 0.477765886119865
1526 0.477950547186879
1527 0.478147166303761
1528 0.478352606689417
1529 0.47857486772369
1530 0.478797542630991
1531 0.47904737081524
1532 0.47924169966707
1533 0.479419139615475
1534 0.479589928045127
1535 0.479715999321418
1536 0.479872090975478
1537 0.480032137939069
1538 0.480215789526711
1539 0.48040394739677
1540 0.480610281743561
1541 0.480866331838714
1542 0.481070602750115
1543 0.481282113365239
1544 0.481439065965343
1545 0.481532539371453
1546 0.481661340406672
1547 0.481760875660686
1548 0.481892614326328
1549 0.482059682686281
1550 0.482207741085668
1551 0.482340706602113
1552 0.482503075686162
1553 0.482677259949665
1554 0.482858096206805
1555 0.483059522649619
1556 0.483262668777943
1557 0.483501774965152
1558 0.483677719632436
1559 0.483835727830121
1560 0.48397780582334
1561 0.484066384267489
1562 0.484159484217557
1563 0.484226451062571
1564 0.484334977446339
1565 0.484428329621327
1566 0.484566520708256
1567 0.484790105965314
1568 0.484962020953957
1569 0.485138582924332
1570 0.485291714904815
1571 0.485400200558988
1572 0.485527982650252
1573 0.485640994903569
1574 0.485778367355805
1575 0.485940702250778
1576 0.48609444700082
1577 0.486236997586994
1578 0.486415959142491
1579 0.486609785853392
1580 0.486812868807625
1581 0.487067985489138
1582 0.487296002807434
1583 0.487532600709723
1584 0.487730260194171
1585 0.487904579064926
1586 0.488060752222913
1587 0.488172467429488
1588 0.488286586512211
1589 0.488374037073693
1590 0.488484122919522
1591 0.488617356826822
1592 0.48872613758409
1593 0.488822047998547
1594 0.488935534591634
1595 0.489020808900916
1596 0.48913816044862
1597 0.489284153737492
1598 0.489451693362534
1599 0.489652840371067
1600 0.489852855702318
1601 0.490062855178901
1602 0.490278941869422
1603 0.490434826669384
1604 0.490615289346571
1605 0.490790516823545
1606 0.490973991545131
1607 0.491093823239243
1608 0.49119497413055
1609 0.491293540789734
1610 0.491323060611905
1611 0.491452521829599
1612 0.491641534560467
1613 0.4917793791214
1614 0.491919940258791
1615 0.492087639470902
1616 0.49224321234651
1617 0.492422694441895
1618 0.492653516278413
1619 0.492837710089159
1620 0.493003014738863
1621 0.493161786134518
1622 0.493325903638619
1623 0.493440873695528
1624 0.493531869614454
1625 0.493585796728595
1626 0.493569043672269
1627 0.49365612589999
1628 0.493740349927129
1629 0.493887659512345
1630 0.494128445616945
1631 0.494305612665149
1632 0.494476147973618
1633 0.494661528005979
1634 0.494855968088695
1635 0.495016713480165
1636 0.495159883556527
1637 0.495354448512917
1638 0.495541287129297
1639 0.495745502347429
1640 0.496008738685686
1641 0.496224584013986
1642 0.496420426793136
1643 0.496588102861715
1644 0.496749301408564
1645 0.496883508228005
1646 0.496955415815296
1647 0.497113503051279
1648 0.497305616239324
1649 0.497473542901907
1650 0.497673933172737
1651 0.497821459830139
1652 0.497911948745507
1653 0.498082844448931
1654 0.498273547019029
1655 0.498492943553581
1656 0.498734011582542
1657 0.498933037350599
1658 0.499093813591149
1659 0.4992619934131
1660 0.49940762756318
1661 0.499560801689114
1662 0.499698158861906
1663 0.499797353458054
1664 0.499918555351132
1665 0.500037427070434
1666 0.500180590043345
1667 0.500361351375222
1668 0.500532724812402
1669 0.500702308198123
1670 0.50086940398372
1671 0.501059953306794
1672 0.50127896835884
1673 0.501512511052464
1674 0.501764706553932
1675 0.50203354645074
1676 0.502283823574103
1677 0.502530185856524
1678 0.502779140271557
1679 0.502969667589428
1680 0.503176150844468
1681 0.503438721764424
1682 0.503666506577469
1683 0.503924553959263
1684 0.504189432337732
1685 0.504390274995627
1686 0.50458830676813
1687 0.504690580947991
1688 0.504748791417302
1689 0.504827187954162
1690 0.504912806935019
1691 0.505066580000618
1692 0.505227737377933
1693 0.505378927760697
1694 0.505496721630153
1695 0.505673600155146
1696 0.505877654672303
1697 0.505998877231761
1698 0.506127313340415
1699 0.506142130268186
1700 0.506242813889018
1701 0.506395781627427
1702 0.506580251491182
1703 0.506877387409299
1704 0.507069039666753
1705 0.507199180711898
1706 0.507365051489736
1707 0.50749535427205
1708 0.507627260180953
1709 0.507812639739145
1710 0.50795512671457
1711 0.508058249266922
1712 0.508140721301607
1713 0.508177923550994
1714 0.508271819984296
1715 0.50840307438193
1716 0.508463375203149
1717 0.508487767270574
1718 0.508574464195957
1719 0.508625088892833
1720 0.508714437052827
1721 0.508921580051666
1722 0.509042007843941
1723 0.509091208990618
1724 0.509175324191892
1725 0.509251242130596
1726 0.509361436028346
1727 0.509499254847022
1728 0.509625591355903
1729 0.509750500709255
1730 0.509920728623244
1731 0.510116086055302
1732 0.510279497250951
1733 0.510482585107763
1734 0.510616389991566
1735 0.510697351349443
1736 0.510791435958255
1737 0.510840857684871
1738 0.510970233344974
1739 0.511136652636333
1740 0.511297447244732
1741 0.511434202198582
1742 0.511545737035649
1743 0.51164432082281
1744 0.511809137760973
1745 0.512056824728554
1746 0.512184340320499
1747 0.512291717247458
1748 0.512379509697227
1749 0.512357852328038
1750 0.512438606890005
1751 0.512580314493284
1752 0.51267641707619
1753 0.512801878863173
1754 0.512939956797425
1755 0.513031364804458
1756 0.513091576071068
1757 0.513203464954757
1758 0.513352892152333
1759 0.513468846736688
1760 0.513596701469139
1761 0.513719572505332
1762 0.513790149733084
1763 0.513856862915854
1764 0.513952056506402
1765 0.514018631942082
1766 0.514011832106143
1767 0.514076254547665
1768 0.514185282365188
1769 0.514290914415193
1770 0.514505789553592
1771 0.51464863227718
1772 0.514702357940484
1773 0.514785244858139
1774 0.514831000988184
1775 0.514897670228755
1776 0.514961175221605
1777 0.515059309511794
1778 0.515149757605561
1779 0.515284004783576
1780 0.515463375908281
1781 0.515771971428118
1782 0.51605400601043
1783 0.516275292591969
1784 0.516494173338355
1785 0.516647341225332
1786 0.516772575189072
1787 0.51703951833709
1788 0.517277430279869
1789 0.517400174852206
1790 0.517562683557125
1791 0.517651937845157
1792 0.517704496577662
1793 0.517844443074125
1794 0.517939221646483
1795 0.51795373927886
1796 0.51799203358986
1797 0.518091368532675
1798 0.518189518201964
1799 0.518352716648231
1800 0.518638975957413
1801 0.519690123493043
1802 0.519669701490565
1803 0.519722892341841
1804 0.519751632361869
1805 0.519803337886882
1806 0.519912183143594
1807 0.519989013910468
1808 0.520039399404933
1809 0.520109185855683
1810 0.520199832420449
1811 0.520259366910916
1812 0.5203008817786
1813 0.520286041811398
1814 0.520293857502695
1815 0.520270316119531
1816 0.520252093070812
1817 0.520204709852001
1818 0.520225785167206
1819 0.520255484267713
1820 0.520338675917427
1821 0.520408188293646
1822 0.520530964838762
1823 0.520540629694559
1824 0.520464933755194
1825 0.520468431662083
1826 0.520476270970496
1827 0.520473775165949
1828 0.520513833695429
1829 0.520526458412874
1830 0.520481702723577
1831 0.520493262538362
1832 0.520555628598682
1833 0.52061357039008
1834 0.520620577645968
1835 0.520635199206915
1836 0.520676588940908
1837 0.52067240996472
1838 0.520702838038669
1839 0.520790933078375
1840 0.520916521021463
1841 0.520892075941979
1842 0.52089656238972
1843 0.520927769815275
1844 0.520948562336602
1845 0.520946754087569
1846 0.520928604896508
1847 0.521006095524001
1848 0.521140404035043
1849 0.521228846155487
1850 0.521337568624435
1851 0.521541330726116
1852 0.521609853475142
1853 0.521597588096128
1854 0.521658979382989
1855 0.521710804279989
1856 0.521771582941848
1857 0.521745736762334
1858 0.521663372999417
1859 0.521514434267035
1860 0.52135770539963
1861 0.521051936975419
1862 0.520765291293623
1863 0.520438913724473
1864 0.5200665109109
1865 0.519681831856683
1866 0.519117568998327
1867 0.518575173617566
1868 0.5179563844556
1869 0.517348007027265
1870 0.516898606395931
1871 0.516671008962786
1872 0.516487345325734
1873 0.51631123397001
1874 0.516164629018414
1875 0.515887062358987
1876 0.515576589882079
1877 0.515246820290938
1878 0.5147246256971
1879 0.514019398278739
1880 0.51326212298224
1881 0.512397825751582
1882 0.511389145056468
1883 0.510348671765787
1884 0.509143807658144
1885 0.507888112744448
1886 0.50656659883023
1887 0.505156615948888
1888 0.503661090015381
1889 0.502126185863087
1890 0.50040849406766
1891 0.498584008331674
1892 0.496597891553055
1893 0.494440703034018
1894 0.492280425137139
1895 0.49005810329456
1896 0.487703167651679
1897 0.485359264789882
1898 0.483007622409043
1899 0.48072188758436
1900 0.47838322292672
1901 0.476237480831409
1902 0.47419457376148
1903 0.472229427868074
1904 0.470406164254993
1905 0.468909942396173
1906 0.467520126320021
1907 0.466330262736978
1908 0.465356912646172
1909 0.464463043164326
1910 0.46371697640931
1911 0.463087845440326
1912 0.46264102834819
1913 0.4623413914756
1914 0.462223619410793
1915 0.462262082872246
1916 0.462456027183182
1917 0.462648395086914
1918 0.462923499369582
1919 0.463292428946383
1920 0.463661908538309
1921 0.464085683066775
1922 0.46459105087256
1923 0.465103906575731
1924 0.465619538848173
1925 0.466235706594625
1926 0.46682906221772
1927 0.467460925566727
1928 0.46797518893513
1929 0.468447022858869
1930 0.469090158907513
1931 0.469680419825971
1932 0.470227514423825
1933 0.470782642244222
1934 0.471342415479412
1935 0.471820228129524
1936 0.472374915437926
1937 0.472964283678487
1938 0.473578248421917
1939 0.474120938704583
1940 0.47463742646672
1941 0.475311948203924
1942 0.475988584228735
1943 0.476612704214433
1944 0.477317009346542
1945 0.477894243506117
1946 0.478306732479855
1947 0.478830837896979
1948 0.479384187183902
1949 0.479886335111813
1950 0.480471755448573
1951 0.480941973608396
1952 0.481324401283811
1953 0.481753637306132
1954 0.482213849324554
1955 0.482649248057168
1956 0.483184705982062
1957 0.483856966544479
1958 0.484407592530197
1959 0.484979372918638
1960 0.485448082475138
1961 0.48583737599616
1962 0.486331155066622
1963 0.486938577057949
1964 0.487582827179548
1965 0.48825055798809
1966 0.488817957691394
1967 0.489394524480142
1968 0.489918180184434
1969 0.490436272902433
1970 0.490974990781814
1971 0.491482466216733
1972 0.491922091906007
1973 0.492354485518643
1974 0.49288679494649
1975 0.493383218640337
1976 0.493934526997018
1977 0.494455994464288
1978 0.494943733043772
1979 0.495406986744014
1980 0.495848543095698
1981 0.496212722970026
1982 0.496676777791716
1983 0.497135622538407
1984 0.497643546629175
1985 0.498234259650187
1986 0.498820323626903
1987 0.499393280659388
1988 0.500027552603072
1989 0.500638914832048
1990 0.501243179473223
1991 0.501825230881631
1992 0.502429170515954
1993 0.502902160339246
1994 0.503262101798193
1995 0.503694430143443
1996 0.504048025976818
1997 0.50447481110209
1998 0.50497722684961
1999 0.505497351545266
2000 0.505940356246458
2001 0.506364551496613
2002 0.506849271671934
2003 0.507327805199675
2004 0.507855581552903
2005 0.508456920737441
2006 0.509032430917036
2007 0.509710116335639
2008 0.510218239528598
2009 0.510596049254534
2010 0.511033811342192
2011 0.511399191962649
2012 0.511779607250188
2013 0.51218337796924
2014 0.512674093815043
2015 0.513070988842744
2016 0.513389238531349
2017 0.513755599282946
2018 0.514142999498319
2019 0.514471241087659
2020 0.514775418475902
2021 0.515095264934421
2022 0.515346609289763
2023 0.515661705708767
2024 0.516066100489628
2025 0.516410516099199
2026 0.516630259250238
2027 0.516939444354866
2028 0.517209899035061
2029 0.517386390357752
2030 0.517639105297898
2031 0.517927107757781
2032 0.518244190500056
2033 0.518582776652504
2034 0.518926031420295
2035 0.519317068649064
2036 0.519676557104156
2037 0.520075462054595
2038 0.520393366494725
2039 0.520596147521752
2040 0.520923695202053
2041 0.521252875495818
2042 0.521487131469979
2043 0.521760771228914
2044 0.522127100264683
2045 0.522343908005331
2046 0.522436218871884
2047 0.522617207217589
2048 0.522770153335607
2049 0.522942181111093
2050 0.523138293292862
2051 0.523350533053282
2052 0.523532329263485
2053 0.523782843742498
2054 0.524098474270713
2055 0.524450080799138
2056 0.524754802440159
2057 0.525068638164831
2058 0.525367189404787
2059 0.525612854679749
2060 0.525929512274326
2061 0.526326497480212
2062 0.526635223918401
2063 0.526982525920772
2064 0.527221160749105
2065 0.527315230524442
2066 0.527465979760693
2067 0.527595358772743
2068 0.527688969881552
2069 0.52789178795677
2070 0.528154943015894
2071 0.528336293488321
2072 0.528522439967294
2073 0.528704786272176
2074 0.528799274319782
2075 0.52901426749598
2076 0.529307164675508
2077 0.529594309539251
2078 0.52999351261481
2079 0.530242223136282
2080 0.530490878723067
2081 0.530616481924089
2082 0.530523161471982
2083 0.530549258550232
2084 0.530525053518385
2085 0.530548371834156
2086 0.530674591151752
2087 0.53091652502543
2088 0.531117308572509
2089 0.531397073847035
2090 0.531608090857005
2091 0.531820734408943
2092 0.531973870371384
2093 0.532014013244698
2094 0.532165735747327
2095 0.532387624912186
2096 0.53253935306001
2097 0.532689895740966
2098 0.532877422115137
2099 0.533050766268448
2100 0.533138155447656
2101 0.533402101953221
2102 0.533743951091198
2103 0.533997694299064
2104 0.53421912493303
2105 0.534503558019965
2106 0.534844888572957
2107 0.535049520989182
2108 0.535209933250842
2109 0.535416151458788
2110 0.535504212804306
2111 0.535683369885694
2112 0.535976628836479
2113 0.536247588793753
2114 0.536464387622614
2115 0.536751380896349
2116 0.537086195774062
2117 0.537485094614845
2118 0.537908198708809
2119 0.538326912596506
2120 0.538607181499149
2121 0.53880732774914
2122 0.53902804427914
2123 0.539156334459211
2124 0.539290878142642
2125 0.53945207984486
2126 0.539583836214042
2127 0.539610548629039
2128 0.539730894366449
2129 0.539888978071453
2130 0.540067957270609
2131 0.540353869394347
2132 0.540535299111681
2133 0.540657682874233
2134 0.540802886142109
2135 0.541079114340168
2136 0.541216625967146
2137 0.54119786676402
2138 0.541128661411861
2139 0.541057610431728
2140 0.540743496203104
2141 0.540586844869029
2142 0.540619109114128
2143 0.540476958591411
2144 0.540209191992349
2145 0.539971485367741
2146 0.539671322596907
2147 0.539453718786198
2148 0.53929209969315
2149 0.539082953465724
2150 0.538951786033544
2151 0.538702023682633
2152 0.538359663065264
2153 0.53798048076615
2154 0.537527204975864
2155 0.537167751162714
2156 0.536719022269227
2157 0.536208978098601
2158 0.535772129245157
2159 0.535334887879027
2160 0.534887527013152
2161 0.534543388319534
2162 0.534049419621684
2163 0.533385416150401
2164 0.532878816260438
2165 0.532373339983121
2166 0.531882743864827
2167 0.531500202235172
2168 0.531081791936489
2169 0.530625646257121
2170 0.530179796452477
2171 0.529811596646633
2172 0.529357330292432
2173 0.528733623333758
2174 0.528258652430481
2175 0.52787834555698
2176 0.527616557981752
2177 0.527118398950468
2178 0.526729045389484
2179 0.526082325555566
2180 0.52498377796995
2181 0.524305521757546
2182 0.523706100614896
2183 0.523186693211113
2184 0.522899297817163
2185 0.522520848336761
2186 0.522292444739366
2187 0.521787733977867
2188 0.521058188253451
2189 0.520470958488036
2190 0.519774664020609
2191 0.519089614446645
2192 0.518505145644851
2193 0.517920771418397
2194 0.517172832077472
2195 0.516638427143858
2196 0.51618556296691
2197 0.515609164121237
2198 0.514957058135061
2199 0.514199172029413
2200 0.51346722505598
2201 0.512632982864723
2202 0.511913995894209
2203 0.511141133060588
2204 0.510612215584698
2205 0.510168199514397
2206 0.509906291224402
2207 0.509877829809295
2208 0.50991640969628
2209 0.510105231097891
2210 0.510357605177909
2211 0.51076968249489
2212 0.511154320209166
2213 0.511564737527836
2214 0.51203066619547
2215 0.512506866440482
2216 0.513088781191756
2217 0.513755438457226
2218 0.514550824677054
2219 0.515324951646108
2220 0.516018695690728
2221 0.516591199416845
2222 0.517065521999611
2223 0.517494672084666
2224 0.517858165514804
2225 0.518096520383654
2226 0.518201356010458
2227 0.518352156200873
2228 0.518327216545819
2229 0.518482878791542
2230 0.518765596376793
2231 0.518993971773167
2232 0.519357088141309
2233 0.519505733202945
2234 0.519414124420492
2235 0.519560892980256
2236 0.519707141562208
2237 0.519893184382157
2238 0.520368527937765
2239 0.52058408666486
2240 0.520666024726887
2241 0.520694528688793
2242 0.520552122168819
2243 0.52048337854293
2244 0.520450566064485
2245 0.52018736629105
2246 0.520265996048526
2247 0.520600831465728
2248 0.520757971426822
2249 0.520749375202188
2250 0.520691741927468
2251 0.520287552285908
2252 0.520275159760389
2253 0.520444532012809
2254 0.520555329985876
2255 0.52065062700121
2256 0.521024656170104
2257 0.521628452563809
2258 0.522002020461349
2259 0.522574821933649
2260 0.522942081774876
2261 0.522992070663193
2262 0.523170937221538
2263 0.523459029471046
2264 0.523612568756763
2265 0.523667604005514
2266 0.523695536731592
2267 0.523693682507562
2268 0.523625894962988
2269 0.523323561665356
2270 0.523232059664123
2271 0.523388486412509
2272 0.523282736364013
2273 0.52299191308425
2274 0.522966786177755
2275 0.522795963840876
2276 0.522792550914649
2277 0.523100665075406
2278 0.523545335792008
2279 0.523851056108619
2280 0.524123738093562
2281 0.523845696224455
2282 0.523544547029924
2283 0.523499599031959
2284 0.523173763561298
2285 0.523216380349875
2286 0.523802861907067
2287 0.523887216112631
2288 0.523746963082325
2289 0.523762078234801
2290 0.523691714893307
2291 0.523797144935073
2292 0.524076972800982
2293 0.524247720699773
2294 0.524523984334553
2295 0.524524136225861
2296 0.52438260685438
2297 0.524123208521917
2298 0.523511342908691
2299 0.523254417444326
2300 0.523187134783468
2301 0.522903195180089
2302 0.522632219002614
2303 0.522457045760369
2304 0.522097135261322
2305 0.52191023808305
2306 0.521963946804227
2307 0.521915673298978
2308 0.521624724329016
2309 0.521716898189329
2310 0.522235339197165
2311 0.522551400710216
2312 0.523234714689313
2313 0.523449356330142
2314 0.523135599393023
2315 0.523003752019545
2316 0.522893016027701
2317 0.522468531604081
2318 0.521447784016238
2319 0.521197601980988
2320 0.52116288045345
2321 0.521184778591303
2322 0.52159777546824
2323 0.522451628472738
2324 0.522117830015687
2325 0.521812995560001
2326 0.522087229747267
2327 0.521753592851895
2328 0.521608731575433
2329 0.521140437335706
2330 0.520061666199785
2331 0.519456936377641
2332 0.519295758770087
2333 0.519001261950633
2334 0.51937275048833
2335 0.519901613052069
2336 0.519789793498868
2337 0.519454386825623
2338 0.519113824683816
2339 0.518278126752393
2340 0.517824665748526
2341 0.517541611977448
2342 0.517229770098821
2343 0.516695813138511
2344 0.516715791296242
2345 0.517317327685787
2346 0.517443689328553
2347 0.51769340143669
2348 0.517842183575036
2349 0.517656130049785
2350 0.517521080440151
2351 0.517690156430541
2352 0.517386222187156
2353 0.516225575810713
2354 0.51620506992026
2355 0.516722828401364
2356 0.516920214271494
2357 0.518147580813787
2358 0.517822247345141
2359 0.515789037145976
2360 0.515419057905701
2361 0.51523130430553
2362 0.515136744774222
2363 0.516278089548326
2364 0.516367212162366
2365 0.51556627062162
2366 0.515275558329481
2367 0.515123195722804
2368 0.514829904165199
2369 0.514339108966158
2370 0.514276929016413
2371 0.514488958908658
2372 0.514508215661915
2373 0.514804592516678
2374 0.514736564980781
2375 0.514136916450933
2376 0.513880713241851
2377 0.513655314519078
2378 0.513599940276402
2379 0.514118878405066
2380 0.513936402516418
2381 0.513443575492862
2382 0.513098931719932
2383 0.512066572031676
2384 0.511608839628399
2385 0.5115750815052
2386 0.51167224211153
2387 0.512204199700061
2388 0.512345366227511
2389 0.512660895886914
2390 0.512428257920249
2391 0.511806103050967
2392 0.511041664834553
2393 0.509370255199736
2394 0.509029996891091
2395 0.509418221018369
2396 0.509158517220195
2397 0.509564797740179
2398 0.509550201075666
2399 0.508631555350287
2400 0.507957886895098
2401 0.507407843088359
2402 0.507047108236246
2403 0.50666948597369
2404 0.506511066998668
2405 0.507158157839019
2406 0.506901958236601
2407 0.505567920940553
2408 0.505224811620432
2409 0.505362021112533
2410 0.504785517156439
2411 0.504299786271618
2412 0.503974019443032
2413 0.503200834403981
2414 0.502247402414624
2415 0.501904507724119
2416 0.500910747252812
2417 0.498424002794662
2418 0.497839270209721
2419 0.497800866690561
2420 0.498252670962533
2421 0.500830202564183
2422 0.501006874882988
2423 0.500583289488312
2424 0.499679804237142
2425 0.496568274390264
2426 0.495475543998825
2427 0.49534776149077
2428 0.494767459765226
2429 0.494849220091157
2430 0.494386019940122
2431 0.49296478181895
2432 0.492464569110036
2433 0.492962026952882
2434 0.492410079076149
2435 0.491398714697754
2436 0.491648775379661
2437 0.491849882875362
2438 0.49125275308905
2439 0.491933436598587
2440 0.490848174911982
2441 0.487366815164551
2442 0.485093814330707
2443 0.484508811745157
2444 0.484580484808814
2445 0.48590500491304
2446 0.486805615158877
2447 0.485311918409073
2448 0.484192615495983
2449 0.484037021469236
2450 0.483181296653735
2451 0.482013544077125
2452 0.480985295297376
2453 0.479065846240403
2454 0.47791297404478
2455 0.478799957978649
2456 0.478210375604594
2457 0.477159973060424
2458 0.478359289577894
2459 0.478873924113139
2460 0.47860470362857
2461 0.48004292804965
2462 0.480264828957624
2463 0.480299793091149
2464 0.481289384634814
2465 0.481043048625553
2466 0.478899674280767
2467 0.478703257273917
2468 0.479477087357977
2469 0.48013000666613
2470 0.483674331520067
2471 0.483519275438414
2472 0.479256219266531
2473 0.477909555700523
2474 0.475906581417928
2475 0.474413139862871
2476 0.476279253600863
2477 0.475582830827452
2478 0.472501606061301
2479 0.47113134519559
2480 0.469236318409347
2481 0.467657865961343
2482 0.466806974342184
2483 0.466299291536784
2484 0.466665716979632
2485 0.466602431612281
2486 0.467290251069241
2487 0.466188239344199
2488 0.464017727278501
2489 0.46141252724154
2490 0.456727362142195
2491 0.455429330055019
2492 0.454665702377468
2493 0.459015488808784
2494 0.46311497217721
2495 0.465564663804775
2496 0.468284947354627
2497 0.465313250665266
2498 0.461351923991271
2499 0.456374422080995
2500 0.452518269914559
