"Wavelength" "M042a_m4-w1"
350 0.0954412365812758
351 0.0976756557591151
352 0.0958375272989304
353 0.0927420618082598
354 0.0936082582272381
355 0.088656186850232
356 0.0895589918458936
357 0.0953494463814091
358 0.0947961482060411
359 0.093115666694932
360 0.0908133595471639
361 0.0893046679705358
362 0.0930507661674699
363 0.0934700114386184
364 0.0928948585598851
365 0.0943946976650432
366 0.0919182087078806
367 0.0865966491282698
368 0.0860464355101601
369 0.0970642077406228
370 0.0955336891023407
371 0.0917300253044389
372 0.0911892835230134
373 0.0890997295163747
374 0.0904753375886662
375 0.0930942652773297
376 0.0939150180818829
377 0.0913974340938816
378 0.0911240199915528
379 0.0912160393972345
380 0.0880602268394056
381 0.0873587609694159
382 0.0898857678053179
383 0.0929165677677753
384 0.0913403280747652
385 0.0889253824279119
386 0.0888209743107566
387 0.0911220194377602
388 0.0899447711177638
389 0.0889301603088206
390 0.0890478249353271
391 0.0900307082798763
392 0.0903539353091494
393 0.0903506251697134
394 0.0901532658727827
395 0.0897504499938803
396 0.0909647081319082
397 0.091039419031217
398 0.0892607981213226
399 0.0897695500159279
400 0.091516947505251
401 0.0924305999970363
402 0.0910833558602016
403 0.0900440283002316
404 0.0902722693776774
405 0.090979441545223
406 0.0904082206089587
407 0.0915806247938986
408 0.0923874522858148
409 0.0917846640608584
410 0.0920437599896771
411 0.0916333847809159
412 0.0916391836987811
413 0.0931052789674783
414 0.0933763861741469
415 0.0931909197819088
416 0.0931527699323783
417 0.0935456153536046
418 0.093420325548769
419 0.0930937310013442
420 0.093069801352447
421 0.0938349976072715
422 0.0948007349094728
423 0.0956455621156062
424 0.0961217175788008
425 0.0957908158777203
426 0.0956252220031356
427 0.0958586983142549
428 0.0959619879587052
429 0.0967610734524057
430 0.0973399087731024
431 0.0972128793473688
432 0.0978444267325595
433 0.0979811322174889
434 0.0978384315957639
435 0.0981839985594957
436 0.0987226382388802
437 0.0990844347201935
438 0.0991770240113143
439 0.0992507577990536
440 0.100286136843387
441 0.101088833063768
442 0.100737845932465
443 0.100882640160575
444 0.101496344865402
445 0.10219963136925
446 0.102449726337178
447 0.10245972371373
448 0.102623619415707
449 0.102986205862326
450 0.102954615447076
451 0.103496341132994
452 0.103991518462805
453 0.103729846312257
454 0.103854485324158
455 0.104210477370814
456 0.104726323771642
457 0.10539557742126
458 0.105416493129553
459 0.105353147986703
460 0.105626107083976
461 0.105697983428353
462 0.106226205498704
463 0.106717760939519
464 0.106466485988263
465 0.106789939397684
466 0.107385494626536
467 0.107769387719044
468 0.10741688169161
469 0.107532439299138
470 0.107898786468956
471 0.108121740140703
472 0.10854156924396
473 0.108830305792323
474 0.108997893985517
475 0.109249283082678
476 0.109180105511091
477 0.109336396860714
478 0.109903000851072
479 0.110168419861048
480 0.110128019679657
481 0.110280053472761
482 0.111049884674997
483 0.111320742572071
484 0.111521079567752
485 0.111870743277563
486 0.112258535250105
487 0.112607372520642
488 0.11289638025564
489 0.113131144421155
490 0.113326033500808
491 0.113584783089522
492 0.113833553775342
493 0.113933946348403
494 0.114273927925641
495 0.114660812449829
496 0.114993893762631
497 0.115484748495615
498 0.115974403002714
499 0.116390874405643
500 0.116709013735959
501 0.116961737707331
502 0.117321160386779
503 0.11774701478571
504 0.117974585581265
505 0.118393106123118
506 0.11884422923568
507 0.1191549062862
508 0.119501490388266
509 0.119856297652746
510 0.120206274139662
511 0.120548779995324
512 0.120894905652334
513 0.121280834716035
514 0.121701033942977
515 0.12206079945395
516 0.122434760722023
517 0.122803251705079
518 0.123134006389053
519 0.123519252602662
520 0.123992594299042
521 0.124466506715992
522 0.124715778335384
523 0.125098349715519
524 0.125521703674053
525 0.125862872470381
526 0.126337357568569
527 0.12674629693784
528 0.127109140480309
529 0.127601073732899
530 0.128025330372532
531 0.128460185798804
532 0.128936982484599
533 0.129254642245583
534 0.129635580235846
535 0.130108679142637
536 0.130594443800816
537 0.130933830499235
538 0.131297672998646
539 0.131776700990557
540 0.132300818858768
541 0.132727668810382
542 0.133124305615754
543 0.1335873896439
544 0.133997410743909
545 0.134403737944971
546 0.134866314024243
547 0.135441066892036
548 0.135880609492926
549 0.136316292774074
550 0.136881384139794
551 0.137444524253233
552 0.138045340277009
553 0.138652171407731
554 0.139194018037859
555 0.139715779826967
556 0.140200866277603
557 0.140667364144103
558 0.141227052158419
559 0.141743766977348
560 0.142255583788835
561 0.142832697524466
562 0.143259191686814
563 0.143687149383017
564 0.144135753702044
565 0.144401419175232
566 0.14468275898625
567 0.144959799138983
568 0.145214237853174
569 0.145699467492779
570 0.146255118790608
571 0.14680999037367
572 0.147386133864391
573 0.147960176184328
574 0.148524994799518
575 0.149087167628158
576 0.149699945509642
577 0.150139285305321
578 0.150433764327199
579 0.150756192614823
580 0.151026053669936
581 0.151306030338547
582 0.151604049625637
583 0.151785534243918
584 0.152030385787256
585 0.152370872392424
586 0.152782878877989
587 0.153269192436825
588 0.15372655747285
589 0.154144561987212
590 0.154630901139622
591 0.155038114937596
592 0.15545729427058
593 0.155967656297048
594 0.156350693326461
595 0.156722657901084
596 0.157129250292087
597 0.157546675117061
598 0.157880876026684
599 0.158218444727117
600 0.158617391946215
601 0.158977193749763
602 0.159308062797002
603 0.159609043923718
604 0.159886950683825
605 0.160232128973322
606 0.160558512574971
607 0.160822228819722
608 0.161072729749893
609 0.161458421744152
610 0.161851028002212
611 0.162096975554976
612 0.162472700666597
613 0.162894342889022
614 0.16327954563715
615 0.163575388389678
616 0.163965895110208
617 0.164395033862537
618 0.164773878175624
619 0.165114774968145
620 0.165484374577606
621 0.165876070323084
622 0.166228539501448
623 0.166516622854154
624 0.166847575631807
625 0.167274652804589
626 0.167681026507345
627 0.168068570962025
628 0.168443565666209
629 0.168819198032426
630 0.169206744089532
631 0.169599742170922
632 0.169987163013108
633 0.170352951165741
634 0.17070940914527
635 0.171086555145433
636 0.171496676895347
637 0.171842831564656
638 0.17218779354157
639 0.172572005652636
640 0.173003088642633
641 0.173409276100149
642 0.17379806769143
643 0.174202398327734
644 0.174689726262507
645 0.175104970167798
646 0.175459204721403
647 0.17586069152969
648 0.176246247170904
649 0.176636776823149
650 0.177046180935451
651 0.177451472313651
652 0.177889539094278
653 0.178310721825018
654 0.178660208497679
655 0.179062467702751
656 0.179457525175304
657 0.179843154507568
658 0.180301709709392
659 0.180729001063267
660 0.181147602555906
661 0.181589633609134
662 0.181996958245009
663 0.182425671984327
664 0.182859076455973
665 0.183233857791383
666 0.183674319164732
667 0.184166928875228
668 0.184657963695624
669 0.185044901068401
670 0.185499935423338
671 0.185979252070298
672 0.186374260488602
673 0.186848035990875
674 0.187354659621863
675 0.187820673230449
676 0.188157507908472
677 0.188586987813559
678 0.189074599698114
679 0.189533332393593
680 0.189986890439225
681 0.190512916706713
682 0.1910627480265
683 0.191490507068896
684 0.191890836598108
685 0.19230442477348
686 0.192753160512606
687 0.193239366234925
688 0.193739215684339
689 0.194253099743747
690 0.194781379494555
691 0.195242782819386
692 0.195706165240222
693 0.196191126141456
694 0.196626450339869
695 0.197082452645314
696 0.19757744792324
697 0.198097764339318
698 0.198568614213063
699 0.199059227803472
700 0.19959082832819
701 0.200136890354884
702 0.200650933817037
703 0.201125722655045
704 0.201591016783242
705 0.202161186479959
706 0.202615252098291
707 0.20303620166329
708 0.20360370474288
709 0.204160586663951
710 0.204652623791686
711 0.205101726463456
712 0.205615673135796
713 0.206087141556217
714 0.206608294867229
715 0.207231610558356
716 0.207671641604199
717 0.208182276623265
718 0.20878287749859
719 0.209321584441497
720 0.209792288760514
721 0.210262375050268
722 0.210779338987575
723 0.211331745083069
724 0.211895928302251
725 0.212446298628249
726 0.212963388376497
727 0.213447645504802
728 0.214004595351545
729 0.214611085754294
730 0.215113521339893
731 0.215618658914934
732 0.216153743222673
733 0.216710688113744
734 0.217225033701094
735 0.217774551851069
736 0.218322434792466
737 0.218803565099585
738 0.219420924985607
739 0.219990739446872
740 0.220463228924241
741 0.221024851419588
742 0.221564422554209
743 0.222091306323282
744 0.222634281703462
745 0.223180719452989
746 0.223733105954895
747 0.224293355088872
748 0.22485874563687
749 0.225387964786995
750 0.225896398544967
751 0.226424753018011
752 0.227051439568905
753 0.227592447498166
754 0.228071841078844
755 0.228577671826782
756 0.229139559715643
757 0.229715415702481
758 0.230295502355312
759 0.230893476404231
760 0.231428363704054
761 0.231930608374202
762 0.232455147928392
763 0.23307677530132
764 0.233647251954648
765 0.23415563949005
766 0.234647503474247
767 0.23516443523052
768 0.235697063664105
769 0.236230394238887
770 0.236753936533846
771 0.237383531336521
772 0.238012612081342
773 0.238562478260324
774 0.239108508306167
775 0.239623260065569
776 0.240138349088068
777 0.240690208096505
778 0.241215403940625
779 0.241737472621627
780 0.242283476707195
781 0.242876342723929
782 0.243470091193759
783 0.2439943947206
784 0.244450488752703
785 0.244995249655396
786 0.245595613174333
787 0.246187195724231
788 0.246713976565
789 0.247253509740137
790 0.247820506939785
791 0.248386201744053
792 0.248896968572527
793 0.249474100853395
794 0.250059427026088
795 0.2506089633052
796 0.251169757023562
797 0.251711424323112
798 0.252212195360453
799 0.252694716643116
800 0.253362045985007
801 0.254003547846455
802 0.254534829552709
803 0.254992362541293
804 0.25546393387034
805 0.25596797804048
806 0.256510652714194
807 0.25709629893684
808 0.257787643805297
809 0.258439899201463
810 0.258920809325007
811 0.259349376773985
812 0.259825448654184
813 0.260391848252328
814 0.261024115907488
815 0.261535189720708
816 0.262009677634275
817 0.262544885128672
818 0.263204862768902
819 0.263740714099938
820 0.264213702857994
821 0.264731025637965
822 0.26534399126348
823 0.265858415654115
824 0.266365692863623
825 0.267008905220658
826 0.267580243400324
827 0.268059585880999
828 0.268507364148913
829 0.269030355573125
830 0.269550426881274
831 0.270085592666856
832 0.27065126738698
833 0.271238261032779
834 0.271818070590991
835 0.272340293418654
836 0.272801372506449
837 0.27334841492627
838 0.273867651989765
839 0.274407784188131
840 0.275044123906607
841 0.275545795278342
842 0.276035456681927
843 0.276551830897957
844 0.27704308047315
845 0.27758658132376
846 0.278122474968471
847 0.278619350550601
848 0.279125026471956
849 0.279724026573482
850 0.280303432348157
851 0.280778689690455
852 0.281329465977101
853 0.281854539383247
854 0.282352453181504
855 0.282862560557704
856 0.283383477313603
857 0.283904354188063
858 0.284430414158857
859 0.28497114522284
860 0.2854330814185
861 0.285942898079126
862 0.286524630047549
863 0.28702287195785
864 0.287604157331406
865 0.288156560127555
866 0.288612846411148
867 0.289175807351793
868 0.289648536688977
869 0.290141778582988
870 0.29077591432158
871 0.2912595114844
872 0.291773161078469
873 0.292301428537364
874 0.292741482195462
875 0.293260882215469
876 0.293811497819153
877 0.294348331186018
878 0.294849920074406
879 0.295318466940747
880 0.295764275761159
881 0.296237705016851
882 0.296837656710287
883 0.297443588685397
884 0.298018977430687
885 0.298544389855012
886 0.298984486565835
887 0.299454284635055
888 0.299970501566818
889 0.300500397704491
890 0.300982707207162
891 0.301414666976651
892 0.301893333253641
893 0.30251412749539
894 0.303102738053317
895 0.303673489704377
896 0.304229317701963
897 0.304759144931001
898 0.305266653536843
899 0.305724465233019
900 0.306164194098886
901 0.306674216321351
902 0.307227120531389
903 0.307794774249269
904 0.308329387840828
905 0.308762691895315
906 0.309214015052727
907 0.309658713643736
908 0.310112706205723
909 0.310746218369639
910 0.311350188755898
911 0.311870893706407
912 0.312353723160943
913 0.312982228410857
914 0.313579641379349
915 0.314056105412891
916 0.314429822065364
917 0.314964618195677
918 0.315521891832955
919 0.31605384690398
920 0.31655676383296
921 0.316980199110702
922 0.317459079561548
923 0.318026655137833
924 0.318611223369541
925 0.318998625029502
926 0.319464535325407
927 0.320057387046636
928 0.320613109387989
929 0.321147104000497
930 0.321639548072383
931 0.322093905389353
932 0.32253985915572
933 0.323019941686996
934 0.323535187174653
935 0.324100611613115
936 0.324746043657229
937 0.325375208005849
938 0.325782988837647
939 0.326072415646928
940 0.326739151295401
941 0.327228451992004
942 0.327637186540234
943 0.328099231253741
944 0.328590577296288
945 0.329111397026201
946 0.329645552066299
947 0.330175237638319
948 0.330686914264803
949 0.331157704511432
950 0.331637002214567
951 0.332148138442257
952 0.332626161198175
953 0.33316096751944
954 0.333754553308796
955 0.334373138019107
956 0.3349683037319
957 0.335463720453972
958 0.335905839294915
959 0.336347436527527
960 0.336762354973443
961 0.337224231576695
962 0.33772193832055
963 0.338222730138366
964 0.33870473063348
965 0.339347363274873
966 0.33995049641408
967 0.340334855933711
968 0.34063738046629
969 0.341102966598312
970 0.341657765432146
971 0.342167249656821
972 0.342610160522153
973 0.343119201709339
974 0.343717563650289
975 0.344313307456409
976 0.344660575705327
977 0.345112152775691
978 0.345603664252323
979 0.346035297062861
980 0.346479904126906
981 0.346975015021899
982 0.347463056153207
983 0.347930984748714
984 0.34849066248903
985 0.349016011774453
986 0.349398311081915
987 0.349704576828494
988 0.350247860400544
989 0.350959814722186
990 0.351681647071451
991 0.352207992276956
992 0.352371989652035
993 0.352855799323652
994 0.353285009887907
995 0.353623882115864
996 0.354384020945992
997 0.354702209984546
998 0.354984054439392
999 0.355457665255549
1000 0.355959065405809
1001 0.343704939342166
1002 0.344144106721413
1003 0.344521592103225
1004 0.344978451538727
1005 0.34555110263109
1006 0.346002627764669
1007 0.346413120056143
1008 0.34683278230432
1009 0.347192982551652
1010 0.347587983531622
1011 0.348086359755042
1012 0.348524612679785
1013 0.348916562485679
1014 0.349275578941306
1015 0.349617088711016
1016 0.34998379688116
1017 0.350409013754451
1018 0.350982819184841
1019 0.351408442206095
1020 0.351808928658141
1021 0.352152527503459
1022 0.35246760418571
1023 0.35280400248795
1024 0.353212032376365
1025 0.35366885765635
1026 0.354130698696021
1027 0.354582534332707
1028 0.355075901391263
1029 0.355552637622264
1030 0.35602332878993
1031 0.356478871970137
1032 0.356908115583157
1033 0.357279926713575
1034 0.357711295899636
1035 0.358178600705771
1036 0.358574871583588
1037 0.358972659858417
1038 0.359410972818518
1039 0.359799096382944
1040 0.36025705477532
1041 0.3607599072414
1042 0.361199308480352
1043 0.361680874026973
1044 0.362150089153166
1045 0.362589099653992
1046 0.363049553825136
1047 0.363486653588174
1048 0.363895385381963
1049 0.364316611430382
1050 0.364740917595991
1051 0.365084038595382
1052 0.365472127821429
1053 0.365891685025498
1054 0.366297063100565
1055 0.366771074304932
1056 0.3671626992847
1057 0.3674818437305
1058 0.367813320527485
1059 0.368140739336099
1060 0.368534271942475
1061 0.368883311663539
1062 0.369211840540146
1063 0.369507765289899
1064 0.369833226151015
1065 0.370103806476707
1066 0.370407892812015
1067 0.37072608656122
1068 0.370947265937583
1069 0.371210031741038
1070 0.371532513887843
1071 0.371877188389001
1072 0.372215302693944
1073 0.372468584701711
1074 0.372780058365178
1075 0.373081894011702
1076 0.373340454629835
1077 0.373588266962736
1078 0.373900606486956
1079 0.374081674532342
1080 0.37424160621616
1081 0.374499050882934
1082 0.374751705274839
1083 0.374983940956766
1084 0.37521220374197
1085 0.375440837552513
1086 0.375651358738484
1087 0.375904742791859
1088 0.376177348423528
1089 0.376378321652916
1090 0.376620605193495
1091 0.376877768383664
1092 0.377162923245176
1093 0.377389827408237
1094 0.377616969145094
1095 0.37781403436745
1096 0.378002033279072
1097 0.378273285475129
1098 0.378597797267991
1099 0.378889480940055
1100 0.379155781504625
1101 0.3794057179482
1102 0.37963051049157
1103 0.37988602180178
1104 0.380158206413772
1105 0.380444557917082
1106 0.380739785258046
1107 0.381033783772308
1108 0.381363231328937
1109 0.381726358700848
1110 0.382084476118127
1111 0.382398964603816
1112 0.382727362774416
1113 0.383050549513355
1114 0.383333606249921
1115 0.383654014904421
1116 0.383999000963972
1117 0.384340917481733
1118 0.384693595721738
1119 0.385056469226849
1120 0.385452400751093
1121 0.385825819374702
1122 0.386192487211801
1123 0.386549706220629
1124 0.386887090049705
1125 0.387234931032117
1126 0.387570810457541
1127 0.387938143786848
1128 0.388331330731133
1129 0.388749900220895
1130 0.389130064724908
1131 0.389494381748391
1132 0.389903185093495
1133 0.390313920072635
1134 0.390713935568068
1135 0.391123240463647
1136 0.391504980291659
1137 0.391831084462604
1138 0.39217440512944
1139 0.392515974739743
1140 0.392874953932151
1141 0.393207350795872
1142 0.393590914106275
1143 0.394022772744345
1144 0.394455027528268
1145 0.394849775852546
1146 0.395267278702941
1147 0.395676064065482
1148 0.396056302980588
1149 0.396412159806828
1150 0.396732762665571
1151 0.397024319724775
1152 0.397323072519241
1153 0.397644604169999
1154 0.39799127671345
1155 0.398344577163952
1156 0.398722928849304
1157 0.399076973326442
1158 0.399428444522939
1159 0.399791540150849
1160 0.400156171468241
1161 0.400502328813412
1162 0.40083606823338
1163 0.401188486498359
1164 0.401566070445163
1165 0.401924481465013
1166 0.402266892900469
1167 0.402629896323231
1168 0.402969951876687
1169 0.403279917213869
1170 0.403612341134008
1171 0.403991494291222
1172 0.404320975928526
1173 0.404612514329476
1174 0.404919918054057
1175 0.405211100113008
1176 0.405521262993398
1177 0.405867610988868
1178 0.406178844717904
1179 0.406480723552482
1180 0.406769713251923
1181 0.407064420093497
1182 0.407304032839976
1183 0.407544092653835
1184 0.407795518302396
1185 0.408061460807862
1186 0.408342890304073
1187 0.408601834403737
1188 0.408883351050273
1189 0.409139801314922
1190 0.409356025584968
1191 0.409590224030175
1192 0.409843321024558
1193 0.410073600957578
1194 0.410278693604687
1195 0.410493951203408
1196 0.410708392100055
1197 0.410922066276128
1198 0.41113359494332
1199 0.411365074987888
1200 0.411562168316282
1201 0.411760249479167
1202 0.4119620881146
1203 0.412148821750817
1204 0.412349563378475
1205 0.412556039093597
1206 0.412776231241205
1207 0.413006648490529
1208 0.413229686356368
1209 0.413437025614839
1210 0.413700070010136
1211 0.414002204827168
1212 0.414277353533193
1213 0.414623515974285
1214 0.414888494992712
1215 0.41505922205882
1216 0.415272047706431
1217 0.415483327907764
1218 0.41567521035934
1219 0.415907228627942
1220 0.416137889743076
1221 0.416357618547992
1222 0.416559240911335
1223 0.416801712924278
1224 0.417053953959232
1225 0.417316606009718
1226 0.417617286815545
1227 0.417889981420135
1228 0.418176087892566
1229 0.418416165078389
1230 0.418634593344867
1231 0.418841526384181
1232 0.418967592754861
1233 0.419172139305281
1234 0.419410846569584
1235 0.419653509351324
1236 0.41993639488299
1237 0.420219553807447
1238 0.420525808001879
1239 0.420811175066862
1240 0.421069962124583
1241 0.421341255766325
1242 0.421559405828075
1243 0.421717559340353
1244 0.421893310409625
1245 0.422029014930909
1246 0.422222184787181
1247 0.4224259178107
1248 0.422651622733833
1249 0.422904287717577
1250 0.42318484612497
1251 0.423489658594982
1252 0.423801174375911
1253 0.424192303600858
1254 0.424512419178753
1255 0.424800690023216
1256 0.425081256560358
1257 0.42533174530887
1258 0.425551184102656
1259 0.425795991560647
1260 0.426026592083473
1261 0.426304027236129
1262 0.426625133256105
1263 0.426895675137859
1264 0.427167957096533
1265 0.427450720764685
1266 0.427692549435413
1267 0.427971217082642
1268 0.42831393644724
1269 0.428603288349028
1270 0.428877885363294
1271 0.42913177416164
1272 0.429361844545962
1273 0.429581380598819
1274 0.429783790964427
1275 0.429973346784254
1276 0.43013883145159
1277 0.430305799556176
1278 0.430456071498448
1279 0.430618586266806
1280 0.430752837102369
1281 0.430886389075644
1282 0.430993798620897
1283 0.431055834975743
1284 0.431159206908318
1285 0.431284525193967
1286 0.431367311216295
1287 0.431462912032892
1288 0.431516551932792
1289 0.431498005500108
1290 0.431526799472318
1291 0.431570208528643
1292 0.43159798201168
1293 0.431634065108423
1294 0.431661757684569
1295 0.431677313023292
1296 0.431685193838909
1297 0.431691317212732
1298 0.431692287366951
1299 0.431669590014877
1300 0.431654005487065
1301 0.431668629777738
1302 0.431700332946979
1303 0.431726861101912
1304 0.431784699308835
1305 0.431802176534963
1306 0.43180574148552
1307 0.431794988802173
1308 0.431755582198742
1309 0.431737887749333
1310 0.431700956706459
1311 0.431699475334885
1312 0.431720622936624
1313 0.431748133133024
1314 0.431787429451962
1315 0.431842605258306
1316 0.43192057045137
1317 0.431990998686568
1318 0.432054904216094
1319 0.432148476721784
1320 0.432238998055702
1321 0.432359629293976
1322 0.432520997755579
1323 0.432689543233678
1324 0.432867049145084
1325 0.433063727060235
1326 0.433249287330905
1327 0.433433489062994
1328 0.433635096569125
1329 0.43383598010456
1330 0.434054443411953
1331 0.434291157300149
1332 0.434533384517314
1333 0.434795033192413
1334 0.435038257755153
1335 0.435299371413797
1336 0.435525776374929
1337 0.435706675950296
1338 0.435923850702516
1339 0.436109803164678
1340 0.436359454830989
1341 0.436665212501297
1342 0.436965266134597
1343 0.43730648043822
1344 0.437635628320396
1345 0.43800145784657
1346 0.438305451429069
1347 0.43859393155789
1348 0.438845413600363
1349 0.439063940298525
1350 0.439209202005723
1351 0.439408635373387
1352 0.439613807432135
1353 0.439802175294941
1354 0.439981475886022
1355 0.440188091766083
1356 0.440382450978305
1357 0.440606737586579
1358 0.440864046949704
1359 0.44112808497097
1360 0.441413834849267
1361 0.441683029734952
1362 0.441948604267714
1363 0.442237626574755
1364 0.442520962746062
1365 0.442818825353648
1366 0.443178927281864
1367 0.443479070185006
1368 0.443769027714631
1369 0.444016839883889
1370 0.444227931098831
1371 0.444409317515194
1372 0.444555134573755
1373 0.444668618665765
1374 0.44478607318377
1375 0.444890068168021
1376 0.444959563185104
1377 0.445014867589649
1378 0.445057026564943
1379 0.445037016998422
1380 0.445091448208781
1381 0.445183855200302
1382 0.445244751794863
1383 0.445345831967642
1384 0.445376651111537
1385 0.445364606467665
1386 0.445343301595415
1387 0.445325942867095
1388 0.445224841136519
1389 0.445100415721451
1390 0.444896974580327
1391 0.444577063569372
1392 0.444279947468006
1393 0.443921926453759
1394 0.443600332980224
1395 0.443275540268732
1396 0.442976296758669
1397 0.442716894662899
1398 0.442430247157762
1399 0.442170566414047
1400 0.441866408808881
1401 0.441526073710516
1402 0.441172389729808
1403 0.44080911181471
1404 0.440429966380063
1405 0.440031304867946
1406 0.439618675901883
1407 0.439205135711718
1408 0.438732333586029
1409 0.438370334860918
1410 0.438015602500788
1411 0.437771231809032
1412 0.437594734429501
1413 0.437505844169751
1414 0.437491612801495
1415 0.437559720843858
1416 0.437726886846195
1417 0.437933815810115
1418 0.438184662794351
1419 0.438540239878929
1420 0.439005247044775
1421 0.439469035365438
1422 0.440075788613892
1423 0.440577037542865
1424 0.441056025630429
1425 0.44149719683909
1426 0.44187422384502
1427 0.442265524406012
1428 0.442628357204308
1429 0.442999274300923
1430 0.443365107458022
1431 0.443744609505602
1432 0.444128485440242
1433 0.444536416331986
1434 0.444903742859228
1435 0.445271943029593
1436 0.445590875634592
1437 0.445857502480798
1438 0.446141769144524
1439 0.446407104621759
1440 0.446680936145649
1441 0.446951984763609
1442 0.447227290153497
1443 0.447500707378312
1444 0.447784634368496
1445 0.448071532099453
1446 0.448365107331748
1447 0.448699216132101
1448 0.448959195388132
1449 0.449194574125587
1450 0.449414741271534
1451 0.449559387604035
1452 0.449762732099806
1453 0.449987873258969
1454 0.450209671593949
1455 0.450447811384816
1456 0.450684563187278
1457 0.450930842021919
1458 0.451163357656353
1459 0.451409594393097
1460 0.451623659589023
1461 0.451812854827144
1462 0.451993438614634
1463 0.452133965545452
1464 0.452300708431403
1465 0.452479896334013
1466 0.452648726019315
1467 0.452812811691141
1468 0.452996263712914
1469 0.453184255265111
1470 0.453358500647802
1471 0.453570080215677
1472 0.453833057876382
1473 0.454096507426775
1474 0.454358884003612
1475 0.454636398609841
1476 0.454932557629008
1477 0.455215393604434
1478 0.455508914560855
1479 0.455778526494954
1480 0.456036082312811
1481 0.456286383198104
1482 0.456527250785808
1483 0.456759009368513
1484 0.456971282440851
1485 0.457202682024668
1486 0.457437209798252
1487 0.457661336406891
1488 0.45789968566715
1489 0.458115657410653
1490 0.458306278758676
1491 0.45850466177861
1492 0.458699207175068
1493 0.458893565728468
1494 0.459081487899539
1495 0.459278391849392
1496 0.459484226394256
1497 0.459681147292577
1498 0.459874957233222
1499 0.460073148341652
1500 0.460260445254433
1501 0.460461274426573
1502 0.460684474486694
1503 0.460888654910238
1504 0.461081191348042
1505 0.461288580065254
1506 0.461516425613918
1507 0.461706341844415
1508 0.461896385711372
1509 0.462061850745385
1510 0.462147052440834
1511 0.462290992097613
1512 0.462449067502705
1513 0.462629795963527
1514 0.462881835986906
1515 0.463091379216721
1516 0.463286490106144
1517 0.463482015563546
1518 0.4636858059391
1519 0.463832497270975
1520 0.463992685541088
1521 0.464176867821218
1522 0.46431704750628
1523 0.464422476769394
1524 0.464552883429387
1525 0.464670691082612
1526 0.46480988333452
1527 0.464963776359852
1528 0.465120179932453
1529 0.465280275867315
1530 0.465451430610039
1531 0.465642443456759
1532 0.465811010048582
1533 0.465973643783783
1534 0.466146681723054
1535 0.466310729500239
1536 0.466484149036735
1537 0.466666424463511
1538 0.466862440133256
1539 0.467064288602299
1540 0.467265243615324
1541 0.467494988594136
1542 0.467690378322832
1543 0.467874350888141
1544 0.468037552092329
1545 0.468174569565978
1546 0.468318686663324
1547 0.46845099342964
1548 0.468577289932682
1549 0.468699261396021
1550 0.468824936555386
1551 0.468930995836711
1552 0.469059595581427
1553 0.469195498825798
1554 0.469353009152137
1555 0.46952980990225
1556 0.469708007211699
1557 0.469921002533261
1558 0.470101300192341
1559 0.470258552710806
1560 0.470434147511067
1561 0.470618894359795
1562 0.470777563889142
1563 0.470925581086946
1564 0.471082606457657
1565 0.471204110810609
1566 0.47136405498705
1567 0.471588562540205
1568 0.471755842291205
1569 0.471928581333116
1570 0.47205427489587
1571 0.472084839610424
1572 0.472181792002555
1573 0.472274873923299
1574 0.472396485597605
1575 0.472593723048285
1576 0.472746520750114
1577 0.472866830644171
1578 0.473017143052343
1579 0.473161262155727
1580 0.473321004336545
1581 0.473510642179014
1582 0.473702989741382
1583 0.47391290066162
1584 0.474105058066591
1585 0.474303913586999
1586 0.47448983333286
1587 0.474683599976423
1588 0.474825867042328
1589 0.474920019678715
1590 0.47502681786427
1591 0.475087338861942
1592 0.475166165313525
1593 0.475281200399475
1594 0.475375657102673
1595 0.475441367292609
1596 0.475529082050229
1597 0.475603110646289
1598 0.475710942723716
1599 0.475860580899903
1600 0.476001239389354
1601 0.476201585007332
1602 0.476380327427592
1603 0.476514100962221
1604 0.476702025972276
1605 0.476844861706497
1606 0.476955546221816
1607 0.4770889783588
1608 0.477231052203068
1609 0.47735655196868
1610 0.47747102928006
1611 0.477603785048574
1612 0.477745490454746
1613 0.477850527753236
1614 0.477940476826171
1615 0.478073988132202
1616 0.478189885981514
1617 0.478345010866178
1618 0.47855733316008
1619 0.478741361721382
1620 0.478911434930367
1621 0.479100959559855
1622 0.479322200322127
1623 0.479493318298385
1624 0.479660612353896
1625 0.479777691194803
1626 0.47983384830825
1627 0.479956855395961
1628 0.480069615080327
1629 0.480215159712592
1630 0.480415606541817
1631 0.480568895200146
1632 0.480708312352347
1633 0.480849343089694
1634 0.480974322131807
1635 0.481129731437095
1636 0.481291516088128
1637 0.481472993884559
1638 0.481682953289925
1639 0.481874709374281
1640 0.482059582741909
1641 0.48227321645466
1642 0.482518499934898
1643 0.482685828881194
1644 0.48285081851799
1645 0.482977669294219
1646 0.483015045632809
1647 0.483144567071806
1648 0.483311416818203
1649 0.483447490274601
1650 0.483592693836037
1651 0.483742698474886
1652 0.483870925742026
1653 0.484048454199232
1654 0.484257816983811
1655 0.484465318978182
1656 0.48470679663054
1657 0.484950790531446
1658 0.485165726182316
1659 0.48539003575772
1660 0.48556496786941
1661 0.485723567873116
1662 0.485855302171998
1663 0.485927445055801
1664 0.486052803960205
1665 0.486166372546897
1666 0.486286393297175
1667 0.486447856738247
1668 0.486591686246882
1669 0.486697731649151
1670 0.486794963713509
1671 0.486909440500706
1672 0.486996031529683
1673 0.4871130627824
1674 0.487297149505144
1675 0.487523089645167
1676 0.487762227462145
1677 0.488014507809692
1678 0.488269168645467
1679 0.488465796825935
1680 0.488655335529563
1681 0.488870928112889
1682 0.489071279067558
1683 0.489278047655315
1684 0.489459563481677
1685 0.489615176500127
1686 0.489793327348467
1687 0.489926889646604
1688 0.490043746409468
1689 0.490201197631678
1690 0.490355835393444
1691 0.490531860335981
1692 0.490716369691892
1693 0.490841559482374
1694 0.490941234401351
1695 0.491072566585002
1696 0.491208126091805
1697 0.491341651633742
1698 0.491476395030552
1699 0.491596832264842
1700 0.491761139527664
1701 0.491985058774103
1702 0.492192640599159
1703 0.492438742923957
1704 0.492631360381106
1705 0.492827483566908
1706 0.492955952721282
1707 0.492957337377936
1708 0.493040449061065
1709 0.493145431410457
1710 0.493219914531021
1711 0.493342817778387
1712 0.493439307703443
1713 0.493442419385338
1714 0.493520350784341
1715 0.493669514460596
1716 0.493761857578734
1717 0.493821363328499
1718 0.493949730908497
1719 0.494096116304703
1720 0.494225450840614
1721 0.49440258353747
1722 0.494562291510427
1723 0.494673740621192
1724 0.494833184692862
1725 0.495076042724581
1726 0.495228061995478
1727 0.4953447971782
1728 0.495438059991427
1729 0.495433239087843
1730 0.495540917136297
1731 0.495697613857377
1732 0.495817618659498
1733 0.496019046086844
1734 0.496090119710184
1735 0.496071142559986
1736 0.496098539721454
1737 0.496042467880437
1738 0.496109231521272
1739 0.49623555899283
1740 0.496390381931878
1741 0.496568126347026
1742 0.4966867818042
1743 0.496837649928678
1744 0.496987279456836
1745 0.497147072892035
1746 0.497236934334033
1747 0.497265496125318
1748 0.497297408747425
1749 0.497300152588323
1750 0.497377877343663
1751 0.497490648037144
1752 0.497593413590358
1753 0.497675230179384
1754 0.497701459330282
1755 0.497741660109761
1756 0.497743745144724
1757 0.497763347543275
1758 0.497898768059345
1759 0.49808737902894
1760 0.498250644063878
1761 0.498391154052975
1762 0.498542155823254
1763 0.498610279647421
1764 0.498691234856722
1765 0.498814258920131
1766 0.498821475016422
1767 0.498853515895986
1768 0.498934799651066
1769 0.499030148733608
1770 0.499231203641806
1771 0.499421593213951
1772 0.499563742933699
1773 0.499636343202323
1774 0.499575056049677
1775 0.499621183475086
1776 0.499704992725499
1777 0.499805079652832
1778 0.499944227413655
1779 0.500095905379981
1780 0.500216910495588
1781 0.500418013492577
1782 0.500686469068663
1783 0.500825201450185
1784 0.501004977180599
1785 0.501151981025961
1786 0.501181888088642
1787 0.50132413336506
1788 0.501479776998889
1789 0.501581346318975
1790 0.501737500218413
1791 0.501843178822951
1792 0.501837942107391
1793 0.501854533579952
1794 0.501914031972401
1795 0.50187917535036
1796 0.501844782814368
1797 0.50189429652951
1798 0.501948252391993
1799 0.502112143181422
1800 0.502378415867143
1801 0.503715069253096
1802 0.503830662143372
1803 0.503972791003214
1804 0.504022033456083
1805 0.504065871911717
1806 0.504044748207367
1807 0.504085375929123
1808 0.504125458139935
1809 0.504182742267487
1810 0.504294878878094
1811 0.504311464712763
1812 0.504317335611156
1813 0.504441023176155
1814 0.504629839045071
1815 0.504755970693526
1816 0.504878918787355
1817 0.505034757388963
1818 0.505169769557689
1819 0.505273387670152
1820 0.505365197645431
1821 0.505487955260133
1822 0.505518282099862
1823 0.505446014646709
1824 0.505398245776948
1825 0.505391935305342
1826 0.505417208551193
1827 0.505404475639005
1828 0.505390628879717
1829 0.505394906328353
1830 0.505376836851141
1831 0.505368178298767
1832 0.505381243277656
1833 0.505378483352718
1834 0.505482971058665
1835 0.505563113357072
1836 0.505644237922223
1837 0.505788557100181
1838 0.505911306719006
1839 0.506005025259891
1840 0.50612058944227
1841 0.506194149541016
1842 0.506230636389086
1843 0.506302762791986
1844 0.506319210524124
1845 0.50633087131992
1846 0.506388527190295
1847 0.506436775391994
1848 0.506462446845287
1849 0.506488080715794
1850 0.506544786156083
1851 0.506630656244317
1852 0.506709669168342
1853 0.506710978813634
1854 0.506678139478695
1855 0.506564157060184
1856 0.506445087344311
1857 0.506370855812587
1858 0.506260904846285
1859 0.506135669641334
1860 0.506068380322947
1861 0.505953290456189
1862 0.505775051331712
1863 0.505554540467186
1864 0.505320306870005
1865 0.505036591228107
1866 0.504591480136322
1867 0.504227615338921
1868 0.503880110273012
1869 0.503512121588317
1870 0.503098765808311
1871 0.502812230239699
1872 0.502420446889546
1873 0.501910386117796
1874 0.501567850478037
1875 0.501243284039559
1876 0.500770253061211
1877 0.500275468650545
1878 0.499681899980515
1879 0.498972975811705
1880 0.498100402563864
1881 0.497230879801417
1882 0.496318124975304
1883 0.495284606867649
1884 0.494150336759447
1885 0.492958871986489
1886 0.491687551051403
1887 0.490342707394345
1888 0.488889674762907
1889 0.487354687664783
1890 0.485678401815651
1891 0.483905483214873
1892 0.481960029266163
1893 0.479869025013572
1894 0.477743035447441
1895 0.475546147718961
1896 0.473289526574607
1897 0.471077991978021
1898 0.468833011294038
1899 0.466643995684493
1900 0.464416745015446
1901 0.462358312601287
1902 0.460337293767976
1903 0.458490816788896
1904 0.45683341903963
1905 0.455398298220518
1906 0.454110099065293
1907 0.452940413554181
1908 0.451913220409235
1909 0.451019917328166
1910 0.45029735095864
1911 0.449743655275515
1912 0.449339013014786
1913 0.449112643459509
1914 0.449003175751123
1915 0.448992235249573
1916 0.449074240081251
1917 0.449174637018383
1918 0.449337386624518
1919 0.449623347965516
1920 0.449911349413664
1921 0.450240936693134
1922 0.45062593850109
1923 0.451083822028247
1924 0.451596308159928
1925 0.452110614009118
1926 0.452682511509768
1927 0.45330219997319
1928 0.453809469489503
1929 0.454366878885887
1930 0.45499463414761
1931 0.455509553141298
1932 0.456048514894981
1933 0.45661508662745
1934 0.45710643747743
1935 0.457531665663753
1936 0.458011577137572
1937 0.458427681968705
1938 0.458888164106972
1939 0.459412890201833
1940 0.459921264978516
1941 0.460551952719353
1942 0.461202428709945
1943 0.461786971165661
1944 0.462408925155956
1945 0.462981289439279
1946 0.463472602846716
1947 0.463952159676371
1948 0.4644422511103
1949 0.46485722316068
1950 0.465263684374433
1951 0.465697086446826
1952 0.46605252650525
1953 0.466415401933633
1954 0.466835697624996
1955 0.467243288650404
1956 0.467679926165699
1957 0.46819813983245
1958 0.468712926129333
1959 0.469240898395541
1960 0.469714394244531
1961 0.470241742694457
1962 0.470798584516464
1963 0.471279411521133
1964 0.471756750817643
1965 0.472394380850608
1966 0.47297680324852
1967 0.473549106780443
1968 0.474213575347907
1969 0.474745371225048
1970 0.475160275434637
1971 0.47563284749519
1972 0.476049476187774
1973 0.476495035576216
1974 0.477066830802502
1975 0.477563736926498
1976 0.478151614843287
1977 0.478732316194957
1978 0.479211686956932
1979 0.47958726879531
1980 0.480051574483073
1981 0.480469380243143
1982 0.480963803988125
1983 0.481560098238196
1984 0.48211287439438
1985 0.482666016458822
1986 0.48319074481024
1987 0.483738316476452
1988 0.484335887782853
1989 0.484908159532586
1990 0.485395806081726
1991 0.48591514480331
1992 0.486428124922319
1993 0.486909855073805
1994 0.487380722635557
1995 0.487845653576266
1996 0.488287712864689
1997 0.488697507562946
1998 0.489088559046136
1999 0.489497005511403
2000 0.489802953711529
2001 0.490155999160705
2002 0.490563876752866
2003 0.490977998493644
2004 0.491455161637355
2005 0.492021750015006
2006 0.492550525775698
2007 0.49317490050448
2008 0.493674560432166
2009 0.494143815444229
2010 0.494539315575476
2011 0.494806783247932
2012 0.495073534053575
2013 0.495402422728535
2014 0.495764489917996
2015 0.496156465950664
2016 0.496627025000171
2017 0.497071057971654
2018 0.497535056156103
2019 0.497948446884415
2020 0.498349417413859
2021 0.498773718169401
2022 0.49917185847501
2023 0.499572899150311
2024 0.500075519077914
2025 0.500448504383797
2026 0.500674081982225
2027 0.500889928054613
2028 0.501010499220325
2029 0.501286381847464
2030 0.501597432080538
2031 0.502031373183234
2032 0.502373113614668
2033 0.502682094687307
2034 0.503063864970285
2035 0.503506354685521
2036 0.503871230362496
2037 0.504303771061624
2038 0.504659516957763
2039 0.504845522771689
2040 0.505106985163064
2041 0.505521955629418
2042 0.505851171541539
2043 0.506129918510773
2044 0.506414840187507
2045 0.506658421247095
2046 0.506788395711201
2047 0.506981158300099
2048 0.5072450318256
2049 0.507413315050942
2050 0.507436392069636
2051 0.507613461655378
2052 0.507815375799121
2053 0.508054183029706
2054 0.508415189511704
2055 0.508798370174498
2056 0.509078914000867
2057 0.509316280113835
2058 0.509538641890428
2059 0.509649829110316
2060 0.509910730322716
2061 0.510242327708756
2062 0.51054152784845
2063 0.510954454788931
2064 0.511241077138324
2065 0.511429695230826
2066 0.511642025472411
2067 0.511826203825021
2068 0.511990546444126
2069 0.512160837857518
2070 0.512321309628161
2071 0.512506487661221
2072 0.512679737322227
2073 0.512877612703944
2074 0.513097564579897
2075 0.513342761587057
2076 0.513619931140719
2077 0.513884417910996
2078 0.514216840238382
2079 0.514446031661939
2080 0.514635897966947
2081 0.514767563489577
2082 0.514787722712469
2083 0.514855027105762
2084 0.514842909386908
2085 0.514938188263073
2086 0.515056685941213
2087 0.515221764918572
2088 0.515415751703244
2089 0.515707253393895
2090 0.515858809451819
2091 0.515990653063188
2092 0.516097696659012
2093 0.516016996893873
2094 0.516162218295803
2095 0.516524838764477
2096 0.516694323580726
2097 0.516807032203504
2098 0.517007534296676
2099 0.517189238424696
2100 0.517257480535672
2101 0.517485933620292
2102 0.517901673947428
2103 0.518235907881706
2104 0.518591364972368
2105 0.518857357731766
2106 0.519186198785624
2107 0.519332649439614
2108 0.519219712251422
2109 0.519329045581814
2110 0.519408884235912
2111 0.519595342690514
2112 0.519995264778698
2113 0.520282192314809
2114 0.520513242460375
2115 0.520801858404838
2116 0.521098696909785
2117 0.521374530436575
2118 0.52177801518281
2119 0.522265394014296
2120 0.522590951432163
2121 0.5228693959372
2122 0.523153186871771
2123 0.523351733144866
2124 0.52356544045832
2125 0.52383698181811
2126 0.524034929143985
2127 0.524147168432028
2128 0.524272949181246
2129 0.52442267839137
2130 0.52447945300362
2131 0.524445679336819
2132 0.524449424173519
2133 0.524309773642487
2134 0.524353636955893
2135 0.524617962175434
2136 0.524701234057146
2137 0.524664425686349
2138 0.52463016450855
2139 0.524462010252261
2140 0.523955361760254
2141 0.523773331378869
2142 0.523713593490116
2143 0.523611036544844
2144 0.523666668135667
2145 0.52354644031578
2146 0.523357065714774
2147 0.523119460973843
2148 0.522703263385901
2149 0.522430685904886
2150 0.52221188965745
2151 0.521945732349573
2152 0.521775446804089
2153 0.521528484607978
2154 0.521113339565351
2155 0.520714012504559
2156 0.52034313710554
2157 0.51994246264115
2158 0.519570545422439
2159 0.519298792836119
2160 0.518870966854007
2161 0.51833556091175
2162 0.517856071629621
2163 0.517324590555488
2164 0.516817804265583
2165 0.516392097700425
2166 0.515863568724248
2167 0.515235973780014
2168 0.514661792768752
2169 0.514010470033734
2170 0.513458027798277
2171 0.512983806367897
2172 0.512527861035778
2173 0.512018061859335
2174 0.511767399065517
2175 0.511402009907206
2176 0.511109800276836
2177 0.510614447570158
2178 0.510077880476681
2179 0.509429749289124
2180 0.508515495802972
2181 0.507866229087134
2182 0.507266576195973
2183 0.506663510841071
2184 0.506169181132469
2185 0.505667405069066
2186 0.505235130264274
2187 0.504657202112572
2188 0.504084394988688
2189 0.503419265589461
2190 0.502484110425988
2191 0.501703598344447
2192 0.500928327868298
2193 0.500246002056261
2194 0.499580291266659
2195 0.499134276677693
2196 0.498655730696074
2197 0.498149980282796
2198 0.497581769179822
2199 0.49693504461549
2200 0.496333028236303
2201 0.495712177316533
2202 0.495101716778738
2203 0.494446423992369
2204 0.493963663054272
2205 0.493457187929896
2206 0.493168984227374
2207 0.493061896219497
2208 0.493069676722628
2209 0.4932363782219
2210 0.493496435763789
2211 0.493940055986221
2212 0.494391535911576
2213 0.495028605026761
2214 0.495534666009181
2215 0.495935880810886
2216 0.496477898028722
2217 0.497066791096407
2218 0.497599106393674
2219 0.498355526134719
2220 0.49911918552647
2221 0.499689379371084
2222 0.500157861061695
2223 0.500615759492933
2224 0.50101146229179
2225 0.501276259857195
2226 0.501468867991135
2227 0.501638380528079
2228 0.501599952227641
2229 0.501703195922189
2230 0.501912417228467
2231 0.502010167721821
2232 0.502095673429626
2233 0.502149142199085
2234 0.502019508151783
2235 0.502114811664702
2236 0.502328782905296
2237 0.502515533866919
2238 0.503006769347306
2239 0.503125115756642
2240 0.502903679503582
2241 0.50285527265263
2242 0.502622583376779
2243 0.502557700039723
2244 0.502671478537161
2245 0.502862771099955
2246 0.503000650067863
2247 0.503029952723045
2248 0.503202967233888
2249 0.503272680925386
2250 0.503266819658483
2251 0.503231750353375
2252 0.503118707003872
2253 0.50280649407798
2254 0.502729360490659
2255 0.502525393780321
2256 0.502838397425049
2257 0.50367597798129
2258 0.504062267844378
2259 0.504606836106255
2260 0.504971115325307
2261 0.504941857779442
2262 0.505109556111927
2263 0.505454728457257
2264 0.505698774954722
2265 0.505809750796754
2266 0.505980996599446
2267 0.506267780854404
2268 0.506405501072038
2269 0.506564926418563
2270 0.506526059017258
2271 0.50614114386718
2272 0.505971882547112
2273 0.505752187037678
2274 0.505617546553222
2275 0.50564773416894
2276 0.505727494920259
2277 0.505795113226842
2278 0.506002936433881
2279 0.506267143220797
2280 0.506310340340433
2281 0.506168473750327
2282 0.505795371529155
2283 0.50562695812905
2284 0.505459842936571
2285 0.505366798748689
2286 0.505495031215514
2287 0.505378387288374
2288 0.505086210491072
2289 0.505036947111648
2290 0.505039603809131
2291 0.505007798590208
2292 0.505133877532783
2293 0.505112966239491
2294 0.504973846727341
2295 0.504842084871619
2296 0.504682612621499
2297 0.50452323543329
2298 0.504269192426343
2299 0.504125023721436
2300 0.504031803184779
2301 0.50397010829021
2302 0.504061046734518
2303 0.503959080364557
2304 0.503898678968587
2305 0.503662699822841
2306 0.502925969140544
2307 0.502732377769461
2308 0.502725239855738
2309 0.502717169684438
2310 0.503152573476863
2311 0.503352458817088
2312 0.503523347513926
2313 0.503480594212449
2314 0.503178726413378
2315 0.503057436882742
2316 0.502795355103145
2317 0.502601064900651
2318 0.502520131829968
2319 0.502585078804393
2320 0.502754840321164
2321 0.502852630282885
2322 0.503296137481134
2323 0.503073651344566
2324 0.502521711544416
2325 0.502472287204027
2326 0.502574827593363
2327 0.502645691410421
2328 0.502568780377195
2329 0.502225321403241
2330 0.501394181398851
2331 0.50098180342541
2332 0.500830647807306
2333 0.500361637961626
2334 0.500384243958816
2335 0.500103635648904
2336 0.499801118699199
2337 0.499455339850866
2338 0.499412936429582
2339 0.499489850545151
2340 0.499237149843472
2341 0.499080396591467
2342 0.498705917724564
2343 0.497660260163267
2344 0.497442104755174
2345 0.497843313263087
2346 0.497821802011792
2347 0.497996736126378
2348 0.497858854621658
2349 0.497083023537499
2350 0.497070218283673
2351 0.497479414593996
2352 0.497566402544886
2353 0.497836802063017
2354 0.498326199095491
2355 0.498756492815527
2356 0.499043435918026
2357 0.500148498007494
2358 0.499641836699692
2359 0.497477129803213
2360 0.496775475927589
2361 0.495800500287639
2362 0.495472951173082
2363 0.49684384968306
2364 0.496674331346302
2365 0.495380772650016
2366 0.495082481192373
2367 0.494645566838115
2368 0.494405183798819
2369 0.494741175486048
2370 0.49520084725395
2371 0.495843552590559
2372 0.496220701586374
2373 0.49713310078485
2374 0.497212065818548
2375 0.496516704576692
2376 0.495958588713619
2377 0.495036786079701
2378 0.494459110768769
2379 0.493661833975535
2380 0.493419029743487
2381 0.493832656586005
2382 0.493670300375934
2383 0.493673355847959
2384 0.493295733670793
2385 0.492059931660489
2386 0.491831648470673
2387 0.492203398798687
2388 0.492158049529419
2389 0.492303421673396
2390 0.492338934464464
2391 0.492255691741473
2392 0.492033683589047
2393 0.492095680796152
2394 0.491560459497206
2395 0.490026851644188
2396 0.489290234704473
2397 0.488466431859186
2398 0.488264597727648
2399 0.489155407297833
2400 0.489049453833889
2401 0.48862024485334
2402 0.488464920234117
2403 0.488018911144217
2404 0.487810035505036
2405 0.488187201878377
2406 0.487992876906239
2407 0.48770419558742
2408 0.486722634145521
2409 0.484277481091803
2410 0.483719500651916
2411 0.483825507296982
2412 0.483641223905175
2413 0.485396085866578
2414 0.484867093177893
2415 0.482151980830165
2416 0.480898656756551
2417 0.479182019496324
2418 0.47870475837132
2419 0.478980099764124
2420 0.479624137752464
2421 0.481847229499135
2422 0.482130809798261
2423 0.482185474011748
2424 0.482405777856816
2425 0.481388696260182
2426 0.480423387656802
2427 0.480157761195932
2428 0.478853980803312
2429 0.475995690396733
2430 0.474618536372425
2431 0.47323823107455
2432 0.472900468994371
2433 0.474039177267424
2434 0.473931433670641
2435 0.474142497004932
2436 0.474372670515379
2437 0.473863161866809
2438 0.472705633636539
2439 0.471756159548592
2440 0.470787989799
2441 0.468267376059043
2442 0.468750376009143
2443 0.469686705532575
2444 0.469076699221908
2445 0.469201017718422
2446 0.468350543600588
2447 0.466568953231478
2448 0.467805219137575
2449 0.468105443039149
2450 0.466580141933729
2451 0.466047054357407
2452 0.466182860815625
2453 0.465313478686443
2454 0.46365887676564
2455 0.462096125663585
2456 0.456794932281494
2457 0.453216909962279
2458 0.456143092066104
2459 0.457983112995757
2460 0.459163964888184
2461 0.461482126952926
2462 0.460949488880945
2463 0.459660782469052
2464 0.459927014219721
2465 0.459365175540254
2466 0.45692601118098
2467 0.456496758627561
2468 0.456981513552687
2469 0.457130953479704
2470 0.459490599187951
2471 0.460345739362999
2472 0.459487902212591
2473 0.45951762899321
2474 0.459667167751279
2475 0.459031158518397
2476 0.458364791717721
2477 0.457863836901447
2478 0.456080926191299
2479 0.456088522840807
2480 0.457177631151504
2481 0.458166297073416
2482 0.460420618233231
2483 0.460817523787042
2484 0.461790314514568
2485 0.460320817520626
2486 0.455839068875168
2487 0.454051189475911
2488 0.451454621686594
2489 0.449918222570997
2490 0.450536214383597
2491 0.451135176272074
2492 0.449646365004909
2493 0.448790855698186
2494 0.448751896349986
2495 0.448272705825713
2496 0.44924532590873
2497 0.445796989414317
2498 0.442982191038166
2499 0.443675280542226
2500 0.441809357269149
