"Wavelength" "M044a_m2-w3"
350 0.283133173103409
351 0.275525080986115
352 0.268097400828675
353 0.264954066078076
354 0.2682218672452
355 0.263720766613432
356 0.258281065236375
357 0.256604348770847
358 0.259724145489244
359 0.260454956128049
360 0.257086032106042
361 0.251830469592424
362 0.25202649980792
363 0.249761801503065
364 0.245972379229008
365 0.243506620479542
366 0.242570497548529
367 0.242725461336032
368 0.242698421112704
369 0.241222573572534
370 0.240593249233424
371 0.239235841176466
372 0.23644185314052
373 0.232996232722018
374 0.231133230811218
375 0.228066074292232
376 0.222793473895679
377 0.221856096534269
378 0.221595110841691
379 0.220649579470888
380 0.218740781625634
381 0.215713073120961
382 0.214063292646228
383 0.212999727050751
384 0.208875672535194
385 0.202874619185035
386 0.200813826090519
387 0.203748191533322
388 0.201239133383813
389 0.198558158978411
390 0.196780450603804
391 0.195461604102731
392 0.193873924089748
393 0.191821130825325
394 0.18939942588029
395 0.187086179905856
396 0.1877518938343
397 0.187663461377588
398 0.185204553093251
399 0.184274784069215
400 0.184363197572806
401 0.183691202622461
402 0.181036040514743
403 0.17918148391124
404 0.178466057954079
405 0.178260830911064
406 0.177388415272868
407 0.176484678400898
408 0.175705586607124
409 0.175261415481012
410 0.175724594562897
411 0.175055391163482
412 0.174176455834101
413 0.174328990142894
414 0.173589360656439
415 0.173198434770716
416 0.173376105691118
417 0.17340266181008
418 0.172899776388448
419 0.172767761949698
420 0.173446571823025
421 0.174083218983443
422 0.174323679337866
423 0.174844146945489
424 0.176133800729558
425 0.175420473860658
426 0.17518975868025
427 0.175938380137444
428 0.176012774748904
429 0.176493528937793
430 0.177254205655824
431 0.177976609406174
432 0.178448250334365
433 0.178693242455971
434 0.178998346575886
435 0.179651448535793
436 0.180056633520897
437 0.180495277469699
438 0.181084203161551
439 0.181650976265641
440 0.182476720865724
441 0.183058819526052
442 0.183098630886614
443 0.183487311284405
444 0.184234037848714
445 0.184978814227241
446 0.185224892453909
447 0.185481678247143
448 0.185970119343807
449 0.186588709741194
450 0.186745327341602
451 0.187403270113014
452 0.188113340740124
453 0.18830429802545
454 0.188960710325144
455 0.189302982554581
456 0.189479355052074
457 0.19037159792113
458 0.19043564691324
459 0.190441518536585
460 0.190951335103779
461 0.191057133713176
462 0.191449144911114
463 0.191884290620724
464 0.191882690767958
465 0.192125188166217
466 0.192610584274045
467 0.19301601535
468 0.192706906126643
469 0.193204110820356
470 0.193955200501797
471 0.194194463953333
472 0.194253811836358
473 0.194609384358203
474 0.195144324132291
475 0.195389532036563
476 0.195773624455249
477 0.196143518862585
478 0.196387547103922
479 0.19660071796356
480 0.196960217945303
481 0.197550325560255
482 0.198283425503669
483 0.198420820562109
484 0.198677175310497
485 0.19924654059219
486 0.199673778385769
487 0.200072049483275
488 0.200468021671264
489 0.20088052804421
490 0.201337784751306
491 0.201818605141355
492 0.202347521453848
493 0.202954981267893
494 0.203404997848231
495 0.203935757102271
496 0.204617713079081
497 0.205085670975587
498 0.205733047768618
499 0.206494617375418
500 0.207144954128955
501 0.207492905265132
502 0.207979466245138
503 0.208643912452767
504 0.209067675812136
505 0.209676558930942
506 0.210422383858409
507 0.211170992993952
508 0.211903440478928
509 0.212398505030059
510 0.212810320970989
511 0.213485319177137
512 0.214014616410841
513 0.214602250575927
514 0.215350005118949
515 0.216002851611811
516 0.216631854560783
517 0.217227911623387
518 0.217789213941329
519 0.218473270375644
520 0.219258735306644
521 0.220057150190088
522 0.220720221846678
523 0.22133627631155
524 0.222046516836092
525 0.222885478697826
526 0.223444382766094
527 0.224077415150149
528 0.224861795750686
529 0.225648032107982
530 0.226365352070307
531 0.227102070832494
532 0.227871682555768
533 0.228412725344085
534 0.229110602323999
535 0.229949237515838
536 0.230734917607064
537 0.231503962373785
538 0.232215893449933
539 0.232909065266314
540 0.233753649902281
541 0.234510109703247
542 0.23527353050598
543 0.236172850154665
544 0.236988903164565
545 0.237778483497913
546 0.238597210395658
547 0.239486179841968
548 0.240430223610162
549 0.241450229081454
550 0.242568808709741
551 0.243809955327632
552 0.245046390074906
553 0.246224667221732
554 0.247335612075051
555 0.248266868433013
556 0.249127467208555
557 0.249993043843099
558 0.250778179059573
559 0.251633679184356
560 0.252548253595878
561 0.253444786632222
562 0.254312023691985
563 0.255160874801478
564 0.25598316883226
565 0.256741101135096
566 0.257383633095515
567 0.25787959327302
568 0.25829559564059
569 0.259024188817085
570 0.259928755178918
571 0.260969764684046
572 0.262203202215591
573 0.263499465938656
574 0.26475130950135
575 0.265902863669266
576 0.267042665604049
577 0.267833133547959
578 0.26842685936165
579 0.269204963584052
580 0.269628762770101
581 0.269807649038744
582 0.269970109920128
583 0.270411375862552
584 0.270891663910106
585 0.271373131157178
586 0.271900962486051
587 0.272552066970982
588 0.273280369301179
589 0.274121101031583
590 0.275219812850414
591 0.276212059185383
592 0.277087965874969
593 0.277921980062007
594 0.278691098699832
595 0.279398079318032
596 0.280127581812527
597 0.281010988421692
598 0.281817477770016
599 0.282444734058633
600 0.282927340171332
601 0.283572246956114
602 0.284110132011013
603 0.284503714174608
604 0.28485350294293
605 0.285330580469491
606 0.285847712556261
607 0.286362381764757
608 0.286963779006353
609 0.287600928863927
610 0.288213424230848
611 0.288779876149687
612 0.289496861613867
613 0.290249173455444
614 0.290965641390567
615 0.291648349914882
616 0.292311257110256
617 0.293007829070821
618 0.293763486112539
619 0.294482063642987
620 0.295200629216389
621 0.295922415679118
622 0.296622590268429
623 0.29722411700443
624 0.29790920209323
625 0.298751071835068
626 0.299471905111259
627 0.300210454417632
628 0.300949511028344
629 0.301621166102593
630 0.302311376829783
631 0.30303987009245
632 0.303792024854378
633 0.304509948653637
634 0.305240423247449
635 0.305984023322871
636 0.306720691039101
637 0.307392920035419
638 0.308117959095425
639 0.308885924114252
640 0.309559676803062
641 0.310282684380803
642 0.311047535083997
643 0.311820038357158
644 0.312603820876758
645 0.313328570517627
646 0.314062132741841
647 0.314926769958192
648 0.315633423997973
649 0.316309848688655
650 0.317062667280506
651 0.317845502466585
652 0.318647965132395
653 0.31942823284554
654 0.32015547777692
655 0.3209216249811
656 0.321739978146257
657 0.322577700100935
658 0.323355578248275
659 0.324146439560703
660 0.324976595236941
661 0.32583931328797
662 0.326655206807922
663 0.32752327192881
664 0.328397400688222
665 0.329134826858631
666 0.329904035413003
667 0.330757377454369
668 0.331668811257689
669 0.332471125582324
670 0.333378554749227
671 0.334274849845648
672 0.334971888423548
673 0.335863090996919
674 0.336829133234938
675 0.337723134441269
676 0.338418809773039
677 0.339333183852933
678 0.340337635004022
679 0.341209621588488
680 0.342030660813727
681 0.3429515843191
682 0.34393532682724
683 0.344794228140159
684 0.345620065802732
685 0.346469511708292
686 0.347363657721252
687 0.348244135010307
688 0.349195634394332
689 0.350216005401728
690 0.351239611786809
691 0.352086194061714
692 0.352985342038786
693 0.353981266950422
694 0.354797772145561
695 0.355727037466292
696 0.356754286447254
697 0.357768312164188
698 0.358648878103014
699 0.3595769736069
700 0.360587585932503
701 0.361586835312415
702 0.362605247447873
703 0.363569614918709
704 0.36448010245354
705 0.36557120310231
706 0.366509423469202
707 0.367384350587623
708 0.368432744388494
709 0.369511821946797
710 0.370520342089787
711 0.371476071837291
712 0.372545421359313
713 0.37360662103686
714 0.374699796153236
715 0.375839729565111
716 0.376784458890943
717 0.37778334838546
718 0.378890505779111
719 0.379999835141227
720 0.380976455232566
721 0.381904744495477
722 0.382891777230929
723 0.38402973905269
724 0.385199908153124
725 0.386288365929067
726 0.387236080904825
727 0.388237645105534
728 0.389344040105864
729 0.390514436107415
730 0.391624941815709
731 0.392642102685959
732 0.393691184389071
733 0.394812120202118
734 0.39569565718763
735 0.396650842705967
736 0.397711106139455
737 0.398783518703559
738 0.399992837152175
739 0.401122992558988
740 0.402120586268141
741 0.403200215313675
742 0.40425288955103
743 0.405328009769959
744 0.406463714059703
745 0.407510506979248
746 0.408660375149033
747 0.409858818776789
748 0.410907003443535
749 0.411986590865147
750 0.41311916449065
751 0.414297077453773
752 0.415512709024584
753 0.416601321302755
754 0.417606994556228
755 0.41864621529124
756 0.41979295606601
757 0.420950821130322
758 0.422089603007762
759 0.423232710603986
760 0.424268441982456
761 0.425300027055163
762 0.426411491062509
763 0.427581056539105
764 0.428780582461087
765 0.429927035167982
766 0.430962052705309
767 0.43203385292145
768 0.433149843265046
769 0.434252869482291
770 0.435258047060242
771 0.436537141617416
772 0.437878055374586
773 0.439074153095738
774 0.440176338634913
775 0.441195466100069
776 0.442225092221229
777 0.443358278464154
778 0.44450278091868
779 0.445612939444731
780 0.446721103515435
781 0.447927605424141
782 0.449192041610698
783 0.450337442071859
784 0.451332147014891
785 0.45250736975808
786 0.453708307892144
787 0.454854140400492
788 0.455924979477307
789 0.457105549652031
790 0.458276784651042
791 0.459374512659392
792 0.460419278613948
793 0.4617138052586
794 0.46303535211028
795 0.464199665851317
796 0.465273422668106
797 0.466416341926359
798 0.467556975152611
799 0.468611238631208
800 0.469832247946511
801 0.471064493706826
802 0.472227105809031
803 0.473318453260673
804 0.474403441544784
805 0.475497699547603
806 0.476622879760368
807 0.477817632684124
808 0.479228496050923
809 0.480611408323833
810 0.481709126671141
811 0.482627147720934
812 0.483655449744698
813 0.484812434897422
814 0.485945396307358
815 0.486979172646915
816 0.488110157536959
817 0.489422735504162
818 0.490819125875474
819 0.491992405024112
820 0.492955580836315
821 0.493860789369587
822 0.495001839993133
823 0.496017970628698
824 0.497055233881868
825 0.498356664870607
826 0.499604570003513
827 0.500760420711022
828 0.501868249480841
829 0.503015426221717
830 0.504047696089569
831 0.505147438704032
832 0.506364410467103
833 0.507470112451832
834 0.508666239099865
835 0.509809155543535
836 0.510821920841076
837 0.512125207696005
838 0.513247930814766
839 0.514270275629032
840 0.515462987086861
841 0.516533005856038
842 0.517668768120124
843 0.518865414258671
844 0.519936937465019
845 0.521027661902388
846 0.522114307030945
847 0.523187772846417
848 0.524298159653544
849 0.525538364652519
850 0.526783141181756
851 0.527914773275238
852 0.529029181546763
853 0.530210832552096
854 0.53138511029068
855 0.532437141889562
856 0.533459118325233
857 0.534642737653812
858 0.535874641730183
859 0.536829330092678
860 0.537733939617134
861 0.538906222447819
862 0.540265789978827
863 0.541193600760971
864 0.542294409996318
865 0.543482837771781
866 0.544615633536484
867 0.545815272904254
868 0.546920369557304
869 0.548072195508937
870 0.549400007420396
871 0.550551010280849
872 0.55160392540611
873 0.552636252500447
874 0.55371024945421
875 0.554811663733494
876 0.555985145180636
877 0.557178565673369
878 0.558257197231119
879 0.559253247733294
880 0.560301814480808
881 0.561440356951411
882 0.562541136360062
883 0.563783535807373
884 0.56505699777267
885 0.566230539885248
886 0.567280844142901
887 0.568443921921645
888 0.569675906613148
889 0.570846689568506
890 0.571916473822203
891 0.572896677748578
892 0.573913319524942
893 0.575089541461407
894 0.576233167252726
895 0.577412023937416
896 0.578627304565823
897 0.579813696514017
898 0.580888005592598
899 0.581903157929934
900 0.582942730859352
901 0.584091011144647
902 0.585323199676249
903 0.586553123831419
904 0.587696412973508
905 0.588696426273351
906 0.589803529132166
907 0.590917400738232
908 0.592003616982375
909 0.593342544358097
910 0.594589934645831
911 0.595690923209491
912 0.596730227326978
913 0.597908147108503
914 0.599139560159312
915 0.600315110731974
916 0.601374362333106
917 0.602458299450885
918 0.603668122302592
919 0.604908477435042
920 0.606002518679502
921 0.606893801661827
922 0.608045064956525
923 0.609344495818579
924 0.610375940841574
925 0.611446324983286
926 0.612716915760773
927 0.614098119223846
928 0.615321046109626
929 0.616376879292062
930 0.617320637328496
931 0.618265559169963
932 0.61935205327226
933 0.62060525651649
934 0.62186616851005
935 0.62307340627954
936 0.624317373940236
937 0.625586109240518
938 0.62675520077069
939 0.627900844265223
940 0.629353876440567
941 0.630380812491334
942 0.631330721015299
943 0.632473307044526
944 0.633589095038594
945 0.634828029241052
946 0.636062154863836
947 0.6372120678546
948 0.638391665554688
949 0.639454988501735
950 0.640500998317308
951 0.641579366781705
952 0.642519231293589
953 0.643709961361127
954 0.644997157147796
955 0.646224222560232
956 0.647566857347137
957 0.648679619010867
958 0.649730022912409
959 0.650842502034009
960 0.651699120987169
961 0.652759909686733
962 0.653925758732019
963 0.655016296220966
964 0.656059082364094
965 0.65735962228673
966 0.658687107531044
967 0.659793987032238
968 0.660797164198892
969 0.661918897824986
970 0.663078120809455
971 0.664149744815992
972 0.665133378641305
973 0.666429757796935
974 0.667880719974623
975 0.669221527476129
976 0.670359102329535
977 0.671616337814363
978 0.672671183105655
979 0.673378363223143
980 0.674291012194751
981 0.675467181955716
982 0.676696317054565
983 0.67788417082739
984 0.679297752825608
985 0.680581526753214
986 0.681702203606468
987 0.68274162548963
988 0.683820251219985
989 0.684917818213874
990 0.686151352126921
991 0.687358515896549
992 0.688044160067731
993 0.689134406825533
994 0.690215459800941
995 0.691170019487632
996 0.692469692526183
997 0.693536453269476
998 0.69449940562036
999 0.695647555058659
1000 0.697177789386226
1001 0.659262685977614
1002 0.660232721024664
1003 0.661046174675371
1004 0.662006713856921
1005 0.663094724150584
1006 0.664067610590212
1007 0.665024702359605
1008 0.666010431606903
1009 0.666913062494148
1010 0.66775240139072
1011 0.668651441164811
1012 0.669612842653163
1013 0.670611476535354
1014 0.671507306461822
1015 0.672392675579064
1016 0.673313874759545
1017 0.674220020000772
1018 0.675080050137415
1019 0.676003992992145
1020 0.676968140823907
1021 0.677936584604209
1022 0.678860200925417
1023 0.679802139750639
1024 0.680795053536669
1025 0.681749121677427
1026 0.682747628299936
1027 0.68383474591058
1028 0.684884786124589
1029 0.685890649779191
1030 0.686929015717571
1031 0.68795231269928
1032 0.689029047234571
1033 0.690173802843534
1034 0.691273531558365
1035 0.692390467283259
1036 0.693500226968836
1037 0.694503912871082
1038 0.695544723862092
1039 0.6966798681085
1040 0.697746952919754
1041 0.698845833206864
1042 0.699943607881059
1043 0.700948494084893
1044 0.701952248936993
1045 0.703048418603942
1046 0.704222321741095
1047 0.705321738486454
1048 0.706423129175215
1049 0.7075261477094
1050 0.708538328641628
1051 0.709374536149037
1052 0.710253638830978
1053 0.711238316731134
1054 0.712250990143126
1055 0.713262985292065
1056 0.714208723546529
1057 0.715085937850078
1058 0.715891209140217
1059 0.716686586600214
1060 0.717570436630377
1061 0.718367476328536
1062 0.719093986848001
1063 0.719753895064823
1064 0.720434864739821
1065 0.721034289127158
1066 0.72167470408292
1067 0.72230866091738
1068 0.722850506225199
1069 0.723450430470608
1070 0.723959267261691
1071 0.724404352206788
1072 0.724857765836674
1073 0.725173427808589
1074 0.725563887665216
1075 0.726019870133584
1076 0.726428657720537
1077 0.726846430498976
1078 0.72730408119694
1079 0.727633703719599
1080 0.727944906508672
1081 0.728312716243183
1082 0.72860225823686
1083 0.728863552008174
1084 0.729168058370301
1085 0.729485339179081
1086 0.729816720605128
1087 0.730163408214231
1088 0.730474694814502
1089 0.730751999523333
1090 0.731051834560145
1091 0.731346496115413
1092 0.731640265138579
1093 0.731928875362395
1094 0.732195420309399
1095 0.732513233469566
1096 0.732850466362104
1097 0.733274743033186
1098 0.733767791891503
1099 0.734210252474617
1100 0.734664483619632
1101 0.735166687169328
1102 0.735566154304361
1103 0.736030167094048
1104 0.736608246420286
1105 0.737194342270036
1106 0.737825900384262
1107 0.738555136782965
1108 0.739253394745141
1109 0.739923387149688
1110 0.740701456798837
1111 0.741461209071271
1112 0.74226107218382
1113 0.743067024526362
1114 0.743822201151824
1115 0.744655254467468
1116 0.745536960900908
1117 0.746504570202323
1118 0.747489624184235
1119 0.748398112830116
1120 0.749354677854308
1121 0.750308628197287
1122 0.751215283360734
1123 0.752172579254485
1124 0.753189969576179
1125 0.754184652812444
1126 0.755189477205646
1127 0.756163980394297
1128 0.757154366426757
1129 0.758209133630728
1130 0.759204437709009
1131 0.760209296503186
1132 0.761306553338385
1133 0.762339323699865
1134 0.763356768391152
1135 0.764457843281486
1136 0.765518909900389
1137 0.766542459526629
1138 0.767559579838997
1139 0.768587404240235
1140 0.769603235767989
1141 0.770564429731207
1142 0.771593118312236
1143 0.772673550407123
1144 0.773749362667442
1145 0.77472749992402
1146 0.775747336842027
1147 0.776791025093999
1148 0.777742296503873
1149 0.778724405420134
1150 0.779695287109846
1151 0.780602385881414
1152 0.781561849643521
1153 0.782532071587584
1154 0.783569688461879
1155 0.784553691309921
1156 0.785561106044861
1157 0.786459833558846
1158 0.787251841096086
1159 0.788129130329331
1160 0.788982380972878
1161 0.789862387341327
1162 0.790725765729454
1163 0.791620418271737
1164 0.792461409765702
1165 0.793186269515655
1166 0.793967093293689
1167 0.794776942932768
1168 0.795607153137444
1169 0.796479035852744
1170 0.797320539790219
1171 0.798240787890452
1172 0.799043756890501
1173 0.799754504591004
1174 0.800476002353892
1175 0.801138798962073
1176 0.801836288716384
1177 0.80256119523757
1178 0.803264794311706
1179 0.803965159239264
1180 0.804656518225763
1181 0.805391517502136
1182 0.805997627847271
1183 0.806567971910832
1184 0.807133909525663
1185 0.807614881555657
1186 0.808123239655974
1187 0.808615791783646
1188 0.809102657612054
1189 0.809607386095913
1190 0.810107722940249
1191 0.810595809293215
1192 0.811104462509738
1193 0.811601015321657
1194 0.812077256675997
1195 0.812546913109946
1196 0.813022961131712
1197 0.813495065856458
1198 0.813971039572383
1199 0.814396854565258
1200 0.814824558066851
1201 0.815275948742948
1202 0.815717362823854
1203 0.816162954883639
1204 0.816631298414924
1205 0.817143883883476
1206 0.817614780116123
1207 0.818068434625904
1208 0.818544905692743
1209 0.818980378682122
1210 0.819500551880372
1211 0.820094353899347
1212 0.820663092423519
1213 0.821293050486133
1214 0.82187052234749
1215 0.822397002130732
1216 0.82294252685552
1217 0.823494277123218
1218 0.824031615838212
1219 0.824574962509456
1220 0.825110979464075
1221 0.82561161338918
1222 0.826055829042268
1223 0.826587097733976
1224 0.827120514885679
1225 0.827683726790172
1226 0.828328232131677
1227 0.828914185859593
1228 0.829496524571174
1229 0.830050466582159
1230 0.830569843584165
1231 0.831111689641363
1232 0.831630584887928
1233 0.832177644849818
1234 0.832727349316087
1235 0.833311241528218
1236 0.833950110227357
1237 0.834549102508952
1238 0.835146849838515
1239 0.835776890692352
1240 0.836362485956294
1241 0.836917960097701
1242 0.83745760920063
1243 0.837988220760874
1244 0.838493132792335
1245 0.838929650667488
1246 0.83944094624115
1247 0.83996200198551
1248 0.840511588647368
1249 0.841066653267846
1250 0.841699909308095
1251 0.84236969096606
1252 0.843088281600808
1253 0.843959342237523
1254 0.844736177191647
1255 0.845490212883119
1256 0.846251287945889
1257 0.847000423822988
1258 0.847700223601669
1259 0.848424301795579
1260 0.849150655826085
1261 0.849900909136753
1262 0.850658879324363
1263 0.851407161921284
1264 0.852189219496072
1265 0.852946371585396
1266 0.853660566383931
1267 0.854399994606315
1268 0.855181826085692
1269 0.855907875130844
1270 0.856648359027696
1271 0.857304645653011
1272 0.857926332179467
1273 0.858464965549445
1274 0.858889859035007
1275 0.85932341865635
1276 0.859710928600882
1277 0.860067264386279
1278 0.860408688816575
1279 0.860729859326167
1280 0.860968043285409
1281 0.861125904079175
1282 0.861307641236445
1283 0.86143321016166
1284 0.861585212235537
1285 0.861792729001319
1286 0.861876646865065
1287 0.861929219142071
1288 0.861909281301324
1289 0.861796747743879
1290 0.861659103407279
1291 0.861483323431588
1292 0.861254314160196
1293 0.860930304092379
1294 0.860639508051011
1295 0.860308499582149
1296 0.859998928172995
1297 0.859729649546391
1298 0.859425969296219
1299 0.859079303947302
1300 0.858770831541675
1301 0.858464672729077
1302 0.858173013459304
1303 0.857822426776457
1304 0.857491233498578
1305 0.857081865031345
1306 0.856589403953943
1307 0.856118788624579
1308 0.855581262571581
1309 0.855150855501376
1310 0.854710843373259
1311 0.854374959606925
1312 0.854129811933451
1313 0.853922853534982
1314 0.853785488024647
1315 0.853668915986174
1316 0.853626711579534
1317 0.853566774481632
1318 0.853447144818986
1319 0.853463006736636
1320 0.853545947852831
1321 0.853662477684755
1322 0.853847209669172
1323 0.854122200995495
1324 0.854413761627791
1325 0.854709983511504
1326 0.855094343073526
1327 0.855565281008442
1328 0.856041313818412
1329 0.856534454595048
1330 0.857105621269528
1331 0.857723611420925
1332 0.858392782018822
1333 0.859135771777196
1334 0.859893879636464
1335 0.860694155944109
1336 0.861511248541703
1337 0.86238664677617
1338 0.863229838197937
1339 0.864043717719479
1340 0.864922053539291
1341 0.865825754493934
1342 0.866735168676704
1343 0.867720625961031
1344 0.86866685623411
1345 0.869629980712607
1346 0.870527252021494
1347 0.871402056462115
1348 0.872223999864371
1349 0.873040477396294
1350 0.873776175472713
1351 0.874612020978925
1352 0.875462556001084
1353 0.876372221382457
1354 0.87735524117204
1355 0.878303026155875
1356 0.879294341373593
1357 0.880241785732599
1358 0.881153794644677
1359 0.882093915772292
1360 0.883028041572232
1361 0.883976264066331
1362 0.88495689790091
1363 0.885899066177822
1364 0.886834580737402
1365 0.8877486158179
1366 0.88864829844768
1367 0.889509748462248
1368 0.890389847698867
1369 0.891170433111359
1370 0.891918586221845
1371 0.892556647703286
1372 0.893077038131019
1373 0.893544503760008
1374 0.89399813410436
1375 0.894410130883145
1376 0.894792799324586
1377 0.895176221150632
1378 0.895505497344213
1379 0.895748689546551
1380 0.896051061395643
1381 0.896373696965362
1382 0.896647395917002
1383 0.896973791362279
1384 0.897132884687461
1385 0.897217642206842
1386 0.89722197329937
1387 0.89715132415465
1388 0.896947038593617
1389 0.896687059980521
1390 0.896260756568435
1391 0.895600741605714
1392 0.894987126267454
1393 0.894252002148307
1394 0.893563858006129
1395 0.892899503872776
1396 0.892203782764259
1397 0.891524286963924
1398 0.890780700665037
1399 0.890047941864695
1400 0.889205971659572
1401 0.888284098678102
1402 0.887288691781018
1403 0.88623939468772
1404 0.885157964778424
1405 0.884144188336861
1406 0.883146258191131
1407 0.882169557655485
1408 0.881170647676275
1409 0.880333494886317
1410 0.879489107963203
1411 0.878887654268856
1412 0.878413260791337
1413 0.878167287848225
1414 0.878061123074456
1415 0.878210983070707
1416 0.878609914022738
1417 0.879146788122441
1418 0.879913177785009
1419 0.880783102447457
1420 0.881899817302201
1421 0.882944680132437
1422 0.884137077199049
1423 0.885222812921872
1424 0.886275093139349
1425 0.887293907211697
1426 0.888278821099933
1427 0.889240734797751
1428 0.890125135902564
1429 0.891050324339461
1430 0.891950678312038
1431 0.892903565224623
1432 0.893909805045187
1433 0.894953518279614
1434 0.895894439496585
1435 0.896839418718209
1436 0.897707359404843
1437 0.898486252905066
1438 0.899254032684625
1439 0.899994399057638
1440 0.900714851829307
1441 0.901388165123324
1442 0.902053213887532
1443 0.902714402378555
1444 0.903344130310408
1445 0.903903671176813
1446 0.904535459597611
1447 0.905208327320809
1448 0.905833942144084
1449 0.906486272748878
1450 0.907084974772543
1451 0.907612061570581
1452 0.908173612509543
1453 0.908740996950757
1454 0.909289692814461
1455 0.90981716686842
1456 0.910373532195296
1457 0.910944962396143
1458 0.911497294374015
1459 0.912109169441424
1460 0.912626690210288
1461 0.913063264676284
1462 0.913510314230063
1463 0.913903249705462
1464 0.914308315905554
1465 0.914704622463675
1466 0.915123118470264
1467 0.915466361449873
1468 0.915943795060935
1469 0.916516338463851
1470 0.917116611373536
1471 0.917778433492636
1472 0.9185037665088
1473 0.919219770397614
1474 0.91992352666566
1475 0.920600672100551
1476 0.921299683320562
1477 0.921945661196988
1478 0.922533388322354
1479 0.923132434063563
1480 0.923728051206797
1481 0.92429846842496
1482 0.924858044420185
1483 0.925376415105115
1484 0.925865694106909
1485 0.926339710594861
1486 0.926751337943295
1487 0.927219666732262
1488 0.927685207080476
1489 0.928194748601706
1490 0.928739252549652
1491 0.929297065232836
1492 0.929898588349695
1493 0.930474034764964
1494 0.931085909764392
1495 0.931630115084741
1496 0.932124110480262
1497 0.932635121943676
1498 0.933103808053917
1499 0.93360031462
1500 0.934126600324307
1501 0.934634002336218
1502 0.935152053252773
1503 0.935634893323349
1504 0.93606062955408
1505 0.936542452224321
1506 0.937064922973061
1507 0.937533206540548
1508 0.938023390248743
1509 0.938479771557537
1510 0.938833834100862
1511 0.939248654873555
1512 0.939676305355035
1513 0.94013308593942
1514 0.940655866786591
1515 0.941138808331404
1516 0.941605404671456
1517 0.942110030573953
1518 0.942581430903125
1519 0.942968362952582
1520 0.943372887739467
1521 0.943781498220152
1522 0.944171532550807
1523 0.944549415401486
1524 0.944911864124878
1525 0.945231347424441
1526 0.945644160526696
1527 0.946071166092167
1528 0.946532642902892
1529 0.947080310957499
1530 0.947569103033152
1531 0.948062333582901
1532 0.948503007701929
1533 0.948915417043533
1534 0.949328932877225
1535 0.949686425070331
1536 0.950099403670521
1537 0.950530738202484
1538 0.950985197494464
1539 0.951460101952238
1540 0.951946513085863
1541 0.952506655541689
1542 0.952953426355617
1543 0.953379052581969
1544 0.953746374549968
1545 0.953995096982285
1546 0.954315857014332
1547 0.954631707158242
1548 0.954961393742612
1549 0.955312441067973
1550 0.955664221424275
1551 0.956000542235951
1552 0.956376352685158
1553 0.956765871209975
1554 0.957193194877294
1555 0.957665020231815
1556 0.958137129655644
1557 0.958701303932359
1558 0.959138293871118
1559 0.959513167466906
1560 0.959887501307237
1561 0.960184046699317
1562 0.960491173678984
1563 0.96077539235223
1564 0.96110911645458
1565 0.961430814062407
1566 0.961788194775627
1567 0.962279320849119
1568 0.962637842342696
1569 0.962956263441011
1570 0.963223614530716
1571 0.963290198916087
1572 0.963541717167156
1573 0.963853281675223
1574 0.964194267014403
1575 0.964703895726939
1576 0.965125343063716
1577 0.965469024977361
1578 0.965878599682794
1579 0.966283793583007
1580 0.966732535059907
1581 0.967302066874203
1582 0.967779428254182
1583 0.968250343931435
1584 0.968671657123342
1585 0.969005432039725
1586 0.969344587311955
1587 0.969663412930556
1588 0.969968639773578
1589 0.970224246698895
1590 0.970523751445024
1591 0.970864780831152
1592 0.97116347936334
1593 0.971462214462481
1594 0.971761382135334
1595 0.971997745268917
1596 0.972276730119914
1597 0.972542074076013
1598 0.972897106257538
1599 0.973337675766741
1600 0.973776296288906
1601 0.97425859837849
1602 0.974772415340112
1603 0.975227059846467
1604 0.975702791478694
1605 0.976122155289314
1606 0.976553058415296
1607 0.976880827895463
1608 0.977120078065582
1609 0.977401228836286
1610 0.977627074155027
1611 0.977938627304601
1612 0.978292955901551
1613 0.978625268353952
1614 0.978958623575086
1615 0.979367286910981
1616 0.979804632737979
1617 0.980233970377991
1618 0.980734280058913
1619 0.981172123716293
1620 0.981569817317975
1621 0.981964010377823
1622 0.982381758006726
1623 0.982710135344984
1624 0.982989865152333
1625 0.983222540853883
1626 0.98335431379474
1627 0.983625783360871
1628 0.983880268403372
1629 0.984245815933601
1630 0.984767528775991
1631 0.98514342684934
1632 0.985503181657034
1633 0.985861418864
1634 0.986164026123885
1635 0.986495096942437
1636 0.986830144595145
1637 0.987244354644663
1638 0.987665785022666
1639 0.988140237395282
1640 0.988712616532365
1641 0.989226289538354
1642 0.989755131301967
1643 0.990211598424244
1644 0.990667470667988
1645 0.991023556085038
1646 0.991239817676522
1647 0.991628019088241
1648 0.992033153177323
1649 0.992464138779443
1650 0.993017625231208
1651 0.993439766758119
1652 0.993770582359224
1653 0.994200643145805
1654 0.994617771654103
1655 0.995156721720443
1656 0.995762039341667
1657 0.996339625354546
1658 0.996884151026846
1659 0.997378004983372
1660 0.99778526934893
1661 0.998170328356546
1662 0.998476229378833
1663 0.99870153414835
1664 0.998935642030177
1665 0.999143001099398
1666 0.999451232972514
1667 0.999872998187789
1668 1.00032624158448
1669 1.00082118457641
1670 1.00131894015086
1671 1.00174911669775
1672 1.00214306887143
1673 1.00252572979642
1674 1.00293954051757
1675 1.00350399940106
1676 1.00411117535337
1677 1.0047715709714
1678 1.0054069361019
1679 1.00591928882951
1680 1.00646935578996
1681 1.00706123383116
1682 1.00768758058357
1683 1.00837472949537
1684 1.00897420832373
1685 1.00949921990134
1686 1.01003376355583
1687 1.01042800232755
1688 1.01075337465762
1689 1.01110521232028
1690 1.01142880166815
1691 1.01176457237113
1692 1.01215988996309
1693 1.01255809941142
1694 1.01286819096883
1695 1.01323858556421
1696 1.0136613445263
1697 1.01396323579463
1698 1.01429068593823
1699 1.0146847351675
1700 1.01512161198607
1701 1.01571784640699
1702 1.01626140919766
1703 1.01684949180593
1704 1.01730937392903
1705 1.01770511302606
1706 1.01805439014836
1707 1.01822121593283
1708 1.01849625977568
1709 1.01879511896514
1710 1.01912298443892
1711 1.01956298702988
1712 1.01989119243099
1713 1.02013049868455
1714 1.02047667335255
1715 1.0208253157942
1716 1.02117962162342
1717 1.02158472048993
1718 1.02200485963641
1719 1.02247534767253
1720 1.02283858988459
1721 1.02321297817014
1722 1.02351625347566
1723 1.02364967032335
1724 1.02387648771045
1725 1.02413269616043
1726 1.02441098620056
1727 1.02469953698793
1728 1.02501465740155
1729 1.02537801446336
1730 1.0257297005781
1731 1.02608347767139
1732 1.02642316463582
1733 1.02677891168933
1734 1.02707558008505
1735 1.02736789237495
1736 1.02766383436207
1737 1.0278786548103
1738 1.02816720862164
1739 1.02848364308039
1740 1.02880180512008
1741 1.02912307527699
1742 1.02948990107709
1743 1.02990380734197
1744 1.03028066413499
1745 1.03074012567666
1746 1.03106194449397
1747 1.0313395812819
1748 1.0316770348906
1749 1.03191443106899
1750 1.03226855890643
1751 1.0326659487439
1752 1.03292577545157
1753 1.03318000534045
1754 1.03343712829779
1755 1.03364173808775
1756 1.03388715017057
1757 1.03419375021709
1758 1.03454423126915
1759 1.03500496913088
1760 1.03547949761715
1761 1.0359408210601
1762 1.03638528915177
1763 1.03670122538258
1764 1.03700960618569
1765 1.0373795106976
1766 1.03761886553337
1767 1.03783947758093
1768 1.03814457478363
1769 1.03840555141055
1770 1.03881425940749
1771 1.03927930595447
1772 1.03965771423473
1773 1.04002185804778
1774 1.04033530964259
1775 1.04068489149801
1776 1.04104343775903
1777 1.04132849212568
1778 1.04157833595237
1779 1.04189482614987
1780 1.04216825285529
1781 1.04267957592
1782 1.04318191737649
1783 1.04358987286764
1784 1.04389926445701
1785 1.04420528833439
1786 1.04445575053377
1787 1.04480638095079
1788 1.04534040949635
1789 1.04584916845746
1790 1.04637337145113
1791 1.0467817792528
1792 1.04719668180752
1793 1.0477312907281
1794 1.04808071598042
1795 1.04846300507371
1796 1.04878717276553
1797 1.04895370718734
1798 1.04939379919319
1799 1.05000644840161
1800 1.05072270603483
1801 1.057907368424
1802 1.05824967426368
1803 1.05875178116593
1804 1.05902670285279
1805 1.05918930780555
1806 1.059128410421
1807 1.05930647620143
1808 1.05947370393336
1809 1.05967084576928
1810 1.06003957217538
1811 1.06032250245192
1812 1.06041283039567
1813 1.06051636997646
1814 1.0607442176581
1815 1.06098253677113
1816 1.06111222668874
1817 1.0611333395502
1818 1.06130322750166
1819 1.06149452618298
1820 1.06165940901826
1821 1.06184619862941
1822 1.06197755789092
1823 1.06193913615659
1824 1.06178689986698
1825 1.06185176860621
1826 1.06209100122669
1827 1.06227416703228
1828 1.06253549298573
1829 1.0627296810717
1830 1.0629158784878
1831 1.06302234917421
1832 1.06302677913241
1833 1.06311924834932
1834 1.06324395069284
1835 1.06336298720459
1836 1.06358566655969
1837 1.0639777415076
1838 1.06426301636164
1839 1.06457793134587
1840 1.06488702840717
1841 1.06497465846706
1842 1.06506331072066
1843 1.06527366508082
1844 1.06536139015569
1845 1.06534783148072
1846 1.06539471269829
1847 1.0654683033032
1848 1.06546999664097
1849 1.06549372214247
1850 1.06563175038771
1851 1.06572610446037
1852 1.06566680409831
1853 1.06559882857186
1854 1.06558723130054
1855 1.06552507819698
1856 1.06551291523285
1857 1.06538033391533
1858 1.06516673248041
1859 1.06484807902436
1860 1.06458204392744
1861 1.06408996597757
1862 1.06347176026515
1863 1.06268137319645
1864 1.06190429863133
1865 1.06114454654433
1866 1.06023827815329
1867 1.05945482663249
1868 1.05873349513798
1869 1.05797293862464
1870 1.05738932484429
1871 1.05687617444999
1872 1.05628061736732
1873 1.05553930531336
1874 1.05461064024671
1875 1.05365401037618
1876 1.05245688768506
1877 1.05102114328448
1878 1.04931306603198
1879 1.04730284578035
1880 1.04506096382434
1881 1.04261367438344
1882 1.04003058037522
1883 1.03739568148398
1884 1.03446024537422
1885 1.03147095162005
1886 1.0283335981671
1887 1.02498177705835
1888 1.02133979925222
1889 1.01748848625876
1890 1.01330009798016
1891 1.00889071929602
1892 1.00407974709149
1893 0.999133281248279
1894 0.994103424852638
1895 0.988768365164963
1896 0.98330281170471
1897 0.977926982222333
1898 0.972509221976697
1899 0.96742489973068
1900 0.962593057255561
1901 0.958008083220573
1902 0.953622842199292
1903 0.949422747097123
1904 0.945681010011901
1905 0.942346861666658
1906 0.939339382740282
1907 0.936990121865007
1908 0.934954360407077
1909 0.93303448029241
1910 0.931517235108204
1911 0.930307530070946
1912 0.929465376489271
1913 0.928945786354825
1914 0.928827692458441
1915 0.929094383030496
1916 0.929811167542454
1917 0.930621469976242
1918 0.931593303521483
1919 0.932747180979125
1920 0.933911333353959
1921 0.935185611563797
1922 0.936624470787287
1923 0.938118350552382
1924 0.939730729425654
1925 0.941282343906937
1926 0.942922371342154
1927 0.944605553951803
1928 0.946102865304464
1929 0.947644370576959
1930 0.94918462583196
1931 0.950547494973017
1932 0.952015913400463
1933 0.95355851422742
1934 0.955000260240203
1935 0.956367437783346
1936 0.957892113796783
1937 0.959286315149019
1938 0.960591915113579
1939 0.961896117597226
1940 0.963163592095521
1941 0.964681881756147
1942 0.966326492560383
1943 0.967797303412639
1944 0.969411805916487
1945 0.970828680281305
1946 0.972002431553003
1947 0.973177611805562
1948 0.974312443100079
1949 0.975404875068878
1950 0.976580010475647
1951 0.97754215147322
1952 0.978415975582754
1953 0.9794149722481
1954 0.980407904274286
1955 0.981218826690809
1956 0.982332497792213
1957 0.983723125116207
1958 0.984960925488418
1959 0.98626268476997
1960 0.98748840413698
1961 0.988623359074941
1962 0.989904512888633
1963 0.991170225203777
1964 0.99248233213812
1965 0.99398127782035
1966 0.99520102147283
1967 0.996455748603357
1968 0.997747972953142
1969 0.998914734717042
1970 0.999930220978013
1971 1.00106021658612
1972 1.00213166046307
1973 1.00323961833171
1974 1.00458221745775
1975 1.00575853751948
1976 1.00693231881463
1977 1.00806838182062
1978 1.00918123395655
1979 1.01017609179425
1980 1.01128735306045
1981 1.01242467814285
1982 1.01362590375308
1983 1.01490567018926
1984 1.01611137174464
1985 1.0173254908011
1986 1.01858890785026
1987 1.01972518060125
1988 1.02088650938799
1989 1.02198556762432
1990 1.02303690227184
1991 1.02414111753363
1992 1.02523529602073
1993 1.02629345537609
1994 1.02743457367771
1995 1.02842075541141
1996 1.02922372523729
1997 1.03017455409323
1998 1.03115621261437
1999 1.03210737619989
2000 1.0330732111421
2001 1.03396903921971
2002 1.03489144296137
2003 1.03563106487872
2004 1.03667231681981
2005 1.0379678928152
2006 1.03909908939882
2007 1.04039458131737
2008 1.04149376493764
2009 1.04238418968212
2010 1.04329926371267
2011 1.04413048632383
2012 1.04499242192566
2013 1.04588233601637
2014 1.04679935129301
2015 1.04774634097715
2016 1.04872676786678
2017 1.0497687635706
2018 1.050948349905
2019 1.05191253541215
2020 1.05286194083617
2021 1.05373802961121
2022 1.05436333650901
2023 1.0551452098375
2024 1.0560810635337
2025 1.05688453657755
2026 1.05747203866205
2027 1.05810098629798
2028 1.05860040399895
2029 1.05900778992835
2030 1.05956039610876
2031 1.06022307465664
2032 1.06083621864687
2033 1.06141609213081
2034 1.0621216081621
2035 1.06297609794057
2036 1.0636656388672
2037 1.06440905227433
2038 1.06506486302943
2039 1.06546516136432
2040 1.06599835760771
2041 1.06681814161756
2042 1.06749698210828
2043 1.06813794975481
2044 1.06888396923065
2045 1.06942897653891
2046 1.06970972965356
2047 1.07020892076654
2048 1.07077510598507
2049 1.07127620262103
2050 1.07175132034653
2051 1.07229074662136
2052 1.0728006778489
2053 1.07337278818476
2054 1.07401619924392
2055 1.07480987910981
2056 1.07541715803912
2057 1.07592543674328
2058 1.07651140061027
2059 1.07704375042421
2060 1.07763379919535
2061 1.07836393330687
2062 1.07893623604035
2063 1.07946195214588
2064 1.0799499106604
2065 1.08026421452116
2066 1.08069234450345
2067 1.0811759296734
2068 1.0816400954725
2069 1.08202217034526
2070 1.0825690825937
2071 1.08293957416887
2072 1.08310665696966
2073 1.08354503182776
2074 1.08405271805953
2075 1.08459202595198
2076 1.0853525379256
2077 1.08595384132276
2078 1.08652202390382
2079 1.08698899410854
2080 1.08747835796651
2081 1.08776504421467
2082 1.08779821434371
2083 1.08792658184278
2084 1.08788038890919
2085 1.08795636249124
2086 1.08815697438946
2087 1.08845004171099
2088 1.08881780371497
2089 1.0894059848785
2090 1.08976342663917
2091 1.09015781264038
2092 1.0904105011531
2093 1.09028407703002
2094 1.09057149242863
2095 1.09121220382479
2096 1.09149477102607
2097 1.09171158254586
2098 1.09203949508985
2099 1.09217577189574
2100 1.09224894246631
2101 1.09285902721649
2102 1.09364175008126
2103 1.09412931629174
2104 1.09447709577344
2105 1.09505786401796
2106 1.09570778245258
2107 1.09616914351653
2108 1.0966898161499
2109 1.09719850044037
2110 1.09741152700447
2111 1.09784744726784
2112 1.09856372626827
2113 1.09916879444723
2114 1.09969618060613
2115 1.1002761122805
2116 1.10095675765332
2117 1.10154130982588
2118 1.10206695886469
2119 1.10261749830234
2120 1.1031000264316
2121 1.10343231041136
2122 1.10395325251339
2123 1.10462268060115
2124 1.10509842408656
2125 1.10566292043288
2126 1.10598888533019
2127 1.10591164798177
2128 1.10615371778012
2129 1.10647941850672
2130 1.10676391819823
2131 1.10734336874375
2132 1.10760647327007
2133 1.10760288391631
2134 1.1075592263522
2135 1.10780296659863
2136 1.10787003993525
2137 1.10787081784765
2138 1.10798216367059
2139 1.10795648977723
2140 1.10762237167313
2141 1.10752579117045
2142 1.10772895312234
2143 1.10750452782755
2144 1.1071326540562
2145 1.10664871146989
2146 1.10586397846118
2147 1.10517274723934
2148 1.10439391317662
2149 1.10367866975802
2150 1.10299504221388
2151 1.10224362793174
2152 1.10144757107653
2153 1.10075022578254
2154 1.09990085791498
2155 1.09916715831813
2156 1.09821160566266
2157 1.09711814589217
2158 1.09614318078256
2159 1.09513755696449
2160 1.09404749481928
2161 1.09308393997319
2162 1.09190072856975
2163 1.0904066714004
2164 1.08907880332072
2165 1.08776770806636
2166 1.08642152090402
2167 1.08499134390942
2168 1.08374559718701
2169 1.08263364366176
2170 1.08143376406699
2171 1.08040912572372
2172 1.07921959661147
2173 1.07777466673108
2174 1.07635332114927
2175 1.07522493026782
2176 1.07434210907846
2177 1.0730705354077
2178 1.07193597420699
2179 1.07049682638578
2180 1.0684878649037
2181 1.06694578356953
2182 1.06552008647554
2183 1.0641287262734
2184 1.06296978905834
2185 1.0616093008853
2186 1.06038728878916
2187 1.05880815637686
2188 1.05673229758819
2189 1.05503349562434
2190 1.05328956680396
2191 1.05156951774582
2192 1.05010039166102
2193 1.04861899897983
2194 1.04700352584248
2195 1.04548830385745
2196 1.0442553560582
2197 1.04299854557381
2198 1.04158240389917
2199 1.04012657413539
2200 1.03862856129733
2201 1.03695069364525
2202 1.03535650665739
2203 1.03359053721282
2204 1.03234771518418
2205 1.03104557404556
2206 1.03045343890958
2207 1.03059469033853
2208 1.03069829975187
2209 1.03113351894735
2210 1.03180711838903
2211 1.03264027288195
2212 1.03370761942278
2213 1.03539208520092
2214 1.0367584838361
2215 1.0380450209923
2216 1.03949179526058
2217 1.04108063513126
2218 1.04237578809007
2219 1.04392311847515
2220 1.04550992036111
2221 1.04667686306289
2222 1.04756034902296
2223 1.04841966560441
2224 1.04911177801198
2225 1.04965657051812
2226 1.05001972799255
2227 1.05044164878556
2228 1.05057901683162
2229 1.05097368436471
2230 1.05154521000832
2231 1.05202330451648
2232 1.05263324023479
2233 1.0530794449307
2234 1.0532877335608
2235 1.0537646710229
2236 1.05429664470762
2237 1.05483900243639
2238 1.05579667275152
2239 1.05625699749689
2240 1.05648133245379
2241 1.05659052500192
2242 1.05611249124303
2243 1.05604698600153
2244 1.0561416660287
2245 1.05610757429003
2246 1.05657805464849
2247 1.05744102662425
2248 1.05804370697361
2249 1.05846636487042
2250 1.0587960321407
2251 1.05881710636358
2252 1.05904317595633
2253 1.05937711527402
2254 1.0595043363138
2255 1.05921079382933
2256 1.05975454824535
2257 1.06067845903397
2258 1.06143140929464
2259 1.0628423718449
2260 1.06371097499599
2261 1.06405446056928
2262 1.06462545233628
2263 1.0653293849309
2264 1.06583037945732
2265 1.06618151687739
2266 1.06654100585996
2267 1.06691419558706
2268 1.06713138500093
2269 1.06724272550989
2270 1.06725668977488
2271 1.06690601937161
2272 1.06681949112154
2273 1.06679165750205
2274 1.06690189712999
2275 1.06718571109328
2276 1.06754654584852
2277 1.06809036584473
2278 1.06864498088497
2279 1.06887074502748
2280 1.06897727327801
2281 1.06875726444962
2282 1.0681106718813
2283 1.06797951015942
2284 1.06801525979489
2285 1.06799534559698
2286 1.06819909643422
2287 1.06815747385047
2288 1.06797809004405
2289 1.06786083989609
2290 1.06764876895664
2291 1.06769918808086
2292 1.06782242165968
2293 1.06793771912274
2294 1.06843757472648
2295 1.06835557554568
2296 1.06779243960828
2297 1.0676868837647
2298 1.06753589087369
2299 1.06740416266343
2300 1.06778601391811
2301 1.06753019481
2302 1.06666998204212
2303 1.06619107089259
2304 1.0654890979238
2305 1.06516763292348
2306 1.06505460211
2307 1.06516673882509
2308 1.06562294501023
2309 1.06609008343304
2310 1.06714134000222
2311 1.0675788769925
2312 1.06764064834996
2313 1.0677411431046
2314 1.06751719912356
2315 1.06735577388939
2316 1.06723651039731
2317 1.06713693452038
2318 1.06679708862865
2319 1.06675162107968
2320 1.06715065133949
2321 1.06722557607131
2322 1.06708093266481
2323 1.06698346935785
2324 1.06649575572608
2325 1.0666064087288
2326 1.06734148214051
2327 1.06764077826164
2328 1.06758750077972
2329 1.06679631805529
2330 1.06563954802678
2331 1.06508922953444
2332 1.06443504231957
2333 1.06365022138105
2334 1.06364696981342
2335 1.06345658765841
2336 1.06308926867244
2337 1.06322313480064
2338 1.06276257514267
2339 1.06145235687454
2340 1.06094157515587
2341 1.06093144841763
2342 1.059975174774
2343 1.05830763753784
2344 1.05798323832402
2345 1.05787223292313
2346 1.05779327089884
2347 1.05906395097785
2348 1.05904237940423
2349 1.05776018717154
2350 1.05744085589698
2351 1.05739762978464
2352 1.05735711461733
2353 1.057697528902
2354 1.0576978014796
2355 1.05747385568311
2356 1.05751084689028
2357 1.05807550727148
2358 1.05711502248382
2359 1.05482853555388
2360 1.05424285799333
2361 1.05334998380208
2362 1.05309955141576
2363 1.05510650643251
2364 1.05513143995556
2365 1.05360424413896
2366 1.05317232217215
2367 1.05283299446669
2368 1.0524844157074
2369 1.05233451235511
2370 1.05235201940277
2371 1.05239792467032
2372 1.05243281975793
2373 1.05306624597206
2374 1.0529998884764
2375 1.0523036154235
2376 1.05199241008538
2377 1.05143305431499
2378 1.05109815418929
2379 1.05178501108159
2380 1.05095942106196
2381 1.04891002964304
2382 1.04768947592145
2383 1.04570341978664
2384 1.04443226845722
2385 1.04423408991114
2386 1.04378267443857
2387 1.04306130688558
2388 1.04273569974137
2389 1.0432758988865
2390 1.04277818001732
2391 1.04196162115302
2392 1.04129659655209
2393 1.03966524049949
2394 1.03892895080856
2395 1.0392143956537
2396 1.03854239673548
2397 1.03709122146754
2398 1.03680190170848
2399 1.03716813045362
2400 1.03662950597068
2401 1.03651143298995
2402 1.03596854138603
2403 1.03419456998888
2404 1.03338784480294
2405 1.03374928020588
2406 1.03298049366926
2407 1.03189973934343
2408 1.0299758976862
2409 1.02604289264443
2410 1.02425634558184
2411 1.02334540664236
2412 1.02230539007776
2413 1.02275039282562
2414 1.02227395884963
2415 1.02116349932648
2416 1.01968898454963
2417 1.01722761360657
2418 1.01652780952458
2419 1.01609658071615
2420 1.01595694361532
2421 1.0186268737426
2422 1.01826490943946
2423 1.01583656431605
2424 1.0139851251565
2425 1.01113396652028
2426 1.00850369442665
2427 1.00580165622388
2428 1.00371322610349
2429 1.00128059713227
2430 0.999603809931398
2431 0.998731220402354
2432 0.997852647312097
2433 0.998222386997127
2434 0.996389846683327
2435 0.993337249831794
2436 0.991865197832886
2437 0.989615508676149
2438 0.987367568704434
2439 0.986568995975293
2440 0.985053451030266
2441 0.981681667402084
2442 0.980164233727045
2443 0.981541512544546
2444 0.982164826100293
2445 0.981945666322641
2446 0.979914384568234
2447 0.975751695027522
2448 0.973743787265015
2449 0.972432419567959
2450 0.971386748356696
2451 0.971353743919554
2452 0.971571843376765
2453 0.969224931151808
2454 0.966289108794997
2455 0.965510481564903
2456 0.960757805164084
2457 0.956746357938624
2458 0.957635859332367
2459 0.955580900666518
2460 0.95453310180568
2461 0.956915609841121
2462 0.956693355531634
2463 0.957535345964831
2464 0.954867994213441
2465 0.952564297630964
2466 0.947796142674939
2467 0.945546793259427
2468 0.946148062789262
2469 0.945671388656255
2470 0.946991631966184
2471 0.946015964163141
2472 0.94133558508143
2473 0.940049303120306
2474 0.939122399381008
2475 0.938150115139634
2476 0.940802273148467
2477 0.941285757669403
2478 0.93994501154078
2479 0.939751638191343
2480 0.939293317884801
2481 0.937841187223921
2482 0.936489345636059
2483 0.934369163660792
2484 0.931914354089989
2485 0.928997136024953
2486 0.925018342982979
2487 0.921993367130439
2488 0.91760601798966
2489 0.915669932200451
2490 0.914807719866732
2491 0.919225861994742
2492 0.923011835498197
2493 0.92559386846194
2494 0.928923765843436
2495 0.927561976953949
2496 0.924443317902535
2497 0.920718735358627
2498 0.912478116247656
2499 0.904914323688695
2500 0.904176513740573
