"Wavelength" "M046a_m5-w1"
350 0.0935766284336761
351 0.0875591972353941
352 0.0839787126464119
353 0.0835641999453921
354 0.0834919055439138
355 0.0808457082950131
356 0.0809341346484141
357 0.084242015949934
358 0.0869302723111032
359 0.0857815736190443
360 0.0839249193864128
361 0.0837995953912934
362 0.0850813658664912
363 0.085133660983468
364 0.0835700065556708
365 0.0813265489105874
366 0.0812453800228389
367 0.080973511011103
368 0.0820721359284776
369 0.0870913432722212
370 0.0882998198092171
371 0.0843591189975891
372 0.077953902082835
373 0.0753083614396756
374 0.0800065634738308
375 0.0848598689220586
376 0.0841919247883614
377 0.0814648972109477
378 0.0803123197768097
379 0.0806929424467626
380 0.0806781499451829
381 0.078333073393086
382 0.0778536194841248
383 0.0797497532675411
384 0.0807864348500058
385 0.0792580105275346
386 0.0782345106324883
387 0.0794179091140401
388 0.0798319393036624
389 0.0808559229582896
390 0.0813802669583354
391 0.0801455294219075
392 0.0784101234408418
393 0.078949018162439
394 0.0801967071452723
395 0.077794689570793
396 0.077972710454047
397 0.0787262535131327
398 0.0784353494217135
399 0.0784433321328388
400 0.0789659079001186
401 0.079449171850243
402 0.0793148456340179
403 0.079039289272394
404 0.0787877934619431
405 0.0787499897721256
406 0.0790729343583943
407 0.0791658138241924
408 0.0789300325989242
409 0.0786916697625087
410 0.0794870503432418
411 0.0795643372719263
412 0.0796088864327901
413 0.0804840900292225
414 0.0801817475411905
415 0.0800245520607894
416 0.0804279789094195
417 0.080907397983069
418 0.0806706315620237
419 0.0804502245930362
420 0.0807846980713499
421 0.0813702901943296
422 0.0815295579885421
423 0.0815987387464546
424 0.0820900987851772
425 0.0822436149575188
426 0.0824774382350023
427 0.0826969147980255
428 0.0823120759208668
429 0.0826135328079839
430 0.0832723950103122
431 0.0837920392753036
432 0.0841316495072598
433 0.0840498896263997
434 0.0840261005616585
435 0.0846450422280135
436 0.0847894967291273
437 0.0849597713384266
438 0.0853729068409045
439 0.0857336548398475
440 0.0861051976759856
441 0.0864264181974877
442 0.0865878083187198
443 0.086308679526939
444 0.0865712107761839
445 0.0870945905864965
446 0.0869548715027803
447 0.0871152950942003
448 0.0874926559991106
449 0.0878383338967475
450 0.087837210524001
451 0.0879253065342854
452 0.0880874394864895
453 0.0882573720008327
454 0.0888604869749002
455 0.0891410968629544
456 0.0891208957402726
457 0.0894791669181228
458 0.0897342286249652
459 0.0897986278145248
460 0.0897754808347967
461 0.090020268908259
462 0.0906147001114929
463 0.0910697960023631
464 0.0908481247009129
465 0.0908450310843107
466 0.091143892351521
467 0.0915175021912337
468 0.0914589771220967
469 0.0915984115312389
470 0.0918374775780516
471 0.0920219796444049
472 0.0925014625727579
473 0.0926601679150872
474 0.0926226686847439
475 0.0929517257010831
476 0.0931556456363812
477 0.0932082046199955
478 0.0932234101823763
479 0.0934778964226959
480 0.0935576682784059
481 0.0937507905845956
482 0.0943769491612074
483 0.0944930563875154
484 0.0946174940184927
485 0.0949306173039595
486 0.0951555089802422
487 0.0953779778585852
488 0.0956317548889654
489 0.0958987968239251
490 0.096009336437765
491 0.0962545524258696
492 0.096575128823896
493 0.0967339755969175
494 0.0970360849798811
495 0.0974180651890829
496 0.0977509098424018
497 0.0978450060216638
498 0.0981056090476926
499 0.0985051065565757
500 0.0988573620647672
501 0.0990320421431387
502 0.0992148269306511
503 0.099443661702852
504 0.0995813920567658
505 0.0999692763492686
506 0.10035534633018
507 0.100533627697255
508 0.100868486349021
509 0.101213733065394
510 0.101557176096909
511 0.101953702832379
512 0.102194918234915
513 0.102414731745208
514 0.102726436595058
515 0.103137815854526
516 0.103379377126365
517 0.103531722968322
518 0.103795433080323
519 0.104180371371869
520 0.104595222825208
521 0.104936057733281
522 0.105094541515427
523 0.105272839314243
524 0.105594082407644
525 0.106070157559318
526 0.106432074038982
527 0.106721514215579
528 0.106989513628916
529 0.107290349086469
530 0.107667987771998
531 0.108072032173658
532 0.108434515463805
533 0.108674221831106
534 0.108929160090747
535 0.109290296829859
536 0.109783037654626
537 0.110144254307776
538 0.110470083715533
539 0.110835201767182
540 0.111226113889668
541 0.111624215319205
542 0.111982345700621
543 0.112279982405609
544 0.112653850290223
545 0.11300501726026
546 0.113310013595093
547 0.113629063036326
548 0.113925840035326
549 0.114288829362402
550 0.114758857563844
551 0.115154798553672
552 0.115562458928997
553 0.11600719752139
554 0.116464763832794
555 0.116812632896977
556 0.117167884188443
557 0.11759769873866
558 0.117978936082652
559 0.118438726977926
560 0.11894479407077
561 0.119398655344729
562 0.119736916007421
563 0.120060427602988
564 0.120410282918622
565 0.120726474289315
566 0.121044105960925
567 0.121333206920323
568 0.121559298990942
569 0.121722717964984
570 0.121999312997881
571 0.122396017923239
572 0.122759567041691
573 0.123087582427824
574 0.123454381700942
575 0.123891932716422
576 0.124262273708861
577 0.124568367897645
578 0.124859927459469
579 0.12520763160281
580 0.125539633469711
581 0.125871806498129
582 0.126199459058314
583 0.126454894655131
584 0.126704674301915
585 0.12696754792873
586 0.127249129507978
587 0.127580636970241
588 0.12790088473938
589 0.128195578236197
590 0.128514251465671
591 0.128715511751299
592 0.128961526655735
593 0.129367899746194
594 0.129546171435686
595 0.129756129870598
596 0.130062439288459
597 0.130358922493003
598 0.130671359719848
599 0.130954588876263
600 0.131212232248854
601 0.1316155971286
602 0.131886122408115
603 0.132045557296905
604 0.132267883836269
605 0.132570658624571
606 0.132887542035119
607 0.133173238754194
608 0.133430965563491
609 0.133747824813042
610 0.134077028642486
611 0.134339401772468
612 0.134552092134945
613 0.134797620375107
614 0.135099014401854
615 0.135409213120903
616 0.135653084382136
617 0.135901657506403
618 0.136216236030326
619 0.136488384219954
620 0.136786666733906
621 0.137094037121372
622 0.137334971057764
623 0.137543770231229
624 0.137813765194475
625 0.138166274309885
626 0.13843363809545
627 0.138705298554195
628 0.139009232716067
629 0.139335882080277
630 0.139605623109032
631 0.139823007180899
632 0.140042064038338
633 0.140380984058004
634 0.140676616521588
635 0.140940079131743
636 0.141230166148236
637 0.141549880095741
638 0.141870020975246
639 0.142166970710178
640 0.142426579569336
641 0.142703951402907
642 0.143020766029632
643 0.143370310287808
644 0.143701185607627
645 0.143975024497312
646 0.144243798588162
647 0.144601085027382
648 0.144925686337295
649 0.145231063884203
650 0.145542062637766
651 0.145867163879991
652 0.146211471922194
653 0.146536356520251
654 0.146806597444609
655 0.147115512206985
656 0.147420097418891
657 0.147714895574868
658 0.148051106900654
659 0.148346603025274
660 0.148661405411398
661 0.149041850544755
662 0.149348300865082
663 0.149689969678119
664 0.150049676950145
665 0.150324437765485
666 0.150667701463921
667 0.151011075717385
668 0.151305803925871
669 0.151624806661883
670 0.152002223647083
671 0.152376630125488
672 0.152670092454607
673 0.153029456062367
674 0.153444928480808
675 0.153839936450029
676 0.154063182776576
677 0.154390337279346
678 0.154786747065378
679 0.155146558231873
680 0.155463633623687
681 0.155833270245113
682 0.15624220593692
683 0.156586574908955
684 0.156870990878478
685 0.157191825800022
686 0.157588992352814
687 0.157919632382795
688 0.158303884667365
689 0.158729739951979
690 0.159123094647274
691 0.15944325107582
692 0.159800161281287
693 0.160214183826618
694 0.16055893890745
695 0.160922796648964
696 0.161299112602707
697 0.161664227230604
698 0.162036637148239
699 0.162415615242628
700 0.162797521000926
701 0.163177185455899
702 0.163586043300628
703 0.163961126966829
704 0.16428843856798
705 0.164713557352753
706 0.165102965043781
707 0.1654689705678
708 0.165879411620476
709 0.166323201035448
710 0.166700762311435
711 0.167026160713595
712 0.167467830048738
713 0.167857151924722
714 0.168241814237898
715 0.168677049266402
716 0.169026570766984
717 0.16943314704666
718 0.169900899696438
719 0.170332636046759
720 0.170724240231161
721 0.171098387589392
722 0.171486712990923
723 0.171932854263768
724 0.172370579808363
725 0.172769941616111
726 0.173130475365176
727 0.173519029160643
728 0.173948995730391
729 0.174403287029191
730 0.174837894080146
731 0.175240518879699
732 0.175660831917707
733 0.17611510085208
734 0.17648579396
735 0.176874137632248
736 0.177286333100349
737 0.177687996052877
738 0.178136484931774
739 0.178551615901033
740 0.178925345558204
741 0.17936675275928
742 0.179791164346024
743 0.180201752227796
744 0.180610446413902
745 0.180969774594827
746 0.181368625011001
747 0.18181214409537
748 0.182245082727695
749 0.182641345926749
750 0.183040115543604
751 0.183470871696496
752 0.183935956281127
753 0.184319619682631
754 0.184680202769325
755 0.185103303599204
756 0.185512196715611
757 0.185938999641338
758 0.186396258978508
759 0.186870540736754
760 0.187260845367347
761 0.187630302055828
762 0.18803022419775
763 0.188427873945804
764 0.188867103242124
765 0.189299102712766
766 0.189676153716319
767 0.190133775174775
768 0.190599145288788
769 0.191030533754653
770 0.191430157415734
771 0.191879175598008
772 0.192328109882258
773 0.192722856776867
774 0.193043655593267
775 0.193434912289867
776 0.193861219201243
777 0.194239600567401
778 0.194631795200144
779 0.19504313271805
780 0.195495429017696
781 0.196019819605846
782 0.196497818702237
783 0.196883287101493
784 0.19720223774323
785 0.197596423239549
786 0.198030060672355
787 0.198455766410434
788 0.198834421005088
789 0.199211612818022
790 0.199654512201339
791 0.200134306452647
792 0.200546870490852
793 0.200987008070899
794 0.201426139672043
795 0.201826977805802
796 0.202170898706302
797 0.202547557593602
798 0.202955580906884
799 0.203374135734725
800 0.203860873390628
801 0.204324546520452
802 0.204715012925528
803 0.205035068790332
804 0.205419996931975
805 0.205838102801511
806 0.206252626474071
807 0.206659646116566
808 0.20709078800002
809 0.207528073468347
810 0.207945632097707
811 0.208348164767421
812 0.208772235372316
813 0.209206310703101
814 0.209614069410095
815 0.21002065837061
816 0.210332831893078
817 0.21061614548814
818 0.211120379014907
819 0.211593952731455
820 0.212003330488066
821 0.212391962244659
822 0.212880589574428
823 0.21326920260548
824 0.213600215748754
825 0.214000265729267
826 0.214493105929253
827 0.214908892335746
828 0.21524805627665
829 0.215646127286869
830 0.216009904135318
831 0.216390476747465
832 0.21680807701502
833 0.217204944903266
834 0.217644559199881
835 0.218065161133025
836 0.218423387148212
837 0.218833411859526
838 0.219222829142567
839 0.219599776899197
840 0.220001469540389
841 0.220397788428298
842 0.22080320106036
843 0.221212494594335
844 0.221606413982702
845 0.222045795999166
846 0.222447579914565
847 0.222801624743293
848 0.223251318942497
849 0.223668698743227
850 0.224065898916348
851 0.224463361787394
852 0.224782077574925
853 0.225155478033073
854 0.225556996677905
855 0.225903149721918
856 0.226239308567477
857 0.226610606355915
858 0.22700709207414
859 0.227375536308268
860 0.227714989029312
861 0.228135470082646
862 0.228603513420022
863 0.228878648670825
864 0.229290382608335
865 0.229698681879234
866 0.22999496156657
867 0.230415006632555
868 0.230838106564046
869 0.231281460936146
870 0.231768376817964
871 0.232170171771541
872 0.232511801521954
873 0.232819291720858
874 0.23312171022545
875 0.233457466587681
876 0.233854057382451
877 0.234291090709327
878 0.23470453164719
879 0.235052971097636
880 0.235366132208028
881 0.235701474107126
882 0.23613118039031
883 0.236596670061456
884 0.237060416116347
885 0.237486577518433
886 0.237826941315764
887 0.238206410024061
888 0.238630370039056
889 0.239052082755329
890 0.239417069135892
891 0.2396839141967
892 0.239939159762717
893 0.240305491359333
894 0.240728783591789
895 0.241169796921712
896 0.241585943667626
897 0.241952184776273
898 0.242383908387643
899 0.24276737543412
900 0.243090831745512
901 0.243466370131512
902 0.243791276020874
903 0.24417433160054
904 0.244609170673825
905 0.244881135952063
906 0.245247452692593
907 0.245627267864104
908 0.245958747799876
909 0.246381060488569
910 0.24682424949604
911 0.247211101027161
912 0.247534532414197
913 0.247988464872453
914 0.248500433012165
915 0.248934411926988
916 0.249208671382965
917 0.249529007832225
918 0.249900685726657
919 0.250326997144142
920 0.250768758341495
921 0.251007435134412
922 0.251328211687118
923 0.251758852613763
924 0.252141184165439
925 0.25240029486142
926 0.252780967072179
927 0.25328942660454
928 0.253723735095171
929 0.254077748980753
930 0.254360857321532
931 0.254653977749454
932 0.255070756872675
933 0.25539994845567
934 0.255755444236976
935 0.256182471017181
936 0.256591655698132
937 0.256990831708377
938 0.257296679704472
939 0.257580766597478
940 0.258110589351525
941 0.258440731866371
942 0.258731661405128
943 0.259105919427521
944 0.259427450335652
945 0.259757015068331
946 0.260092101865974
947 0.260423638769327
948 0.260753302119654
949 0.261115141421169
950 0.261560970771874
951 0.262037635405848
952 0.262293574621745
953 0.262626742969744
954 0.263016800889714
955 0.263409708007463
956 0.263872404512588
957 0.264200388546593
958 0.264461342559804
959 0.264776109725011
960 0.265194639675235
961 0.265548417477087
962 0.265830168290399
963 0.266123671275801
964 0.266595211970873
965 0.267038334691061
966 0.267361376006636
967 0.267603081677832
968 0.268007178031408
969 0.268370017610693
970 0.268742647906052
971 0.269176711436017
972 0.269559316779767
973 0.269983852719237
974 0.270402199819235
975 0.270732392510591
976 0.270912680898725
977 0.271157906404642
978 0.271474958274409
979 0.271793736358524
980 0.27202657407544
981 0.272410268635494
982 0.27287086193659
983 0.273288291977927
984 0.273627434197794
985 0.274009341664228
986 0.274364626849573
987 0.274676294649939
988 0.275074746310395
989 0.275381137626321
990 0.275760156314747
991 0.276155063385198
992 0.276171306257371
993 0.276682942286526
994 0.277122897062827
995 0.277301412946354
996 0.277751507068886
997 0.277983220668339
998 0.278144471260637
999 0.278428508965031
1000 0.27890301782273
1001 0.279054252548224
1002 0.279365765641026
1003 0.279672472262228
1004 0.280007085143081
1005 0.280360842510841
1006 0.280668712739959
1007 0.280980651185369
1008 0.281262977991547
1009 0.281523483252979
1010 0.28182084885964
1011 0.282201544082803
1012 0.282598426703827
1013 0.282887470282548
1014 0.283142327830515
1015 0.283417529668143
1016 0.28367524564998
1017 0.283992804663787
1018 0.28442565214802
1019 0.284797268593411
1020 0.285172785375652
1021 0.285512593465739
1022 0.28580140532084
1023 0.286073890189952
1024 0.28641184977033
1025 0.286743648213475
1026 0.287069133854236
1027 0.287366174915855
1028 0.287597733641093
1029 0.287862942102022
1030 0.2881433607385
1031 0.288392883756629
1032 0.288679780944811
1033 0.289020614969483
1034 0.289251279247586
1035 0.289410606398555
1036 0.289682709783065
1037 0.289904513297048
1038 0.290103709496241
1039 0.290454048618486
1040 0.290783167778444
1041 0.290996120011922
1042 0.291232984608806
1043 0.291468972396886
1044 0.291682297143035
1045 0.292018793913228
1046 0.292391202969914
1047 0.292738484028373
1048 0.293087355912299
1049 0.293487522297889
1050 0.293812140700923
1051 0.294060838683031
1052 0.294365416032749
1053 0.294667264171692
1054 0.294966307854361
1055 0.295376881150615
1056 0.295792479803026
1057 0.296125513494483
1058 0.296464220290179
1059 0.296791290034909
1060 0.29705749652047
1061 0.297341185652607
1062 0.297641121010449
1063 0.29794846369819
1064 0.298237738112265
1065 0.298577588284906
1066 0.298968523933639
1067 0.299380303914151
1068 0.299756667282355
1069 0.300139261923448
1070 0.300512116961951
1071 0.300788537375463
1072 0.301093145955709
1073 0.301419386297992
1074 0.301712793828858
1075 0.302062856745151
1076 0.302429273285457
1077 0.302842965745453
1078 0.303217437243735
1079 0.303549731627091
1080 0.303857123644977
1081 0.304124147084499
1082 0.304381244004556
1083 0.304626839524956
1084 0.30487477987301
1085 0.305159627398195
1086 0.305460344571259
1087 0.305803746505853
1088 0.306166152193139
1089 0.306498600614237
1090 0.306813570777658
1091 0.307119562594688
1092 0.307409776486962
1093 0.307691223703577
1094 0.307957159006022
1095 0.308233760145757
1096 0.308488537930405
1097 0.308785276378482
1098 0.30913570942026
1099 0.309448888025976
1100 0.309764366568088
1101 0.310086795440415
1102 0.310324535374544
1103 0.310523991978432
1104 0.310793882921375
1105 0.311057858365388
1106 0.311311643172351
1107 0.311593695960008
1108 0.311869075150871
1109 0.312129126312081
1110 0.312381046733904
1111 0.31262541568447
1112 0.312868125865683
1113 0.313099462560712
1114 0.313304521650299
1115 0.313536713531056
1116 0.313774233987767
1117 0.314026889579603
1118 0.314299561179339
1119 0.314562372543506
1120 0.314814561451627
1121 0.315046750996931
1122 0.315235112299461
1123 0.315460839737586
1124 0.315698282090638
1125 0.315934474682435
1126 0.316201460159114
1127 0.316415386240857
1128 0.31660480060184
1129 0.316822025692766
1130 0.317034504379972
1131 0.317244729924656
1132 0.317501011946601
1133 0.317756305159384
1134 0.318007287900127
1135 0.318275155352336
1136 0.31852078720873
1137 0.31876653341701
1138 0.318979598162419
1139 0.319157348727248
1140 0.319360719458803
1141 0.319549894804188
1142 0.319753300495569
1143 0.319972362653801
1144 0.320199468529643
1145 0.320392997740883
1146 0.32059784855428
1147 0.320856126727139
1148 0.321100054777312
1149 0.321331458599718
1150 0.321543055522684
1151 0.321721408236144
1152 0.321898995191587
1153 0.322097762699786
1154 0.322331890272941
1155 0.322551946737881
1156 0.3227780331799
1157 0.322976734522219
1158 0.323144324341806
1159 0.323350482243938
1160 0.32355281563872
1161 0.323778501419256
1162 0.324024198227003
1163 0.324255819920387
1164 0.324463647328058
1165 0.324653901110931
1166 0.32485990437689
1167 0.325092842131853
1168 0.325340005641087
1169 0.325599071149524
1170 0.325840677089696
1171 0.326091204583345
1172 0.326318143522462
1173 0.326515062340875
1174 0.326727977638941
1175 0.326940855094828
1176 0.327152673281383
1177 0.327367905769044
1178 0.327585161843545
1179 0.327801270019571
1180 0.328015230206004
1181 0.328239977456402
1182 0.32843178431647
1183 0.32863870170824
1184 0.32884427956941
1185 0.329044234991961
1186 0.329286210481707
1187 0.329510311221671
1188 0.329738966144503
1189 0.329955147969989
1190 0.330179790234015
1191 0.330371533615198
1192 0.330523018360024
1193 0.33070885721886
1194 0.330888777424454
1195 0.331075236241667
1196 0.331283549416307
1197 0.331497617710994
1198 0.331734436419783
1199 0.3319322975721
1200 0.332117125256815
1201 0.332288780826339
1202 0.332438309528125
1203 0.332585970327487
1204 0.332750958757607
1205 0.33294587838683
1206 0.333119242936146
1207 0.333280797056748
1208 0.333454292962297
1209 0.333621690860646
1210 0.333806637477318
1211 0.33401693212747
1212 0.334204061335211
1213 0.334392268870482
1214 0.33458106346079
1215 0.334756731244724
1216 0.33492902362406
1217 0.335106706679865
1218 0.335274431989735
1219 0.33544281355496
1220 0.3356319225814
1221 0.335811917533961
1222 0.336007466193404
1223 0.336185814442465
1224 0.336351756341434
1225 0.336517640354631
1226 0.336683342987283
1227 0.336845271821843
1228 0.337000471595267
1229 0.33715384376704
1230 0.337308290466626
1231 0.337456661495654
1232 0.337602428195657
1233 0.337740900578514
1234 0.337849224893642
1235 0.337994208048927
1236 0.338156552795304
1237 0.338309417946544
1238 0.338523107524732
1239 0.338720222928023
1240 0.338889969585906
1241 0.339044634913341
1242 0.339207074731023
1243 0.339348207651891
1244 0.339499989924
1245 0.33966485522296
1246 0.339819884616514
1247 0.339976132738213
1248 0.340111319666519
1249 0.340215902664693
1250 0.340360071787822
1251 0.340521721890635
1252 0.340658696411375
1253 0.340813973366491
1254 0.340958905119458
1255 0.341081002701783
1256 0.341193564594602
1257 0.341321257867395
1258 0.341428379504957
1259 0.341501789652113
1260 0.341524510730698
1261 0.34158181453158
1262 0.341613548224285
1263 0.341701051060199
1264 0.341826296651537
1265 0.341941479589039
1266 0.34207502727439
1267 0.342211382108548
1268 0.342344061823712
1269 0.342492612109633
1270 0.34265657672068
1271 0.342832116534156
1272 0.343017888070709
1273 0.343208458963279
1274 0.343419385225134
1275 0.343624224702261
1276 0.343829987605489
1277 0.344034109669506
1278 0.344221950808472
1279 0.344433759904849
1280 0.344657343926709
1281 0.344883767842449
1282 0.345134608512394
1283 0.3454131885421
1284 0.345682841238886
1285 0.345967824669779
1286 0.346238307500945
1287 0.346502249079962
1288 0.346775622942045
1289 0.34707050213912
1290 0.347317719763297
1291 0.347556751284683
1292 0.347772742694827
1293 0.347919826209355
1294 0.348112506402865
1295 0.348333289153251
1296 0.348528129140192
1297 0.348693886644091
1298 0.348905256014947
1299 0.349136468803539
1300 0.34936388348465
1301 0.349570540707771
1302 0.349806440878603
1303 0.35001243970886
1304 0.350178665124249
1305 0.350347767666002
1306 0.350548876524118
1307 0.350680271609502
1308 0.350739690786207
1309 0.350843982096867
1310 0.350923150198594
1311 0.351040419945321
1312 0.3512011490204
1313 0.351332419148977
1314 0.35144619256514
1315 0.351592197620467
1316 0.351766910358839
1317 0.3519042245102
1318 0.352037333286246
1319 0.352179916456766
1320 0.352301407456591
1321 0.352418688827486
1322 0.352556668504996
1323 0.352694482856105
1324 0.352786031844118
1325 0.352843441239744
1326 0.352892954979599
1327 0.352906791344252
1328 0.352956177392378
1329 0.352988278481665
1330 0.35306508509082
1331 0.35318138171666
1332 0.353282508468084
1333 0.353397576920889
1334 0.353509400377486
1335 0.353623088284413
1336 0.353731203823189
1337 0.353858773075804
1338 0.353950534638585
1339 0.354007634546294
1340 0.354084522012484
1341 0.354144381136983
1342 0.354218223968258
1343 0.354312288329295
1344 0.354401922292105
1345 0.354508310929792
1346 0.354589415318005
1347 0.354659288827249
1348 0.354722464796076
1349 0.354781167409872
1350 0.354813697652281
1351 0.354870536907838
1352 0.354942603589551
1353 0.355001054874928
1354 0.355051790143837
1355 0.355118965949812
1356 0.355185530822884
1357 0.35526196132917
1358 0.35534876016165
1359 0.355445468179324
1360 0.355560555638746
1361 0.355656362522881
1362 0.355757647322728
1363 0.355849594327447
1364 0.35592882568184
1365 0.356001425199865
1366 0.356069468427237
1367 0.356135356932123
1368 0.356208492322956
1369 0.356247160468786
1370 0.356285346962868
1371 0.356289979336401
1372 0.356252769611481
1373 0.356189381474633
1374 0.356153292512762
1375 0.35612397510959
1376 0.356084177377281
1377 0.356063827209339
1378 0.356009336677221
1379 0.355925475370857
1380 0.355854307598308
1381 0.355788038148299
1382 0.355694653136953
1383 0.355612030344953
1384 0.355467865253606
1385 0.35526963467128
1386 0.355089287062611
1387 0.354900032704689
1388 0.354671409515569
1389 0.354450682192196
1390 0.354175835184093
1391 0.353816532963578
1392 0.353492325355603
1393 0.353156321505566
1394 0.35282329516806
1395 0.352501535793743
1396 0.352168004228664
1397 0.351827122842997
1398 0.351480482266574
1399 0.351131556615091
1400 0.350775176791226
1401 0.350424129088523
1402 0.350048336439004
1403 0.349646733009117
1404 0.349240695295977
1405 0.348835601831974
1406 0.348404804605349
1407 0.348008434814354
1408 0.347606893346173
1409 0.347268275492285
1410 0.346941153897598
1411 0.346686266548135
1412 0.346476861002166
1413 0.346338740426882
1414 0.346229702567233
1415 0.346235027997869
1416 0.346340921197568
1417 0.34648667337864
1418 0.34671391212353
1419 0.34699128516882
1420 0.347340721086925
1421 0.347693927389324
1422 0.348142873923897
1423 0.34852655764854
1424 0.348902224099121
1425 0.349258818685058
1426 0.349592239207127
1427 0.349911593101005
1428 0.350203333735783
1429 0.350497429631031
1430 0.350773952647191
1431 0.351059525757272
1432 0.351346959678293
1433 0.351648485493989
1434 0.351922274309032
1435 0.352191498073426
1436 0.352465904536058
1437 0.352736993775887
1438 0.352986375475949
1439 0.353235145760094
1440 0.353473906650313
1441 0.353681754124745
1442 0.353913257801409
1443 0.354160358179037
1444 0.354397096783327
1445 0.354634193850969
1446 0.354858801814056
1447 0.355089500475678
1448 0.355288765508058
1449 0.355449595669216
1450 0.355644003704292
1451 0.355842473785852
1452 0.356030549165667
1453 0.356231285902545
1454 0.356423608892962
1455 0.356595886894673
1456 0.356775006479461
1457 0.356973666549653
1458 0.357149433723745
1459 0.35731779154749
1460 0.357468612189538
1461 0.357607548906998
1462 0.357730583799203
1463 0.357825344381663
1464 0.357924228646704
1465 0.35799760465106
1466 0.358093741388945
1467 0.35817898007215
1468 0.358304507521737
1469 0.358459700305677
1470 0.358635639536142
1471 0.35882240226982
1472 0.359043999840949
1473 0.359265329741631
1474 0.35948408289611
1475 0.359693612866126
1476 0.359914989381925
1477 0.36010771583054
1478 0.360273425876072
1479 0.360452986057335
1480 0.36062177113375
1481 0.360804159338652
1482 0.361009684532332
1483 0.361174826264372
1484 0.361318351395503
1485 0.36148263709612
1486 0.361635747258886
1487 0.361785521696415
1488 0.361943057321853
1489 0.362109311050908
1490 0.36225789237082
1491 0.362428557814245
1492 0.362650850115342
1493 0.36281877742567
1494 0.362960265928016
1495 0.36310303449887
1496 0.363223511622067
1497 0.363349606910971
1498 0.363473510087954
1499 0.363600790833273
1500 0.363718841288525
1501 0.363847007103977
1502 0.363980599765121
1503 0.3641222778228
1504 0.364269185671282
1505 0.364424672462924
1506 0.36460074338025
1507 0.364764780821495
1508 0.364935845516089
1509 0.365090874811056
1510 0.3652189823102
1511 0.365365355431821
1512 0.365507472970628
1513 0.365661074363265
1514 0.365849681605844
1515 0.366012947534447
1516 0.366165364637729
1517 0.366324524853515
1518 0.366445417101203
1519 0.366527905631942
1520 0.366628603801421
1521 0.366714203604857
1522 0.366808494912851
1523 0.366911884517655
1524 0.367008894542732
1525 0.367089866537397
1526 0.367203910128195
1527 0.367331059071073
1528 0.367462333439705
1529 0.367618494399478
1530 0.367754396619559
1531 0.367894885013615
1532 0.368006776023493
1533 0.36808986500957
1534 0.368206095987148
1535 0.368318406417053
1536 0.368435672022077
1537 0.368587613604052
1538 0.368700256919126
1539 0.368774925213173
1540 0.368885790812507
1541 0.369005753647331
1542 0.36911839062337
1543 0.369251087934259
1544 0.369359761198391
1545 0.369456242427226
1546 0.369539185694244
1547 0.369608160464638
1548 0.369676375133196
1549 0.369718466001162
1550 0.36978494084523
1551 0.369842717481184
1552 0.36994175868722
1553 0.370056263556533
1554 0.370205748129335
1555 0.37041598103897
1556 0.370598622274331
1557 0.370832170881667
1558 0.370981762865502
1559 0.371083392232482
1560 0.371175061375395
1561 0.371196129821966
1562 0.371254273463022
1563 0.371311797823914
1564 0.371384498127276
1565 0.371457997259882
1566 0.371558698315129
1567 0.371711850504139
1568 0.371820014829499
1569 0.371950832632589
1570 0.372026185257727
1571 0.372016467028159
1572 0.372052425772311
1573 0.372069801615077
1574 0.372115267977115
1575 0.372199251785961
1576 0.372279150032087
1577 0.372349952448534
1578 0.372453654890843
1579 0.372567610033874
1580 0.372711804952165
1581 0.372909375404422
1582 0.373090955833301
1583 0.373319348028153
1584 0.373490642952915
1585 0.373628524331779
1586 0.373751607070042
1587 0.373829618219033
1588 0.373906102741215
1589 0.373963767462286
1590 0.374028787008692
1591 0.374110617715434
1592 0.374154152650453
1593 0.374163462068536
1594 0.374192335110298
1595 0.374187447152424
1596 0.374207237107026
1597 0.374246909771874
1598 0.374312479759536
1599 0.374401586881854
1600 0.374489310188567
1601 0.37463169092553
1602 0.37479421486023
1603 0.374897903517151
1604 0.375024807012349
1605 0.375125068853918
1606 0.375203527356184
1607 0.37525281431594
1608 0.375287971290844
1609 0.37532811029528
1610 0.375319620402299
1611 0.375385497871625
1612 0.37549816866613
1613 0.375582614216164
1614 0.3756788554546
1615 0.375770781384171
1616 0.375854328998576
1617 0.375948153176204
1618 0.376053097724318
1619 0.376152364414587
1620 0.376252981831715
1621 0.37633977931587
1622 0.376438645601866
1623 0.376481180770872
1624 0.376496574964146
1625 0.376490478536211
1626 0.3764163856757
1627 0.376444582383906
1628 0.376485975390853
1629 0.376569778955592
1630 0.376732413931228
1631 0.376837541254988
1632 0.376945155806978
1633 0.377027852692641
1634 0.377091133524732
1635 0.377159684888653
1636 0.377207750755157
1637 0.377286507197868
1638 0.377379327077206
1639 0.377465970202645
1640 0.377560451510705
1641 0.377659605102484
1642 0.377758556035011
1643 0.37785516972255
1644 0.377964277669291
1645 0.378058722356911
1646 0.378135035454052
1647 0.378238549969455
1648 0.378355816535976
1649 0.378454111904543
1650 0.378562636554006
1651 0.378644614438923
1652 0.378697481209326
1653 0.378776646401949
1654 0.378858095508231
1655 0.378927452234036
1656 0.379020807284791
1657 0.379106601012689
1658 0.379189972168943
1659 0.379278452675852
1660 0.379341502125984
1661 0.379373876889529
1662 0.379342659374633
1663 0.379324987595658
1664 0.379336294528229
1665 0.379311143943739
1666 0.379351848181464
1667 0.379425196892648
1668 0.379468201625889
1669 0.379560522338651
1670 0.379666161344265
1671 0.379726026501496
1672 0.379760072010466
1673 0.379800392384357
1674 0.379867508945084
1675 0.379995435711611
1676 0.380139156691003
1677 0.380265052062848
1678 0.380383540976687
1679 0.38045731643134
1680 0.380548606461376
1681 0.38067259711019
1682 0.380787601312936
1683 0.380899803289465
1684 0.380960483727997
1685 0.381015183039928
1686 0.381106355120588
1687 0.381159355879155
1688 0.381212621848968
1689 0.381269396700717
1690 0.381298778642839
1691 0.381345013355776
1692 0.381383114671737
1693 0.381402158273292
1694 0.381380150154308
1695 0.381345159025109
1696 0.381352036417589
1697 0.381375447364469
1698 0.381423079410488
1699 0.381527588432463
1700 0.381610571411317
1701 0.381682334817419
1702 0.381794990730217
1703 0.381951828570689
1704 0.382046961833728
1705 0.382151677208201
1706 0.382231559533284
1707 0.382250879843868
1708 0.382272133582343
1709 0.382303777742101
1710 0.382309865134933
1711 0.382262980716141
1712 0.382245087922662
1713 0.382238777451433
1714 0.38222070584458
1715 0.382225018409298
1716 0.38218841632998
1717 0.382074385430984
1718 0.382064105696267
1719 0.382093237083368
1720 0.382108397167797
1721 0.38221367826389
1722 0.382244989792971
1723 0.382199329608311
1724 0.382195052768257
1725 0.382194257141818
1726 0.382201090649682
1727 0.382214036677192
1728 0.382221302344075
1729 0.382246848074327
1730 0.382262376793934
1731 0.382248730328118
1732 0.382268632577173
1733 0.382306728880185
1734 0.382335165728771
1735 0.382407243034315
1736 0.382433127895998
1737 0.382408880352479
1738 0.382389409216653
1739 0.382364008751686
1740 0.382292644206953
1741 0.382253897504164
1742 0.382222567349958
1743 0.38216502096279
1744 0.382181257363219
1745 0.382260347888247
1746 0.382260231381422
1747 0.382271521145982
1748 0.382284189128167
1749 0.382208516245067
1750 0.382254298207468
1751 0.382313191792918
1752 0.382319265620931
1753 0.382397717099973
1754 0.382363188244592
1755 0.382256131279866
1756 0.382213392014488
1757 0.382169002639023
1758 0.382154070627795
1759 0.382243992920001
1760 0.382285264012687
1761 0.382272229469028
1762 0.38231046232637
1763 0.382294322744117
1764 0.382297855089837
1765 0.382337796681853
1766 0.382313220529121
1767 0.382280616690267
1768 0.382260585791961
1769 0.382235914902096
1770 0.382270375800652
1771 0.382360435758498
1772 0.382443298871571
1773 0.382423311077937
1774 0.382287093558951
1775 0.382216066217065
1776 0.382129079822771
1777 0.38206454636265
1778 0.382042228441318
1779 0.382026796498684
1780 0.381965694120574
1781 0.3819888854271
1782 0.382076735151944
1783 0.382084750800054
1784 0.382089409213923
1785 0.382052772693309
1786 0.381948877079778
1787 0.381975637510668
1788 0.382104695370687
1789 0.382200886707766
1790 0.382267361091728
1791 0.382237626605613
1792 0.38214357169976
1793 0.382086113076304
1794 0.382063098594768
1795 0.382019668949956
1796 0.38193056475263
1797 0.381867581084072
1798 0.381811964369014
1799 0.381823473528529
1800 0.381948406254429
1801 0.373894528975789
1802 0.373954756093872
1803 0.374078316693893
1804 0.374127296726874
1805 0.374153895171617
1806 0.374132206564459
1807 0.374147571414525
1808 0.374093850145702
1809 0.374158587349257
1810 0.374279955765154
1811 0.374445483832497
1812 0.374666867934769
1813 0.374804733479809
1814 0.374882794599915
1815 0.374982976421501
1816 0.375054571908289
1817 0.375037220921779
1818 0.375127943731401
1819 0.375306465173584
1820 0.375394910634015
1821 0.375409125801181
1822 0.375530942845646
1823 0.37565314727274
1824 0.375701718537739
1825 0.375766620539938
1826 0.375919268407499
1827 0.375978306266549
1828 0.375934708237442
1829 0.375933318790954
1830 0.375912841541837
1831 0.375929319530849
1832 0.376011632075212
1833 0.37607336642945
1834 0.376106695431853
1835 0.376152290292125
1836 0.376251073014369
1837 0.37633757372603
1838 0.376452163596266
1839 0.376680782415106
1840 0.376856004490825
1841 0.37683276446315
1842 0.376764208638827
1843 0.376754534789364
1844 0.376716224132549
1845 0.376685474771736
1846 0.376733953968046
1847 0.376729235289964
1848 0.376672929570391
1849 0.376609330736661
1850 0.376639364079256
1851 0.376624310547803
1852 0.376613178695248
1853 0.376612628029179
1854 0.376596754113299
1855 0.376595881165997
1856 0.376606102560811
1857 0.376649681035846
1858 0.376599967941322
1859 0.376493042199886
1860 0.376356696902561
1861 0.376179479664143
1862 0.375978040844895
1863 0.375860988734109
1864 0.37569294559799
1865 0.375575064406021
1866 0.3753693900143
1867 0.37512122407008
1868 0.374796674096198
1869 0.374552823183517
1870 0.374252780954088
1871 0.373985148218203
1872 0.373669301960551
1873 0.373249816564498
1874 0.372842249453847
1875 0.372341631669347
1876 0.371758767754008
1877 0.371130280217428
1878 0.370441775884417
1879 0.369624425422696
1880 0.368838511842662
1881 0.368116598146842
1882 0.36732349173034
1883 0.3665100982288
1884 0.365554405109582
1885 0.364505209553171
1886 0.363447964604363
1887 0.362345578372251
1888 0.361140337749396
1889 0.359897822695669
1890 0.358486654419564
1891 0.356951892329862
1892 0.355270278086119
1893 0.353549819094962
1894 0.351800957034211
1895 0.349920728925317
1896 0.348027850882106
1897 0.346097292185193
1898 0.34410106821894
1899 0.342228580007298
1900 0.340429991295667
1901 0.338723818109672
1902 0.337092134749287
1903 0.335472971643795
1904 0.334083364637007
1905 0.33276304221491
1906 0.331449940250563
1907 0.330455336710718
1908 0.329509444835237
1909 0.328606882435872
1910 0.327888853226225
1911 0.327304386000177
1912 0.326852935101697
1913 0.326549351220705
1914 0.326401189787246
1915 0.326353400211944
1916 0.326408375392708
1917 0.326440839652086
1918 0.3265432574741
1919 0.326661672409232
1920 0.326823394274134
1921 0.327042991936882
1922 0.32732736621573
1923 0.327646847185977
1924 0.328017132582697
1925 0.328414607691618
1926 0.328899944235285
1927 0.329317595114893
1928 0.329663161401847
1929 0.330032567861838
1930 0.330371166003051
1931 0.330699638290682
1932 0.331085343298282
1933 0.331539606503091
1934 0.331967425066922
1935 0.332387564539154
1936 0.332870135697738
1937 0.333324028299194
1938 0.333797949924017
1939 0.33423202955308
1940 0.334606339391041
1941 0.335079569436426
1942 0.335435824960945
1943 0.335803966322888
1944 0.33619794225278
1945 0.336592489163612
1946 0.336935994654152
1947 0.337307663386084
1948 0.337753545555005
1949 0.338070809158576
1950 0.338394596541856
1951 0.338748789022182
1952 0.339065083017759
1953 0.33946775441419
1954 0.339862974282167
1955 0.340280150402312
1956 0.340683571128659
1957 0.341098809347455
1958 0.341507630586337
1959 0.341920997128105
1960 0.342308646349164
1961 0.342680627058996
1962 0.343056059064933
1963 0.343444122565937
1964 0.343819041901542
1965 0.34422464452616
1966 0.344665616213538
1967 0.345097212560503
1968 0.345549364132323
1969 0.345951580567481
1970 0.346316397483787
1971 0.346727147578509
1972 0.347095412067982
1973 0.347538587328633
1974 0.348052415290274
1975 0.348509215992754
1976 0.348976378364579
1977 0.349298809348911
1978 0.349709021201544
1979 0.350176634308322
1980 0.350560035216452
1981 0.350914812262145
1982 0.351303771642464
1983 0.351583305166154
1984 0.351939912620432
1985 0.352383771161839
1986 0.352810489414434
1987 0.353246462376149
1988 0.353691670910027
1989 0.353984600198699
1990 0.354366903266828
1991 0.35476697185357
1992 0.355158363558037
1993 0.355537401385905
1994 0.355997365516994
1995 0.35636345307858
1996 0.356619175158996
1997 0.356957373925065
1998 0.357327494671131
1999 0.357683925402063
2000 0.358018380028349
2001 0.35834412001734
2002 0.358665929059985
2003 0.35891564157018
2004 0.35926568299797
2005 0.359696985766959
2006 0.360081126944769
2007 0.360497405413816
2008 0.360864088306997
2009 0.36115683186866
2010 0.3614966302861
2011 0.361826649794065
2012 0.362213479200072
2013 0.362557867053557
2014 0.362947244350056
2015 0.363302014520973
2016 0.363626714886213
2017 0.363963862811067
2018 0.364355017541684
2019 0.364618061429575
2020 0.364736310670618
2021 0.364996601982677
2022 0.365258978650423
2023 0.365528152022597
2024 0.365886061462389
2025 0.366277017561518
2026 0.366443969148892
2027 0.366616937323916
2028 0.366818626394063
2029 0.366993492812054
2030 0.36723494062737
2031 0.367545096954418
2032 0.367827540884194
2033 0.368120931341398
2034 0.368425048688288
2035 0.368769434475098
2036 0.369073867139358
2037 0.369361247245955
2038 0.369652252937182
2039 0.369946137092211
2040 0.370166905929794
2041 0.370492572690524
2042 0.370782542321674
2043 0.370981010657129
2044 0.371137243278359
2045 0.371263387047786
2046 0.371250226718291
2047 0.371360079153105
2048 0.371487834690001
2049 0.371641584352024
2050 0.371865441820021
2051 0.372058072579231
2052 0.372279560080029
2053 0.372473063916431
2054 0.372684537091564
2055 0.372784035401044
2056 0.372960524946272
2057 0.373114788639211
2058 0.373308210454867
2059 0.373522845710235
2060 0.373805189771844
2061 0.374229445305072
2062 0.374458858194696
2063 0.374677569159862
2064 0.374818147413479
2065 0.374691534096309
2066 0.374738387337947
2067 0.374849406215032
2068 0.374994927335591
2069 0.37515060820488
2070 0.375338504447864
2071 0.375396293339662
2072 0.375328036446664
2073 0.375404958962454
2074 0.375419162905208
2075 0.375592164971783
2076 0.375960808159158
2077 0.376221519707069
2078 0.376563723630751
2079 0.376774027075696
2080 0.376944710706913
2081 0.377021115117606
2082 0.37687307261768
2083 0.376877262638474
2084 0.376860792531058
2085 0.376917508404129
2086 0.37702324521143
2087 0.377279476439355
2088 0.377426086967915
2089 0.377525644358754
2090 0.377696420145715
2091 0.377914371820881
2092 0.378077705357097
2093 0.378220019467984
2094 0.378412922809231
2095 0.378689714859711
2096 0.378796270503985
2097 0.378770333477145
2098 0.378898567593743
2099 0.378988643761082
2100 0.379056266772728
2101 0.379338696940781
2102 0.379636249482775
2103 0.379813096291562
2104 0.379858190179313
2105 0.380011373929416
2106 0.380215787212577
2107 0.380324796022391
2108 0.380365786785438
2109 0.380499467609027
2110 0.380588370311603
2111 0.380729415497809
2112 0.381027111027611
2113 0.381228491978456
2114 0.38134503012649
2115 0.381522255033724
2116 0.381762361338841
2117 0.381895134775905
2118 0.382088157762046
2119 0.382312145398788
2120 0.382492228889481
2121 0.382648571327314
2122 0.382819139940283
2123 0.382972465916084
2124 0.383138252143524
2125 0.383373485870983
2126 0.383458237047834
2127 0.383381887806641
2128 0.383488719965481
2129 0.383570924743539
2130 0.383716460774222
2131 0.384145923588672
2132 0.384349494894495
2133 0.384455193733205
2134 0.384478392246518
2135 0.384524253404194
2136 0.384443675686066
2137 0.38431416674003
2138 0.384076519681195
2139 0.383995940461555
2140 0.383873569703317
2141 0.38381185901998
2142 0.384008057398198
2143 0.383902278442583
2144 0.383558405262378
2145 0.383364641758507
2146 0.383096235375978
2147 0.382894926730013
2148 0.382850874886028
2149 0.382714762354316
2150 0.382573895659633
2151 0.382343187784242
2152 0.382065948423795
2153 0.381674505353433
2154 0.381297362690033
2155 0.381136351586493
2156 0.380884696392428
2157 0.38072223933087
2158 0.38046642721825
2159 0.380150188209374
2160 0.379837987825363
2161 0.379563085250864
2162 0.379205466629931
2163 0.378747215915236
2164 0.378339815721866
2165 0.377860289868322
2166 0.377472794991506
2167 0.377205412815739
2168 0.37685980590461
2169 0.376484554433884
2170 0.376149747629181
2171 0.375814743873737
2172 0.375457581829718
2173 0.375081439160345
2174 0.374803178154862
2175 0.374468089058653
2176 0.374143840122482
2177 0.373660938661473
2178 0.373096119203774
2179 0.372596866688839
2180 0.371944063183993
2181 0.37147865908926
2182 0.37114640636619
2183 0.370791274591439
2184 0.370464273101074
2185 0.370165545978067
2186 0.370098163483797
2187 0.369712211015188
2188 0.369133221502278
2189 0.368605359170656
2190 0.367854387081707
2191 0.367192345329994
2192 0.366595635523987
2193 0.366044818719865
2194 0.365498884325415
2195 0.364979931542913
2196 0.364442115192581
2197 0.364024414619169
2198 0.363548853080109
2199 0.363009251514059
2200 0.362545063051378
2201 0.362169539566372
2202 0.361683161185363
2203 0.361118309686834
2204 0.360674994969463
2205 0.360180627435114
2206 0.35983540526744
2207 0.35952037563728
2208 0.359452143793479
2209 0.359536488679003
2210 0.359781815150238
2211 0.360376785747663
2212 0.360852902264241
2213 0.361506335739157
2214 0.361941828401506
2215 0.362185339965216
2216 0.362548456066754
2217 0.36289808549025
2218 0.363158763630971
2219 0.363585647667175
2220 0.36407434383352
2221 0.36444432075907
2222 0.364701514764556
2223 0.365112598271589
2224 0.365661226001254
2225 0.365935214196152
2226 0.366252907788437
2227 0.366305006792112
2228 0.365875767658283
2229 0.365852487637136
2230 0.365927271150939
2231 0.36595163265133
2232 0.36608426689783
2233 0.366240904076963
2234 0.366368053548799
2235 0.366483720136323
2236 0.366623966450218
2237 0.366898385002792
2238 0.367326566123984
2239 0.367477989266121
2240 0.367747553071521
2241 0.367788472900207
2242 0.367295741188839
2243 0.367092530413872
2244 0.367070539841104
2245 0.366791815630954
2246 0.366899688818599
2247 0.36709616244652
2248 0.367174641223754
2249 0.367380716035625
2250 0.3674754010992
2251 0.367501352007904
2252 0.367447327095076
2253 0.367279564398069
2254 0.367308350414918
2255 0.367151657808659
2256 0.367441255956278
2257 0.368279776105267
2258 0.368674485927399
2259 0.369185401721296
2260 0.369401875974151
2261 0.369184759590999
2262 0.369206683087524
2263 0.369154176183268
2264 0.369259372810127
2265 0.369551040134838
2266 0.369722542585326
2267 0.370056417983196
2268 0.37013453979421
2269 0.369871516481578
2270 0.369844013150445
2271 0.369706534880667
2272 0.369727948111891
2273 0.370125752425751
2274 0.370307520980199
2275 0.37051102449139
2276 0.370578424906351
2277 0.370508814259215
2278 0.370313263449829
2279 0.370111973080404
2280 0.369695418286041
2281 0.369369060405651
2282 0.369180308508765
2283 0.369260140876803
2284 0.369332569345794
2285 0.369329358509666
2286 0.36944248501453
2287 0.369371802304209
2288 0.369100058751975
2289 0.368979183744737
2290 0.368815943572494
2291 0.368813166925735
2292 0.368972830917436
2293 0.368938163944873
2294 0.368866391234363
2295 0.368914818329984
2296 0.369005096407123
2297 0.368928109395582
2298 0.368923453056701
2299 0.368783590009588
2300 0.368366007139465
2301 0.368005200111843
2302 0.367448547249078
2303 0.367372969606305
2304 0.36767422182857
2305 0.367619556620752
2306 0.367849492379054
2307 0.367795626483451
2308 0.36691215892801
2309 0.366752673727918
2310 0.367123316516361
2311 0.36728495703499
2312 0.36772812397272
2313 0.368027096196077
2314 0.36825908023672
2315 0.368288329510469
2316 0.36827269270735
2317 0.368072507187819
2318 0.367253445835829
2319 0.366935274076266
2320 0.366839188548311
2321 0.366809406919467
2322 0.36683212987861
2323 0.366862199624795
2324 0.366629164298102
2325 0.366350445051172
2326 0.366553145738448
2327 0.36689416929336
2328 0.366761734876733
2329 0.366720739835102
2330 0.366461104953075
2331 0.365890361233912
2332 0.365860218197788
2333 0.365656646250744
2334 0.365403739201045
2335 0.365445730278378
2336 0.365164751272098
2337 0.364659596970586
2338 0.364578843759812
2339 0.364670755155379
2340 0.364319848011855
2341 0.364033967185792
2342 0.363687262586328
2343 0.362736385652282
2344 0.362524409255681
2345 0.362892998395597
2346 0.3629588894189
2347 0.363187466628323
2348 0.363131255917192
2349 0.362853329650191
2350 0.362702373989521
2351 0.36235362504886
2352 0.362455576944815
2353 0.362783055444985
2354 0.363246266115011
2355 0.364292273393934
2356 0.364488898532403
2357 0.364551748324434
2358 0.364280636302977
2359 0.363094352197578
2360 0.362684157487166
2361 0.362234533696965
2362 0.362277962061144
2363 0.363266630803644
2364 0.363343566018361
2365 0.363408824780988
2366 0.363134382595261
2367 0.36176915943802
2368 0.361343875416862
2369 0.361264186244615
2370 0.361267664438897
2371 0.361798918649011
2372 0.362191718738275
2373 0.362944978701507
2374 0.362794605908734
2375 0.362084188387091
2376 0.361760305938695
2377 0.360722573993501
2378 0.360426157800367
2379 0.361123263954867
2380 0.361009944918372
2381 0.360627092046216
2382 0.360228227656342
2383 0.359444494443849
2384 0.359059401795488
2385 0.35859836569029
2386 0.358799594204068
2387 0.359974876821566
2388 0.359984661454773
2389 0.359831418635778
2390 0.359410155841256
2391 0.357954008859422
2392 0.35724076780581
2393 0.356738958690036
2394 0.356529186114238
2395 0.35705885741476
2396 0.356505702354317
2397 0.35566419482965
2398 0.355145890062892
2399 0.353237981117866
2400 0.353070582880739
2401 0.354691896661223
2402 0.354963303661374
2403 0.355549872419313
2404 0.355812365748334
2405 0.355521231792063
2406 0.354826384321328
2407 0.353517466168788
2408 0.353118575914918
2409 0.352568137597586
2410 0.352073692837051
2411 0.352730157833682
2412 0.352398541486682
2413 0.350876076954347
2414 0.350142264905092
2415 0.349709310638207
2416 0.349094116458756
2417 0.348257369766581
2418 0.348244627578209
2419 0.348959959836356
2420 0.349149144104878
2421 0.349877789701605
2422 0.349909182818281
2423 0.348945445397455
2424 0.348336104581742
2425 0.347719706951433
2426 0.34729740816391
2427 0.346818254164001
2428 0.346623164148773
2429 0.347151644031659
2430 0.346873380390788
2431 0.345977051336709
2432 0.345601028993935
2433 0.345426562415132
2434 0.343877913920291
2435 0.341687425928992
2436 0.340916599339382
2437 0.3394652660185
2438 0.339238768689522
2439 0.340880667622255
2440 0.341615285606245
2441 0.342075801711878
2442 0.341948120288937
2443 0.343240530694308
2444 0.344246012770267
2445 0.343652367139049
2446 0.343274773234935
2447 0.342031070800251
2448 0.338892885050471
2449 0.337472977716486
2450 0.337325559197471
2451 0.336349859979332
2452 0.337411102080493
2453 0.337873947132989
2454 0.335037767801238
2455 0.33364146529705
2456 0.334356257133543
2457 0.333546289091295
2458 0.335304618889076
2459 0.338181802364707
2460 0.336255006423248
2461 0.336548300791816
2462 0.337794337589431
2463 0.336190176927815
2464 0.334110639792573
2465 0.332568991796857
2466 0.32846579211634
2467 0.327861673590248
2468 0.332478549936061
2469 0.332990875239549
2470 0.332927708476284
2471 0.332407715698845
2472 0.327494025467606
2473 0.326251912100918
2474 0.327954359486479
2475 0.327149037333601
2476 0.325853466986912
2477 0.326689683373643
2478 0.328511799983015
2479 0.329524945176281
2480 0.331325931857752
2481 0.331837387527159
2482 0.33062955886
2483 0.329498802253466
2484 0.329038650850078
2485 0.32925977034979
2486 0.328264833592619
2487 0.327836274588532
2488 0.329121060722615
2489 0.328796643983363
2490 0.327027952503199
2491 0.326636935600821
2492 0.325505304608563
2493 0.324218042330671
2494 0.325339743554045
2495 0.327248613651702
2496 0.32992734238802
2497 0.33046510381701
2498 0.327819561031186
2499 0.324405223371987
2500 0.323535532500996
