"Wavelength" "M046a_m3-w1"
350 0.09214873274355
351 0.0910379794128675
352 0.0901503731275474
353 0.089467095767593
354 0.0881138321341205
355 0.0878914808712871
356 0.0889743753878213
357 0.0908709625837659
358 0.0926584084473774
359 0.0929097363683025
360 0.0912363130819585
361 0.0896417729618066
362 0.0942287187101062
363 0.0925132487737968
364 0.0878806826610759
365 0.0863049820299578
366 0.0854604416696684
367 0.0864641822595734
368 0.0887484816391776
369 0.0906847794194369
370 0.0898799842440753
371 0.0892814855797788
372 0.0894999024922058
373 0.0876721270985485
374 0.0881714868144334
375 0.0887351153135176
376 0.0872828058395531
377 0.0854830483395688
378 0.0869523536784451
379 0.08839845016459
380 0.0855330501351998
381 0.0861874892154442
382 0.0877410742836416
383 0.0886576294796981
384 0.0890278925216682
385 0.0864057066074607
386 0.0849473061440323
387 0.0866021889951755
388 0.0862976048939345
389 0.0872155711830674
390 0.0875529614833977
391 0.0851655360919696
392 0.0836789236739827
393 0.0832217757605729
394 0.0836180210071609
395 0.0845792913122266
396 0.0858562823623035
397 0.0863848793362681
398 0.0857801967129079
399 0.084863862984838
400 0.0851606105633493
401 0.0860468505330507
402 0.0862181513298439
403 0.0845292874912096
404 0.0843219798934848
405 0.0854896472020363
406 0.0854038305479797
407 0.0861265850862199
408 0.0858166001657645
409 0.0845303171643232
410 0.0870637767869544
411 0.0871319100749821
412 0.0863908444126046
413 0.0877111435453294
414 0.0874555515854291
415 0.0874441954506068
416 0.08821129570848
417 0.0889830652090987
418 0.088211595796413
419 0.0876652255723583
420 0.0883989330115962
421 0.0889187806822103
422 0.0896222821354935
423 0.0902330183468435
424 0.0903813910522825
425 0.0903433557661306
426 0.0901630982828549
427 0.0901461245034824
428 0.0907987748413917
429 0.0909429572672985
430 0.091333642764603
431 0.0924293152735861
432 0.0931316867467459
433 0.0927684440315614
434 0.092166072872651
435 0.0925968703618822
436 0.0930800505459701
437 0.0932432192058534
438 0.0932324649887193
439 0.0937465263590591
440 0.0943270614962275
441 0.0946007896287961
442 0.094481180620244
443 0.0946355865049685
444 0.0953324328320668
445 0.0960315584798933
446 0.095886158622975
447 0.0962035467253479
448 0.096612651942357
449 0.0968404158201524
450 0.0971264365136565
451 0.0973570467779383
452 0.097421357645595
453 0.0973880093545072
454 0.0981300581260644
455 0.0986108410067338
456 0.0986088874450166
457 0.0986648549496397
458 0.0989174573611857
459 0.0989941770305671
460 0.0988727613279273
461 0.0996072076247525
462 0.1003844459383
463 0.100669871501463
464 0.100306784424497
465 0.100740565754023
466 0.101295959548104
467 0.101511525748
468 0.101413031884784
469 0.101688643855228
470 0.102060920221579
471 0.102182652618738
472 0.102365756398309
473 0.102502990148732
474 0.102713010220189
475 0.103189633828835
476 0.103168528165805
477 0.103259271095846
478 0.103744281481537
479 0.103922776258836
480 0.1040602683485
481 0.104361016165244
482 0.104872967952789
483 0.104814361323704
484 0.105038949984483
485 0.105684957714087
486 0.106030934428384
487 0.106282586595284
488 0.106461283819972
489 0.106588464757186
490 0.106746677842286
491 0.10705217711339
492 0.107479971688351
493 0.107899547700682
494 0.108065122923704
495 0.108311510532819
496 0.108750620774811
497 0.108931108715599
498 0.109317530649436
499 0.109819354750779
500 0.110189412450873
501 0.110422638891114
502 0.110776240838836
503 0.111233052002821
504 0.111476003648279
505 0.111853751054397
506 0.112236389086319
507 0.112495036139942
508 0.112842446245758
509 0.11320771539854
510 0.113568564311225
511 0.113927992255499
512 0.114204781860253
513 0.114491935365651
514 0.114840227960753
515 0.115165020537929
516 0.115582583906062
517 0.115979672433174
518 0.116220575900678
519 0.116561640222454
520 0.117039569927637
521 0.117558216047292
522 0.117888043740572
523 0.1181753083405
524 0.118504655601368
525 0.118916302292425
526 0.119355754882332
527 0.119756430136811
528 0.120114849332085
529 0.120478222789408
530 0.120880886877272
531 0.121309539953285
532 0.121733332081807
533 0.122101183422858
534 0.122450945079022
535 0.122857583374857
536 0.123372838037764
537 0.123734754508386
538 0.124116473968074
539 0.124579252875406
540 0.124948455464253
541 0.125364584526005
542 0.125792480278215
543 0.126167265668839
544 0.126529969263729
545 0.126981162072777
546 0.127475427777398
547 0.127830266398235
548 0.128255883654999
549 0.128758114968407
550 0.129290722406694
551 0.129793311193722
552 0.130327687135205
553 0.130861439265225
554 0.131308829983359
555 0.131718269510915
556 0.132209931905346
557 0.132789006046125
558 0.133183209969833
559 0.133638880438836
560 0.134192511614173
561 0.1347631104775
562 0.135087828680056
563 0.135443224574383
564 0.135911571869461
565 0.136251610311191
566 0.136595711242458
567 0.136873313823288
568 0.137048817191233
569 0.137450785426977
570 0.137926374403399
571 0.138398656277085
572 0.138876047703033
573 0.139394893253341
574 0.139942440269103
575 0.140472593809598
576 0.14087270878048
577 0.141216159194571
578 0.141547539884544
579 0.141890981639626
580 0.142223070670783
581 0.142506985621231
582 0.14274975166505
583 0.143040466212229
584 0.143345147411516
585 0.14367929350505
586 0.14406480274333
587 0.144465633991527
588 0.144847761163404
589 0.145212468187828
590 0.145601846692273
591 0.145961520471823
592 0.146303466195504
593 0.146654284802695
594 0.14701927810994
595 0.147408845707047
596 0.147797740372245
597 0.148137370933423
598 0.14851069114179
599 0.148889647346219
600 0.149238911609048
601 0.149551619565146
602 0.149861664980981
603 0.150157242206164
604 0.150413635862336
605 0.150702668617836
606 0.151007059835368
607 0.151316926351894
608 0.151649576646442
609 0.152062386013278
610 0.152451666727507
611 0.152708406592949
612 0.153007435663376
613 0.153333186455549
614 0.153676497057837
615 0.154048182627343
616 0.154366070830567
617 0.154691981944218
618 0.15508006799082
619 0.155432090438373
620 0.155780600522782
621 0.156130474919497
622 0.156464149245663
623 0.156740382363702
624 0.157042564519158
625 0.157415831325662
626 0.157775584657229
627 0.158095078785373
628 0.158427156948826
629 0.158841939075161
630 0.15920859040683
631 0.159556857728565
632 0.159907275530663
633 0.160238803735763
634 0.160592623329369
635 0.160948770891884
636 0.161281672817786
637 0.161632345194977
638 0.162010835790272
639 0.162385018337796
640 0.16268828339133
641 0.163079399677376
642 0.16349008057477
643 0.163852132483002
644 0.164266553499633
645 0.164591391485463
646 0.16490394267747
647 0.165383573663604
648 0.165739615269417
649 0.166092305685568
650 0.166518843866364
651 0.166902968847342
652 0.167292969457752
653 0.16766644908712
654 0.167994578323855
655 0.168354900832411
656 0.168749903258393
657 0.169155968425252
658 0.169526068242446
659 0.16990909996274
660 0.170318799629088
661 0.170748279743688
662 0.171154548345332
663 0.171568502912295
664 0.171975857450697
665 0.172335693217068
666 0.172760189169538
667 0.173220802494651
668 0.173671017931155
669 0.174077979264523
670 0.174474258758668
671 0.174869625175914
672 0.175269429347187
673 0.17571780594608
674 0.176175907379724
675 0.17660254677981
676 0.17696100214466
677 0.177406971977214
678 0.177874604008511
679 0.178268561945974
680 0.178645370666815
681 0.179095069990287
682 0.179595410834303
683 0.180033943530654
684 0.180462833647105
685 0.180877257791442
686 0.181283415920921
687 0.181734859520946
688 0.182206195724025
689 0.1826853236847
690 0.183157099583066
691 0.18355469314338
692 0.183957851026855
693 0.184407874083318
694 0.184872521735861
695 0.185349530297472
696 0.185819597517911
697 0.18626982167722
698 0.186725385764533
699 0.187212490477178
700 0.187698760424344
701 0.188114069035611
702 0.188619698543487
703 0.189088934288837
704 0.189467439167352
705 0.189997757674795
706 0.190488477511666
707 0.190932205544889
708 0.191402551984947
709 0.191950457371789
710 0.192441755019952
711 0.192861064860881
712 0.193365242456063
713 0.193884874716551
714 0.194398651156432
715 0.194889920009696
716 0.195300714177859
717 0.195811583393298
718 0.196391320481103
719 0.196866752145246
720 0.197337248393083
721 0.197791822175112
722 0.198253909264776
723 0.198854529283583
724 0.199422199828973
725 0.199907780000421
726 0.200334690398363
727 0.200838003907757
728 0.201365962788643
729 0.201901157836922
730 0.202468947352109
731 0.202963115028033
732 0.20344336987523
733 0.203956594213606
734 0.204407044329803
735 0.204887544119395
736 0.205390756079643
737 0.205873782253341
738 0.206453571502226
739 0.206968626658895
740 0.207398711198674
741 0.207953771908037
742 0.208465620911509
743 0.208943376775815
744 0.209440584557778
745 0.210001022801864
746 0.210536668815006
747 0.211044644790816
748 0.211572422136838
749 0.212025172277054
750 0.2124929961232
751 0.213032918889419
752 0.213610414122317
753 0.214104816525205
754 0.214558494524582
755 0.21505203450519
756 0.215554924114644
757 0.216088799786258
758 0.216641924242089
759 0.217176449383062
760 0.217708192004476
761 0.218209372096784
762 0.218683484419681
763 0.219211502864759
764 0.219744564607782
765 0.220244801104075
766 0.220706827085793
767 0.221273212119371
768 0.221806020979677
769 0.222277432950916
770 0.222775014136014
771 0.223352316684869
772 0.223924302407341
773 0.224427871232985
774 0.22490718935699
775 0.225375059781824
776 0.225862842329741
777 0.226390181561738
778 0.226882262936163
779 0.227364500925855
780 0.227881878463555
781 0.228482373350592
782 0.22901551752839
783 0.229527410276633
784 0.230055197581887
785 0.230526942455821
786 0.231056473083712
787 0.231576341648872
788 0.232003537931583
789 0.232538643580303
790 0.233106205646112
791 0.233643810547642
792 0.234123867948429
793 0.234665310727813
794 0.235217815166282
795 0.235728702934695
796 0.236197228533124
797 0.236688084479016
798 0.237186250031085
799 0.237669144391131
800 0.238211407512741
801 0.238803509507385
802 0.239384327403719
803 0.239870257497168
804 0.240333703694208
805 0.24079556167159
806 0.241274174774929
807 0.241792251144221
808 0.24240005244104
809 0.243014544159247
810 0.243533043265186
811 0.243925628314175
812 0.244388251411731
813 0.244935779061504
814 0.245473518130715
815 0.245991298508473
816 0.246473857097362
817 0.246968831614298
818 0.247585076155421
819 0.248121196835856
820 0.248580415750662
821 0.249026486707223
822 0.249561976037849
823 0.24997701936993
824 0.250402513282492
825 0.251021492569641
826 0.25156899509729
827 0.252007601443865
828 0.252439208685603
829 0.253037482800505
830 0.253550764345724
831 0.254059632811557
832 0.254602015238661
833 0.255074367556075
834 0.255638788453053
835 0.256158416632825
836 0.25653751141526
837 0.257050981611149
838 0.257537683019782
839 0.258029961051443
840 0.258604811991626
841 0.25904772340323
842 0.259504947843516
843 0.260028864085431
844 0.260559938729465
845 0.261030824143487
846 0.261497163977751
847 0.261989812068175
848 0.26246119054733
849 0.263019567289252
850 0.2635749870246
851 0.264042935448916
852 0.264530396003665
853 0.264980931913717
854 0.265437671743874
855 0.26596057591087
856 0.266441848366805
857 0.266994288996013
858 0.267557752453347
859 0.267951504930017
860 0.268371549346786
861 0.268877986642145
862 0.269440659762978
863 0.269936316528408
864 0.270460127895446
865 0.270930180323148
866 0.271314356616151
867 0.271792216051201
868 0.272283757889927
869 0.272835576664548
870 0.273466412407274
871 0.273929222392937
872 0.274355426786686
873 0.27477140465773
874 0.275157365107212
875 0.275647815848456
876 0.276180487394379
877 0.276714561183952
878 0.277245555220088
879 0.277738773416414
880 0.27821030201282
881 0.278683361930214
882 0.279176681990148
883 0.279709819320079
884 0.280230944967557
885 0.280704691113982
886 0.281173753481871
887 0.281651837505094
888 0.282142537392922
889 0.282641927057906
890 0.28315058408897
891 0.283586562599211
892 0.284031698825369
893 0.284593820987161
894 0.285054922734526
895 0.285515634079079
896 0.286037625152639
897 0.286616242708032
898 0.287107123157831
899 0.287505381819458
900 0.287901372194508
901 0.288443309127705
902 0.288967271163225
903 0.289453291643662
904 0.289921577454661
905 0.290411502908169
906 0.290865276031911
907 0.291274399887196
908 0.291677180733052
909 0.292176891299641
910 0.292743827267071
911 0.293283447539186
912 0.29375420877531
913 0.294321928408974
914 0.294934337422614
915 0.295433921164313
916 0.295735417689501
917 0.296158328472224
918 0.296680715821573
919 0.297238043604116
920 0.297751383170069
921 0.298200399641747
922 0.298667658447677
923 0.299174127018098
924 0.29967842000994
925 0.300060688020457
926 0.300493602909982
927 0.301014897072579
928 0.301528063440392
929 0.301988036712367
930 0.302401356624015
931 0.302829052538605
932 0.303357886846173
933 0.303884362598581
934 0.304421036421748
935 0.30494315509095
936 0.305381367953625
937 0.305928683175635
938 0.306406616397955
939 0.306789424968544
940 0.30733009750642
941 0.307723517919189
942 0.308154561385407
943 0.308703329147342
944 0.309136323629093
945 0.309566290326549
946 0.31002199516846
947 0.310499864335757
948 0.310968398644456
949 0.311499987831525
950 0.312049466128747
951 0.312545891724893
952 0.312932018927065
953 0.313378154524834
954 0.313825846033193
955 0.314252355489489
956 0.314843003666647
957 0.315450233705052
958 0.315984921252748
959 0.316403842244764
960 0.316722490255522
961 0.317110442987855
962 0.31754624763746
963 0.317971503928618
964 0.31838583699518
965 0.318967717211278
966 0.319524611567725
967 0.31991076996465
968 0.320354080191838
969 0.320847070472973
970 0.321314738544141
971 0.321716319816392
972 0.322142139322118
973 0.322655722480081
974 0.323215751684614
975 0.323751423453209
976 0.324213612712206
977 0.324681282740566
978 0.325014642135399
979 0.32522497808009
980 0.325723040792431
981 0.326156957810885
982 0.326532320524051
983 0.326965835744614
984 0.327591307308401
985 0.328162078371151
986 0.328663940762841
987 0.329137605601612
988 0.329609642109853
989 0.329987079247688
990 0.330425191091539
991 0.330860850578653
992 0.330926232414697
993 0.331521032550243
994 0.332187006988471
995 0.332686406663028
996 0.333308818109247
997 0.333413293270231
998 0.333627301724655
999 0.334245487856845
1000 0.334960840231808
1001 0.32754933298398
1002 0.327958459920233
1003 0.328358560190366
1004 0.328778479203738
1005 0.329262664340964
1006 0.329670117568159
1007 0.330047527916967
1008 0.330406989481535
1009 0.330746399457363
1010 0.331116486233623
1011 0.331592411056743
1012 0.332047303580579
1013 0.33245172643759
1014 0.332826746747937
1015 0.333154540356873
1016 0.333575552041463
1017 0.333983554302893
1018 0.334453968165288
1019 0.334862404854006
1020 0.335275296436356
1021 0.335593837323525
1022 0.335892417966771
1023 0.336306276939479
1024 0.336684335064236
1025 0.337059305547563
1026 0.337541421322056
1027 0.337995474177008
1028 0.338416171551504
1029 0.338848870112579
1030 0.339263400264109
1031 0.339596375529067
1032 0.339974701628163
1033 0.340410669286582
1034 0.340799096881918
1035 0.341157844641174
1036 0.341533412907193
1037 0.341897565517106
1038 0.342231220458109
1039 0.34262014347464
1040 0.343028865069121
1041 0.343415590312891
1042 0.343774118774144
1043 0.344069906140449
1044 0.344424566122554
1045 0.344867731652318
1046 0.345295015659783
1047 0.345729600331553
1048 0.346217580694424
1049 0.346671876279458
1050 0.347032255794565
1051 0.347378898172859
1052 0.347786718556791
1053 0.348170496405341
1054 0.348550573908133
1055 0.349069027506466
1056 0.349512804015438
1057 0.349868581796438
1058 0.350310364567069
1059 0.350648396424022
1060 0.350915023153992
1061 0.351274907545792
1062 0.351636200586403
1063 0.351984954281504
1064 0.352350677993933
1065 0.352765080283619
1066 0.353140645772964
1067 0.353438853561176
1068 0.353742942275128
1069 0.354095965599671
1070 0.354428093111534
1071 0.354786695905387
1072 0.355127503546136
1073 0.355433058960182
1074 0.355787348372817
1075 0.356104051997886
1076 0.356414963318777
1077 0.356736851045156
1078 0.35705942530319
1079 0.357294459725403
1080 0.357539750033867
1081 0.357786624022586
1082 0.358045390438182
1083 0.358334297964084
1084 0.358607133704352
1085 0.358918415891329
1086 0.359229266443052
1087 0.359522302190533
1088 0.359832836657293
1089 0.360101088363886
1090 0.360336766402966
1091 0.360595763435182
1092 0.360837495516899
1093 0.36109315502709
1094 0.361366762451387
1095 0.361645735944468
1096 0.361926842657738
1097 0.362258990708402
1098 0.362604221414352
1099 0.362922670649422
1100 0.363201032305377
1101 0.363441295627705
1102 0.363671960180134
1103 0.363921269588544
1104 0.364228154616852
1105 0.364547998971984
1106 0.364843260897119
1107 0.36514267976887
1108 0.365452003453187
1109 0.365756992685243
1110 0.366032415397563
1111 0.366324060647498
1112 0.366651873606987
1113 0.366938694426408
1114 0.367253217966804
1115 0.367627916966064
1116 0.36796483993537
1117 0.368353416169849
1118 0.368741954507157
1119 0.369096201121776
1120 0.369457311860981
1121 0.369795676195663
1122 0.370085700572744
1123 0.370419987931653
1124 0.370776993456719
1125 0.37111934483438
1126 0.371468448741222
1127 0.371809686810799
1128 0.372145841282391
1129 0.372484511527877
1130 0.372863045374687
1131 0.373225212815722
1132 0.373576712100427
1133 0.373964138457463
1134 0.374299624564789
1135 0.374657090186918
1136 0.375022885385218
1137 0.375397182349893
1138 0.375732392837491
1139 0.376065163732584
1140 0.376393294072098
1141 0.376690175648454
1142 0.377018663878767
1143 0.377361843578958
1144 0.377718465783002
1145 0.378031272351994
1146 0.37835139963878
1147 0.378753264329657
1148 0.379114626965186
1149 0.379463155010645
1150 0.379833560028921
1151 0.3801424221455
1152 0.380433489200872
1153 0.38074422614107
1154 0.381077706535827
1155 0.381410751584332
1156 0.381771260622303
1157 0.382061601902358
1158 0.382282858897723
1159 0.382585203395588
1160 0.382877815859802
1161 0.38319984096287
1162 0.383556528093798
1163 0.383912249455276
1164 0.384204557570304
1165 0.384467655832711
1166 0.384759181143789
1167 0.385088475585649
1168 0.38541996781831
1169 0.385696104867484
1170 0.386000034849155
1171 0.386328841626751
1172 0.386624209943023
1173 0.386893848841721
1174 0.387192490349793
1175 0.387492231552222
1176 0.387776691178714
1177 0.388085655385208
1178 0.3883682764081
1179 0.388620355185431
1180 0.38886741886905
1181 0.389138141326857
1182 0.389391543615367
1183 0.389645387881615
1184 0.389887831784354
1185 0.390155292259113
1186 0.390452998854073
1187 0.390722262368102
1188 0.391018200913325
1189 0.391269460505308
1190 0.391472501958959
1191 0.391695252904328
1192 0.391900010177449
1193 0.392136127025626
1194 0.392389411205183
1195 0.392631664273197
1196 0.392908900709397
1197 0.393147409431665
1198 0.39336934883336
1199 0.393566522530262
1200 0.393739994067998
1201 0.39393147807466
1202 0.394133855011137
1203 0.394355972314489
1204 0.394583682730198
1205 0.394839746497854
1206 0.395071095132219
1207 0.395297339368382
1208 0.395524022272413
1209 0.395733970477248
1210 0.395971446654777
1211 0.396236491569235
1212 0.396479949831935
1213 0.396738172321634
1214 0.396973035359376
1215 0.397167267474413
1216 0.397379794837166
1217 0.397596493099261
1218 0.397808254122289
1219 0.398055368421243
1220 0.398290319241201
1221 0.398499174987279
1222 0.398692198044412
1223 0.398905248424104
1224 0.399096324165713
1225 0.399314446909683
1226 0.399585007107218
1227 0.399792615410343
1228 0.399961184180146
1229 0.40015318895964
1230 0.400323296520473
1231 0.400512628505763
1232 0.400717764989901
1233 0.400934648936474
1234 0.401153835577201
1235 0.401382343340979
1236 0.401635480382169
1237 0.401887481849456
1238 0.40213247338854
1239 0.402366473148465
1240 0.402607989543534
1241 0.402862507906458
1242 0.403078332188737
1243 0.403281737350199
1244 0.403477305613229
1245 0.403643621657841
1246 0.403814082384339
1247 0.403972529143587
1248 0.404151695133243
1249 0.404294828446316
1250 0.404510424095299
1251 0.404807154783129
1252 0.405059569692923
1253 0.405352518182176
1254 0.405603458653846
1255 0.405794516809397
1256 0.406008096315874
1257 0.406226974818647
1258 0.406442285789079
1259 0.406636756913149
1260 0.406822850621035
1261 0.407012486435467
1262 0.407181564056596
1263 0.407366801748907
1264 0.407564026794904
1265 0.407764114645427
1266 0.407954286167525
1267 0.408164409044894
1268 0.408393784921717
1269 0.408625635746565
1270 0.408867370553002
1271 0.409108736144856
1272 0.409372915560255
1273 0.409605064362844
1274 0.409824383518731
1275 0.410039110982272
1276 0.41021973945299
1277 0.410418377872967
1278 0.410627996440594
1279 0.410836753439365
1280 0.411025594803282
1281 0.411208853971799
1282 0.41139377744714
1283 0.4115465979448
1284 0.411745537770606
1285 0.41198631754447
1286 0.412184753022182
1287 0.412403233799846
1288 0.412572152007652
1289 0.412686120995371
1290 0.412821904097144
1291 0.412953153881107
1292 0.413068139767386
1293 0.413175881645881
1294 0.413282272868502
1295 0.413373196448006
1296 0.413459483225685
1297 0.413529628121072
1298 0.413623721666045
1299 0.413723263351862
1300 0.413830167784723
1301 0.413915076238068
1302 0.41402037757926
1303 0.414083863483059
1304 0.414099432136367
1305 0.41415057712955
1306 0.414216590577654
1307 0.414252999223434
1308 0.414280251321033
1309 0.414309629565438
1310 0.414305167251384
1311 0.414339402839474
1312 0.414400531713104
1313 0.41445357583245
1314 0.414513363156627
1315 0.414578392860277
1316 0.414641881664513
1317 0.414714732926255
1318 0.414784923497065
1319 0.414881096821602
1320 0.415006332392642
1321 0.415118204728155
1322 0.415218995385299
1323 0.415357029872504
1324 0.415504804928584
1325 0.41565593711483
1326 0.415807421339046
1327 0.415984140529085
1328 0.416155332767498
1329 0.416307379335535
1330 0.416485472379142
1331 0.416690138664736
1332 0.416887692400954
1333 0.417072878008866
1334 0.41729035151336
1335 0.417542665540471
1336 0.417768540509021
1337 0.418007371692949
1338 0.41822865540688
1339 0.418422629365241
1340 0.418627241246563
1341 0.418815537856909
1342 0.419035272667905
1343 0.419260952640447
1344 0.419508951158248
1345 0.419816680377836
1346 0.42008800808028
1347 0.420371109036211
1348 0.420621189104987
1349 0.420848714325208
1350 0.421045792440452
1351 0.42123628000843
1352 0.421404424023602
1353 0.421575935864684
1354 0.421717349123024
1355 0.421905272392902
1356 0.42211380470001
1357 0.422313172428458
1358 0.422534324386443
1359 0.422749637830854
1360 0.422936060085092
1361 0.423166115791566
1362 0.42342937078269
1363 0.423684142749585
1364 0.423971513119409
1365 0.424225541914772
1366 0.424469827095915
1367 0.424698376227121
1368 0.424927974720477
1369 0.425112045038413
1370 0.425274007808956
1371 0.42540270092116
1372 0.425479195613748
1373 0.425541573432206
1374 0.425604356948731
1375 0.425665127095969
1376 0.425709899606091
1377 0.425746743987932
1378 0.425785802801208
1379 0.425813039470637
1380 0.425837647554303
1381 0.425886542745468
1382 0.425876778343518
1383 0.425837422930183
1384 0.425780894225154
1385 0.425681072531804
1386 0.425593538387253
1387 0.425532766095499
1388 0.425391430463002
1389 0.425255570936134
1390 0.425012317713828
1391 0.424653015644168
1392 0.424304473335255
1393 0.423855124285692
1394 0.423476869591145
1395 0.423130060241555
1396 0.42276906847201
1397 0.422421781661228
1398 0.422080768558576
1399 0.421754707104987
1400 0.42139714680294
1401 0.421045708841792
1402 0.420683392869855
1403 0.420241379668644
1404 0.419791898599876
1405 0.419356246853901
1406 0.418902166739944
1407 0.418469540793819
1408 0.418024587597031
1409 0.417660843893043
1410 0.417295668336853
1411 0.417040051826162
1412 0.416872023072368
1413 0.416742046090018
1414 0.416637447669167
1415 0.416661830864354
1416 0.416756951445942
1417 0.416947337729237
1418 0.417277063863077
1419 0.417623389033755
1420 0.418053674875863
1421 0.41848255797942
1422 0.418974223827769
1423 0.419438653768576
1424 0.41994518427667
1425 0.420386312540746
1426 0.420794594133293
1427 0.421188573544072
1428 0.421512326583504
1429 0.421869248668337
1430 0.422220929090368
1431 0.422598584711808
1432 0.423006035380766
1433 0.423418957102381
1434 0.423809770083195
1435 0.424213623135004
1436 0.424548175377812
1437 0.424829904239278
1438 0.425125518455841
1439 0.425394297734713
1440 0.42565600731657
1441 0.425915812633821
1442 0.426160960629904
1443 0.426367686382805
1444 0.426617236876988
1445 0.426883289151118
1446 0.427143871731827
1447 0.427429699962018
1448 0.427685059299475
1449 0.427929355936021
1450 0.428158182547396
1451 0.428360643965492
1452 0.428580734059489
1453 0.428794565549367
1454 0.429012577436598
1455 0.429241825323725
1456 0.429468182885143
1457 0.42969648641212
1458 0.429916002357076
1459 0.430154930969276
1460 0.430351514513737
1461 0.430519719741739
1462 0.430680099572507
1463 0.430788977683218
1464 0.43093304880557
1465 0.431082773473717
1466 0.431243451053263
1467 0.431406685246351
1468 0.431605181516241
1469 0.431823220018133
1470 0.432061114330033
1471 0.432341362060223
1472 0.432624396680252
1473 0.432880365028312
1474 0.43312741418267
1475 0.433357549156855
1476 0.433555994357895
1477 0.433785870118908
1478 0.434020183465939
1479 0.434248170225675
1480 0.434484167906261
1481 0.434714885656897
1482 0.434947183485383
1483 0.435156166940742
1484 0.435353218594991
1485 0.435557692882732
1486 0.435738813911223
1487 0.435939782528533
1488 0.436149482555914
1489 0.436380837982488
1490 0.436627225903364
1491 0.436867175887044
1492 0.437145413306781
1493 0.437377020075962
1494 0.437581405990682
1495 0.437780212310056
1496 0.437940956010339
1497 0.438136471128989
1498 0.438357296836187
1499 0.438543216021424
1500 0.438719669264849
1501 0.43890847778941
1502 0.439073624731921
1503 0.439250713414635
1504 0.439437050601528
1505 0.439646429465261
1506 0.439884264576877
1507 0.440087949610637
1508 0.440315778975493
1509 0.440509948940848
1510 0.440646427500092
1511 0.440795968334076
1512 0.440919486029084
1513 0.441079289892439
1514 0.441262892614082
1515 0.441442037511423
1516 0.441641665126132
1517 0.441855159964417
1518 0.442047840238094
1519 0.44219024810539
1520 0.442357291047843
1521 0.442515602972085
1522 0.442655246500863
1523 0.442780882209546
1524 0.442918498732423
1525 0.443031923774842
1526 0.443189471331223
1527 0.443367138968486
1528 0.44356092281291
1529 0.443786498359375
1530 0.443990229303397
1531 0.444222598442786
1532 0.444390156350812
1533 0.444509414534295
1534 0.444661104947644
1535 0.44479224268745
1536 0.444936781311999
1537 0.44510383998043
1538 0.445261904588953
1539 0.445400737867128
1540 0.445560334771403
1541 0.445753385110418
1542 0.445906521907239
1543 0.446057303959059
1544 0.446178784170174
1545 0.446253884728822
1546 0.446361319226285
1547 0.446457558424604
1548 0.446573636980394
1549 0.446706647127868
1550 0.446850202723541
1551 0.447017327779856
1552 0.447162122722406
1553 0.447290921729659
1554 0.44745535977906
1555 0.447618170238004
1556 0.44779858491046
1557 0.448054838325457
1558 0.44823526846723
1559 0.448376744634072
1560 0.448518536757417
1561 0.448632394297026
1562 0.448734687004543
1563 0.448798938062954
1564 0.448913289631361
1565 0.449025037821328
1566 0.449160999546079
1567 0.449373721327164
1568 0.449534929542284
1569 0.449687430331028
1570 0.449813540653077
1571 0.449879966324902
1572 0.449993750989228
1573 0.45010971461848
1574 0.450237068699577
1575 0.450414587003111
1576 0.450562259418304
1577 0.450683095835449
1578 0.450821328581149
1579 0.45096276379177
1580 0.451102393427979
1581 0.451255077361918
1582 0.451399595470368
1583 0.451531807609732
1584 0.451669597776102
1585 0.451801491266676
1586 0.451945827891542
1587 0.452123433755996
1588 0.452262396940634
1589 0.452372548952058
1590 0.452501668268635
1591 0.45262629987232
1592 0.452733457392219
1593 0.452852681632438
1594 0.452961166823459
1595 0.453039766056278
1596 0.453116382563926
1597 0.453166111855627
1598 0.453258162536554
1599 0.453375512197997
1600 0.453482873545167
1601 0.453603037567216
1602 0.453761914789333
1603 0.453899053573486
1604 0.454030381460697
1605 0.454153625794617
1606 0.454287684163058
1607 0.454407975399266
1608 0.454503744731496
1609 0.454620376320711
1610 0.45474621097834
1611 0.454880763141012
1612 0.455018037375687
1613 0.455154696206342
1614 0.455298178872338
1615 0.45545804933382
1616 0.455630835546138
1617 0.455770602494117
1618 0.455908390426879
1619 0.456065072818236
1620 0.456212605558563
1621 0.456327791548589
1622 0.456462938254787
1623 0.456567874171079
1624 0.456617489824316
1625 0.4566853495612
1626 0.456761368558196
1627 0.456847241885451
1628 0.456894495170689
1629 0.457025773177882
1630 0.457229188288247
1631 0.45737816145803
1632 0.457543985599262
1633 0.457684758369445
1634 0.457794383779741
1635 0.457912265376003
1636 0.458024068052798
1637 0.458167293836287
1638 0.458320087992346
1639 0.45846075967128
1640 0.458621351128411
1641 0.458768406106264
1642 0.45889073767603
1643 0.459027625259005
1644 0.459196308553496
1645 0.459300041478778
1646 0.459361138111424
1647 0.459457661529686
1648 0.459539222852291
1649 0.459635176577219
1650 0.459760102661248
1651 0.459857822714818
1652 0.459921163109866
1653 0.460038863502079
1654 0.46017152648994
1655 0.460330798336194
1656 0.460531529390352
1657 0.460754933958313
1658 0.460926470817971
1659 0.461090679888514
1660 0.46122908660067
1661 0.461309439457106
1662 0.461376900504207
1663 0.461419451526072
1664 0.461467740050633
1665 0.461545315827378
1666 0.461671418908799
1667 0.461827902754822
1668 0.46197527168519
1669 0.462110641699988
1670 0.462227043086032
1671 0.462347661852635
1672 0.462485595413321
1673 0.462615427029353
1674 0.462758941020134
1675 0.46295972389969
1676 0.463150453456031
1677 0.46334050199089
1678 0.463563239938819
1679 0.463750082983976
1680 0.463915308817032
1681 0.464109716497044
1682 0.46429827379957
1683 0.464473123606378
1684 0.464655904140238
1685 0.464836542542939
1686 0.465008342484026
1687 0.465134739945901
1688 0.465204161231301
1689 0.465238869984923
1690 0.465260720291307
1691 0.465245373860174
1692 0.465285286369774
1693 0.465399731273227
1694 0.465494412815638
1695 0.465670825234117
1696 0.465890844774833
1697 0.466057434810344
1698 0.46620438410204
1699 0.466307461158588
1700 0.466455483924409
1701 0.466632800661267
1702 0.466824862678342
1703 0.467096422342457
1704 0.46727637811682
1705 0.467413871381879
1706 0.467532909063181
1707 0.467568782512688
1708 0.467632523803772
1709 0.46771912759501
1710 0.467780945428753
1711 0.467852890343278
1712 0.467875813724261
1713 0.46780176646445
1714 0.467836661675005
1715 0.467917492775605
1716 0.467967377206032
1717 0.46807208885296
1718 0.46814198768124
1719 0.468131549664566
1720 0.468195029703061
1721 0.468346625281704
1722 0.468433352948409
1723 0.468499937427864
1724 0.468558990638772
1725 0.468588351893506
1726 0.468628967542554
1727 0.468671666915555
1728 0.468717525121185
1729 0.468730984258239
1730 0.468793240179877
1731 0.468894213292245
1732 0.468988159572433
1733 0.469135723280338
1734 0.469215267072154
1735 0.469262080173403
1736 0.469308847683448
1737 0.469287090981874
1738 0.46935049958939
1739 0.46947683142232
1740 0.469551287438226
1741 0.469616085861011
1742 0.46969492119031
1743 0.469721896031799
1744 0.469783053293113
1745 0.469940276802125
1746 0.470046033791964
1747 0.470164506716368
1748 0.470289969747915
1749 0.470350819863021
1750 0.470403694597991
1751 0.470467959213646
1752 0.47050486546838
1753 0.470482087746006
1754 0.470504643848278
1755 0.470514032821373
1756 0.470547223700536
1757 0.470671031936356
1758 0.470807831005448
1759 0.470971972718011
1760 0.471053661799175
1761 0.471090822837445
1762 0.471123736198737
1763 0.471114741569967
1764 0.471180998219814
1765 0.471276621478315
1766 0.471282887825764
1767 0.47125793548636
1768 0.471247882917881
1769 0.471276252524229
1770 0.471417778148637
1771 0.471574051413984
1772 0.471663214716323
1773 0.471750689511879
1774 0.471801991103379
1775 0.471844482549101
1776 0.471885388895245
1777 0.471921143341427
1778 0.471913614598134
1779 0.471964827606507
1780 0.472040466001456
1781 0.472138841086167
1782 0.472277467329069
1783 0.472381741367819
1784 0.472490491937545
1785 0.472651855500696
1786 0.472790894934623
1787 0.47297284010281
1788 0.473215664687092
1789 0.473345881643832
1790 0.473454887796794
1791 0.473534417729429
1792 0.473556480316295
1793 0.4736212457396
1794 0.47359343710802
1795 0.473546659295759
1796 0.473516352934178
1797 0.473483629031701
1798 0.473534853407573
1799 0.473594153606386
1800 0.473706718450388
1801 0.471137920691569
1802 0.471229345804161
1803 0.471403709687135
1804 0.471530969488568
1805 0.47161399889966
1806 0.47171416709943
1807 0.471807670738831
1808 0.471796878640951
1809 0.471877008202676
1810 0.472020439008142
1811 0.472179469337743
1812 0.47233802790394
1813 0.472464022450345
1814 0.472594365448168
1815 0.472699012118084
1816 0.472816703340209
1817 0.47293809766413
1818 0.473021377879751
1819 0.47309663902884
1820 0.473193686037062
1821 0.473176149905595
1822 0.473144612261387
1823 0.473202868273916
1824 0.473199343029281
1825 0.473240393970306
1826 0.47338181507826
1827 0.473403693328123
1828 0.473307922700281
1829 0.473342021902826
1830 0.473359640092102
1831 0.473439249310943
1832 0.47365334103198
1833 0.473778902895467
1834 0.473809823737291
1835 0.473840784586948
1836 0.473874010742057
1837 0.473851884400421
1838 0.473880223515943
1839 0.473957199489699
1840 0.474005284750379
1841 0.474012279581927
1842 0.47404422183271
1843 0.474132923111956
1844 0.474152031893917
1845 0.474165728590296
1846 0.474240345315202
1847 0.474251572073279
1848 0.474204835242351
1849 0.474187830405711
1850 0.474226622071824
1851 0.474255929700329
1852 0.474303431011588
1853 0.474369551917382
1854 0.474388413982152
1855 0.474272314092383
1856 0.474160257730141
1857 0.474067915178494
1858 0.473973100598083
1859 0.47386985925868
1860 0.473813390263609
1861 0.473623443706605
1862 0.473353885144425
1863 0.473013662971505
1864 0.472694159170054
1865 0.472444229212772
1866 0.472140748967796
1867 0.471840414546546
1868 0.471544402194051
1869 0.471163989095257
1870 0.470841400646804
1871 0.470548943071311
1872 0.470121244512614
1873 0.469650753112981
1874 0.469174574031817
1875 0.468719618399895
1876 0.468207260174413
1877 0.467616065076911
1878 0.466948894254583
1879 0.466190721893023
1880 0.465297421567542
1881 0.464366462174682
1882 0.463430036979483
1883 0.462412060796608
1884 0.461273694193265
1885 0.460085405782067
1886 0.458817281703031
1887 0.457425782082631
1888 0.455908129301671
1889 0.454271274196656
1890 0.452521634382717
1891 0.450692464374689
1892 0.44873471428232
1893 0.446697546791386
1894 0.444598738863268
1895 0.442422607651133
1896 0.440189420768741
1897 0.437980800849234
1898 0.435770920033184
1899 0.433636610056395
1900 0.431510154924729
1901 0.429516751253961
1902 0.427605612178696
1903 0.425750399960035
1904 0.424037804605853
1905 0.422518702143556
1906 0.421159204214896
1907 0.420001850789524
1908 0.418956412322296
1909 0.418041897458888
1910 0.417258498419801
1911 0.416531702522561
1912 0.416019483765218
1913 0.415696945804201
1914 0.415520409992205
1915 0.415449766063721
1916 0.415630389997009
1917 0.41576723758219
1918 0.415875853466945
1919 0.416143022522121
1920 0.416365871860846
1921 0.416702368320594
1922 0.417231605162309
1923 0.417677348171164
1924 0.418116311093534
1925 0.418590985757758
1926 0.419067529608022
1927 0.419625601676745
1928 0.420167650819611
1929 0.420747689519978
1930 0.421309525473567
1931 0.421690847765251
1932 0.422167791493027
1933 0.422637781016209
1934 0.423131810988024
1935 0.423617784696937
1936 0.424252006413499
1937 0.424763606687134
1938 0.425218102387625
1939 0.425741210305965
1940 0.42624654010037
1941 0.426793769909064
1942 0.427444721711622
1943 0.428016977456852
1944 0.42855978350211
1945 0.429073711406858
1946 0.429567415349516
1947 0.430042150673519
1948 0.430464171964556
1949 0.430920149830141
1950 0.431459690642911
1951 0.431898894746225
1952 0.432319518158751
1953 0.432856814705123
1954 0.433318756434155
1955 0.433704390359591
1956 0.434155574934437
1957 0.434601972680477
1958 0.4351001514154
1959 0.435639485993322
1960 0.436193627310915
1961 0.436741613641176
1962 0.437312388795895
1963 0.437827848850757
1964 0.4383338735885
1965 0.43889476074462
1966 0.439382367897995
1967 0.439839904686146
1968 0.440212197757804
1969 0.440679444139856
1970 0.441150884118313
1971 0.441632622214427
1972 0.442160035652669
1973 0.442700712916636
1974 0.4432349656648
1975 0.443735563777229
1976 0.444245065205154
1977 0.44485148884031
1978 0.445341096624682
1979 0.44576101835268
1980 0.44619638362543
1981 0.446529930605322
1982 0.446983533309182
1983 0.447533319881056
1984 0.448018206857636
1985 0.448529480164291
1986 0.44904759858916
1987 0.44946829382729
1988 0.4499066353934
1989 0.450371744017378
1990 0.450836188970019
1991 0.451321274983456
1992 0.451820420447461
1993 0.452302666631764
1994 0.452830156486262
1995 0.453287783136309
1996 0.453675216993683
1997 0.454105677928077
1998 0.454540399628584
1999 0.454937786408085
2000 0.45534569829642
2001 0.455829598299365
2002 0.456343174758944
2003 0.456923931488153
2004 0.457416231951082
2005 0.457926466572248
2006 0.458409282466225
2007 0.45885329764312
2008 0.459255973390444
2009 0.459624498853481
2010 0.460009909925827
2011 0.460338788221388
2012 0.460683971977044
2013 0.461040147028305
2014 0.461424643147303
2015 0.461820570484635
2016 0.462192892801728
2017 0.462593694437196
2018 0.463103382524322
2019 0.463469066395094
2020 0.463740899871237
2021 0.464065373957619
2022 0.464317937072454
2023 0.46462960706599
2024 0.464999613649342
2025 0.46535874143252
2026 0.46576059149078
2027 0.466161446660151
2028 0.466402504253001
2029 0.466644263331558
2030 0.466857048829959
2031 0.46687131810513
2032 0.467098788521284
2033 0.467437306498191
2034 0.467775635431438
2035 0.468262860154327
2036 0.468617537805898
2037 0.468936623310495
2038 0.469232026059785
2039 0.469419390319963
2040 0.469647242180724
2041 0.469981238699918
2042 0.470233114320984
2043 0.470497688683822
2044 0.470821840769564
2045 0.471018976887531
2046 0.471127694115578
2047 0.471264905697705
2048 0.471333737247524
2049 0.471443118813616
2050 0.471530473649897
2051 0.471682759093916
2052 0.471787970831953
2053 0.472038308354634
2054 0.472459618149827
2055 0.472873804524507
2056 0.47319790616278
2057 0.473556663484419
2058 0.473882639361226
2059 0.474084627311901
2060 0.474400540321457
2061 0.474830735446001
2062 0.475167556421038
2063 0.475495490304715
2064 0.475776444518615
2065 0.476011991142111
2066 0.476242104474995
2067 0.47647207306056
2068 0.476608648914459
2069 0.476723065670294
2070 0.476961883974447
2071 0.477090204077198
2072 0.477143940294033
2073 0.477292874627411
2074 0.477389636109066
2075 0.477628641648734
2076 0.478050262245974
2077 0.478342457910301
2078 0.478676332947924
2079 0.47892822424182
2080 0.47915381765059
2081 0.479262548395297
2082 0.479211620595831
2083 0.479263558882126
2084 0.479251962667144
2085 0.479245802069027
2086 0.479348881109913
2087 0.479586155498205
2088 0.479769132989709
2089 0.479977296774713
2090 0.48016464240759
2091 0.480433523751936
2092 0.480546645895989
2093 0.480492938231445
2094 0.480594333474128
2095 0.480648472288895
2096 0.480775165032492
2097 0.481071654061904
2098 0.48130773678206
2099 0.481505078207287
2100 0.481740869589781
2101 0.482039023189871
2102 0.482225311606843
2103 0.482363719334941
2104 0.482397298242439
2105 0.482561475274554
2106 0.48270629977303
2107 0.48289422524582
2108 0.483186937331316
2109 0.483439943248209
2110 0.48363269802247
2111 0.483902790310316
2112 0.484301129715049
2113 0.484596632423298
2114 0.484819460199113
2115 0.485101469277538
2116 0.485382650877196
2117 0.485630421024633
2118 0.485989908509053
2119 0.48638865015475
2120 0.486574142192484
2121 0.486581294465236
2122 0.486753770762458
2123 0.486864367357563
2124 0.487021878946337
2125 0.487371474632754
2126 0.487529838107446
2127 0.487488637237626
2128 0.487595486817476
2129 0.48768538691483
2130 0.487839808829553
2131 0.488150229169285
2132 0.488356533319354
2133 0.488493970960488
2134 0.488724031724973
2135 0.488932061164643
2136 0.489019580984079
2137 0.488971097287025
2138 0.488789875583616
2139 0.48869515107769
2140 0.48846203743368
2141 0.488328451349202
2142 0.48832078940764
2143 0.488227218674225
2144 0.488074189138151
2145 0.487937094167497
2146 0.487887514358256
2147 0.487690037652021
2148 0.487406501322891
2149 0.487090367319207
2150 0.486651455044016
2151 0.486229998340911
2152 0.485785938696259
2153 0.485307722517236
2154 0.484906729093971
2155 0.484582783182953
2156 0.484298877046043
2157 0.484175430736832
2158 0.483870445663825
2159 0.483572710869855
2160 0.483141090935649
2161 0.482570340234018
2162 0.482011305184898
2163 0.48129486414476
2164 0.48075708145142
2165 0.480255124453501
2166 0.479796368508954
2167 0.479498121794177
2168 0.479119812074189
2169 0.478755383581487
2170 0.47833294289994
2171 0.477880120280254
2172 0.477385279294861
2173 0.476768488026583
2174 0.476166480089323
2175 0.47578993309687
2176 0.475627635433493
2177 0.47510851254467
2178 0.474659946405297
2179 0.474010881470256
2180 0.472881840780456
2181 0.472192342232621
2182 0.47166260093445
2183 0.471140420333058
2184 0.470803237652879
2185 0.470334521756696
2186 0.469925127429072
2187 0.469379213573891
2188 0.468620824084437
2189 0.468033111610528
2190 0.467424585134397
2191 0.466853026934889
2192 0.466453202040621
2193 0.46597934346349
2194 0.465439671666774
2195 0.464981704299093
2196 0.464379873932665
2197 0.463686843227944
2198 0.462958067141357
2199 0.462013136198039
2200 0.461326287616536
2201 0.460740931022257
2202 0.460123984764354
2203 0.459536681658693
2204 0.459090427697635
2205 0.458601191219406
2206 0.458352400778784
2207 0.45830121793456
2208 0.458397990290519
2209 0.45878320323729
2210 0.459030134390343
2211 0.459347198564705
2212 0.459685689255151
2213 0.459994785470474
2214 0.460305575317829
2215 0.460562421599251
2216 0.461053300675406
2217 0.461780195482315
2218 0.46226552920233
2219 0.462930288741288
2220 0.463714532343864
2221 0.464264176463529
2222 0.464584330326767
2223 0.46505638827945
2224 0.465658754594975
2225 0.465924695302185
2226 0.466012728969481
2227 0.466176210766789
2228 0.466076076126224
2229 0.466190670872239
2230 0.466469419261818
2231 0.466730539684534
2232 0.467101249284591
2233 0.467302612934166
2234 0.467512304806541
2235 0.467588354187929
2236 0.467297700506039
2237 0.467356563420888
2238 0.467607739964128
2239 0.467776671761356
2240 0.468140700025893
2241 0.468385633419159
2242 0.468494986126236
2243 0.468577528934742
2244 0.468709314033262
2245 0.468641762077587
2246 0.468561086142992
2247 0.468775863594934
2248 0.469022692902407
2249 0.46922522177995
2250 0.469297984907775
2251 0.46935341933129
2252 0.46921755301352
2253 0.468813311793651
2254 0.468651725146502
2255 0.46826308180449
2256 0.468421692597014
2257 0.469047007581019
2258 0.469445124087557
2259 0.470130204828848
2260 0.470566396724702
2261 0.470851863761774
2262 0.47104085551607
2263 0.471163050334394
2264 0.471245712764363
2265 0.471064112003131
2266 0.471064474804854
2267 0.471223369679086
2268 0.471240109881908
2269 0.471168837965632
2270 0.471202592570093
2271 0.471143240623247
2272 0.471227045944286
2273 0.471510356987258
2274 0.471755459222695
2275 0.472125866806185
2276 0.47236560777964
2277 0.472641091174755
2278 0.472726847606386
2279 0.472622162926674
2280 0.472447607358857
2281 0.471827210091651
2282 0.471405965485118
2283 0.47146602459162
2284 0.471294261127423
2285 0.471179690188403
2286 0.471327871812994
2287 0.471266268154605
2288 0.470911544486115
2289 0.470864520788722
2290 0.47110397814232
2291 0.471065922883797
2292 0.47085170013916
2293 0.470882294827097
2294 0.471030892335366
2295 0.4709571191817
2296 0.470932173842304
2297 0.470832046338192
2298 0.470452855065951
2299 0.470207313327718
2300 0.470126304184188
2301 0.469970401806753
2302 0.469689650136523
2303 0.469479364678992
2304 0.469336369697511
2305 0.469177951126515
2306 0.469033045435719
2307 0.468828009609293
2308 0.468462415243058
2309 0.468344029002675
2310 0.468278628668841
2311 0.468390876330365
2312 0.469071129961187
2313 0.469214516903924
2314 0.469116587600687
2315 0.468991163986917
2316 0.468396005154999
2317 0.468083000097727
2318 0.467938016433178
2319 0.467834171414958
2320 0.467993661190133
2321 0.467826871136297
2322 0.467714635019434
2323 0.467526703072674
2324 0.466899997914322
2325 0.466976893339868
2326 0.467459659394252
2327 0.467526065772513
2328 0.46756016847376
2329 0.467230442172563
2330 0.466725377047645
2331 0.466338943201386
2332 0.466192803085023
2333 0.466086653350998
2334 0.466140878650722
2335 0.466361036213315
2336 0.466141862818121
2337 0.465808564943212
2338 0.46569411519813
2339 0.465277001813035
2340 0.464996647531704
2341 0.465196144640371
2342 0.464902039300575
2343 0.464074001278996
2344 0.463852581262752
2345 0.463836794563391
2346 0.463604057820643
2347 0.463600004316961
2348 0.463376227284318
2349 0.462856256301303
2350 0.462544975629704
2351 0.462172207083582
2352 0.462060350011165
2353 0.461996647814467
2354 0.46239317801376
2355 0.463555299395772
2356 0.463874961320803
2357 0.464167559103362
2358 0.463896717660715
2359 0.462445734908355
2360 0.462159263873244
2361 0.46253744757094
2362 0.462428344882206
2363 0.462821720302386
2364 0.462449028471243
2365 0.460854849535795
2366 0.460348173277523
2367 0.460321942431698
2368 0.459988138145173
2369 0.459900926905744
2370 0.459844456095232
2371 0.459554700886691
2372 0.459281222927879
2373 0.459147137496228
2374 0.459287336277744
2375 0.459570650500951
2376 0.459585269173558
2377 0.459941475822458
2378 0.459948860841728
2379 0.459292032193962
2380 0.458945866181416
2381 0.458836945200323
2382 0.458592424978909
2383 0.458459140557873
2384 0.45781945062086
2385 0.456674325071838
2386 0.456108913026998
2387 0.454761421084258
2388 0.454948667560649
2389 0.457219360749534
2390 0.457592710645423
2391 0.457973385270249
2392 0.457830808975838
2393 0.455957131045323
2394 0.45514642587606
2395 0.454901781748572
2396 0.45448509806565
2397 0.45418565563321
2398 0.453917319190402
2399 0.453613847006525
2400 0.453417466344798
2401 0.453362739468831
2402 0.453032289605938
2403 0.452455983645269
2404 0.452572064134139
2405 0.453510201308196
2406 0.453145154315191
2407 0.452143583588478
2408 0.451824103250015
2409 0.450825384116602
2410 0.450087661794917
2411 0.450669151472877
2412 0.45012195407229
2413 0.448173371269923
2414 0.447308388090503
2415 0.44656291866878
2416 0.446375959079338
2417 0.447151356980275
2418 0.447067001463696
2419 0.446782774297161
2420 0.447049631384718
2421 0.447481639221611
2422 0.447553216563239
2423 0.448394255742761
2424 0.447481114549765
2425 0.444806079275623
2426 0.443085761111607
2427 0.440559450751891
2428 0.439638233480265
2429 0.440009632081012
2430 0.439671349531277
2431 0.439826199928277
2432 0.439465792975914
2433 0.43849485755651
2434 0.438180792322179
2435 0.43820663709852
2436 0.438033623474208
2437 0.43812170646448
2438 0.437761467308451
2439 0.437030347129806
2440 0.436802812441362
2441 0.436618773418634
2442 0.435484320811632
2443 0.435527783908772
2444 0.436068017181678
2445 0.436398628416463
2446 0.436396730756216
2447 0.434553661289314
2448 0.433023031715355
2449 0.432105057836037
2450 0.43005250971662
2451 0.430251564547634
2452 0.43080049076235
2453 0.429106571475547
2454 0.429357068325767
2455 0.429209799209817
2456 0.426232704713561
2457 0.42482559358706
2458 0.425491382434344
2459 0.425166057012422
2460 0.424469836540178
2461 0.425114268829168
2462 0.424267631425002
2463 0.423842864984372
2464 0.425878992727472
2465 0.426196595812716
2466 0.425329701476723
2467 0.425264184175711
2468 0.425338516919663
2469 0.424491459395886
2470 0.424067396688762
2471 0.422583861582648
2472 0.418576525576955
2473 0.417335432357594
2474 0.417433344178691
2475 0.416734257432553
2476 0.416801193012764
2477 0.416983323028635
2478 0.416501276301156
2479 0.416719942995102
2480 0.4182281127263
2481 0.418969531119724
2482 0.420077476462336
2483 0.418677042381227
2484 0.416272130751753
2485 0.414353082299043
2486 0.409302705166226
2487 0.408378490336735
2488 0.410630875777694
2489 0.410514981892317
2490 0.41026182059105
2491 0.414674622164739
2492 0.414304233555363
2493 0.413684174784805
2494 0.416449632708395
2495 0.415086238457808
2496 0.414281305264255
2497 0.414699866844225
2498 0.412273088907577
2499 0.41012027955795
2500 0.412550896231733
