"Wavelength" "M049a_m3-w2"
350 0.0922726498764691
351 0.095814589735389
352 0.0958019730364156
353 0.0903571620781091
354 0.0828808569895204
355 0.0841344202355455
356 0.088342800129357
357 0.0926742356602769
358 0.0976415476812155
359 0.0996045214026429
360 0.0973327175287871
361 0.0922269427917425
362 0.0890830544440658
363 0.0913941079860399
364 0.0950928624629239
365 0.0952500431949835
366 0.0924536854689032
367 0.0905033895279507
368 0.092125276273153
369 0.09765087976067
370 0.0970596803089004
371 0.0936941688587251
372 0.0899092732532288
373 0.0848717915437204
374 0.0897373416780708
375 0.0953433994228798
376 0.0934505643672919
377 0.0892728624653998
378 0.0882952175847218
379 0.0901277172107034
380 0.0918057693294523
381 0.0932988476389574
382 0.0931033634587558
383 0.0929070816994632
384 0.0966773606514346
385 0.0930857370432983
386 0.0916412630871404
387 0.0967554762534936
388 0.0947748952050457
389 0.0934933557479993
390 0.0929023469456195
391 0.0911235536933842
392 0.0894665855026795
393 0.0893228402673713
394 0.090509534581307
395 0.0917265623113228
396 0.0941891789243305
397 0.0945568722827747
398 0.0920462932121005
399 0.0913033927282332
400 0.0922913229599551
401 0.0936481935192098
402 0.0937908989399733
403 0.0924214383485366
404 0.0919964658754298
405 0.0928416768997842
406 0.093590337405089
407 0.093749098576274
408 0.0939749673113064
409 0.0945254207250949
410 0.094614094920606
411 0.0941722569291508
412 0.0942171129393042
413 0.0953966248251342
414 0.0951035945930519
415 0.0951249640193867
416 0.0960010674991595
417 0.0969983884930492
418 0.0962751113522239
419 0.0954838996435938
420 0.0958051433424554
421 0.0963165304225706
422 0.0967727153296897
423 0.0972471562320354
424 0.0978253267424931
425 0.0978137834634158
426 0.097962289412847
427 0.0982641898003728
428 0.0979638035433729
429 0.0983310050925158
430 0.0990334459220277
431 0.0995854840628939
432 0.0999485740627575
433 0.100064753964158
434 0.100090606551114
435 0.100252091050482
436 0.100498310242895
437 0.100694341706982
438 0.100882563080098
439 0.101325975541985
440 0.102009059624975
441 0.102484475436143
442 0.102483457508164
443 0.1025681852179
444 0.102995598615
445 0.103548629698493
446 0.103791755384393
447 0.104250896563799
448 0.104759672863319
449 0.105118155274718
450 0.105191854601638
451 0.105513671344066
452 0.105748955624574
453 0.105593317261199
454 0.106168061066977
455 0.106594966335398
456 0.106714273978797
457 0.107017864664736
458 0.107125846838672
459 0.107270630423956
460 0.107594970888485
461 0.107800298298538
462 0.108005339205505
463 0.108140464363861
464 0.108142237974447
465 0.108463393689965
466 0.108904755446143
467 0.109218270731444
468 0.109171690099275
469 0.109345028240107
470 0.109799823522222
471 0.11032647425807
472 0.110296780111344
473 0.110318104266913
474 0.110657747486398
475 0.111245127954003
476 0.11104635284311
477 0.110961791872109
478 0.11148456507248
479 0.111867777093443
480 0.111794868549636
481 0.111836694831637
482 0.112612580337006
483 0.113001463200565
484 0.113247117917453
485 0.113551280861307
486 0.113969648562484
487 0.114156752572281
488 0.114198999744827
489 0.114319335049803
490 0.114867733331761
491 0.115216193596743
492 0.115346607124439
493 0.115605712376899
494 0.115906533954609
495 0.116159402380427
496 0.116380813229091
497 0.116791311169008
498 0.117256594558483
499 0.117694406572756
500 0.118033922832184
501 0.118133129970753
502 0.118503875354884
503 0.119128421048104
504 0.11940303237707
505 0.119861189320431
506 0.120277936177595
507 0.120474793522934
508 0.120961256114285
509 0.121294846828905
510 0.121573167792592
511 0.122166939814944
512 0.122339070935446
513 0.122521651770278
514 0.122962304909762
515 0.123226892479517
516 0.123537916318538
517 0.123896501734139
518 0.124254401493645
519 0.124747404052054
520 0.125235587793536
521 0.125616199700665
522 0.125853370368943
523 0.126156076542799
524 0.126581744889765
525 0.127076982912955
526 0.127356757553617
527 0.12769668232855
528 0.128124095478196
529 0.128478059216507
530 0.128859814460041
531 0.129334337793463
532 0.129870779837019
533 0.130233666584514
534 0.130496609075755
535 0.13084562885362
536 0.131448182243132
537 0.13187461279164
538 0.13223929352656
539 0.132649375315421
540 0.133118319642176
541 0.133572124463853
542 0.134001439124306
543 0.134418536519962
544 0.134826812423279
545 0.135232651969484
546 0.13565984556589
547 0.136145425886686
548 0.136559813790444
549 0.136954082603978
550 0.137406501169031
551 0.137961120239226
552 0.138446049097489
553 0.138854424344377
554 0.139294311670228
555 0.139829316372195
556 0.140370067385848
557 0.1408659457589
558 0.141400558182765
559 0.141898344495375
560 0.142369456687628
561 0.142852775046243
562 0.143320301533073
563 0.143814076253256
564 0.144285075280132
565 0.14454998088611
566 0.14492517684853
567 0.145346777958657
568 0.145675040898979
569 0.145924149928519
570 0.146308216380836
571 0.146786714200385
572 0.14709202434271
573 0.147487894583668
574 0.147980190453478
575 0.148486599379696
576 0.148821200060626
577 0.149157735630325
578 0.149548570225771
579 0.149966072319385
580 0.150346143030593
581 0.150694536203802
582 0.151026128575101
583 0.151345398086098
584 0.151734679138748
585 0.15213647185336
586 0.152468843665916
587 0.152834041768596
588 0.153231231162706
589 0.153633912454341
590 0.15399346793712
591 0.154189905059724
592 0.154439572585654
593 0.154912357272523
594 0.155241942931365
595 0.155563908203765
596 0.155908403649524
597 0.156219297122828
598 0.15662741394252
599 0.157053661795357
600 0.157420760964272
601 0.157753884303259
602 0.158042742316308
603 0.15832760983214
604 0.158670648455428
605 0.159085109379045
606 0.159473355137122
607 0.159796021047454
608 0.160127954562231
609 0.160479868489792
610 0.160816215801117
611 0.161103414467052
612 0.161405969698028
613 0.161778805242049
614 0.162189988222752
615 0.162515650864799
616 0.162877650843833
617 0.16322401831133
618 0.163511299680689
619 0.163870059028406
620 0.164222434182188
621 0.164563587176864
622 0.164937415728595
623 0.165244107136798
624 0.165541998255956
625 0.16588466128248
626 0.166259018951169
627 0.166609531915496
628 0.166964038725208
629 0.167370619510901
630 0.167704452368768
631 0.168035643246814
632 0.168399493671371
633 0.168747252098482
634 0.169109400081237
635 0.169493714883497
636 0.16989176443548
637 0.170253654728888
638 0.170615093772901
639 0.17097123304744
640 0.171275905782841
641 0.171581391987788
642 0.171951000309002
643 0.172406615548258
644 0.172866629824912
645 0.173231691370927
646 0.173554585721742
647 0.17396796524616
648 0.174333947157125
649 0.174716259167398
650 0.175136399322738
651 0.175477193999651
652 0.175835776184526
653 0.176230190840611
654 0.176641844529221
655 0.17702417255883
656 0.177385431232941
657 0.177766053353164
658 0.178238606433606
659 0.178653560261703
660 0.17900837799619
661 0.179349543506803
662 0.179744360962795
663 0.180146640537086
664 0.180550150477281
665 0.18097784935035
666 0.181398715879626
667 0.181839661175591
668 0.182296668123936
669 0.182659887023324
670 0.183086698443615
671 0.183540447253287
672 0.183920627403059
673 0.184323861078089
674 0.184773463124333
675 0.185241502550406
676 0.185639432073812
677 0.186017624248791
678 0.186439843753377
679 0.186938016702056
680 0.187409249217575
681 0.187846162265906
682 0.188253114022344
683 0.188646698249164
684 0.189094206662309
685 0.189564345021654
686 0.190014837140469
687 0.190415770525726
688 0.190857686982486
689 0.191322584492819
690 0.191750461349521
691 0.192193200394255
692 0.192704358799996
693 0.193234686050144
694 0.193589699470737
695 0.193977966539564
696 0.1944521723345
697 0.19498547904388
698 0.195428744286692
699 0.195910210430686
700 0.196420962701975
701 0.196841597228906
702 0.197276867835874
703 0.197737835567133
704 0.198220450352944
705 0.198734365736903
706 0.199197315021807
707 0.199649676464838
708 0.20016684123064
709 0.200654036241291
710 0.201158638663393
711 0.20166834492036
712 0.202078921850816
713 0.20251302920184
714 0.203005038925771
715 0.203541368357581
716 0.204035606870589
717 0.204489050138687
718 0.204965003000211
719 0.205546692593504
720 0.206030693398236
721 0.206526258397275
722 0.207093273701387
723 0.207606996771816
724 0.208081301803585
725 0.208574978519947
726 0.209136476029023
727 0.209651682122767
728 0.210141798070447
729 0.210643680251927
730 0.211194985613456
731 0.211664747024789
732 0.212154962107615
733 0.212734168729061
734 0.2132498443736
735 0.213733290093681
736 0.214207073088004
737 0.214695945414694
738 0.215245578629858
739 0.21578575340567
740 0.216275774309479
741 0.216732741813169
742 0.217237057557418
743 0.217784772723717
744 0.218335274788619
745 0.218816340821733
746 0.219312431367142
747 0.219841522186643
748 0.220373466656689
749 0.220898711392101
750 0.221414830818234
751 0.221920715612862
752 0.222410626226811
753 0.222971219379688
754 0.22351793056447
755 0.223967066988779
756 0.22450338675291
757 0.225032922458789
758 0.225516014848017
759 0.225971327351801
760 0.226444073386102
761 0.226981449075207
762 0.227577783129355
763 0.228130520148279
764 0.228620755182373
765 0.229088782895729
766 0.229596872368445
767 0.23017844918563
768 0.230711587306936
769 0.231178326029749
770 0.23166811815846
771 0.232273928436204
772 0.232890335749842
773 0.233414445363043
774 0.233817811525132
775 0.234311727984338
776 0.234869817897557
777 0.235393072885256
778 0.235936759594049
779 0.236450277719839
780 0.236925012905495
781 0.237401165812577
782 0.237949828233955
783 0.238519543946941
784 0.239056859739431
785 0.239553229617975
786 0.240068125789678
787 0.240599302821657
788 0.241115631166988
789 0.241570240652461
790 0.242070226432486
791 0.242627960670604
792 0.243166920215472
793 0.243705353531253
794 0.244218404385426
795 0.244692131059895
796 0.245136545001074
797 0.245691152730438
798 0.246301545271657
799 0.246863460296015
800 0.247399057397962
801 0.24789322484925
802 0.248348407123018
803 0.248792404701648
804 0.249345946011845
805 0.249945408840809
806 0.250495225037394
807 0.250894448736689
808 0.251368577251445
809 0.251937949166943
810 0.252534839394296
811 0.253032927942299
812 0.253498056807544
813 0.253981773054712
814 0.254514417340567
815 0.25505969776545
816 0.255522920049719
817 0.255931770109032
818 0.25645680745157
819 0.256974928268806
820 0.257482941013498
821 0.257997607820505
822 0.258519633962884
823 0.259047102296464
824 0.259564164012738
825 0.260061130307963
826 0.260588485818296
827 0.261064895944355
828 0.261507896690162
829 0.262016404213988
830 0.262609819628821
831 0.263167531756441
832 0.263639943766538
833 0.264119361324771
834 0.26465295478757
835 0.265172616197771
836 0.265640227215485
837 0.266224279911738
838 0.266733310050801
839 0.267137993413828
840 0.267513216827842
841 0.268015241207447
842 0.268551841164194
843 0.269089207389811
844 0.269653300517798
845 0.270080785643357
846 0.270503654973847
847 0.271020203038484
848 0.271591061673138
849 0.272157674587976
850 0.272612197347052
851 0.27295153870015
852 0.273514611656861
853 0.274022970299603
854 0.274501743065858
855 0.275072374311592
856 0.275573641354299
857 0.276055026167565
858 0.276553751050281
859 0.277072218867678
860 0.277471126057456
861 0.277879656124745
862 0.278370986572934
863 0.278885000199618
864 0.279386952904962
865 0.279864232617521
866 0.28033354142483
867 0.280863175945203
868 0.281394485030808
869 0.281934737933444
870 0.282474019015101
871 0.282838412891226
872 0.283218811744314
873 0.283725549767537
874 0.284367473016382
875 0.284932634567097
876 0.285377099709401
877 0.285746933348735
878 0.286148796923347
879 0.286500709613381
880 0.287005056411268
881 0.287677660103694
882 0.288210702686891
883 0.288646448462163
884 0.289106272139369
885 0.289650912314674
886 0.290145865166602
887 0.290590406609678
888 0.291019521021363
889 0.291480426978344
890 0.29200565875291
891 0.292512072598669
892 0.292976861872762
893 0.293415575862734
894 0.293853873695555
895 0.294322728121188
896 0.294801886285091
897 0.295245462017386
898 0.295734952508344
899 0.296205573024222
900 0.296630257218814
901 0.297046163141758
902 0.29757048420174
903 0.298195040980822
904 0.298833934547274
905 0.299335959701928
906 0.299786534667425
907 0.300159518246481
908 0.300483384581473
909 0.300936027750652
910 0.3014796571135
911 0.301986337209524
912 0.302388634991737
913 0.302882354058437
914 0.303339754232237
915 0.303758321821342
916 0.304193541452722
917 0.304728019739936
918 0.305255503656404
919 0.305756173905025
920 0.306259990292669
921 0.30678727237403
922 0.307364501247607
923 0.307885460572724
924 0.308214744323804
925 0.308567591174769
926 0.308977094793259
927 0.309384147718034
928 0.309716336291472
929 0.310328820017473
930 0.310943727705689
931 0.311413488623461
932 0.311803427473748
933 0.312105534677863
934 0.312600730445013
935 0.313286023801134
936 0.313802234779764
937 0.314277998406517
938 0.314744364007781
939 0.315237042369038
940 0.315800153716898
941 0.316242426593144
942 0.316561677363063
943 0.316842586605922
944 0.317226736734692
945 0.317629486813084
946 0.318125452759568
947 0.318712845024157
948 0.319204612157469
949 0.319664052519443
950 0.320204885255132
951 0.320796384814974
952 0.321112252003133
953 0.32138707057941
954 0.321732257234222
955 0.322210492835726
956 0.322852460479547
957 0.323325804030607
958 0.323821743481481
959 0.324448448569234
960 0.324778939147807
961 0.325182351500171
962 0.325651644634579
963 0.326104052354757
964 0.326546631121497
965 0.326904808405021
966 0.327299958220675
967 0.327788563140837
968 0.328143133764039
969 0.328517171149089
970 0.328953596822111
971 0.329433593846027
972 0.329877720753223
973 0.330205642203935
974 0.330673548010159
975 0.331347560895161
976 0.33169193245826
977 0.332072494581745
978 0.332463129636935
979 0.33285703197029
980 0.3334836413347
981 0.333908022436918
982 0.334219484653019
983 0.334597772537909
984 0.335107614996812
985 0.335694037910347
986 0.336207468450741
987 0.336576194412467
988 0.336890919784597
989 0.337114846935931
990 0.337481866313751
991 0.338006809556841
992 0.338362201462672
993 0.339041751856547
994 0.339587822747718
995 0.339808147957664
996 0.340049271044348
997 0.340428509019594
998 0.340885378115075
999 0.341363967965653
1000 0.341840062710371
1001 0.340694879899331
1002 0.34108639234579
1003 0.341430577391436
1004 0.341870370869841
1005 0.342400234517013
1006 0.342813297124093
1007 0.343222356404521
1008 0.343616881505002
1009 0.343893208150609
1010 0.344173929848194
1011 0.344605710798687
1012 0.3450493825397
1013 0.345506906469114
1014 0.345997284218631
1015 0.346480377940827
1016 0.346931900496792
1017 0.347330282115889
1018 0.347704210611967
1019 0.348070465881738
1020 0.34837351552359
1021 0.348673783368883
1022 0.349076050019765
1023 0.34953977099982
1024 0.349918152606101
1025 0.350300848027355
1026 0.350731414999579
1027 0.351051407112326
1028 0.351374056434384
1029 0.351711816152257
1030 0.352022112660584
1031 0.352373385631865
1032 0.352710260297491
1033 0.353080867985476
1034 0.35343379562525
1035 0.353766029597168
1036 0.354092388884204
1037 0.354441917392333
1038 0.354801595767623
1039 0.355197907833074
1040 0.355624664961938
1041 0.355997494624539
1042 0.356354038197746
1043 0.356741783805773
1044 0.356998256272257
1045 0.357267950925168
1046 0.357648206563151
1047 0.358005458807951
1048 0.358331971908441
1049 0.358758402068131
1050 0.35920109323467
1051 0.359595084932801
1052 0.360044910665256
1053 0.360393937026273
1054 0.360697712818655
1055 0.361038209997338
1056 0.361428113007224
1057 0.361856230815759
1058 0.362301906589734
1059 0.36276561743564
1060 0.363122139062167
1061 0.363481251429039
1062 0.363866660682627
1063 0.364274263267625
1064 0.364629030809321
1065 0.365024225567447
1066 0.365481875238946
1067 0.36594712890818
1068 0.366364356065503
1069 0.366812324418429
1070 0.367253489596357
1071 0.367576884114693
1072 0.367947752517285
1073 0.368377651692064
1074 0.368750067853704
1075 0.369145048567197
1076 0.369531971415434
1077 0.369933588298157
1078 0.37030588767395
1079 0.370721673283526
1080 0.37112704644829
1081 0.371470580462714
1082 0.371770439573352
1083 0.372046796031361
1084 0.372334254101149
1085 0.372716355277619
1086 0.373162818300984
1087 0.373588384660926
1088 0.374002242228759
1089 0.374400018553309
1090 0.374770333687383
1091 0.375117701480385
1092 0.375411765643104
1093 0.375741781876846
1094 0.376067794021063
1095 0.376397259727358
1096 0.376741388042316
1097 0.37711654678564
1098 0.377459120827848
1099 0.377793393111592
1100 0.378167682716427
1101 0.378527067451087
1102 0.378850692087666
1103 0.379161070857139
1104 0.379452594067039
1105 0.379701718521226
1106 0.379992536070333
1107 0.38033564923549
1108 0.380628371917019
1109 0.380888916275253
1110 0.381207223556692
1111 0.381517197395648
1112 0.381778854054353
1113 0.382134493520728
1114 0.382464273416241
1115 0.382718104931376
1116 0.382972216119904
1117 0.383214694225341
1118 0.383491555475784
1119 0.383823396537746
1120 0.384159020195278
1121 0.384464954815145
1122 0.384756782777939
1123 0.385049233308419
1124 0.385310847104377
1125 0.385608820878841
1126 0.385939669255893
1127 0.386256577815586
1128 0.38653083138188
1129 0.386816276319709
1130 0.387099120587991
1131 0.387368266881492
1132 0.387639489074482
1133 0.387886575697842
1134 0.388169180282581
1135 0.388479160387612
1136 0.388762834184977
1137 0.389077476506777
1138 0.389364478277888
1139 0.389594470831634
1140 0.389864664796419
1141 0.390178909755991
1142 0.390457483054381
1143 0.3907361057296
1144 0.390992556776431
1145 0.39121814568527
1146 0.391431839846993
1147 0.391636672131128
1148 0.39187920769152
1149 0.392151805844104
1150 0.392425787268012
1151 0.392730258658648
1152 0.393043300794576
1153 0.393311110962932
1154 0.393545166897162
1155 0.393799549533285
1156 0.394032695199748
1157 0.394267898601381
1158 0.394525025603188
1159 0.394764471293944
1160 0.394978873561183
1161 0.395211539111872
1162 0.395441339977238
1163 0.395681333788523
1164 0.395939991168507
1165 0.396199816748392
1166 0.396469540474979
1167 0.396746210527477
1168 0.397035680544159
1169 0.397314822345016
1170 0.397585026356113
1171 0.397857727758345
1172 0.398122545948374
1173 0.398365427768049
1174 0.398626485218958
1175 0.398883130027677
1176 0.399157078477575
1177 0.399444345368543
1178 0.399728089649376
1179 0.400025161480333
1180 0.400327005947261
1181 0.400594005270129
1182 0.400870465224681
1183 0.401138194544359
1184 0.40142901598185
1185 0.401756301088863
1186 0.402075825477725
1187 0.402354221862173
1188 0.402621508010796
1189 0.402866306873647
1190 0.40304848603291
1191 0.403276833266102
1192 0.403529514355731
1193 0.403752607928683
1194 0.403964611573882
1195 0.40419580591655
1196 0.404402839672392
1197 0.404643893056792
1198 0.404949105322546
1199 0.405190408845827
1200 0.405448385157019
1201 0.405713270964391
1202 0.405882711206779
1203 0.406091855141727
1204 0.406291744820128
1205 0.406446299714899
1206 0.406658588054705
1207 0.406935072934888
1208 0.407146335116694
1209 0.407320472019751
1210 0.407553403896142
1211 0.407784299358189
1212 0.408031416122377
1213 0.408356992111097
1214 0.408627211381554
1215 0.408837159013828
1216 0.409081494477185
1217 0.409344872660605
1218 0.409607688723353
1219 0.409810252038943
1220 0.410037908930236
1221 0.410230179510008
1222 0.410349249456
1223 0.410537903381921
1224 0.410771936200121
1225 0.410958426858335
1226 0.411122875859723
1227 0.411322619310525
1228 0.411517623728893
1229 0.411716654447335
1230 0.411947274923397
1231 0.412171408590669
1232 0.41240364677965
1233 0.412603955974696
1234 0.412782363235189
1235 0.412979360819159
1236 0.413151121695491
1237 0.413342378650422
1238 0.413540296084872
1239 0.413748759250151
1240 0.41394633659249
1241 0.41411750528858
1242 0.414317923175896
1243 0.414538711711034
1244 0.414751849850641
1245 0.414966832619072
1246 0.415181180074441
1247 0.415407021297033
1248 0.415615751465034
1249 0.415818788067159
1250 0.416017351514249
1251 0.416208300827954
1252 0.416387804761929
1253 0.416548512473589
1254 0.416726929694804
1255 0.416891880947038
1256 0.417081292163327
1257 0.417324637410756
1258 0.417521890375922
1259 0.41771691888536
1260 0.417921885647737
1261 0.418081975658028
1262 0.418198811491085
1263 0.418344782976617
1264 0.418483983289966
1265 0.418616875165789
1266 0.418736472824483
1267 0.418889172998056
1268 0.419028207086238
1269 0.419207946707059
1270 0.419473616471534
1271 0.41966896797483
1272 0.41982482589977
1273 0.420012420057024
1274 0.420174576402078
1275 0.420357055609018
1276 0.420573503367835
1277 0.420795481155659
1278 0.421038838385798
1279 0.421250242611366
1280 0.421475617753507
1281 0.421719017727828
1282 0.421942118506893
1283 0.422121945229283
1284 0.422381809002355
1285 0.422682294047144
1286 0.422961871298918
1287 0.423278378818113
1288 0.42357690897691
1289 0.423850146238765
1290 0.424137974687282
1291 0.424471833483452
1292 0.424744528149659
1293 0.424977509659116
1294 0.425215218383908
1295 0.425415713725002
1296 0.425630454395539
1297 0.425852449366787
1298 0.426074458602012
1299 0.426313410375633
1300 0.426508368155114
1301 0.426744590442458
1302 0.426991483467406
1303 0.427239688028457
1304 0.427514932944304
1305 0.427746405480256
1306 0.427963503799777
1307 0.428173564240705
1308 0.428369788553179
1309 0.42854436912839
1310 0.428705404303608
1311 0.428860090054428
1312 0.428993377712666
1313 0.429118482638927
1314 0.429231004900368
1315 0.429351536768739
1316 0.429450343232204
1317 0.429568102163949
1318 0.42969496813751
1319 0.429836767091016
1320 0.429995583386966
1321 0.430149954402996
1322 0.430326164095874
1323 0.430491354109713
1324 0.430633291791968
1325 0.430758883141208
1326 0.430882983815616
1327 0.430997965212054
1328 0.43109452714856
1329 0.431174244032154
1330 0.431265475405297
1331 0.431340225564113
1332 0.431428094612248
1333 0.431510973046799
1334 0.431633627428157
1335 0.431795698437181
1336 0.431914195975244
1337 0.432071456365479
1338 0.432166625021204
1339 0.432174106084262
1340 0.432231503512369
1341 0.432279269305876
1342 0.432348346476197
1343 0.432445867999469
1344 0.43254174253748
1345 0.432653525520104
1346 0.432756588812358
1347 0.43286523840978
1348 0.432955340460058
1349 0.433071847014691
1350 0.433187816010674
1351 0.433316715281001
1352 0.433483206933786
1353 0.433598438988374
1354 0.433709939380074
1355 0.433784068590885
1356 0.433808684898458
1357 0.433860327300623
1358 0.433880290875774
1359 0.433947502083343
1360 0.43405470251645
1361 0.434139393854408
1362 0.434251278964649
1363 0.434327677571184
1364 0.434367580535208
1365 0.434424274174601
1366 0.434475209872375
1367 0.434526400978221
1368 0.434590704814775
1369 0.434638655023529
1370 0.434647594791126
1371 0.434698245497829
1372 0.434771792489031
1373 0.434855493218807
1374 0.434915706384847
1375 0.434942611387816
1376 0.434930193426071
1377 0.434849049138761
1378 0.434788418540318
1379 0.434737614859632
1380 0.434619734686359
1381 0.434462918024115
1382 0.434292027863556
1383 0.434062872765122
1384 0.433862261821454
1385 0.433672309723589
1386 0.433458337054494
1387 0.433243782584808
1388 0.433002878707523
1389 0.432753929704306
1390 0.432464242267609
1391 0.43215025917564
1392 0.431809341199982
1393 0.431419955352082
1394 0.431031953964867
1395 0.430618001715873
1396 0.430207081486237
1397 0.429806751496002
1398 0.429375794105081
1399 0.428924103668957
1400 0.428470280619343
1401 0.42799706670911
1402 0.427510877335825
1403 0.427028879592107
1404 0.426582908472632
1405 0.426127134373713
1406 0.425674170448469
1407 0.425228275178007
1408 0.424778237248452
1409 0.424360126223808
1410 0.423916720414624
1411 0.423596506725842
1412 0.423280868054024
1413 0.423144329892272
1414 0.423128082935803
1415 0.423200105035891
1416 0.423424372321833
1417 0.423660921965578
1418 0.423978385824629
1419 0.424320718305601
1420 0.424724521479407
1421 0.425134205296633
1422 0.425602159681668
1423 0.426042255819235
1424 0.426496488811373
1425 0.426929503174744
1426 0.427357735876542
1427 0.42776436088092
1428 0.428145150392367
1429 0.428529700783728
1430 0.428916523191558
1431 0.429275156255222
1432 0.429620548086366
1433 0.429962416238642
1434 0.430243394315444
1435 0.430528894986317
1436 0.430830095697706
1437 0.431114403859259
1438 0.431444371171958
1439 0.431819957439114
1440 0.432144990761753
1441 0.432495090945691
1442 0.432775902329661
1443 0.432993703987079
1444 0.433241912050082
1445 0.433473726215747
1446 0.433701201533294
1447 0.433930605243181
1448 0.434157520594371
1449 0.434356342506815
1450 0.43458472480039
1451 0.434854423214934
1452 0.43507846799507
1453 0.435315084701874
1454 0.435499148889311
1455 0.435618172215903
1456 0.435760094018134
1457 0.435888160319025
1458 0.436007109958275
1459 0.436118399366772
1460 0.436242236931002
1461 0.436324526275599
1462 0.436467183952657
1463 0.436670400969505
1464 0.43685463136487
1465 0.437044649061725
1466 0.437263717117228
1467 0.437495136928303
1468 0.437726298880719
1469 0.438000432409995
1470 0.438259598557359
1471 0.43846602307771
1472 0.438684827522454
1473 0.438887686550846
1474 0.439089889148287
1475 0.43930809844975
1476 0.43953981347436
1477 0.439763951516894
1478 0.439985814730846
1479 0.440226769378893
1480 0.440488446411505
1481 0.440704577090257
1482 0.440926295249075
1483 0.441120867876947
1484 0.441259165117709
1485 0.441438386045309
1486 0.441639009273633
1487 0.441806903404255
1488 0.441957977181851
1489 0.44212948013505
1490 0.442283197490352
1491 0.442468014061616
1492 0.442677225773146
1493 0.442893099361324
1494 0.443128446368679
1495 0.443353191223945
1496 0.443604569035371
1497 0.443823085670792
1498 0.444010679757429
1499 0.444212222698834
1500 0.444421003956849
1501 0.444600162562005
1502 0.444786382379229
1503 0.444934869519351
1504 0.445015962886318
1505 0.445132253551043
1506 0.445225188033103
1507 0.445359708418978
1508 0.445525502505266
1509 0.445708628788012
1510 0.445921642263259
1511 0.446143120647254
1512 0.446421601188346
1513 0.446643071805127
1514 0.446837429288698
1515 0.447032844826053
1516 0.44720703683779
1517 0.447358115123586
1518 0.447506840305193
1519 0.447628312665468
1520 0.447688163146349
1521 0.447781385169439
1522 0.447911886650469
1523 0.448068912178516
1524 0.448224765144515
1525 0.448420654173103
1526 0.448575314899952
1527 0.448705994911805
1528 0.4488608619921
1529 0.449017396503245
1530 0.449177456954239
1531 0.449347763563983
1532 0.44952093790183
1533 0.44969127032517
1534 0.449872456003274
1535 0.450088380973901
1536 0.450242465302858
1537 0.45036691500107
1538 0.450501382536814
1539 0.450602540352513
1540 0.450719798987016
1541 0.450846327424962
1542 0.450983740060423
1543 0.451127297484879
1544 0.451255828383976
1545 0.45139087422997
1546 0.451527736478377
1547 0.451654579700399
1548 0.451770963426949
1549 0.451906836780515
1550 0.452011473918996
1551 0.4520419354732
1552 0.452160307269697
1553 0.452340314974789
1554 0.452467109095184
1555 0.452608162140168
1556 0.452749533071844
1557 0.452846621035782
1558 0.452967729326805
1559 0.453150821675714
1560 0.453273046831618
1561 0.453348443371824
1562 0.453437519418457
1563 0.453485810830386
1564 0.453580388777355
1565 0.453708284996505
1566 0.453826368483915
1567 0.453959147627853
1568 0.454099283839222
1569 0.454243841817212
1570 0.454381653941825
1571 0.454530220045614
1572 0.454674663581685
1573 0.454820835586949
1574 0.454943990466503
1575 0.455047482088988
1576 0.455166200196579
1577 0.455253885027514
1578 0.455376120836283
1579 0.455558539901876
1580 0.455699534823599
1581 0.455833087922772
1582 0.455958663237023
1583 0.456038968471919
1584 0.456150006755458
1585 0.456323257553114
1586 0.45642253804052
1587 0.456499399866094
1588 0.456553146391879
1589 0.456508516105499
1590 0.456513204100527
1591 0.456520866108813
1592 0.456560219321111
1593 0.456641521558193
1594 0.456721338370002
1595 0.456817667498207
1596 0.456925465561412
1597 0.457043050194557
1598 0.457163405933508
1599 0.45732273163956
1600 0.457443080692886
1601 0.457548144850898
1602 0.457664616573076
1603 0.457751646512076
1604 0.457864351912871
1605 0.457998920097813
1606 0.458145700550255
1607 0.458322836193579
1608 0.458549987244503
1609 0.458705563388731
1610 0.458864439442359
1611 0.458977502444765
1612 0.459040640450619
1613 0.459096411251941
1614 0.459136347927673
1615 0.459159292854662
1616 0.459140028396831
1617 0.459160900061809
1618 0.459174887388317
1619 0.45924468344216
1620 0.459350049598511
1621 0.459443210250775
1622 0.459572624726087
1623 0.459663635469437
1624 0.459740347503997
1625 0.459802778423803
1626 0.45983015436006
1627 0.45993587740363
1628 0.460058426546612
1629 0.460184615271037
1630 0.46036979241179
1631 0.460512503113606
1632 0.460611675017029
1633 0.46077568679656
1634 0.460994677382741
1635 0.461126224281806
1636 0.461247724410452
1637 0.461349174868889
1638 0.461385800409323
1639 0.46147881293978
1640 0.461598019125671
1641 0.461701596939158
1642 0.461802970502353
1643 0.461899967370387
1644 0.462003862207979
1645 0.462085184358867
1646 0.46214443684991
1647 0.462246838443215
1648 0.462349185342857
1649 0.462461703734133
1650 0.462613410456288
1651 0.462716840216201
1652 0.462803149821994
1653 0.462889605536967
1654 0.462967323297199
1655 0.463001376519164
1656 0.463049742023502
1657 0.463085023760443
1658 0.463147630230753
1659 0.463279080312487
1660 0.463383069505982
1661 0.463488232034445
1662 0.463620477951568
1663 0.46369221548943
1664 0.463739061237736
1665 0.463805182108897
1666 0.463871492743687
1667 0.463969429593275
1668 0.464095405362202
1669 0.464179197093797
1670 0.464226672691819
1671 0.464274826506132
1672 0.464359270171861
1673 0.464466607536855
1674 0.464561893436026
1675 0.464630857215551
1676 0.464666849349702
1677 0.464740263336798
1678 0.464850621438674
1679 0.465014217731311
1680 0.465188323868116
1681 0.465358847390572
1682 0.46558137949431
1683 0.465771234447928
1684 0.46597714736486
1685 0.466168921467285
1686 0.466270239373346
1687 0.466406201364952
1688 0.466510622926087
1689 0.46653374785061
1690 0.46661970623174
1691 0.46671681472187
1692 0.466787400669651
1693 0.466863841865894
1694 0.466894664228997
1695 0.466900444659469
1696 0.466927969173031
1697 0.466998147052195
1698 0.46712055078936
1699 0.467198572896066
1700 0.4672818346669
1701 0.467391460377525
1702 0.467461891707889
1703 0.467505616170911
1704 0.467557792236224
1705 0.46757424166258
1706 0.46761925991017
1707 0.46772315281003
1708 0.467768054821179
1709 0.467776628244904
1710 0.467798974929583
1711 0.467769927763533
1712 0.467790342677121
1713 0.467853277669186
1714 0.467914743937072
1715 0.46802023390505
1716 0.468068304337171
1717 0.468095585767646
1718 0.468108266056634
1719 0.468057464191169
1720 0.46806711089402
1721 0.468099614469684
1722 0.468153450502013
1723 0.468246742106648
1724 0.468305102642758
1725 0.468388238909132
1726 0.468408999952464
1727 0.468377690915019
1728 0.468372531376988
1729 0.468333701613925
1730 0.468320064855591
1731 0.468333964609235
1732 0.468322515606409
1733 0.468313463251935
1734 0.468292416682811
1735 0.468228170949262
1736 0.468228376185617
1737 0.46825153252852
1738 0.468269327586816
1739 0.468347738582605
1740 0.468386267840718
1741 0.46835594341071
1742 0.468418998293723
1743 0.468457797082626
1744 0.468445070918332
1745 0.46850596821999
1746 0.468500944226967
1747 0.468439555919704
1748 0.46848278053545
1749 0.468549870460284
1750 0.468567946279597
1751 0.468613406785941
1752 0.468558072036906
1753 0.468394424758615
1754 0.468343927237953
1755 0.468325083695426
1756 0.468354021066828
1757 0.468463180221816
1758 0.468473883531487
1759 0.468438285571197
1760 0.468401894824587
1761 0.468347907851699
1762 0.468330713041753
1763 0.468342183005192
1764 0.468359746757186
1765 0.468386023530621
1766 0.468414228118928
1767 0.468360597777039
1768 0.468220253430329
1769 0.468095358459199
1770 0.467983639507186
1771 0.467927682097794
1772 0.468011178598151
1773 0.468056521726061
1774 0.468131917079192
1775 0.468215128809707
1776 0.468290510722653
1777 0.468349274738666
1778 0.468420643171466
1779 0.468456750490615
1780 0.468494204151763
1781 0.468499024162215
1782 0.46846867852886
1783 0.468444813474102
1784 0.468367908801572
1785 0.468339048273488
1786 0.468315837725974
1787 0.468252686877108
1788 0.468262903659657
1789 0.468258353929113
1790 0.468260895824419
1791 0.468332056888817
1792 0.468335254384889
1793 0.468337076976564
1794 0.468400948761041
1795 0.46839220205791
1796 0.468439437293579
1797 0.468576132905381
1798 0.468559567273991
1799 0.468487677564447
1800 0.468404270641291
1801 0.467778485920829
1802 0.467823927023268
1803 0.467835528562121
1804 0.467963864985666
1805 0.468000536339864
1806 0.467917602640933
1807 0.467923156628567
1808 0.46798398039894
1809 0.468011652901767
1810 0.468032329361509
1811 0.468070661361115
1812 0.468128034379646
1813 0.468210430266593
1814 0.468275253643546
1815 0.468414761328312
1816 0.468539881103966
1817 0.468678706003637
1818 0.468774289809829
1819 0.468854590565379
1820 0.468972755666879
1821 0.4690793791743
1822 0.469115100231209
1823 0.469182395744809
1824 0.469217405737407
1825 0.469312637845882
1826 0.469472368503964
1827 0.469536531516696
1828 0.469616584455703
1829 0.469662658973481
1830 0.469644723306294
1831 0.469552531319808
1832 0.469483085207683
1833 0.469423848892605
1834 0.469292556590149
1835 0.469193898744689
1836 0.469173777553142
1837 0.46923230501954
1838 0.469255830550246
1839 0.469326941285937
1840 0.469389423657757
1841 0.469419841404176
1842 0.469468064586743
1843 0.469407858213078
1844 0.469333700575844
1845 0.469357181407155
1846 0.469459464220547
1847 0.469494818166834
1848 0.469570338932983
1849 0.469646272887619
1850 0.469709019510414
1851 0.469672201980232
1852 0.469727478404863
1853 0.469890637041846
1854 0.469925938203944
1855 0.469917941875003
1856 0.469968946654936
1857 0.469906712370401
1858 0.469790452710897
1859 0.469615499626604
1860 0.469432065382089
1861 0.469146212505023
1862 0.468880548152913
1863 0.468618477073106
1864 0.468260231614779
1865 0.467872057318314
1866 0.46758115675551
1867 0.467291213872558
1868 0.467014449060245
1869 0.466735133966919
1870 0.466477936641597
1871 0.466059169556519
1872 0.465497834397659
1873 0.46498354546653
1874 0.464490315184633
1875 0.463917518437561
1876 0.463304927310624
1877 0.462625334597525
1878 0.461870509010706
1879 0.461000425011469
1880 0.460124570076715
1881 0.459251962332863
1882 0.458279572472475
1883 0.457191695278283
1884 0.456019958605343
1885 0.45474432148978
1886 0.453346221360062
1887 0.451890403832338
1888 0.450328131484613
1889 0.448663663768016
1890 0.446849707226455
1891 0.445040956131031
1892 0.443108384963127
1893 0.441134980039204
1894 0.439123453169951
1895 0.436866260906754
1896 0.434650559389944
1897 0.432445818090701
1898 0.430033071627696
1899 0.427723748773811
1900 0.425391666959657
1901 0.423231988496633
1902 0.421079892318779
1903 0.419147686404474
1904 0.417307919821636
1905 0.415668530124726
1906 0.414201999959964
1907 0.412810343149664
1908 0.411783135103276
1909 0.410913156422406
1910 0.410090876519171
1911 0.409373224307101
1912 0.408817095482745
1913 0.408390801127054
1914 0.408009439906931
1915 0.407758208237888
1916 0.407643108719041
1917 0.407653483370187
1918 0.407793049412174
1919 0.407964708661306
1920 0.408174095175123
1921 0.408437605440686
1922 0.408744575530577
1923 0.409027839481754
1924 0.409363039454977
1925 0.40970916649685
1926 0.410030377153146
1927 0.41029379949531
1928 0.41060290682311
1929 0.410976003669974
1930 0.411343505320049
1931 0.411775762407103
1932 0.412230863498427
1933 0.412773604148989
1934 0.413256663075216
1935 0.413737692673989
1936 0.414213381398958
1937 0.414673738960996
1938 0.415199983477027
1939 0.415713987032768
1940 0.416157241473263
1941 0.416647496514409
1942 0.417018748965073
1943 0.417495034590884
1944 0.418066877412034
1945 0.418600623935368
1946 0.419140026908391
1947 0.419692981098093
1948 0.420289039174857
1949 0.420739324043383
1950 0.42121305764998
1951 0.421790788429912
1952 0.422389180841557
1953 0.422966222520152
1954 0.42349542669681
1955 0.424073357712546
1956 0.424519635763084
1957 0.424807182346184
1958 0.425179454149771
1959 0.425468770768741
1960 0.425905616220317
1961 0.426444857282975
1962 0.426963255992731
1963 0.42760117251083
1964 0.428210767114828
1965 0.428703251385727
1966 0.429121212028093
1967 0.429559562015387
1968 0.429930369681645
1969 0.430330666382339
1970 0.430726456560759
1971 0.431190881376159
1972 0.431693119117572
1973 0.432153637787799
1974 0.432710843940233
1975 0.433223645796001
1976 0.433672508490044
1977 0.434166434023402
1978 0.434661229170393
1979 0.43510620820076
1980 0.435652602882364
1981 0.436348599615304
1982 0.436874179162638
1983 0.43740823814959
1984 0.43784559554099
1985 0.438109133858532
1986 0.438384815801916
1987 0.438819749594102
1988 0.439342765648253
1989 0.439851429776518
1990 0.440463128219499
1991 0.441055837660514
1992 0.44167511357891
1993 0.442178781700434
1994 0.442688543234047
1995 0.443161560878297
1996 0.443480643055763
1997 0.443853095500258
1998 0.444329122259798
1999 0.444675970364045
2000 0.444924103858476
2001 0.445284880275285
2002 0.445663306375229
2003 0.446033901662892
2004 0.446522101409285
2005 0.447089183348261
2006 0.447664211704282
2007 0.448400627833545
2008 0.44896008540508
2009 0.449485911955329
2010 0.449974995111791
2011 0.450362127582843
2012 0.450705674732562
2013 0.451152242179163
2014 0.451577299898058
2015 0.452002764855061
2016 0.452455650220258
2017 0.452883846489497
2018 0.45332834002502
2019 0.453672061142993
2020 0.453965021565306
2021 0.454249017349507
2022 0.45440927444993
2023 0.454670027516323
2024 0.454946809706216
2025 0.455280784150407
2026 0.455681697645337
2027 0.456076860288132
2028 0.456452321383716
2029 0.456854044377955
2030 0.457195125146377
2031 0.457465325630828
2032 0.457749646754943
2033 0.457961466518143
2034 0.458292153526007
2035 0.458696256844895
2036 0.459081781593408
2037 0.459595518381352
2038 0.459976719145532
2039 0.460326071268415
2040 0.460529425141083
2041 0.460667086124132
2042 0.460964077435009
2043 0.461222749503794
2044 0.461514849774785
2045 0.461738998377129
2046 0.461915148560569
2047 0.462144116406628
2048 0.462342272985498
2049 0.462590650566963
2050 0.462972079448954
2051 0.463241258491924
2052 0.463436750326132
2053 0.463647651193873
2054 0.46384940163993
2055 0.464004377257512
2056 0.464152071068094
2057 0.464259857627075
2058 0.464484916605562
2059 0.46474101096679
2060 0.464972739136601
2061 0.465305359890011
2062 0.46555574180564
2063 0.465702730470204
2064 0.465908931261093
2065 0.466130216530461
2066 0.466381059793479
2067 0.466657945006564
2068 0.46694436708232
2069 0.467182078707038
2070 0.467390380081922
2071 0.467609215500945
2072 0.467764107701624
2073 0.467969266449009
2074 0.468217900946146
2075 0.46844395862027
2076 0.46867793997313
2077 0.468859139943285
2078 0.469019945108394
2079 0.469195248469329
2080 0.469355055324952
2081 0.469481828905904
2082 0.469652941903531
2083 0.469733504802945
2084 0.469715524167634
2085 0.46964856432186
2086 0.469688357644593
2087 0.469708113224091
2088 0.46982702524837
2089 0.470052368641139
2090 0.470273884939969
2091 0.470499463681307
2092 0.470803932888033
2093 0.471205887424815
2094 0.471547469606555
2095 0.472029268519626
2096 0.472316919679672
2097 0.472465937263583
2098 0.472636078065616
2099 0.472775183764091
2100 0.47274435302101
2101 0.472844368180636
2102 0.472933286517461
2103 0.472978996762223
2104 0.472950536308118
2105 0.473045657762461
2106 0.473179069985167
2107 0.473295692834701
2108 0.473504327131085
2109 0.473619631048204
2110 0.473603581118834
2111 0.473717551880777
2112 0.473826872524472
2113 0.474042685695323
2114 0.474437856624136
2115 0.474735413798026
2116 0.475022248330101
2117 0.475373642770013
2118 0.475482221465227
2119 0.475735485585739
2120 0.476123576337071
2121 0.47665463187306
2122 0.477036450210292
2123 0.477543369580626
2124 0.477906650562095
2125 0.478090004942213
2126 0.478321451927707
2127 0.478619840805
2128 0.478794658773347
2129 0.478847368367326
2130 0.478936424485836
2131 0.47893289787199
2132 0.479005188134443
2133 0.479197484617386
2134 0.479232229769184
2135 0.479286645016506
2136 0.479396616697733
2137 0.479401425102897
2138 0.479369164685251
2139 0.479209854444905
2140 0.478902105876226
2141 0.478729075240529
2142 0.478490903720321
2143 0.478323589878229
2144 0.47828876071974
2145 0.478184608531377
2146 0.478053347756253
2147 0.477880352518898
2148 0.47776914523111
2149 0.47753240018622
2150 0.477266583329517
2151 0.476851423268801
2152 0.476299032227253
2153 0.47561525267812
2154 0.475007663224013
2155 0.474422522655896
2156 0.473937310663209
2157 0.473612804031944
2158 0.473220562695504
2159 0.472866111384338
2160 0.472434276594259
2161 0.472002147023719
2162 0.471526949179965
2163 0.470906452018895
2164 0.470446820432124
2165 0.470018157622854
2166 0.469668525341936
2167 0.469477336563822
2168 0.469210345727503
2169 0.468955316493944
2170 0.468702111869477
2171 0.468531293285645
2172 0.468192072378286
2173 0.467767537252779
2174 0.467327057672092
2175 0.466804013686848
2176 0.466060873432005
2177 0.46554458876949
2178 0.465116451519018
2179 0.464638603788942
2180 0.464231667667972
2181 0.463751208482126
2182 0.463133703584191
2183 0.462713369444671
2184 0.462442074002762
2185 0.462035923782061
2186 0.461778947944773
2187 0.46127585656193
2188 0.460446560829497
2189 0.45981038479518
2190 0.459166205163905
2191 0.458529778902729
2192 0.458038841114238
2193 0.457444290904733
2194 0.456770271612333
2195 0.456051579704247
2196 0.455443619334808
2197 0.454677890785919
2198 0.454023412969125
2199 0.453448027433711
2200 0.452775851385913
2201 0.452010569769475
2202 0.451425135872992
2203 0.450833192180035
2204 0.450325999309452
2205 0.449880914567926
2206 0.449665239813772
2207 0.449564536476928
2208 0.44956059453565
2209 0.449879766698322
2210 0.450061394018913
2211 0.450137377757954
2212 0.450409461857063
2213 0.450771671742143
2214 0.451203199370658
2215 0.451933619117832
2216 0.452421472416238
2217 0.4528172497696
2218 0.453186336336531
2219 0.45348312263813
2220 0.453868021319999
2221 0.454285253838925
2222 0.454814880376645
2223 0.455278439363721
2224 0.455795600246291
2225 0.456141496674469
2226 0.456370876824819
2227 0.456718935448166
2228 0.457044859812745
2229 0.457248769124269
2230 0.45750739997201
2231 0.457699702733811
2232 0.457758198269767
2233 0.457759617298654
2234 0.457713167020254
2235 0.457697752610482
2236 0.457551293182643
2237 0.45748232851809
2238 0.45752499549918
2239 0.457537433005692
2240 0.457411374296037
2241 0.457457528717792
2242 0.45764686550619
2243 0.457821337977439
2244 0.458166615819355
2245 0.45841259033327
2246 0.45839955693061
2247 0.458500709609218
2248 0.458627151590107
2249 0.45873189259104
2250 0.458896679726407
2251 0.459252365180749
2252 0.459364811650374
2253 0.459286466836905
2254 0.459424912751733
2255 0.459544693810973
2256 0.459792604218609
2257 0.460423804924892
2258 0.460514721991371
2259 0.46032871996784
2260 0.460247184434855
2261 0.459708412183977
2262 0.459692051924312
2263 0.460116222795451
2264 0.460341907125593
2265 0.460714095114621
2266 0.460988558197454
2267 0.461243556523513
2268 0.461334023403465
2269 0.461223164491132
2270 0.461304054379243
2271 0.461362288100392
2272 0.461398332774127
2273 0.461670205278244
2274 0.461753125081057
2275 0.461564198255154
2276 0.461466591794487
2277 0.461176801859911
2278 0.461273576213196
2279 0.461388414424469
2280 0.461547163079774
2281 0.462024310327681
2282 0.462225361350955
2283 0.462244597221669
2284 0.462406097103254
2285 0.462448388248707
2286 0.462374343230286
2287 0.462224319990538
2288 0.462077617231708
2289 0.461842679089506
2290 0.461255807029255
2291 0.461200586778476
2292 0.461391029478629
2293 0.461444767645871
2294 0.461887793879459
2295 0.461870131773103
2296 0.461656915768128
2297 0.461271574181368
2298 0.460384806157961
2299 0.460007066080685
2300 0.459654787056989
2301 0.459366085595067
2302 0.459536516863074
2303 0.459367041803286
2304 0.458939190833875
2305 0.458678849556472
2306 0.458509082779689
2307 0.458203924667608
2308 0.457487781266936
2309 0.457442402653076
2310 0.457782467982168
2311 0.458015717095718
2312 0.458964601506176
2313 0.459386461456918
2314 0.459261778204597
2315 0.459251577384891
2316 0.459294215915931
2317 0.45910586154419
2318 0.458736534084894
2319 0.458438861720768
2320 0.457975077146316
2321 0.457362807964449
2322 0.457534953570433
2323 0.457571413231996
2324 0.457584824017177
2325 0.4576764894499
2326 0.457361115528807
2327 0.456767023719374
2328 0.456549794663843
2329 0.456783558325324
2330 0.457181637578147
2331 0.45754572247475
2332 0.457295896712209
2333 0.456758972860312
2334 0.456094991629536
2335 0.455052480577576
2336 0.454559975141447
2337 0.454451011390523
2338 0.454199390744119
2339 0.454045800218279
2340 0.454056962985488
2341 0.454062896184857
2342 0.454118289707395
2343 0.454441926780653
2344 0.454476278991025
2345 0.454719020143023
2346 0.454237351147239
2347 0.45285512264729
2348 0.45269694989768
2349 0.452644665213941
2350 0.452557445913635
2351 0.453680035548737
2352 0.453469055272515
2353 0.451835873500297
2354 0.451652652590211
2355 0.451712243046173
2356 0.451959737606399
2357 0.453470634011719
2358 0.453525664617386
2359 0.452813752369363
2360 0.452389487016612
2361 0.451049739020528
2362 0.450784772299563
2363 0.451505177762922
2364 0.451406338106031
2365 0.451503405735046
2366 0.451163482181482
2367 0.449850389918116
2368 0.449292489005119
2369 0.449253203277387
2370 0.448744052962556
2371 0.447912244915653
2372 0.447733945450395
2373 0.447633364949622
2374 0.447499159143123
2375 0.448119403963236
2376 0.448301007341693
2377 0.448111293770351
2378 0.447733640254969
2379 0.44697476428672
2380 0.446845689496886
2381 0.446942468025393
2382 0.446816031762093
2383 0.447182487704739
2384 0.447033584546253
2385 0.445798343686652
2386 0.445628795601361
2387 0.446273793641864
2388 0.446515020165946
2389 0.447369048073033
2390 0.447250807334322
2391 0.445995153239374
2392 0.445671863462466
2393 0.445530964645798
2394 0.445076083661494
2395 0.444886154943675
2396 0.444592455864564
2397 0.443452725568957
2398 0.443324412119895
2399 0.444498646269298
2400 0.44458819687526
2401 0.444505528372316
2402 0.444367547019109
2403 0.443403225171642
2404 0.442956138423606
2405 0.44294123061501
2406 0.442777478580681
2407 0.442714208313978
2408 0.442501965979531
2409 0.441998328088165
2410 0.441835190505902
2411 0.441846855469067
2412 0.441652871905738
2413 0.442014189124673
2414 0.441548661754986
2415 0.440139421580773
2416 0.439167204943147
2417 0.438247784540262
2418 0.437232488349753
2419 0.435742754375188
2420 0.435565873566146
2421 0.435952578943478
2422 0.43565814980944
2423 0.436294228702488
2424 0.436419799681562
2425 0.435382705590937
2426 0.435230070883464
2427 0.436277558966947
2428 0.435900842168264
2429 0.434814108555699
2430 0.434040490439669
2431 0.432229139014773
2432 0.431612648797553
2433 0.432153582710165
2434 0.431517128789549
2435 0.430728447662032
2436 0.430241565632467
2437 0.429036600614424
2438 0.428579711105899
2439 0.429291511513904
2440 0.429106015997705
2441 0.428580917678008
2442 0.427037733199057
2443 0.425577953937786
2444 0.424365985687125
2445 0.423846518952273
2446 0.423722385667923
2447 0.423945472137073
2448 0.423158000447495
2449 0.421658633290998
2450 0.420131021595049
2451 0.417952849356229
2452 0.418291177879757
2453 0.418489670610396
2454 0.418569096366256
2455 0.420045987755357
2456 0.418660128376819
2457 0.419410991297273
2458 0.420941022553693
2459 0.420907227290766
2460 0.422344251108876
2461 0.422579687108121
2462 0.423075787685169
2463 0.422700342270945
2464 0.41768435526896
2465 0.415147941860514
2466 0.411959260930398
2467 0.410697128909828
2468 0.413237699865621
2469 0.413342733941132
2470 0.412290532691184
2471 0.411390556927944
2472 0.408895790229535
2473 0.408389713130788
2474 0.409592657967335
2475 0.410712112108417
2476 0.413434912270131
2477 0.414736714861743
2478 0.415994600509692
2479 0.414910638398478
2480 0.410488512344556
2481 0.409371854718495
2482 0.40866191516765
2483 0.408612344057655
2484 0.411158394001778
2485 0.411615141673391
2486 0.411554458433828
2487 0.40968225586203
2488 0.405854095220282
2489 0.405030827465161
2490 0.403288886130322
2491 0.405318838128586
2492 0.407720753700295
2493 0.407842453714306
2494 0.40730977417458
2495 0.405366883117953
2496 0.403215204074411
2497 0.403375985864274
2498 0.404877858931501
2499 0.407641219576637
2500 0.412549260465011
