"Wavelength" "M053a_m2-w1"
350 0.0944591126102698
351 0.0816995261668416
352 0.0813391897925476
353 0.0878332180851678
354 0.0850620385008394
355 0.0865007535767549
356 0.0863645857346828
357 0.085375939523159
358 0.0895925744449349
359 0.0924509790507544
360 0.0905579913302233
361 0.0859114509882401
362 0.0888214830867819
363 0.0888553864864503
364 0.0872638798492579
365 0.0881566758223508
366 0.0945227611056907
367 0.0932409288923034
368 0.0873192549203776
369 0.0879040604002152
370 0.088306569947927
371 0.0865613129226224
372 0.0831952975201218
373 0.0809556726679607
374 0.0834950794808601
375 0.0864160784692111
376 0.0861925644549262
377 0.0862278682046561
378 0.0860818896378285
379 0.086009776559588
380 0.086272548094508
381 0.0856689289331623
382 0.0864612914011726
383 0.0882867957629787
384 0.0883070107831182
385 0.0858950532070072
386 0.085658790388132
387 0.0892292662730816
388 0.090915822337674
389 0.0884527544362533
390 0.0859932578765148
391 0.0876864316274918
392 0.0861411842200985
393 0.0861054486346192
394 0.0876741168884949
395 0.0872273642221257
396 0.0886284654268344
397 0.0890418903018524
398 0.0874232965263514
399 0.0876221480810701
400 0.0885999269666262
401 0.0896202202747129
402 0.0899238300562962
403 0.0884065819290574
404 0.0877862660853156
405 0.0883116726719436
406 0.0883728351219953
407 0.0891246251232822
408 0.0896873596441007
409 0.0897459317902873
410 0.0906177261566776
411 0.0902814352990271
412 0.0900701866340658
413 0.0913853032999948
414 0.0910131954229232
415 0.0906858100888853
416 0.0911837132448253
417 0.0922375748088833
418 0.0926903851356763
419 0.0926181511664986
420 0.0924190465107902
421 0.0926179565725902
422 0.0934964983299144
423 0.0943320352760712
424 0.0942892543705304
425 0.0940614966493336
426 0.0940201978305108
427 0.0941816128365686
428 0.0942546607940076
429 0.0946089654075079
430 0.0952133263693164
431 0.0958355014236774
432 0.0958861530735862
433 0.0962885023895224
434 0.0967356307199615
435 0.0965780382199481
436 0.0969767566524048
437 0.0972806167218008
438 0.0973039883626759
439 0.0976113170940641
440 0.0979574062212524
441 0.0982284903208338
442 0.098392904391517
443 0.0985485449277282
444 0.0989593726874332
445 0.0995684472643036
446 0.100109337189754
447 0.100386574839531
448 0.10068921677739
449 0.101072775485268
450 0.101103958616794
451 0.101021742880771
452 0.100937034091718
453 0.10102281564696
454 0.101953537960087
455 0.10243817025976
456 0.102331833351064
457 0.102515757345318
458 0.10297770875325
459 0.103074324519536
460 0.102684761249675
461 0.103153518000435
462 0.103945472544289
463 0.104401886342814
464 0.104068217160202
465 0.104274925257337
466 0.10477788276502
467 0.105153184224382
468 0.104937549275263
469 0.105136152057005
470 0.105508741772799
471 0.105693353296106
472 0.106081205950238
473 0.106178280584115
474 0.106227742621453
475 0.106853623857984
476 0.107093171552341
477 0.107022554635683
478 0.106916742473222
479 0.107152015947204
480 0.107294282467821
481 0.107594593368694
482 0.108315961097535
483 0.108412440949723
484 0.108543613947419
485 0.10894348636048
486 0.109277268741523
487 0.10954457908429
488 0.10976764450511
489 0.110000124205544
490 0.110365882289061
491 0.110605263609871
492 0.110761457123376
493 0.111040295760052
494 0.111227884834694
495 0.111563663650713
496 0.112089734664034
497 0.112395697125575
498 0.112681605545579
499 0.113054737984675
500 0.113517363957799
501 0.113647112164536
502 0.113833416561932
503 0.114194421390236
504 0.114509517155377
505 0.114879178192168
506 0.115271467945005
507 0.115644218788181
508 0.116017007964058
509 0.116308216691646
510 0.116572175281485
511 0.11693570915435
512 0.117298956993496
513 0.117597250570774
514 0.117846869316524
515 0.118226200991351
516 0.118489918492724
517 0.118743008624132
518 0.119167835915453
519 0.119569606862493
520 0.11993223804681
521 0.120292429560143
522 0.12073425567923
523 0.121057141140067
524 0.121374911707898
525 0.121816241600935
526 0.122276620483211
527 0.122641133130143
528 0.122895769779097
529 0.123118180997802
530 0.12352444642883
531 0.124001858899781
532 0.124431696230659
533 0.12482899963258
534 0.125126061721339
535 0.125438408289522
536 0.125921702272586
537 0.12633925198801
538 0.126684813173216
539 0.127010018359912
540 0.127416452577222
541 0.127823478760786
542 0.128215366430216
543 0.128596863523949
544 0.12896871220357
545 0.129374860284709
546 0.129796675389064
547 0.130157734302469
548 0.130619331698148
549 0.131123489318665
550 0.131609766381356
551 0.132161960709252
552 0.132790336246984
553 0.133369452705726
554 0.133725274893317
555 0.134240471534217
556 0.134757358643848
557 0.135168770994146
558 0.135645346841787
559 0.136063606766607
560 0.136478882457605
561 0.136974865703993
562 0.137313474221307
563 0.137701326091655
564 0.138140624277928
565 0.138306061879836
566 0.138545655085814
567 0.138837088666525
568 0.139099236585845
569 0.139452851113477
570 0.139961351950826
571 0.140555902791108
572 0.141053683741039
573 0.141561079666067
574 0.142103609951201
575 0.142667454695814
576 0.143178795677402
577 0.143580859656923
578 0.143906578317745
579 0.144236394323676
580 0.14449539877508
581 0.14470638996718
582 0.144905768924109
583 0.145127427456586
584 0.145413982155565
585 0.145716324019887
586 0.145986401579257
587 0.146408871828591
588 0.146805172817843
589 0.147153231537096
590 0.147648298897062
591 0.147983931293002
592 0.148324973548021
593 0.148838539259113
594 0.149203095036212
595 0.149512840228775
596 0.149833006587995
597 0.150197384474298
598 0.150618618938364
599 0.15105196212096
600 0.151435237806523
601 0.151676298470639
602 0.151930492971651
603 0.152190430338546
604 0.152385876249385
605 0.152676615263269
606 0.152980886073353
607 0.153253857749853
608 0.153555024773766
609 0.153923748387579
610 0.154286314738991
611 0.154560329793349
612 0.15483317898897
613 0.155196313299836
614 0.155628984405333
615 0.155988773399719
616 0.156265174698453
617 0.15655082157586
618 0.156911056851878
619 0.157209983318485
620 0.157580658209622
621 0.157990015437012
622 0.158292976504556
623 0.158598590194583
624 0.158963105650592
625 0.159368862655448
626 0.159634509578219
627 0.159975265533135
628 0.160363238807578
629 0.160677097890915
630 0.16102120292829
631 0.161365791453088
632 0.16169591873584
633 0.162036131204081
634 0.162420212009427
635 0.162790256955819
636 0.163094479302932
637 0.163450537088634
638 0.16383261892602
639 0.164212529451251
640 0.16456623346402
641 0.164881303763834
642 0.165232010843931
643 0.165659203254432
644 0.166063063788468
645 0.166402497800391
646 0.166716438179801
647 0.167085288633946
648 0.167424724941339
649 0.167808829696494
650 0.168258206240877
651 0.168650721096026
652 0.169039116233771
653 0.169405006752889
654 0.169723429065444
655 0.170074405948382
656 0.170426838166502
657 0.170781556046385
658 0.171186804545977
659 0.171618510345719
660 0.172045648285913
661 0.172440253443764
662 0.172793092293634
663 0.17312906017337
664 0.173483688597243
665 0.173894422994342
666 0.174320795077824
667 0.17475423312745
668 0.175186903595917
669 0.175592936673183
670 0.176030889311787
671 0.176437464850736
672 0.176733364396693
673 0.177117883375608
674 0.1775836470423
675 0.178059781146405
676 0.178414049512568
677 0.178848341811027
678 0.17931976264101
679 0.179741230170645
680 0.1801434391805
681 0.180573621033521
682 0.1810086910748
683 0.181374442195874
684 0.181762610031983
685 0.182218966337309
686 0.182719928174058
687 0.18308571202009
688 0.183529009015365
689 0.184009659408299
690 0.184394687025382
691 0.184819465192792
692 0.185269264074689
693 0.185721146234605
694 0.186161761875096
695 0.18660201653352
696 0.187076576637443
697 0.187587793602445
698 0.187980433150667
699 0.188398576142003
700 0.18886686406953
701 0.189306476319063
702 0.189752776106166
703 0.19019960988462
704 0.19064574550955
705 0.191117256188666
706 0.191600043868806
707 0.192098296684802
708 0.192610678113976
709 0.193052375521785
710 0.193517866036916
711 0.194016111572555
712 0.194425867989586
713 0.194907222377295
714 0.195425240827059
715 0.195908375396571
716 0.196343025429138
717 0.196788217432563
718 0.197285684650068
719 0.197845769283117
720 0.198309283696629
721 0.198763766718149
722 0.199268858902252
723 0.199755003162281
724 0.200253018576469
725 0.20077419921858
726 0.201304152360209
727 0.201716396812688
728 0.202236730137469
729 0.202858252589977
730 0.203323886349267
731 0.203761871814076
732 0.204211139725566
733 0.204688206547093
734 0.205199256545387
735 0.205702138388132
736 0.206166463908759
737 0.206593083784372
738 0.207155107489604
739 0.207686435510788
740 0.208126678867002
741 0.208608032801217
742 0.209075828189584
743 0.209574786168714
744 0.21013308596425
745 0.210639232082845
746 0.211143085334957
747 0.211656766636275
748 0.212164511985728
749 0.212640342511378
750 0.213164604864649
751 0.213726521391243
752 0.214125732355697
753 0.214642118411243
754 0.215190541764101
755 0.215629653975801
756 0.216124140035608
757 0.216632214525485
758 0.217143092374786
759 0.217670988369436
760 0.21812370459755
761 0.218597010689183
762 0.219141713751991
763 0.219656672315292
764 0.220154193609206
765 0.220644561431134
766 0.221141901958829
767 0.221666910324639
768 0.222164488708128
769 0.222623497145086
770 0.22308302893008
771 0.223649647351715
772 0.224243829762213
773 0.22479045120235
774 0.22530563561192
775 0.225790679337323
776 0.226245301141279
777 0.226686108061527
778 0.227202636095184
779 0.227720892748581
780 0.228190817130556
781 0.228606510432239
782 0.229123338392367
783 0.229692507217656
784 0.230245887531731
785 0.230764022697486
786 0.231234363479429
787 0.231714670513022
788 0.232261680502363
789 0.232783036733041
790 0.233315851481407
791 0.233844811597468
792 0.234313660712147
793 0.234844833871456
794 0.235348682638941
795 0.235774257843133
796 0.236208438144078
797 0.236752373245578
798 0.237340560298619
799 0.237880141888091
800 0.238470458269212
801 0.238961136658158
802 0.239382637632371
803 0.239893475195052
804 0.240408496796364
805 0.240912483842034
806 0.241401147652073
807 0.241873386765177
808 0.242402623330683
809 0.243012783408591
810 0.243649412516251
811 0.244062517287334
812 0.244492310684015
813 0.244974987742698
814 0.245440442645196
815 0.246010870130173
816 0.246516901322941
817 0.246947690741277
818 0.247503850960128
819 0.247974988860714
820 0.248440713382663
821 0.248973573202188
822 0.249471858171413
823 0.249976019796947
824 0.250470205337518
825 0.250937107496074
826 0.251451349524481
827 0.251953106315608
828 0.252430684858719
829 0.252915293867225
830 0.253397154370278
831 0.253878578740662
832 0.254364995588709
833 0.254864525314319
834 0.255406411655969
835 0.25591448022442
836 0.25634918377002
837 0.256866607850356
838 0.257388490905008
839 0.257875042593795
840 0.258317617823763
841 0.258768305385303
842 0.259270889370364
843 0.259804960560043
844 0.260296508389769
845 0.260722734409083
846 0.261177145516878
847 0.26170288933766
848 0.262228097369011
849 0.262728024733689
850 0.263186697903082
851 0.263620355109308
852 0.264126506250633
853 0.264597447283533
854 0.265071356828021
855 0.265614677229308
856 0.266060415709191
857 0.266508439923162
858 0.266988145963138
859 0.267458018599139
860 0.267912388588974
861 0.26840607666423
862 0.268935566942362
863 0.269407827540771
864 0.269880027107849
865 0.270358344356017
866 0.270848367173092
867 0.271385555826081
868 0.27190632881247
869 0.272397792777644
870 0.272854256971287
871 0.273204870785095
872 0.273634307761466
873 0.274170438445145
874 0.27473648600266
875 0.275305355711163
876 0.275786511126829
877 0.276176755319438
878 0.276560583478177
879 0.27696970501738
880 0.27741722489124
881 0.277897308671227
882 0.278385498153457
883 0.278864674431014
884 0.279382599963325
885 0.279958037742971
886 0.280512744924815
887 0.280987596480973
888 0.281394755352675
889 0.281787245584594
890 0.282243517838033
891 0.282740984607548
892 0.283248698477542
893 0.283723928872938
894 0.284080166063126
895 0.284561579974552
896 0.285167084124472
897 0.285702289528303
898 0.28613899176766
899 0.286542920599974
900 0.286928160898819
901 0.287258333814519
902 0.287817329649637
903 0.288441424930775
904 0.288971046851351
905 0.289384038779347
906 0.289902547529681
907 0.290370549089096
908 0.290712544042277
909 0.291200774946088
910 0.291697294760734
911 0.292140118797798
912 0.292549603848481
913 0.293129595868589
914 0.293658822308633
915 0.294101908924269
916 0.294518063096467
917 0.295017911786709
918 0.295520715415396
919 0.295987633489816
920 0.296430537679986
921 0.296989188774521
922 0.297451324076774
923 0.297866675561139
924 0.298415221781337
925 0.298887096898211
926 0.299348916619573
927 0.299756904700261
928 0.30001944662313
929 0.300519958495304
930 0.301012117773542
931 0.301443828139586
932 0.301995883208142
933 0.302385227202034
934 0.302819114404948
935 0.303406525659539
936 0.304039340069446
937 0.304484881507345
938 0.304877306126786
939 0.30534650460622
940 0.305903983243516
941 0.306419178462476
942 0.30683531534414
943 0.307155039207002
944 0.307446780907612
945 0.307897877903544
946 0.308408109847535
947 0.30889515217604
948 0.309439609356442
949 0.309827220434699
950 0.31025733836326
951 0.310829977627323
952 0.311248099994815
953 0.31175457739518
954 0.312182389399021
955 0.312484808761569
956 0.31308679861638
957 0.31354009627978
958 0.313975537972969
959 0.314520379198562
960 0.314921278735275
961 0.315348505249072
962 0.315834655232301
963 0.316359919425933
964 0.316883841057798
965 0.317317541670034
966 0.317706411503897
967 0.318099794775405
968 0.318451719193824
969 0.31872009002639
970 0.319133313932154
971 0.319793889851767
972 0.320353023546562
973 0.32084334679999
974 0.321273865481428
975 0.32168289916122
976 0.322161135383522
977 0.322483170703789
978 0.322786710600347
979 0.323183902544633
980 0.32352545720146
981 0.323911136140264
982 0.324440924200175
983 0.325050078645905
984 0.32540379401934
985 0.325909472005591
986 0.326350912749252
987 0.326659333027447
988 0.327210590271603
989 0.327482262987595
990 0.32782965938283
991 0.32842242848765
992 0.328921918990931
993 0.329557440404089
994 0.330035441103098
995 0.330318445258954
996 0.330750577151614
997 0.331092006987952
998 0.331448445455096
999 0.331882236947538
1000 0.332341909681884
1001 0.323664567463824
1002 0.32409557884111
1003 0.324535638453264
1004 0.324916855364973
1005 0.325276975972986
1006 0.325649108331035
1007 0.325998995030586
1008 0.326333345934021
1009 0.326635369525799
1010 0.327005525841625
1011 0.327370291419003
1012 0.327698105880624
1013 0.328115916101653
1014 0.328582251137473
1015 0.328975798949286
1016 0.329368823100701
1017 0.3297802531258
1018 0.33018562493273
1019 0.330584942606927
1020 0.330990626463329
1021 0.331415598090377
1022 0.331856482205062
1023 0.332268763152479
1024 0.332640583765649
1025 0.333031041593841
1026 0.333375609507913
1027 0.333729018535129
1028 0.334096799681734
1029 0.334417300707929
1030 0.3347722012188
1031 0.335172110002058
1032 0.335574931551468
1033 0.336032868671524
1034 0.33644709288422
1035 0.336853518821414
1036 0.337262512828119
1037 0.337567226815504
1038 0.337962417889836
1039 0.338446759754489
1040 0.338819249697106
1041 0.339266998387135
1042 0.339766026241654
1043 0.340138120511246
1044 0.340497565726254
1045 0.340917977413059
1046 0.341324627211174
1047 0.341714910666661
1048 0.342093386427625
1049 0.342537967707539
1050 0.343002519986443
1051 0.343393689852527
1052 0.343777029913379
1053 0.344169720233408
1054 0.344449230444192
1055 0.344742957686419
1056 0.345155621569331
1057 0.345513788707742
1058 0.345893832980046
1059 0.34632373447006
1060 0.346710648303928
1061 0.347108573255796
1062 0.347472868813996
1063 0.347822667394425
1064 0.348129025465749
1065 0.348414575066421
1066 0.34873751208087
1067 0.349099898137423
1068 0.349375854330048
1069 0.349657313299743
1070 0.349956884286084
1071 0.350185051818046
1072 0.350422033334604
1073 0.350679166781983
1074 0.350920213784887
1075 0.35115330857923
1076 0.351393831308541
1077 0.351653644457829
1078 0.351932912892018
1079 0.352213087688539
1080 0.352470530573433
1081 0.352721508128601
1082 0.352968502068821
1083 0.353149825913876
1084 0.353291957555302
1085 0.353492965156636
1086 0.353757381457443
1087 0.354001253301439
1088 0.354244421599031
1089 0.354501639738697
1090 0.354721609313238
1091 0.354946097529395
1092 0.355167325785691
1093 0.355403723201167
1094 0.355656636720931
1095 0.355873689632136
1096 0.356047373048009
1097 0.356286683355527
1098 0.356532208283575
1099 0.356755531885195
1100 0.357019078872496
1101 0.357319364253545
1102 0.357604219224012
1103 0.357843564909564
1104 0.358122289789463
1105 0.358357764144924
1106 0.358610442337782
1107 0.358869958885555
1108 0.359144544068777
1109 0.359422918170528
1110 0.359709703580894
1111 0.360001624777969
1112 0.360257005261706
1113 0.360576092209558
1114 0.360909692045772
1115 0.36121806360401
1116 0.361530082923493
1117 0.361813761853016
1118 0.362133721714047
1119 0.362464932429496
1120 0.362765149417373
1121 0.36309145925075
1122 0.363422963522203
1123 0.363748736343545
1124 0.364096358524216
1125 0.364422864593933
1126 0.364733336706743
1127 0.365057557728731
1128 0.365355270446297
1129 0.365694671250799
1130 0.366049403886308
1131 0.366344549905596
1132 0.366669922541449
1133 0.367017895910042
1134 0.367369155636666
1135 0.367743612382556
1136 0.368092031920956
1137 0.368425791441997
1138 0.36876473914557
1139 0.369102825975582
1140 0.369437100849481
1141 0.369789683479969
1142 0.370108855428153
1143 0.370414213535337
1144 0.370681756236908
1145 0.37095737801168
1146 0.37127776018671
1147 0.371615887919338
1148 0.3719614367772
1149 0.372308430670908
1150 0.372634793948598
1151 0.372957905579297
1152 0.37329972805187
1153 0.373615646109
1154 0.373915201862647
1155 0.374227747095893
1156 0.374531409717002
1157 0.374831877869471
1158 0.375157398432737
1159 0.375445689041607
1160 0.375703578017511
1161 0.375970063471376
1162 0.376220230651161
1163 0.37650581553273
1164 0.376808354428761
1165 0.377096476808542
1166 0.377414732493913
1167 0.377704526702308
1168 0.377971633116141
1169 0.378264798059597
1170 0.378533084548917
1171 0.378771155275007
1172 0.379035112019484
1173 0.379299090675322
1174 0.379569894787589
1175 0.379844022310455
1176 0.38012601780841
1177 0.380428538547359
1178 0.380715626559715
1179 0.380990268805193
1180 0.381302164229223
1181 0.381585887043728
1182 0.381821628179295
1183 0.382047799773265
1184 0.382264652800866
1185 0.382482486161028
1186 0.382703117115179
1187 0.382936665447949
1188 0.383202109932175
1189 0.383426269471593
1190 0.383642582981706
1191 0.383850902373792
1192 0.384025216961216
1193 0.38421735163509
1194 0.384411020940892
1195 0.384610529929776
1196 0.38483308177066
1197 0.385034272563743
1198 0.385236996914211
1199 0.385402615143024
1200 0.385615407986167
1201 0.385793813676668
1202 0.385942861886724
1203 0.386153124048771
1204 0.386335844514919
1205 0.386483088427367
1206 0.386661499667582
1207 0.386875948987503
1208 0.387055383853974
1209 0.387191483193395
1210 0.387397645649885
1211 0.387626717322461
1212 0.387862684588602
1213 0.388180102210852
1214 0.388426562330403
1215 0.388609434583414
1216 0.388833379489729
1217 0.389055056842178
1218 0.38928416152382
1219 0.389520134462066
1220 0.389744200734468
1221 0.389946414510142
1222 0.390110119569307
1223 0.390291846839934
1224 0.39047488779658
1225 0.390654398886509
1226 0.390811042339471
1227 0.391006003655831
1228 0.391217796785444
1229 0.391431343916477
1230 0.391669276569056
1231 0.391901233202113
1232 0.392140232601545
1233 0.392368361056158
1234 0.392586171769562
1235 0.392819940053078
1236 0.39306062798937
1237 0.393293040792422
1238 0.39351726492649
1239 0.393735181667348
1240 0.393949421490685
1241 0.394149333467994
1242 0.394325168147728
1243 0.394491720259972
1244 0.394664536732907
1245 0.394782548810296
1246 0.394972311279127
1247 0.395222693270418
1248 0.395440710398763
1249 0.395662689938535
1250 0.395896830142277
1251 0.396130729938867
1252 0.396364687628582
1253 0.396608106191204
1254 0.396863445955497
1255 0.397114231131932
1256 0.397375034886702
1257 0.397657983141496
1258 0.39795079173818
1259 0.398227226098744
1260 0.398511376503219
1261 0.39875549916603
1262 0.398971967831237
1263 0.39920796030731
1264 0.399434737528664
1265 0.399645812615694
1266 0.39984678114879
1267 0.400069155613095
1268 0.400258687455034
1269 0.400495062228545
1270 0.400802265998286
1271 0.401063872573765
1272 0.401313966810169
1273 0.401566219407981
1274 0.401817675615722
1275 0.402047520349949
1276 0.402283491605635
1277 0.402491791052795
1278 0.402677181873022
1279 0.402833716117565
1280 0.402972728127373
1281 0.403089665560236
1282 0.403194769479212
1283 0.403251784276088
1284 0.40336757354211
1285 0.403507447694768
1286 0.403621172054239
1287 0.403763790778007
1288 0.40386550191144
1289 0.403904233402226
1290 0.40399903412735
1291 0.404135278562755
1292 0.404222691274599
1293 0.404323705988198
1294 0.404386438704912
1295 0.404399177248491
1296 0.404407930591561
1297 0.404391494539358
1298 0.404384374392874
1299 0.404363900233257
1300 0.404332552976143
1301 0.404349658348765
1302 0.404395279277825
1303 0.404432088931527
1304 0.404505610166981
1305 0.404529214273544
1306 0.404519864423862
1307 0.404539896887489
1308 0.404555230354467
1309 0.404571803639159
1310 0.404609914781748
1311 0.404628397112452
1312 0.404637022109424
1313 0.404633483525421
1314 0.404600431012126
1315 0.404605085173175
1316 0.404602845012421
1317 0.404626469768566
1318 0.404675993611572
1319 0.404748251540185
1320 0.404828331854645
1321 0.404936915037458
1322 0.405089541218293
1323 0.405252368030405
1324 0.40539319416539
1325 0.405538707037193
1326 0.405681140724323
1327 0.40580887623918
1328 0.405946665677777
1329 0.40608872572059
1330 0.406241566143235
1331 0.406381773306405
1332 0.406560461111195
1333 0.406763538615433
1334 0.406978244899115
1335 0.407252643587713
1336 0.407454289545827
1337 0.407638125133194
1338 0.407809459771589
1339 0.407899675113964
1340 0.408061257872319
1341 0.408260135272813
1342 0.408456751610947
1343 0.408689564080495
1344 0.408906820368534
1345 0.409123249296799
1346 0.409330868568563
1347 0.409515743910582
1348 0.409730809785169
1349 0.409939869799629
1350 0.410143281132335
1351 0.410356561019266
1352 0.410590799688568
1353 0.410801231220043
1354 0.410999017149867
1355 0.411208843688182
1356 0.411418694483535
1357 0.41162400600516
1358 0.411832776830207
1359 0.412040357454532
1360 0.412236980087728
1361 0.412444399034646
1362 0.412670019342286
1363 0.412874559503801
1364 0.413062790047961
1365 0.413263047092281
1366 0.413458561980875
1367 0.413655541591684
1368 0.413859115989673
1369 0.414063736073731
1370 0.414271313521646
1371 0.414469023008348
1372 0.4146827797324
1373 0.414879927655262
1374 0.415042979894619
1375 0.415142144248004
1376 0.415194641515759
1377 0.415184310550687
1378 0.415163550337613
1379 0.415101513089044
1380 0.415020514848968
1381 0.414894827246635
1382 0.414796331242146
1383 0.414676785703769
1384 0.414572387050356
1385 0.414500778796013
1386 0.414392979096357
1387 0.414271570442459
1388 0.414137651428165
1389 0.414006643781123
1390 0.413830962079181
1391 0.413633423503632
1392 0.413407636653813
1393 0.413131789775008
1394 0.412859359767673
1395 0.412566660102979
1396 0.412271259380869
1397 0.411996483133961
1398 0.411667581493264
1399 0.411310240690375
1400 0.41093577085143
1401 0.410533311732104
1402 0.410086456413836
1403 0.409646220584782
1404 0.409185801761742
1405 0.408737701348954
1406 0.408273290685582
1407 0.40783075408318
1408 0.407387415186153
1409 0.406987566023295
1410 0.406573026578625
1411 0.406263572546517
1412 0.405969737895785
1413 0.405830325662619
1414 0.405782300772936
1415 0.405835422154919
1416 0.406024320617846
1417 0.406257942692874
1418 0.406603379884996
1419 0.406942371661749
1420 0.407357962237995
1421 0.407750334269627
1422 0.408162735682818
1423 0.408555347442875
1424 0.408961293536003
1425 0.409336771031378
1426 0.409691775002793
1427 0.410033404887681
1428 0.410342031884739
1429 0.410662933723659
1430 0.410987118493396
1431 0.411295082633639
1432 0.411589057143834
1433 0.411902048456544
1434 0.41217046201491
1435 0.412450150655348
1436 0.412762577995614
1437 0.413085254291064
1438 0.413422392142372
1439 0.413802858277626
1440 0.414139481999024
1441 0.414478705474365
1442 0.414787537036917
1443 0.415080529562569
1444 0.415346205759289
1445 0.415582420218623
1446 0.4158129439265
1447 0.416017164903235
1448 0.416224576934823
1449 0.4164058034714
1450 0.41662642155026
1451 0.416884076753588
1452 0.417091128225884
1453 0.41730617255127
1454 0.417495448436274
1455 0.417628629732299
1456 0.417780914861604
1457 0.417921974716926
1458 0.418093028869827
1459 0.418268450105807
1460 0.418457059597783
1461 0.418690646176992
1462 0.418897197372131
1463 0.419105258772107
1464 0.419291575704971
1465 0.41943920192679
1466 0.419619476335128
1467 0.41979513405757
1468 0.419984679673755
1469 0.420215866796639
1470 0.420431953475136
1471 0.420612411525025
1472 0.420803903353518
1473 0.420974321745592
1474 0.421143774796969
1475 0.421338201938564
1476 0.421550860390803
1477 0.421757636854671
1478 0.421969886476516
1479 0.422195772119992
1480 0.422430578086809
1481 0.422652013357034
1482 0.422892741873034
1483 0.423103798660887
1484 0.423286582999224
1485 0.423487783066274
1486 0.423688453357485
1487 0.423882354460145
1488 0.424075565196585
1489 0.424267971419753
1490 0.424446064430002
1491 0.424646803795367
1492 0.424842835881124
1493 0.425074398392016
1494 0.425342074605162
1495 0.425595839898928
1496 0.425892275591478
1497 0.426139272120272
1498 0.426363501099617
1499 0.426568798508008
1500 0.426744186928401
1501 0.426911872757284
1502 0.427073811290113
1503 0.427202814028595
1504 0.427272074044931
1505 0.427392544314746
1506 0.427496621457062
1507 0.427637800721638
1508 0.427837330333999
1509 0.428029520332039
1510 0.428230530678856
1511 0.42843866316987
1512 0.428663864978711
1513 0.428882077751567
1514 0.429115591372373
1515 0.429324742412606
1516 0.429505132998139
1517 0.429706250795154
1518 0.429899801366048
1519 0.430093063778122
1520 0.430269822218939
1521 0.430418911502546
1522 0.430555690240636
1523 0.430648979712872
1524 0.430770526074318
1525 0.4308980437747
1526 0.4310206850174
1527 0.431133494371779
1528 0.431268797590689
1529 0.431390348026252
1530 0.431579814670985
1531 0.431817140779748
1532 0.432042294685276
1533 0.432331090403194
1534 0.432538526840748
1535 0.432722180465487
1536 0.432864238716514
1537 0.432946500353924
1538 0.433055338879688
1539 0.433141412703556
1540 0.433236385406581
1541 0.433324115082068
1542 0.433447462861938
1543 0.433579701209986
1544 0.43371799676109
1545 0.433911547148288
1546 0.434046875397538
1547 0.434150740997451
1548 0.434258560436367
1549 0.434333812889061
1550 0.434439666122802
1551 0.434540707547791
1552 0.434674968698039
1553 0.434839377690562
1554 0.435005557364802
1555 0.435210682347365
1556 0.435383373145289
1557 0.435538929758189
1558 0.435704046504908
1559 0.435877588218979
1560 0.436019786794639
1561 0.436159035880488
1562 0.436281236701144
1563 0.436350565679147
1564 0.436453158322612
1565 0.436547003070925
1566 0.436680202846543
1567 0.436858790059873
1568 0.437014591688954
1569 0.437210626408258
1570 0.437358152531853
1571 0.437476133417402
1572 0.437573227904398
1573 0.437628931951867
1574 0.437692654672768
1575 0.43771894266411
1576 0.437780752019642
1577 0.437846452411813
1578 0.437944859927351
1579 0.438090965329276
1580 0.438223381463461
1581 0.438346047423684
1582 0.438511563671804
1583 0.438725090697332
1584 0.438899478478072
1585 0.439123589877952
1586 0.439282840963465
1587 0.43934499508107
1588 0.439441771643214
1589 0.439523465691958
1590 0.439614370157398
1591 0.439714618803432
1592 0.439828838190493
1593 0.439962954273229
1594 0.440080847099854
1595 0.440198829572197
1596 0.440323899452114
1597 0.440434037941266
1598 0.440552868283646
1599 0.440702861022353
1600 0.440835207204611
1601 0.440920272357399
1602 0.441021723362797
1603 0.441111857121193
1604 0.441228370368448
1605 0.441370392905608
1606 0.441552674560323
1607 0.441720806322494
1608 0.4419048837905
1609 0.4420651438044
1610 0.442228281813482
1611 0.442364030878861
1612 0.44248165652637
1613 0.442585742469896
1614 0.442665835908739
1615 0.442766025635937
1616 0.442864176498191
1617 0.442949857536381
1618 0.44302703692341
1619 0.44314256304937
1620 0.443248866798556
1621 0.443394576601566
1622 0.443605217223724
1623 0.443747506506962
1624 0.443883782774987
1625 0.443984473141893
1626 0.44403280928253
1627 0.444141442866307
1628 0.444262460515701
1629 0.444353899983228
1630 0.44446272206786
1631 0.444554142843528
1632 0.444581323802752
1633 0.444720812755619
1634 0.444929479684124
1635 0.445085934358242
1636 0.445279665931271
1637 0.445423460128117
1638 0.445512419389858
1639 0.445652206135733
1640 0.445806362654915
1641 0.44595516022586
1642 0.446118584850043
1643 0.44625427217624
1644 0.446374848600932
1645 0.446513848086409
1646 0.44664767189882
1647 0.446799613641795
1648 0.446958669729157
1649 0.447125883020067
1650 0.447316293109795
1651 0.447455133061142
1652 0.447607362543198
1653 0.447697018385503
1654 0.447715236193086
1655 0.447766271831499
1656 0.447815649426905
1657 0.447843233490667
1658 0.447906987777928
1659 0.448015332458268
1660 0.448138161229193
1661 0.448383116772274
1662 0.448652380538367
1663 0.448875637699158
1664 0.449102101477839
1665 0.449252069191948
1666 0.449362588526549
1667 0.449455238046434
1668 0.449502894632921
1669 0.449531774454848
1670 0.44958916568279
1671 0.449693954526343
1672 0.449840035723629
1673 0.449990926290457
1674 0.450116425727545
1675 0.450230136666541
1676 0.450357223087797
1677 0.450539015632444
1678 0.450735057782178
1679 0.450906172749814
1680 0.451060968450087
1681 0.451231181587676
1682 0.451421542475458
1683 0.451624720001084
1684 0.451834989506144
1685 0.452008931087828
1686 0.452170141357747
1687 0.452346429489304
1688 0.452487072218323
1689 0.452594994673209
1690 0.452742639333446
1691 0.452920488858832
1692 0.45311377079904
1693 0.453300811846468
1694 0.453395171489874
1695 0.453416386367904
1696 0.453463074928442
1697 0.453541447459844
1698 0.453687473678668
1699 0.453829579108837
1700 0.453974437581948
1701 0.454155149127573
1702 0.454273665358167
1703 0.454381516510167
1704 0.454472741498109
1705 0.454507790306876
1706 0.454543882927099
1707 0.454564598994937
1708 0.454602411017926
1709 0.454618847309629
1710 0.454653100107232
1711 0.454709373200811
1712 0.454789436283908
1713 0.454894197591956
1714 0.454992705155828
1715 0.455104430296956
1716 0.455209308856558
1717 0.455306912338672
1718 0.455399172667039
1719 0.45550268272932
1720 0.455601433206481
1721 0.45566878688967
1722 0.455779523974187
1723 0.455921669327215
1724 0.456043981911974
1725 0.456204396721267
1726 0.456311911772988
1727 0.456396373734632
1728 0.456439839533959
1729 0.4564278366423
1730 0.456424514277893
1731 0.456369341583848
1732 0.456387569716508
1733 0.456447936682344
1734 0.456498467913187
1735 0.456559398942501
1736 0.456642010842143
1737 0.456736668064856
1738 0.45682630914168
1739 0.456958259525732
1740 0.45705773794941
1741 0.457128996907615
1742 0.457270974709501
1743 0.45733908429888
1744 0.457384378525742
1745 0.457488887790658
1746 0.457521630748704
1747 0.45756207190957
1748 0.457609445615313
1749 0.457602346924575
1750 0.457633522046772
1751 0.457714391121487
1752 0.457777817739002
1753 0.4578450667711
1754 0.457907656298099
1755 0.457948466623453
1756 0.458099393841594
1757 0.458224964187712
1758 0.458278327516317
1759 0.45839778371219
1760 0.458436011650438
1761 0.458473207449939
1762 0.458551254168042
1763 0.458581326340725
1764 0.458653356061351
1765 0.45875907893975
1766 0.458898656495152
1767 0.459014112898706
1768 0.459038627137364
1769 0.459008486569686
1770 0.458984699901131
1771 0.459025779577998
1772 0.459133375492333
1773 0.45923052685945
1774 0.459363585400357
1775 0.459450367835129
1776 0.459498837167552
1777 0.459585044021239
1778 0.459686650262461
1779 0.459762897721157
1780 0.459859019564736
1781 0.459876807117865
1782 0.459854699045683
1783 0.459917515194622
1784 0.459994492601642
1785 0.460063851130404
1786 0.460166321977147
1787 0.460191223842405
1788 0.46026680938046
1789 0.460400938687521
1790 0.460509127440916
1791 0.460651800711783
1792 0.460758708961463
1793 0.460859705224491
1794 0.461049544146319
1795 0.461188780373819
1796 0.461335879501792
1797 0.461560830263055
1798 0.461686410210284
1799 0.461787484247206
1800 0.461870635355496
1801 0.46252983723511
1802 0.462616893658215
1803 0.462641717797681
1804 0.462760915730431
1805 0.46290505634898
1806 0.463084098943757
1807 0.463236641936862
1808 0.463461239178948
1809 0.463635276720766
1810 0.463794750617631
1811 0.463890825944586
1812 0.464036180508967
1813 0.46409492151892
1814 0.464112382768861
1815 0.464135678520505
1816 0.464144856153024
1817 0.4641509509782
1818 0.464142302237806
1819 0.464074527452181
1820 0.464049760647186
1821 0.464203978852676
1822 0.46427613904457
1823 0.464458582135394
1824 0.464669624919735
1825 0.464803537606617
1826 0.464916377516464
1827 0.464962504116192
1828 0.464910151659673
1829 0.464935332967586
1830 0.464984650692393
1831 0.464917493927501
1832 0.4648469846374
1833 0.464887917981564
1834 0.464767239280126
1835 0.464712188604871
1836 0.46475595075393
1837 0.464867066777501
1838 0.464954013383378
1839 0.465139104395304
1840 0.465300568054982
1841 0.465316425389995
1842 0.465438467528304
1843 0.4654035436729
1844 0.465287030791228
1845 0.465311024151891
1846 0.465427842908503
1847 0.465524475268824
1848 0.465705321814893
1849 0.465878594999058
1850 0.46597375144825
1851 0.465929684325741
1852 0.465894658470931
1853 0.465906547748402
1854 0.465862593423704
1855 0.465882901872629
1856 0.465971404749606
1857 0.465998140118706
1858 0.465949832745531
1859 0.465891415003717
1860 0.465737408036656
1861 0.465447184995787
1862 0.465152814414614
1863 0.464889255124313
1864 0.464600805908466
1865 0.464216657851535
1866 0.463853647041235
1867 0.463559288161482
1868 0.463279253946096
1869 0.462982956606589
1870 0.46270678021624
1871 0.46239377980481
1872 0.461991664093718
1873 0.4615185968326
1874 0.461150298777033
1875 0.460799234999398
1876 0.460279122472647
1877 0.459743428080579
1878 0.459103049153687
1879 0.45836956065514
1880 0.457464681498465
1881 0.456627946873044
1882 0.455736249655909
1883 0.454699043865822
1884 0.453671316207107
1885 0.452517771908291
1886 0.451151985119572
1887 0.449739666711848
1888 0.448210923445915
1889 0.446562443872161
1890 0.444754876524479
1891 0.44303881469373
1892 0.441215763413828
1893 0.439306576550842
1894 0.437469317646654
1895 0.435440848820945
1896 0.433319437373349
1897 0.431219820148835
1898 0.429056122544173
1899 0.426971710730998
1900 0.424872827509528
1901 0.422894291516162
1902 0.420989274963713
1903 0.419131887944233
1904 0.417349887290637
1905 0.41584953993414
1906 0.414482757219376
1907 0.413204751198309
1908 0.412212325177919
1909 0.411259559900444
1910 0.410486752787367
1911 0.409918944066825
1912 0.409476474731262
1913 0.409176272197396
1914 0.40899660680766
1915 0.408902673721859
1916 0.408870298087148
1917 0.408976926064667
1918 0.409145272848727
1919 0.409399685010543
1920 0.409709326033042
1921 0.410046840725024
1922 0.410449687647439
1923 0.410833219491789
1924 0.411238126130057
1925 0.411667606293606
1926 0.412087173980073
1927 0.412480113383575
1928 0.412972525094035
1929 0.413486516717164
1930 0.41400136974674
1931 0.414578752666168
1932 0.415081723514083
1933 0.415527571515332
1934 0.416022382724405
1935 0.416513923366299
1936 0.416954540826657
1937 0.417549150490709
1938 0.418157055935402
1939 0.418693270738942
1940 0.419343993958706
1941 0.419912467386358
1942 0.420367797616291
1943 0.420945056896888
1944 0.421626649777467
1945 0.422187266543717
1946 0.42273749555134
1947 0.423302128920762
1948 0.4238118041594
1949 0.424270992914634
1950 0.42488835049711
1951 0.425559843145686
1952 0.426154523538279
1953 0.426726783805829
1954 0.427216861172672
1955 0.427590701743592
1956 0.428004979096659
1957 0.428336106674473
1958 0.428735627718615
1959 0.429112165370454
1960 0.429627495897819
1961 0.430155310659239
1962 0.430727218508932
1963 0.431348839544122
1964 0.431888416986112
1965 0.432357933896767
1966 0.43283933071638
1967 0.433325225040815
1968 0.433770355880696
1969 0.434254007404362
1970 0.434797350699897
1971 0.435295432244824
1972 0.43575161320989
1973 0.436264007541154
1974 0.436812170655751
1975 0.437274522948582
1976 0.437793206164732
1977 0.438306113137002
1978 0.43874883396072
1979 0.439050473123485
1980 0.43953145246591
1981 0.440094453161861
1982 0.440584399796791
1983 0.441178259977922
1984 0.441658809134635
1985 0.442022017776595
1986 0.442377091968308
1987 0.442783323804884
1988 0.443232240241207
1989 0.4436692285049
1990 0.444248036998655
1991 0.444757710671874
1992 0.445256858967813
1993 0.445744606606843
1994 0.446269230793218
1995 0.446688816930315
1996 0.447055751500474
1997 0.447438868528882
1998 0.447790547810929
1999 0.448058792924711
2000 0.448481977174416
2001 0.448821037112946
2002 0.449163340373235
2003 0.449495861486126
2004 0.449914237230868
2005 0.450328861548269
2006 0.450785873731409
2007 0.451398813965301
2008 0.451858491175758
2009 0.45222358239637
2010 0.452619505742668
2011 0.452990378188998
2012 0.453324654213894
2013 0.453724952690448
2014 0.454162955397434
2015 0.454533364539542
2016 0.454829170916871
2017 0.455291512725352
2018 0.455841003788996
2019 0.456300121094238
2020 0.456917308022391
2021 0.457289766878527
2022 0.457416978251703
2023 0.457642386700736
2024 0.457750872358046
2025 0.457994010961944
2026 0.458357102662228
2027 0.458638097809545
2028 0.45895798326232
2029 0.459384244799667
2030 0.459703433670191
2031 0.459961291104423
2032 0.460272165497165
2033 0.460564737835789
2034 0.460844689889166
2035 0.461128716233074
2036 0.461443488062253
2037 0.461774727842296
2038 0.462093720586323
2039 0.462470483327396
2040 0.462787170894479
2041 0.463051421814813
2042 0.463305726645468
2043 0.463513428140716
2044 0.463682167582884
2045 0.463836832477905
2046 0.463897397703184
2047 0.464064124340037
2048 0.464249797990392
2049 0.46448709567703
2050 0.464831872780324
2051 0.465104071929294
2052 0.465408808093555
2053 0.465633618053467
2054 0.465761837255728
2055 0.46594140546176
2056 0.466106358196343
2057 0.466203197014571
2058 0.466421349875378
2059 0.46675541789257
2060 0.466959546638308
2061 0.467138652288593
2062 0.467349945153743
2063 0.467509393275739
2064 0.467670863217015
2065 0.467844948655829
2066 0.468071736551449
2067 0.468302807316086
2068 0.468535600675121
2069 0.468786888325705
2070 0.46902005024046
2071 0.469214358655723
2072 0.469287040688075
2073 0.469474623321329
2074 0.469737946755618
2075 0.469942385752913
2076 0.470167140220374
2077 0.47033790382917
2078 0.470444452157411
2079 0.470595903391673
2080 0.470717464116234
2081 0.47087296091975
2082 0.471094342993466
2083 0.47126276560469
2084 0.471441943187011
2085 0.471589799787825
2086 0.471668585955145
2087 0.471680650121773
2088 0.471752457177141
2089 0.471773514041154
2090 0.471859743818204
2091 0.472008879781631
2092 0.472117127769651
2093 0.472180594702961
2094 0.472328670991281
2095 0.47249923488182
2096 0.472724152000361
2097 0.47309289439978
2098 0.473348737771053
2099 0.473592128929035
2100 0.473803059757665
2101 0.473917845126204
2102 0.474057138404356
2103 0.474336937609478
2104 0.47478826169586
2105 0.47502242578839
2106 0.475285071357678
2107 0.475456013540113
2108 0.475413279414396
2109 0.475474124571446
2110 0.475544715627954
2111 0.475663426106613
2112 0.475760262076946
2113 0.475935504460442
2114 0.476233765017593
2115 0.476495254312136
2116 0.476803380824086
2117 0.477086783572184
2118 0.477169237442111
2119 0.477373906850282
2120 0.477623405419722
2121 0.477865164072233
2122 0.478118956357623
2123 0.478490467602259
2124 0.478772406388165
2125 0.479069577941614
2126 0.479206077364079
2127 0.479189667556932
2128 0.479315892541817
2129 0.47935067817407
2130 0.479444890252265
2131 0.479747128903986
2132 0.479921158241259
2133 0.480023183334511
2134 0.480074466200878
2135 0.48008626734743
2136 0.480142144385905
2137 0.480102271155687
2138 0.479990955372655
2139 0.479883644876796
2140 0.479709205684274
2141 0.479585380280494
2142 0.479531573050726
2143 0.479330750972877
2144 0.479007656041417
2145 0.478818826831361
2146 0.478633463914082
2147 0.478392851396812
2148 0.478181521242669
2149 0.478019111550707
2150 0.477891597728464
2151 0.477638275938382
2152 0.477462066611073
2153 0.477127296431593
2154 0.476697751930693
2155 0.476270289647219
2156 0.475851973993964
2157 0.475482353836013
2158 0.475099895147845
2159 0.474695306813478
2160 0.474251539586712
2161 0.473893452333921
2162 0.473351310491036
2163 0.472587580226266
2164 0.471981446162775
2165 0.471348091094327
2166 0.470768861424658
2167 0.470253708788595
2168 0.46978396668545
2169 0.469271926773731
2170 0.468887390689102
2171 0.468706347394511
2172 0.468433427969087
2173 0.468155349926403
2174 0.467999209510603
2175 0.467614715887874
2176 0.467091491588351
2177 0.466643623132052
2178 0.466114697767284
2179 0.465610221827253
2180 0.465155517314327
2181 0.464641526917954
2182 0.464095537690902
2183 0.463504230706791
2184 0.462835087313099
2185 0.46225647731813
2186 0.461655581033015
2187 0.461073278491044
2188 0.460586287887604
2189 0.460044405381382
2190 0.459385781562559
2191 0.458880930294572
2192 0.458589470280605
2193 0.458095407843643
2194 0.457567941505173
2195 0.457023514303885
2196 0.456360809687955
2197 0.455527912596382
2198 0.4548811666104
2199 0.454340943271929
2200 0.45370562706624
2201 0.453026598733576
2202 0.452489871966257
2203 0.451966176123607
2204 0.451486651515169
2205 0.45106052854363
2206 0.450763441193104
2207 0.45043369277929
2208 0.450382836437197
2209 0.450626149492438
2210 0.450862902899319
2211 0.451296281001469
2212 0.451650234614327
2213 0.452008455781291
2214 0.452423062042369
2215 0.452751432220356
2216 0.453276247380851
2217 0.45409686004985
2218 0.454761317914502
2219 0.45521540896823
2220 0.455693757776876
2221 0.456130699266179
2222 0.456286867810835
2223 0.456693538949174
2224 0.457339340410322
2225 0.457777189434767
2226 0.458146358078953
2227 0.458471745395127
2228 0.458795532371374
2229 0.458985023331011
2230 0.458987459629547
2231 0.459113536936147
2232 0.459276063273116
2233 0.459293711111643
2234 0.459237976932226
2235 0.459267381684817
2236 0.45925724676557
2237 0.45920439524296
2238 0.45915141331342
2239 0.459189511020891
2240 0.459206540657201
2241 0.459174935660731
2242 0.459190948520445
2243 0.459303397193947
2244 0.45944919348141
2245 0.459515850104308
2246 0.459650913425773
2247 0.459670012811942
2248 0.459574227873522
2249 0.459518478973885
2250 0.459762394491764
2251 0.460299582451341
2252 0.460638502617857
2253 0.461220995458781
2254 0.461408037614513
2255 0.461290376929813
2256 0.461349325431256
2257 0.46122843158017
2258 0.461314425811074
2259 0.461550818654186
2260 0.461752865365089
2261 0.462017751262179
2262 0.462293385668256
2263 0.462709695606674
2264 0.462888214424977
2265 0.462979039462069
2266 0.463029334088718
2267 0.462871766093004
2268 0.462777335419125
2269 0.462677881926795
2270 0.462617508540648
2271 0.462581024113148
2272 0.46251182258109
2273 0.462389394740615
2274 0.462380655521286
2275 0.462358410211722
2276 0.462373820236674
2277 0.462465089476967
2278 0.462835169975484
2279 0.462552573940406
2280 0.462392497985943
2281 0.462470662327928
2282 0.462079665715449
2283 0.462079379640174
2284 0.462255495696638
2285 0.46222693919562
2286 0.46201204866579
2287 0.461962638038916
2288 0.462092867947234
2289 0.461882410303128
2290 0.461439905063805
2291 0.461319877408924
2292 0.460937775878109
2293 0.461031363804339
2294 0.461865458134853
2295 0.462011520710051
2296 0.462073946116282
2297 0.462051056901313
2298 0.461522195014243
2299 0.461358699214979
2300 0.461450329350951
2301 0.461238648367272
2302 0.460904722405576
2303 0.460698662542727
2304 0.460418106600681
2305 0.460240101682547
2306 0.46013633502786
2307 0.460171969908363
2308 0.460140419304079
2309 0.460395164504047
2310 0.461252410009236
2311 0.461615356089799
2312 0.461946835311767
2313 0.461988240718138
2314 0.461540420279951
2315 0.46120120319
2316 0.460627080016699
2317 0.460395560293793
2318 0.460491105019408
2319 0.460324233103237
2320 0.460243137492537
2321 0.460055882808422
2322 0.459643770651245
2323 0.459003461283501
2324 0.458576625802893
2325 0.458287669486893
2326 0.458327817590332
2327 0.458306696619886
2328 0.458340161321026
2329 0.458861475793241
2330 0.458886339321889
2331 0.458336444338123
2332 0.458043683562502
2333 0.457572644375285
2334 0.457152526737537
2335 0.457687279561528
2336 0.457805212451188
2337 0.45812375355986
2338 0.457954560156094
2339 0.457585165603472
2340 0.457204822749929
2341 0.456294336871526
2342 0.45610479003535
2343 0.456357197472666
2344 0.456242746623473
2345 0.456493775710977
2346 0.456324476145242
2347 0.455507860691602
2348 0.455271415287346
2349 0.45531582705779
2350 0.454987628803458
2351 0.454579951445968
2352 0.454478226728329
2353 0.454181405506352
2354 0.454332246031815
2355 0.455112849007734
2356 0.455530078719322
2357 0.456030404754864
2358 0.456086669710866
2359 0.455970323270177
2360 0.455706114503561
2361 0.454883850498866
2362 0.454629386920085
2363 0.454629820967102
2364 0.4544664012943
2365 0.454487281762065
2366 0.454235848889753
2367 0.453564254356124
2368 0.453474980077382
2369 0.45381982757241
2370 0.453613686948156
2371 0.4535316353606
2372 0.453022342101205
2373 0.451447279925628
2374 0.45121052143109
2375 0.451892356007647
2376 0.451801115738833
2377 0.452047443588006
2378 0.451766582004432
2379 0.450344228480655
2380 0.449943897041068
2381 0.450323932461068
2382 0.45018595723843
2383 0.450029716950969
2384 0.449893396529122
2385 0.449259596818588
2386 0.449286374037696
2387 0.450288080176707
2388 0.450319000094598
2389 0.450140281351336
2390 0.449673273098196
2391 0.447895203328852
2392 0.447618401792832
2393 0.448422576665352
2394 0.448389400608571
2395 0.448810121304183
2396 0.448799444835329
2397 0.447761632193973
2398 0.447414405034854
2399 0.447801476507888
2400 0.44748328592126
2401 0.446236475092667
2402 0.446060245440813
2403 0.44674702338205
2404 0.446525357696056
2405 0.446566775387988
2406 0.446760039216629
2407 0.446079637806051
2408 0.445572663221458
2409 0.445747958124424
2410 0.445180975810833
2411 0.443512054746703
2412 0.442969045144249
2413 0.443255717502828
2414 0.442960822959089
2415 0.44271071873154
2416 0.442380300010924
2417 0.441833960036891
2418 0.441196826760529
2419 0.440466078033528
2420 0.44006354304514
2421 0.439423577221621
2422 0.438845221030095
2423 0.439062391213263
2424 0.438860609880167
2425 0.437930906160363
2426 0.4375802166965
2427 0.437586663664286
2428 0.43736955136792
2429 0.437112542235573
2430 0.437097962257024
2431 0.437020306742808
2432 0.436856905742796
2433 0.437710899778803
2434 0.436932564671606
2435 0.434840272938163
2436 0.433822617332092
2437 0.432261630808629
2438 0.430927593253476
2439 0.430393199037359
2440 0.429929364640124
2441 0.42887395570331
2442 0.429288859209118
2443 0.42906547863734
2444 0.429081288018447
2445 0.430259269930972
2446 0.430602071835364
2447 0.430325135606305
2448 0.428324815920839
2449 0.424662429236352
2450 0.422819930559706
2451 0.422349335999183
2452 0.423579328379934
2453 0.426157795592285
2454 0.426282254273829
2455 0.426222123182292
2456 0.425169315717332
2457 0.423145742430413
2458 0.422546555028949
2459 0.42105466932556
2460 0.419590236954435
2461 0.419038998060849
2462 0.417443036979862
2463 0.416968693203496
2464 0.417113005943925
2465 0.417725779068173
2466 0.421354332208289
2467 0.421562679036473
2468 0.419420235578856
2469 0.418332372935444
2470 0.415234634675476
2471 0.413784929647418
2472 0.413542396705943
2473 0.41391161013757
2474 0.414664684769712
2475 0.415943184894062
2476 0.420395838900991
2477 0.421288741557889
2478 0.420673587208858
2479 0.418900114815072
2480 0.413088831992111
2481 0.411333133402513
2482 0.411324818238116
2483 0.41034388223281
2484 0.410980416526099
2485 0.410345813407421
2486 0.407668576123678
2487 0.407166974932668
2488 0.407908434834899
2489 0.407992241538905
2490 0.408764437513754
2491 0.408898358154138
2492 0.409534488374864
2493 0.410436067345571
2494 0.409092413093796
2495 0.406824071625525
2496 0.406115138934052
2497 0.405867462577753
2498 0.40617293788724
2499 0.407467976959863
2500 0.406513164816791
