"Wavelength" "M053a_m1-w3"
350 0.0866774665474673
351 0.0902018802378657
352 0.0906176179796696
353 0.0891543036508365
354 0.0896132354702344
355 0.0881389289340328
356 0.092742433015743
357 0.0985517339311401
358 0.092127112801819
359 0.0954520398731961
360 0.0933169864323263
361 0.0829033235965805
362 0.0929634785896885
363 0.0924306512481128
364 0.0865534356522707
365 0.0869549875036683
366 0.0898489258362218
367 0.0875186991834395
368 0.0853220830228545
369 0.0932653766939596
370 0.0937592152639701
371 0.0911712140367822
372 0.0898742155350894
373 0.0910979132491656
374 0.0925506482639753
375 0.0925638941576206
376 0.0909439341213054
377 0.0901986589413529
378 0.0916366570695837
379 0.0929456266145859
380 0.0914056164109124
381 0.0911231721739036
382 0.0903612043220142
383 0.0902168034034615
384 0.0940594165267929
385 0.0895447339872115
386 0.0857614844143677
387 0.0888654441421058
388 0.0913538953569686
389 0.09260051173838
390 0.0916959984079333
391 0.08914034805357
392 0.0908516149638455
393 0.0914448147905865
394 0.0903524377080017
395 0.0910705960491762
396 0.0933312305681218
397 0.0941724641762233
398 0.0925518094614806
399 0.0912264218106032
400 0.0922014554431494
401 0.0937125933478366
402 0.0933355186597746
403 0.0912482106636585
404 0.0913295240971018
405 0.0930726023519961
406 0.0928826272609116
407 0.0928805622577691
408 0.0931576780720886
409 0.0936536183578556
410 0.0946613737489054
411 0.0950724855818525
412 0.0948975623616129
413 0.0946768111373796
414 0.0955176437624868
415 0.0959865542811196
416 0.0960333994840017
417 0.0967065258977119
418 0.0963923984045781
419 0.0961944706208397
420 0.0967347124973891
421 0.0966817462836467
422 0.0974433202465387
423 0.0985185400459577
424 0.0988608531522475
425 0.0983317853486458
426 0.0983648400889502
427 0.0989307333266163
428 0.0985900555069265
429 0.0989604565516589
430 0.0998692914871018
431 0.100778637367195
432 0.101208375849058
433 0.100836285212837
434 0.100407853656968
435 0.100878702439546
436 0.100846156590694
437 0.101335221062899
438 0.102475107718209
439 0.103086017970433
440 0.103002034400929
441 0.102804571306885
442 0.103003606107395
443 0.103147841037608
444 0.103637435505399
445 0.1042171540443
446 0.104366397480317
447 0.10513394119078
448 0.105816615709755
449 0.105898230254173
450 0.105456095959748
451 0.105798076041909
452 0.106354291418352
453 0.1063094713743
454 0.106701370926471
455 0.10695432501101
456 0.107128460025895
457 0.107805309204668
458 0.108091776818711
459 0.10807483355636
460 0.108085453868981
461 0.108640475703187
462 0.108987561691519
463 0.108946170947221
464 0.108726982154201
465 0.109286860850015
466 0.109722743536
467 0.109693939138882
468 0.10973232431656
469 0.109980537485781
470 0.110297901025556
471 0.110579599329126
472 0.111210876453654
473 0.111418934118108
474 0.111401975391191
475 0.111896295911314
476 0.111796824313067
477 0.111742087294085
478 0.112116818504298
479 0.112392343282881
480 0.112495439543257
481 0.112731103862455
482 0.113365116425699
483 0.113577682854496
484 0.113752109217033
485 0.114055674710113
486 0.114341624531073
487 0.114481483906967
488 0.114743251193216
489 0.115262018286984
490 0.115519862887899
491 0.115557257732005
492 0.115645136821309
493 0.116124401638753
494 0.116516187775952
495 0.116799522171576
496 0.117056846256828
497 0.117441032374043
498 0.117932155448817
499 0.118354399054818
500 0.118552466059817
501 0.118775822545992
502 0.119118677983687
503 0.119539147006007
504 0.119867194923005
505 0.120215021942737
506 0.120546097022847
507 0.120843883065403
508 0.1212673700455
509 0.121584731746019
510 0.121853039373993
511 0.122279660379995
512 0.122508426715541
513 0.122766574923982
514 0.123190535111092
515 0.123602779895778
516 0.123899426218065
517 0.124177862492233
518 0.12457986943319
519 0.124952598015521
520 0.12538771916416
521 0.125833932003922
522 0.126050081191514
523 0.126307166820516
524 0.126675878193357
525 0.127118905313046
526 0.127410124712482
527 0.127755671442053
528 0.128190262762856
529 0.128612028801567
530 0.129012196226803
531 0.129433135996972
532 0.129877158049122
533 0.130231067215543
534 0.130504244271952
535 0.13084034011227
536 0.131383709837265
537 0.131764017062582
538 0.132087026788932
539 0.132449131252938
540 0.132860299196863
541 0.133253805802553
542 0.133640286197881
543 0.134048323541936
544 0.134467221494747
545 0.134875981074658
546 0.135295535201481
547 0.135783654536665
548 0.136154399662642
549 0.13658721788168
550 0.137209084252124
551 0.137737894322405
552 0.138258994434901
553 0.138788580813407
554 0.139297775446594
555 0.139767010606049
556 0.140211391492649
557 0.140664748743785
558 0.141194564377148
559 0.141705223737945
560 0.142185812081751
561 0.1426493371682
562 0.143016024293664
563 0.143369276794737
564 0.143718191265799
565 0.143950963587106
566 0.144227606137512
567 0.144525214329242
568 0.144803854100957
569 0.145171409237663
570 0.145658730804698
571 0.146230560854483
572 0.146792731765602
573 0.147348785256543
574 0.147884149107139
575 0.148391331395797
576 0.148895469080806
577 0.149255038802695
578 0.149530897713637
579 0.149885213585544
580 0.150157683090856
581 0.150379741034915
582 0.150578251699466
583 0.150706153660853
584 0.151008961354566
585 0.151393044568856
586 0.151684119985234
587 0.152052774309891
588 0.152458019889509
589 0.152883773149121
590 0.153360388085681
591 0.153751062107094
592 0.154139766945987
593 0.154602474816531
594 0.154937301033421
595 0.15527504627001
596 0.15564341362711
597 0.155985323936198
598 0.156395267135494
599 0.156833572696967
600 0.157233263071153
601 0.157523906307218
602 0.157711815347046
603 0.157876724073566
604 0.158126638058881
605 0.158432758723974
606 0.158760010500047
607 0.159082092119123
608 0.159387503414595
609 0.159710075335053
610 0.160035810921769
611 0.160341146516637
612 0.16063531367133
613 0.160962528590752
614 0.161344022520593
615 0.16177251708431
616 0.162059462501196
617 0.162316275881272
618 0.162670764341226
619 0.163036490513412
620 0.163385586347129
621 0.163735473016076
622 0.1641267256401
623 0.164394873299478
624 0.164684730501899
625 0.165086601597189
626 0.165452072814926
627 0.165773254523818
628 0.166092697068886
629 0.166466764849851
630 0.166819477085075
631 0.16717067817614
632 0.167527010908324
633 0.167857295506869
634 0.168237809283986
635 0.168610351221417
636 0.16890985972961
637 0.169248043167997
638 0.169585048303496
639 0.169908697898447
640 0.170240267966397
641 0.170604529399035
642 0.170965118142212
643 0.171309464164675
644 0.171752392570081
645 0.172123188223378
646 0.172448062529604
647 0.172859704767558
648 0.173222732282419
649 0.173567362776905
650 0.173935089480116
651 0.174352802858741
652 0.174729471110071
653 0.175073789672543
654 0.175430863974558
655 0.175805540401587
656 0.176174803565424
657 0.176552927607014
658 0.177001263448179
659 0.177381121051964
660 0.177733453107245
661 0.178118136626713
662 0.178485349527829
663 0.178824172542907
664 0.179189954894263
665 0.179670719744932
666 0.180079116419325
667 0.180472123473155
668 0.180888619661462
669 0.181216332737968
670 0.181608590806477
671 0.182025011545164
672 0.182369321444918
673 0.182797124305506
674 0.183272087143839
675 0.183720409255451
676 0.184037685757257
677 0.184454048755371
678 0.184907087122618
679 0.185296471374375
680 0.185731721960196
681 0.186179216627739
682 0.186608363091792
683 0.186998624218932
684 0.18739136812126
685 0.187838945746805
686 0.188329410833902
687 0.188680765147393
688 0.189115001293078
689 0.189578538761536
690 0.189928188243942
691 0.190395803880487
692 0.190899848309614
693 0.191366951522683
694 0.191778816054501
695 0.192184563786809
696 0.19262091039708
697 0.193102826072267
698 0.193585916286977
699 0.194049718988261
700 0.194488884842795
701 0.194910741707457
702 0.195333094123149
703 0.195781504394722
704 0.196261098503459
705 0.196730596849585
706 0.197217281173446
707 0.197692860718701
708 0.19812040912961
709 0.198576487147792
710 0.199068781526825
711 0.19954898548215
712 0.199905253590854
713 0.200316317197105
714 0.200842992573612
715 0.201444502825179
716 0.201847205910521
717 0.202274577194952
718 0.202783022153947
719 0.203297511841486
720 0.203748417022127
721 0.204211888827792
722 0.204733582716393
723 0.205257629994481
724 0.205781816035755
725 0.206285156810723
726 0.206746517433076
727 0.207149739186481
728 0.207681090092789
729 0.208311364881732
730 0.208788477191788
731 0.209249778395386
732 0.209715267974468
733 0.210186376682783
734 0.210676289519518
735 0.211176545162948
736 0.211652723389701
737 0.212085575778186
738 0.212679161791716
739 0.213212295349512
740 0.213616087356492
741 0.214087957934664
742 0.214552841084845
743 0.215057172134202
744 0.215624239369105
745 0.216098016583561
746 0.216565663206761
747 0.217071813030928
748 0.217620414293355
749 0.21813668057127
750 0.218623513523538
751 0.219092652703571
752 0.219545712718002
753 0.220073773977168
754 0.220601128046356
755 0.221044298214793
756 0.221548425387876
757 0.222043331652514
758 0.222528955064389
759 0.223062269076554
760 0.223573215705962
761 0.22405951154305
762 0.22454441514918
763 0.225083037238966
764 0.225592392251222
765 0.226078489509626
766 0.226572574013451
767 0.227057078149549
768 0.227516498475401
769 0.227972022721584
770 0.228478145097643
771 0.229067742535213
772 0.229653310637887
773 0.230167626938118
774 0.230631594779549
775 0.231120091737714
776 0.231625596380437
777 0.232116145029294
778 0.232610679359108
779 0.23312532074878
780 0.233625325750927
781 0.234042930097043
782 0.234542763249007
783 0.235100243431522
784 0.235657770970605
785 0.236169482785684
786 0.236629432870543
787 0.237104331879547
788 0.237654755559044
789 0.238158034067741
790 0.238682140352947
791 0.239213588107389
792 0.239672832547676
793 0.240218266784525
794 0.240747930307184
795 0.241189526730376
796 0.241603112347983
797 0.242180291037443
798 0.242810857948943
799 0.243326065470549
800 0.243827999502587
801 0.244256871301248
802 0.24467435557693
803 0.245216064454826
804 0.245756498619788
805 0.246295322720514
806 0.24681649217679
807 0.247250022568627
808 0.24780975005351
809 0.248437357588142
810 0.249000938281771
811 0.249421533876745
812 0.249828347231145
813 0.250255146202
814 0.250688623635376
815 0.251237490758237
816 0.251740594460514
817 0.252179571721287
818 0.252728777132221
819 0.253205832262692
820 0.253651098034558
821 0.254139852698943
822 0.254719685128303
823 0.255259561435535
824 0.255720361952747
825 0.256136440458893
826 0.256680167348342
827 0.257239307135315
828 0.257746766808374
829 0.258193749799604
830 0.258639767480047
831 0.25909497278236
832 0.259570749102108
833 0.26009277684613
834 0.260610303281287
835 0.261092951373088
836 0.261551385132269
837 0.262100304996619
838 0.262628901079247
839 0.26311652686132
840 0.26357938822047
841 0.263963082084216
842 0.264411907424122
843 0.264947219758133
844 0.265466355530671
845 0.265922805637583
846 0.266364447260284
847 0.266839245028936
848 0.267361807049674
849 0.267939081312826
850 0.268457903087229
851 0.26886063445223
852 0.269358213696085
853 0.269787696710707
854 0.270225431540884
855 0.270797355688473
856 0.271282408674764
857 0.271716245756622
858 0.27216584026927
859 0.2726907831204
860 0.273134217167973
861 0.27357975185544
862 0.274062791845275
863 0.274506304437671
864 0.274982974862775
865 0.27546583564002
866 0.275941139022115
867 0.276488434918853
868 0.277004440954854
869 0.277496012263595
870 0.277985947046649
871 0.278389251380577
872 0.278798681840874
873 0.279270269824791
874 0.279810574608604
875 0.280311951392495
876 0.280738339142327
877 0.281155493811798
878 0.281690717205919
879 0.282088482479811
880 0.282528093129898
881 0.283079860278923
882 0.283557054344213
883 0.283959494938227
884 0.28442177926679
885 0.284997849763741
886 0.285475176886477
887 0.285935711859018
888 0.286376963317257
889 0.286801234837041
890 0.287314990741683
891 0.287829549558837
892 0.288306956472288
893 0.288734098997533
894 0.289055030005199
895 0.289525399484034
896 0.290136670531587
897 0.290668503847994
898 0.291025034999173
899 0.29140762761236
900 0.291883225654645
901 0.292342850831721
902 0.292897707024934
903 0.293457286015308
904 0.293948100456075
905 0.294376838261404
906 0.294796970021905
907 0.295238020558943
908 0.295697621668998
909 0.296121856282126
910 0.296592084689782
911 0.297047976623352
912 0.297451996664044
913 0.297952194011534
914 0.298518068249946
915 0.299042992094128
916 0.299450557583125
917 0.299889664602385
918 0.300341739370689
919 0.300841909938482
920 0.301404387812238
921 0.301823797287681
922 0.302264943523641
923 0.302792474093656
924 0.303357128692575
925 0.303738110061313
926 0.304165510253532
927 0.304631171001154
928 0.304955792034016
929 0.305476327993342
930 0.305977990070073
931 0.306382978448471
932 0.306806991473821
933 0.307198765120477
934 0.307662794972718
935 0.308214330294542
936 0.308740180036648
937 0.309197064175281
938 0.309599070455431
939 0.310044359365987
940 0.310699726783018
941 0.311270271191274
942 0.311668217681999
943 0.311954737042934
944 0.312339550874271
945 0.312789957118216
946 0.313241729239779
947 0.313682808408354
948 0.314211550742098
949 0.314671050120879
950 0.315137068228091
951 0.315662458907651
952 0.316143092477206
953 0.316462585575531
954 0.316782679575911
955 0.317230756543737
956 0.317687731830606
957 0.318162221163378
958 0.318669857190569
959 0.319205729065221
960 0.319712252299506
961 0.320128393941256
962 0.32050523035258
963 0.32095058637329
964 0.321621230432586
965 0.322021501310643
966 0.322326739574809
967 0.322752844610394
968 0.323114266598634
969 0.323420884067929
970 0.323889082412257
971 0.324563530826222
972 0.324974687562508
973 0.325432551331156
974 0.325950080322192
975 0.326452827508688
976 0.326867338457014
977 0.327144012676998
978 0.327439741598521
979 0.327873562758193
980 0.328364160414994
981 0.328743139582654
982 0.329297475432637
983 0.330037718910595
984 0.330294751490395
985 0.330791902186927
986 0.331265435748457
987 0.331537345920867
988 0.331934314431581
989 0.332233854814071
990 0.332570948846067
991 0.332998393003177
992 0.333374787458553
993 0.334086300266486
994 0.334671527561179
995 0.334987973914564
996 0.33543613613367
997 0.335748914618412
998 0.336109477990515
999 0.336589088025081
1000 0.337074403021386
1001 0.326325410181823
1002 0.32673473973857
1003 0.32710522315534
1004 0.32752465159426
1005 0.328018247028452
1006 0.328372296061515
1007 0.328675411272393
1008 0.328989580265864
1009 0.329203750774876
1010 0.329514235430405
1011 0.329994605957555
1012 0.330449528071453
1013 0.330924305602166
1014 0.331403667580783
1015 0.3318249593903
1016 0.332265109623893
1017 0.332687013660719
1018 0.333148079559092
1019 0.33352222377625
1020 0.333854494698502
1021 0.334107789455765
1022 0.334476278353366
1023 0.33483322801939
1024 0.335164083404202
1025 0.335613248083882
1026 0.335969391822543
1027 0.336228179965221
1028 0.336625429625706
1029 0.337040391522214
1030 0.337419936554706
1031 0.337886733528374
1032 0.338273891005296
1033 0.338542264621091
1034 0.338898277161371
1035 0.339282214356137
1036 0.339665664727977
1037 0.340014799943116
1038 0.340501073413435
1039 0.340949199021263
1040 0.341325331250677
1041 0.341718424696686
1042 0.342058915444822
1043 0.342412732226132
1044 0.342747398482596
1045 0.343076772455857
1046 0.34347139126304
1047 0.343891584570887
1048 0.344331885149368
1049 0.344786396043911
1050 0.345213339628355
1051 0.345657822568617
1052 0.346041996459173
1053 0.346338926071299
1054 0.346683554685719
1055 0.347002132273368
1056 0.347333631617475
1057 0.347700613260149
1058 0.348095480199456
1059 0.34851448066312
1060 0.348858797264474
1061 0.349178473713244
1062 0.349510373919515
1063 0.349822113298776
1064 0.35010733869086
1065 0.350469240133487
1066 0.350930166699508
1067 0.351340696103248
1068 0.351687148449541
1069 0.351979346155428
1070 0.352141469968031
1071 0.352319070118472
1072 0.352591944831491
1073 0.352854266851819
1074 0.353135079242034
1075 0.3534278618168
1076 0.353688952089235
1077 0.353890260594272
1078 0.354195403322116
1079 0.35452475327578
1080 0.354746027096761
1081 0.355059447932638
1082 0.35532965194859
1083 0.355540788871966
1084 0.355842861117086
1085 0.356113960942281
1086 0.356347993170095
1087 0.356555822765706
1088 0.356769088499206
1089 0.357033860632806
1090 0.357275189040902
1091 0.357503690460797
1092 0.357743115226857
1093 0.357989828940201
1094 0.35820881820201
1095 0.358435976981219
1096 0.358732860074769
1097 0.359000360424085
1098 0.359243837767259
1099 0.359527080891843
1100 0.359799233850315
1101 0.360082350918749
1102 0.360423388493049
1103 0.360765763755878
1104 0.361076262297282
1105 0.361400095593776
1106 0.361692908083689
1107 0.361927478286372
1108 0.362183037471988
1109 0.36243697355435
1110 0.362702603066915
1111 0.36296240191225
1112 0.363268606543738
1113 0.363639845484057
1114 0.363983064328813
1115 0.364264542708991
1116 0.364530613332918
1117 0.364756106701434
1118 0.365020415555535
1119 0.365331832200552
1120 0.365633185745546
1121 0.365955880883543
1122 0.366294534205954
1123 0.366616459653997
1124 0.366948298735072
1125 0.367293114162761
1126 0.367644560354604
1127 0.367972115011732
1128 0.368324995903228
1129 0.368681395125381
1130 0.368999532633867
1131 0.369304427036186
1132 0.369572761803783
1133 0.369836255294346
1134 0.370122446558641
1135 0.370396746869868
1136 0.37070611359722
1137 0.371051938050264
1138 0.371377404884694
1139 0.371712563602174
1140 0.372056075369053
1141 0.372425495616867
1142 0.372749908717364
1143 0.373065596914137
1144 0.37335811491736
1145 0.373639736447658
1146 0.373901732747073
1147 0.374209737929248
1148 0.374542672662872
1149 0.374813537306118
1150 0.375104022356966
1151 0.375454232909444
1152 0.375793410835537
1153 0.376091868160578
1154 0.376402108616641
1155 0.376698479809678
1156 0.376917299931846
1157 0.377193938070369
1158 0.377528018538295
1159 0.377823575932814
1160 0.378108720895628
1161 0.378394339777404
1162 0.378654913270766
1163 0.378963576332219
1164 0.379273256186677
1165 0.379579639198392
1166 0.379869185308355
1167 0.380118838578843
1168 0.380389427347096
1169 0.38064009361759
1170 0.380909389999111
1171 0.381204357226419
1172 0.381490579088465
1173 0.38178047601815
1174 0.38205969752218
1175 0.382332561598082
1176 0.382611549064588
1177 0.382870642135373
1178 0.383150613419794
1179 0.383454259068128
1180 0.383753976239021
1181 0.384039396438252
1182 0.384309747852029
1183 0.384559483569043
1184 0.384810406447272
1185 0.3850866428328
1186 0.385375860531633
1187 0.385623283401994
1188 0.385856316024294
1189 0.386088601489751
1190 0.38627151423241
1191 0.386500035824726
1192 0.386784289926653
1193 0.387008413887526
1194 0.387205727656706
1195 0.387417205094301
1196 0.387602282936517
1197 0.387796684908215
1198 0.388008963909274
1199 0.388217639230616
1200 0.388417864284927
1201 0.388618208832483
1202 0.388836832510225
1203 0.389057488834885
1204 0.389266108372891
1205 0.389464257826384
1206 0.389679212694075
1207 0.389909402048349
1208 0.390107254847125
1209 0.390290012368398
1210 0.390489463247861
1211 0.390649691094025
1212 0.390868038126914
1213 0.39115339788483
1214 0.391397249428287
1215 0.391654798620868
1216 0.391886716215029
1217 0.392092073843706
1218 0.392297778023103
1219 0.392476755805518
1220 0.39265970403611
1221 0.3928570433226
1222 0.39305281204953
1223 0.393255483838145
1224 0.393479211456393
1225 0.393685040210562
1226 0.393885257733554
1227 0.394075793530077
1228 0.394253505298598
1229 0.39444399226046
1230 0.394616672283889
1231 0.394816163337794
1232 0.395046492903925
1233 0.39526737009287
1234 0.395477584182018
1235 0.395715889803137
1236 0.395974683861939
1237 0.396240591589158
1238 0.396478747152678
1239 0.396707309740763
1240 0.396912434801949
1241 0.397060177546396
1242 0.397249602473852
1243 0.397451200415031
1244 0.39764853159231
1245 0.397836016904705
1246 0.398052138050216
1247 0.398292522661694
1248 0.39851557770652
1249 0.398737054326843
1250 0.398978064776687
1251 0.399226778548641
1252 0.399463826442166
1253 0.399716224575736
1254 0.399968396963607
1255 0.400197488745508
1256 0.4004419803056
1257 0.400729738300274
1258 0.400977074642315
1259 0.401223513469182
1260 0.401464386581931
1261 0.40169454376305
1262 0.40191390620705
1263 0.40212458850166
1264 0.402313614743922
1265 0.402523118314604
1266 0.402714635405872
1267 0.402946506313705
1268 0.403211720338965
1269 0.403469856124487
1270 0.403764398993427
1271 0.404021561453002
1272 0.404257444612085
1273 0.404496956165352
1274 0.404741695811615
1275 0.404950625869959
1276 0.405151652787665
1277 0.405329365702846
1278 0.405452762210744
1279 0.405584133713244
1280 0.405719479456189
1281 0.405849148116021
1282 0.405981377030309
1283 0.406108375871394
1284 0.406257233223266
1285 0.406437242709106
1286 0.406561996626189
1287 0.406682252960161
1288 0.406786289647382
1289 0.406827535682497
1290 0.406912423343585
1291 0.407032691825812
1292 0.407120575699961
1293 0.407204581458433
1294 0.407278049170537
1295 0.407333279040726
1296 0.407384965230006
1297 0.407416803730741
1298 0.407466385687578
1299 0.407530863200171
1300 0.407565481051024
1301 0.40763696297056
1302 0.407731138289604
1303 0.407817755691747
1304 0.407922302607251
1305 0.40799516836587
1306 0.408062247685481
1307 0.408114750316467
1308 0.408125420556351
1309 0.408183517053227
1310 0.408271329012441
1311 0.408325785990485
1312 0.408390472459575
1313 0.408438942953515
1314 0.408446866200265
1315 0.408478118033427
1316 0.408511085485499
1317 0.408561251337863
1318 0.408584646847014
1319 0.408675422257552
1320 0.408820677916853
1321 0.408968938346891
1322 0.409167840887685
1323 0.409371862821197
1324 0.409539183663458
1325 0.409687007920486
1326 0.409849327313848
1327 0.410007231037691
1328 0.410150004798127
1329 0.410287474146769
1330 0.410435088998044
1331 0.410549282547993
1332 0.410719531043051
1333 0.410922651052712
1334 0.411136655727753
1335 0.411396021252133
1336 0.411618104106908
1337 0.411859857097248
1338 0.412057806427532
1339 0.412204219576061
1340 0.412374569642507
1341 0.412531753931391
1342 0.412695591284975
1343 0.412857111157121
1344 0.413041114118837
1345 0.413247148660318
1346 0.41343946175511
1347 0.413666901817261
1348 0.413856888746322
1349 0.414028539282708
1350 0.414166465198166
1351 0.414321106437984
1352 0.414471382552369
1353 0.414611065903593
1354 0.41476022384512
1355 0.414872772823558
1356 0.41493428491609
1357 0.415049379998179
1358 0.415174357733426
1359 0.415295478987123
1360 0.415439306878114
1361 0.415582071448536
1362 0.415692597201832
1363 0.415848461675525
1364 0.416040907472417
1365 0.41623309838026
1366 0.416446812991872
1367 0.416659820847736
1368 0.41687568169616
1369 0.417098446765966
1370 0.417331258503704
1371 0.417557212393788
1372 0.417810909193398
1373 0.418043960535408
1374 0.418188747606706
1375 0.41832597084846
1376 0.418347161290828
1377 0.418255855984507
1378 0.418178264477703
1379 0.418042370552907
1380 0.417901303436285
1381 0.417701142323745
1382 0.417583296008725
1383 0.417469759239071
1384 0.417378587728901
1385 0.41736050239799
1386 0.417298596803812
1387 0.417240361225844
1388 0.417138580406507
1389 0.417035316711972
1390 0.416885424649424
1391 0.416687643701116
1392 0.416468933677911
1393 0.416226398102378
1394 0.415953863123276
1395 0.415619273521069
1396 0.415308772117515
1397 0.414990386851884
1398 0.414667103675556
1399 0.414373498389663
1400 0.414040143341084
1401 0.413686120608208
1402 0.413304516413853
1403 0.412897317481225
1404 0.41248390816903
1405 0.412091573371516
1406 0.411696975305709
1407 0.411318110444511
1408 0.410945075374515
1409 0.410606782273548
1410 0.410236436194785
1411 0.41000691467132
1412 0.409803862911137
1413 0.409764153749505
1414 0.40986595116727
1415 0.410006374830578
1416 0.410264919047199
1417 0.410546605632267
1418 0.410888868641966
1419 0.411255793157714
1420 0.411705997502865
1421 0.41212217827543
1422 0.412557765109124
1423 0.412975112531234
1424 0.41338672159613
1425 0.413790370556382
1426 0.414186138301525
1427 0.414578284831668
1428 0.414965082477452
1429 0.41534130167381
1430 0.415732708796564
1431 0.416081948480613
1432 0.416382787263815
1433 0.416706635307499
1434 0.417002581424788
1435 0.417297519558285
1436 0.41762429256378
1437 0.417984060138253
1438 0.418305772761066
1439 0.418628831290314
1440 0.418944778014959
1441 0.419251548903385
1442 0.419541129739927
1443 0.419834889269367
1444 0.420096288910553
1445 0.420324344855992
1446 0.420551514499677
1447 0.420756408930977
1448 0.420975953380332
1449 0.421188430724922
1450 0.421407214791132
1451 0.42163742260216
1452 0.421865855030786
1453 0.422098881602929
1454 0.422315744795084
1455 0.42254607945072
1456 0.422737065324274
1457 0.422892696814982
1458 0.423054446256416
1459 0.423175312094099
1460 0.423337044922468
1461 0.423492109161926
1462 0.423694574883649
1463 0.423980269734072
1464 0.424207021813001
1465 0.424442695816352
1466 0.42466147091773
1467 0.424820023180533
1468 0.425002509742909
1469 0.425202678083303
1470 0.425393790142982
1471 0.425571429062974
1472 0.425781903057936
1473 0.426005223680446
1474 0.426228722626774
1475 0.426458161802055
1476 0.426708407942335
1477 0.426939977625855
1478 0.427158947953922
1479 0.427395439475225
1480 0.427639853368811
1481 0.4278707706656
1482 0.428115188111895
1483 0.428330646609647
1484 0.428514936143198
1485 0.428726533638432
1486 0.428951533881827
1487 0.429135173817098
1488 0.429316480015903
1489 0.429483153709923
1490 0.429588455878075
1491 0.429755765234806
1492 0.429948216490366
1493 0.430144274918736
1494 0.430357550579906
1495 0.430583721566876
1496 0.43084028053464
1497 0.43106910898416
1498 0.431317363393054
1499 0.431526313072802
1500 0.431699085438577
1501 0.431865656420238
1502 0.432016923344587
1503 0.432153858835643
1504 0.432252729164625
1505 0.432380913695041
1506 0.43250363050447
1507 0.432641191282089
1508 0.432799602252225
1509 0.432966289464042
1510 0.433144383030168
1511 0.433326320404192
1512 0.43352240044496
1513 0.433717380914699
1514 0.433926974957077
1515 0.434113067965363
1516 0.434286227689131
1517 0.434464627340607
1518 0.434622532785881
1519 0.434775745646139
1520 0.434935608573408
1521 0.435097199910377
1522 0.435237442516205
1523 0.43536076646323
1524 0.435496051889105
1525 0.435625205147849
1526 0.435751466941578
1527 0.435869500468334
1528 0.436022993355838
1529 0.436168052160485
1530 0.436362889834252
1531 0.43661304231682
1532 0.436842192827523
1533 0.437100736860034
1534 0.437316809600458
1535 0.437550171691111
1536 0.437692446519312
1537 0.437766183409975
1538 0.437855609699371
1539 0.437886213900871
1540 0.437945502426203
1541 0.438003142734014
1542 0.438097375447738
1543 0.4381957030661
1544 0.438313677188116
1545 0.438499489976876
1546 0.438619988851213
1547 0.438702931729128
1548 0.438810443444331
1549 0.438903228323429
1550 0.439006660150551
1551 0.439096036473199
1552 0.439249886519394
1553 0.439444659948098
1554 0.439624510399472
1555 0.439874346763124
1556 0.440062089468208
1557 0.440183402838002
1558 0.440345646648273
1559 0.440530200852629
1560 0.44068152606975
1561 0.440823444324174
1562 0.440969163404295
1563 0.441094166083859
1564 0.441218791050509
1565 0.44135709684238
1566 0.441483353936443
1567 0.44156648718272
1568 0.441696427216019
1569 0.441875568401917
1570 0.44201388478423
1571 0.442149688057262
1572 0.442287444668433
1573 0.442416580040552
1574 0.442518458217973
1575 0.442606952649052
1576 0.442704961346263
1577 0.442745081254828
1578 0.44284362357856
1579 0.443010364136256
1580 0.443148944645018
1581 0.443294041893105
1582 0.44344277449007
1583 0.443584864290586
1584 0.443724910841159
1585 0.443892144386516
1586 0.4440263726863
1587 0.444122313546837
1588 0.444232594259579
1589 0.444318291608115
1590 0.444429039132449
1591 0.444568064102819
1592 0.444700900450459
1593 0.444859414596594
1594 0.444990806415727
1595 0.445098756688073
1596 0.445211614176149
1597 0.445314561354433
1598 0.445410921361123
1599 0.445508256824023
1600 0.44559797035528
1601 0.445698072503961
1602 0.445780748488904
1603 0.445889541303195
1604 0.446028693194184
1605 0.44618205199025
1606 0.446348453034496
1607 0.446547611989887
1608 0.446792928206613
1609 0.44697875634635
1610 0.447172305131937
1611 0.44733059381878
1612 0.447449208946245
1613 0.44756249130304
1614 0.447673795350508
1615 0.447747016482556
1616 0.447772134065302
1617 0.44784042006781
1618 0.447895613206712
1619 0.447995458411935
1620 0.448122135076713
1621 0.448264352338284
1622 0.448436543062006
1623 0.448592968551495
1624 0.44877267526989
1625 0.448910324374446
1626 0.449024493768807
1627 0.449149666299865
1628 0.449269954668335
1629 0.449362253065026
1630 0.449435758984375
1631 0.449541969717454
1632 0.449628806591818
1633 0.449753352137349
1634 0.449926070892962
1635 0.450068809690825
1636 0.450213644693418
1637 0.450328195793892
1638 0.450410664047119
1639 0.450564825175176
1640 0.450730125889381
1641 0.450890624071405
1642 0.451113914492172
1643 0.451264146618555
1644 0.451344952641435
1645 0.451493447058432
1646 0.451668916422578
1647 0.451824301723537
1648 0.451988282927169
1649 0.452146908494478
1650 0.452303282143416
1651 0.452417649737112
1652 0.452531386225204
1653 0.452623209636804
1654 0.45266150760785
1655 0.452727710554662
1656 0.452803696938796
1657 0.45283818731612
1658 0.452878057828178
1659 0.4529624677732
1660 0.453050713214081
1661 0.453195750458639
1662 0.453410608091309
1663 0.453633245358994
1664 0.453849552741646
1665 0.454055161023882
1666 0.454228563006623
1667 0.454352755052637
1668 0.454459886421701
1669 0.454546342323631
1670 0.454579014876197
1671 0.454613472925569
1672 0.454716153286021
1673 0.454857057382332
1674 0.455035752346365
1675 0.455197869103562
1676 0.455310157856359
1677 0.455417280737807
1678 0.4555140065128
1679 0.455674482318812
1680 0.45586211376804
1681 0.456050133954255
1682 0.456293268701386
1683 0.456530712873248
1684 0.456778861309793
1685 0.457027159445038
1686 0.457210189480201
1687 0.457360652628636
1688 0.457504999917647
1689 0.457641233787307
1690 0.457805261120265
1691 0.457994017484493
1692 0.458163636654214
1693 0.458270193415662
1694 0.458350469005495
1695 0.458470549389384
1696 0.458574600803597
1697 0.458653017286812
1698 0.45879237479537
1699 0.458868523630586
1700 0.458975154432753
1701 0.459180468754765
1702 0.459304772374801
1703 0.459406941461987
1704 0.459475565191265
1705 0.459450652440944
1706 0.459487299460266
1707 0.459530830511699
1708 0.459567407652675
1709 0.45962627426544
1710 0.459694129643069
1711 0.45974057777714
1712 0.459827008303329
1713 0.459964144690065
1714 0.460080264716771
1715 0.460223445758025
1716 0.460326453584839
1717 0.460405684573046
1718 0.460480877119267
1719 0.46049993682237
1720 0.460573652729456
1721 0.460669667997435
1722 0.460785467046269
1723 0.46093656721757
1724 0.461077673132924
1725 0.461263400281365
1726 0.461374958800661
1727 0.46146600449194
1728 0.461527552048155
1729 0.46151098337776
1730 0.46154445608843
1731 0.461576110684497
1732 0.461629868123914
1733 0.461702255753046
1734 0.461766640659078
1735 0.461852312452029
1736 0.46189806204546
1737 0.46193124922165
1738 0.461953884470389
1739 0.461934638258249
1740 0.461992090771025
1741 0.462051436261994
1742 0.462132613189007
1743 0.462246991424192
1744 0.462388931450602
1745 0.462512559471416
1746 0.462584573435101
1747 0.462608870611633
1748 0.462607263923307
1749 0.462645506876638
1750 0.462732395339981
1751 0.462839026421699
1752 0.462931381725487
1753 0.462946072629708
1754 0.463025031012336
1755 0.463132344235996
1756 0.463243735063411
1757 0.46341760365727
1758 0.463461180613772
1759 0.463479694688616
1760 0.463512391132235
1761 0.463509858038059
1762 0.46353464124027
1763 0.463556296818839
1764 0.463601494116875
1765 0.463683287616252
1766 0.463793570717199
1767 0.463888426512764
1768 0.46391354201195
1769 0.463883631571533
1770 0.463911725143119
1771 0.464020166516331
1772 0.464165980182454
1773 0.464291707575339
1774 0.464442639223046
1775 0.464538429908131
1776 0.464594391588649
1777 0.464672374166935
1778 0.464690314332768
1779 0.464780836618091
1780 0.464941119312871
1781 0.465021615276656
1782 0.46512674979539
1783 0.465207457256172
1784 0.465340928517205
1785 0.465549658745324
1786 0.46568716172145
1787 0.465727578205126
1788 0.465841218187113
1789 0.465861103460774
1790 0.465859227179664
1791 0.465978861102586
1792 0.466005611379795
1793 0.46602120477713
1794 0.466130129745171
1795 0.466217425010041
1796 0.466341895000344
1797 0.466547580546334
1798 0.466628803381849
1799 0.466649712940901
1800 0.466646783249596
1801 0.469194902771901
1802 0.469287952196179
1803 0.469348393563701
1804 0.469466715191935
1805 0.469540965285858
1806 0.46953838012189
1807 0.469613155815294
1808 0.469790090756283
1809 0.469864553316498
1810 0.469960787627464
1811 0.469859674737952
1812 0.46990987349753
1813 0.469952114766219
1814 0.469914773858326
1815 0.47008816547106
1816 0.470132013163379
1817 0.470061776713128
1818 0.470042981331701
1819 0.470020999548056
1820 0.46999247719638
1821 0.470109707533791
1822 0.470268895160497
1823 0.470401367703776
1824 0.470595793575452
1825 0.470762416661076
1826 0.470918411980269
1827 0.470970555690156
1828 0.471014506421855
1829 0.471044171980647
1830 0.470997855453051
1831 0.47092541964955
1832 0.470809856061946
1833 0.470692329189076
1834 0.470434593167342
1835 0.470225747429962
1836 0.470216105659331
1837 0.470350264790841
1838 0.470494140200495
1839 0.470809052836938
1840 0.471090656391608
1841 0.471292562489163
1842 0.471489389862907
1843 0.471461991714316
1844 0.471420204258147
1845 0.471437323914906
1846 0.471474761017336
1847 0.471533036316552
1848 0.471671785353416
1849 0.471824725455191
1850 0.47192934191262
1851 0.471884959944192
1852 0.471915206955949
1853 0.472036360665015
1854 0.471998228072174
1855 0.472075183285796
1856 0.47219221105506
1857 0.472106766726235
1858 0.472018850205257
1859 0.471939687426459
1860 0.471782281157563
1861 0.471452606107539
1862 0.471240395624083
1863 0.471028019263117
1864 0.470677012739873
1865 0.470335254835318
1866 0.47002874434386
1867 0.469696652696586
1868 0.469311076192515
1869 0.468955340468092
1870 0.468648337789965
1871 0.468314232310846
1872 0.467998607050357
1873 0.46771023932262
1874 0.467439874276097
1875 0.467069097424573
1876 0.466579048753859
1877 0.466132918995484
1878 0.46560463572718
1879 0.465040771975982
1880 0.464352797206779
1881 0.463599636340654
1882 0.462677734099694
1883 0.461617611290062
1884 0.460523876897225
1885 0.459407537213066
1886 0.458228035163994
1887 0.456924674204659
1888 0.45549862487994
1889 0.453983640470635
1890 0.452264693767902
1891 0.450502181518776
1892 0.448724381571538
1893 0.446836531028297
1894 0.444952146577722
1895 0.442909586657077
1896 0.440810747355929
1897 0.438756945312062
1898 0.43658028414377
1899 0.434490680011648
1900 0.432352828053997
1901 0.430384953682379
1902 0.42843682308557
1903 0.42674379302349
1904 0.42514338507814
1905 0.42378806006629
1906 0.422564287498403
1907 0.42136039840436
1908 0.420418945828353
1909 0.419619022435938
1910 0.418951367641997
1911 0.418478349079418
1912 0.418127935568211
1913 0.417913185726751
1914 0.417775562981001
1915 0.417838835246961
1916 0.417892566645578
1917 0.41803249426523
1918 0.418255806247682
1919 0.418432861572942
1920 0.418683091888032
1921 0.419016356708276
1922 0.419426724646929
1923 0.419854015564283
1924 0.420367322909563
1925 0.420896056471163
1926 0.421377656993395
1927 0.421859706225663
1928 0.422382084457931
1929 0.422986082914071
1930 0.423623968615914
1931 0.424199105526693
1932 0.42476458384959
1933 0.425292301358385
1934 0.425841849986085
1935 0.426347007096234
1936 0.42694481476114
1937 0.427574557531626
1938 0.428180470404335
1939 0.428784577289625
1940 0.429424472482277
1941 0.430056873634062
1942 0.430651759475664
1943 0.4312388824515
1944 0.431821728260375
1945 0.432360038648658
1946 0.432894817155163
1947 0.4333846981612
1948 0.433798005622607
1949 0.43424169350763
1950 0.434707360725652
1951 0.435143370483216
1952 0.435799106247571
1953 0.436411518069943
1954 0.436929213846739
1955 0.437471425054329
1956 0.437945525182835
1957 0.438249806636394
1958 0.438651403073851
1959 0.439057700021521
1960 0.439512890658993
1961 0.439981756230338
1962 0.440456765857029
1963 0.441075575558816
1964 0.441641091182954
1965 0.442145193724064
1966 0.442632549249202
1967 0.443108489314972
1968 0.44354937029686
1969 0.443966098064973
1970 0.444342880306254
1971 0.444777862507939
1972 0.445239419296956
1973 0.445591350021288
1974 0.446078265528887
1975 0.446533530751409
1976 0.446863083950549
1977 0.447295859239634
1978 0.447757062119953
1979 0.448198996508112
1980 0.448742177613227
1981 0.44947177143702
1982 0.449997216373385
1983 0.450472086985586
1984 0.450943321277534
1985 0.451300329466809
1986 0.451706094491117
1987 0.452124475436444
1988 0.452619487850053
1989 0.453105734879707
1990 0.453567074989017
1991 0.454044134230137
1992 0.454504653251451
1993 0.455023020422825
1994 0.455634279959888
1995 0.456131566996155
1996 0.456662465383433
1997 0.457120754391661
1998 0.457487986221529
1999 0.457771746768734
2000 0.458112447891215
2001 0.458429587353445
2002 0.458797900048757
2003 0.459159299328288
2004 0.459611995431078
2005 0.460189283461048
2006 0.460649949680337
2007 0.461137572657897
2008 0.461547285854119
2009 0.461806958267597
2010 0.46216159817676
2011 0.462535231399749
2012 0.462941283442828
2013 0.463317047420292
2014 0.46374040566327
2015 0.464062927490274
2016 0.464265824898941
2017 0.464598556243511
2018 0.465009252090229
2019 0.465260226519681
2020 0.465467156460827
2021 0.465742876182771
2022 0.465857419969581
2023 0.46614215492423
2024 0.466607688633479
2025 0.467031331734324
2026 0.467523593888764
2027 0.467971465086311
2028 0.468335771446273
2029 0.468785445716661
2030 0.469143395751955
2031 0.469380051927814
2032 0.469704048247838
2033 0.470064627409674
2034 0.470372173148277
2035 0.470699992430879
2036 0.47100087362301
2037 0.471260599015773
2038 0.471501369343741
2039 0.471773824317607
2040 0.471931681392925
2041 0.472025339300863
2042 0.472191098940931
2043 0.47231894499088
2044 0.472404433618804
2045 0.472518757235353
2046 0.472602837263534
2047 0.472789128832787
2048 0.4730353673822
2049 0.473283559892057
2050 0.473646964043866
2051 0.473915369015343
2052 0.474154919938013
2053 0.47435511601333
2054 0.474503986095051
2055 0.474642893691399
2056 0.474769908247885
2057 0.474818806060314
2058 0.474985076760499
2059 0.475201759633953
2060 0.475410586363986
2061 0.475691716488497
2062 0.475925200878563
2063 0.47617211163534
2064 0.476340081962891
2065 0.476384027708767
2066 0.476558050790698
2067 0.476769748768283
2068 0.476959657806665
2069 0.477115930639834
2070 0.477410831456273
2071 0.477660151219114
2072 0.477846138711739
2073 0.478081098688771
2074 0.478404478309474
2075 0.478669441638986
2076 0.478926219828403
2077 0.479092842238113
2078 0.479196050868209
2079 0.479352957034566
2080 0.479470787839685
2081 0.479588144261451
2082 0.479802189571335
2083 0.479912393207449
2084 0.479932644877611
2085 0.479863908925696
2086 0.479942128537148
2087 0.480050878230226
2088 0.480179951088044
2089 0.480434797037141
2090 0.480558995672464
2091 0.480539379339827
2092 0.480690638179987
2093 0.480891864339411
2094 0.481099055375982
2095 0.481492279753407
2096 0.481726532329136
2097 0.481826573686111
2098 0.48198234886242
2099 0.482101558037765
2100 0.482219962389224
2101 0.482439176968001
2102 0.482621530154998
2103 0.482840798922177
2104 0.483141002456835
2105 0.483294732306953
2106 0.483388200292493
2107 0.483504229180574
2108 0.483505177277334
2109 0.483595301521577
2110 0.483756086899033
2111 0.48389638059388
2112 0.4840167361681
2113 0.484189750722348
2114 0.484416545121084
2115 0.484630101336391
2116 0.48492384306587
2117 0.485122311385635
2118 0.485201747852734
2119 0.48531040201789
2120 0.485541073111775
2121 0.485777767768321
2122 0.48606522041122
2123 0.486529729824411
2124 0.486883384967184
2125 0.487260248724537
2126 0.487483198405922
2127 0.487625939965248
2128 0.48775947618831
2129 0.487711091308464
2130 0.487777411575417
2131 0.48788047566015
2132 0.488025704366448
2133 0.488305108815607
2134 0.488431197589538
2135 0.488505801708673
2136 0.488592236094137
2137 0.488621474054255
2138 0.488562017289964
2139 0.488430555113116
2140 0.488261253838257
2141 0.488089047664072
2142 0.487817037772843
2143 0.487541663559449
2144 0.487244026254981
2145 0.487025943264514
2146 0.486794493138665
2147 0.486535908482431
2148 0.486363819914927
2149 0.486141071601836
2150 0.485890338448829
2151 0.485558639951389
2152 0.485167058126825
2153 0.484822220473632
2154 0.484371907111851
2155 0.483854043692526
2156 0.483425796846732
2157 0.483021133938042
2158 0.482686231043134
2159 0.482488589276802
2160 0.482081124936552
2161 0.481704446235685
2162 0.481153742546474
2163 0.480260947997328
2164 0.479649239963507
2165 0.479089224621837
2166 0.47857086876458
2167 0.478155246601605
2168 0.477775368464458
2169 0.477450433627117
2170 0.477108181832686
2171 0.476834397383228
2172 0.476545839145874
2173 0.476269498347495
2174 0.475943923545001
2175 0.475529659431717
2176 0.475086403737301
2177 0.474648438588667
2178 0.474117015508759
2179 0.473594971931727
2180 0.473061809795455
2181 0.472606232272133
2182 0.47210492208015
2183 0.471684867216128
2184 0.471454146659837
2185 0.471086077140713
2186 0.47076514012982
2187 0.470228090433083
2188 0.46948629536484
2189 0.468813914732696
2190 0.468013789666417
2191 0.467248532877781
2192 0.466558572999781
2193 0.465846023340503
2194 0.46511971370851
2195 0.464261415319693
2196 0.463654817437846
2197 0.462937512700581
2198 0.462351760123442
2199 0.461924336108991
2200 0.461289552900368
2201 0.460565554530608
2202 0.459969486024454
2203 0.459205201447629
2204 0.458776641258917
2205 0.458596629117923
2206 0.458411519135416
2207 0.458392556102393
2208 0.458367437795754
2209 0.458269853061396
2210 0.45846910934655
2211 0.458834091020084
2212 0.45927606863346
2213 0.460097491221234
2214 0.46070510255719
2215 0.461268817974874
2216 0.46182738839479
2217 0.462308423102742
2218 0.462764139202224
2219 0.463404215757024
2220 0.463976107110258
2221 0.464404578918938
2222 0.464780006076588
2223 0.465140138292584
2224 0.465341217790945
2225 0.465644618956641
2226 0.466016543128868
2227 0.466346172177139
2228 0.466758727123001
2229 0.466894178721055
2230 0.466746299543022
2231 0.466936782725938
2232 0.467158530698717
2233 0.467266500096604
2234 0.467645350076698
2235 0.46780172227169
2236 0.467669003170443
2237 0.467551746342721
2238 0.467323392180294
2239 0.467278797716223
2240 0.467219678115942
2241 0.46718263849436
2242 0.467282908347866
2243 0.467439109423118
2244 0.467639692168698
2245 0.467831466497939
2246 0.4679163228154
2247 0.467814720700435
2248 0.467584865493879
2249 0.467386490128956
2250 0.467449426656206
2251 0.467761835827425
2252 0.468094756602562
2253 0.468672669120427
2254 0.468897618125068
2255 0.469125706603109
2256 0.46917921966434
2257 0.46882679597641
2258 0.468854670942694
2259 0.469018232534086
2260 0.469134300611354
2261 0.469256236817763
2262 0.46956153026573
2263 0.469973428427876
2264 0.470352841322688
2265 0.471140640945826
2266 0.471434454729844
2267 0.471387323525983
2268 0.471345675950203
2269 0.470924788213765
2270 0.470724944008036
2271 0.470748347019241
2272 0.470567615447734
2273 0.470243177731523
2274 0.470098292222332
2275 0.469873359159408
2276 0.469673597263074
2277 0.469560157564322
2278 0.469630350134811
2279 0.469528278340156
2280 0.469459480869766
2281 0.469862280272259
2282 0.470202128657327
2283 0.470500643756094
2284 0.47097708653039
2285 0.471060189393079
2286 0.47072298974257
2287 0.470764353485891
2288 0.470914815886175
2289 0.47086373490077
2290 0.470911041950283
2291 0.470803505383769
2292 0.470378456590934
2293 0.470061640051944
2294 0.469715733306232
2295 0.469596876322287
2296 0.469538189682296
2297 0.469486584360293
2298 0.469631173879788
2299 0.469738661583903
2300 0.470046773921042
2301 0.469813882255941
2302 0.469302724030424
2303 0.468874073079817
2304 0.467746557517069
2305 0.46738761252369
2306 0.467533716969475
2307 0.467711971524416
2308 0.468426422576235
2309 0.468753911256749
2310 0.469177716554191
2311 0.469300101469495
2312 0.468906766522265
2313 0.468750747558415
2314 0.468472652879812
2315 0.468342244202658
2316 0.468590814536587
2317 0.468547162725685
2318 0.468165871563932
2319 0.468115995714996
2320 0.468071297850838
2321 0.468225943268829
2322 0.468423804642632
2323 0.468361140033888
2324 0.468086177100783
2325 0.467420517121966
2326 0.46730502621873
2327 0.467566537649873
2328 0.467729183444637
2329 0.468036077857041
2330 0.468085789260943
2331 0.467783342595714
2332 0.46749525675277
2333 0.467368795189812
2334 0.467001449727388
2335 0.466552862334485
2336 0.465995007617236
2337 0.465122176375156
2338 0.464862235241662
2339 0.464780185676714
2340 0.464648730457943
2341 0.46485169535162
2342 0.464855942365079
2343 0.464724656594597
2344 0.464571883732292
2345 0.464656011342221
2346 0.464403448439752
2347 0.463558767561129
2348 0.463532216673963
2349 0.464097205109079
2350 0.463709376185476
2351 0.463076725012544
2352 0.462878484552832
2353 0.461986952406182
2354 0.462054335821145
2355 0.463455291618084
2356 0.46384500914044
2357 0.463958576932542
2358 0.464036417566167
2359 0.46375613888855
2360 0.463570932480339
2361 0.463483514972758
2362 0.463199850403013
2363 0.4626592688652
2364 0.462483942769862
2365 0.462398867360872
2366 0.462065994536463
2367 0.461768973552252
2368 0.461687891776243
2369 0.461469148428265
2370 0.461412417392042
2371 0.461915985048043
2372 0.461665009233575
2373 0.460967149006568
2374 0.460600303096943
2375 0.459781230755978
2376 0.45974335351391
2377 0.460412129351512
2378 0.460301788378448
2379 0.460222994329038
2380 0.460141467893708
2381 0.459678566967957
2382 0.459468600706524
2383 0.459729510372107
2384 0.459303391734323
2385 0.458057014823447
2386 0.457667866749824
2387 0.457711727407914
2388 0.457344171956621
2389 0.457011377362272
2390 0.456842187491611
2391 0.45605158784937
2392 0.456109309669624
2393 0.457739907868264
2394 0.4579549723091
2395 0.45773092821889
2396 0.457266827922862
2397 0.45515448253025
2398 0.454792193701313
2399 0.455466785938033
2400 0.455946333483716
2401 0.457806340811511
2402 0.457941082191549
2403 0.456845580410436
2404 0.456201935523753
2405 0.454825830934977
2406 0.454459158372706
2407 0.455053035854234
2408 0.45482030555836
2409 0.454079220478834
2410 0.453717722034904
2411 0.453170336565256
2412 0.452862722996455
2413 0.453375831870124
2414 0.453435765605252
2415 0.453467364198161
2416 0.453109897622842
2417 0.452600864357918
2418 0.451346309356631
2419 0.448494507948863
2420 0.447522024661147
2421 0.44743425640668
2422 0.446755758125904
2423 0.447186930455164
2424 0.446684367006054
2425 0.444313378321322
2426 0.44400837622819
2427 0.445469549180389
2428 0.445149337311882
2429 0.444698070121501
2430 0.444356772783727
2431 0.442471476820127
2432 0.441995703156873
2433 0.4432915383229
2434 0.443057687572181
2435 0.442454370078983
2436 0.441454004153984
2437 0.439533003703265
2438 0.438229079445102
2439 0.436820586515134
2440 0.436222034316653
2441 0.43610126971541
2442 0.435871923914181
2443 0.435315069596611
2444 0.434892647441774
2445 0.435080593118123
2446 0.434058855408293
2447 0.434691039195654
2448 0.435114373026584
2449 0.434441772180122
2450 0.433948470141285
2451 0.430520689773429
2452 0.428403862885905
2453 0.428580373724347
2454 0.428279892359994
2455 0.429199369966685
2456 0.429037310126705
2457 0.428202206687022
2458 0.427732370735247
2459 0.428751031907223
2460 0.430230695456109
2461 0.429098898991121
2462 0.428439532497947
2463 0.428132328135185
2464 0.427515704998308
2465 0.427232716668774
2466 0.428248771674524
2467 0.428226719460767
2468 0.427310560325302
2469 0.427201637658693
2470 0.427567263125324
2471 0.42650215337837
2472 0.424362081077104
2473 0.422989900520487
2474 0.420336695608114
2475 0.419577315187455
2476 0.420994563008001
2477 0.421668133537223
2478 0.4236053875562
2479 0.422893897331903
2480 0.420190297385708
2481 0.419528905567222
2482 0.417915175738507
2483 0.417472478542766
2484 0.419652209181263
2485 0.419587470496002
2486 0.418406792733124
2487 0.417720154384828
2488 0.416478181603836
2489 0.415600534954693
2490 0.414217741988163
2491 0.413543602995225
2492 0.414578855548049
2493 0.416390326662005
2494 0.417675319299102
2495 0.41534083413767
2496 0.414031270163356
2497 0.412814938021781
2498 0.412740356217866
2499 0.415986565522747
2500 0.416202439968655
