"Wavelength" "M053a_m3-w3"
350 0.0910024714668023
351 0.0909411923144935
352 0.0878694363733581
353 0.0853970489630356
354 0.0860762425148999
355 0.0854122787487493
356 0.0858336349843246
357 0.0869705936992605
358 0.0863374783938919
359 0.0892113138858132
360 0.0886735778726724
361 0.0842300188666943
362 0.0895220767977561
363 0.0925898704619041
364 0.0915755593257759
365 0.0885681574020057
366 0.0889853307071628
367 0.0890695871177131
368 0.0881250279617707
369 0.0875430387899494
370 0.0889631668254551
371 0.0910863635072214
372 0.0905609329696575
373 0.0822773580120627
374 0.0842991175836941
375 0.0882695590555341
376 0.086140907108561
377 0.0863417209812729
378 0.088533096367742
379 0.0896910849569173
380 0.0870855405878909
381 0.0861264855774554
382 0.0869128275633014
383 0.088138056701435
384 0.0877599541243394
385 0.085705260574531
386 0.0872661134701713
387 0.0926819566999967
388 0.0901761802582948
389 0.0873609549724223
390 0.0866134696771896
391 0.0876322115100695
392 0.0860322898901317
393 0.086356805218428
394 0.0880577781068079
395 0.0868088409546461
396 0.0880501544639849
397 0.0890149246337929
398 0.0882496786021667
399 0.0889877242633975
400 0.0885290200593695
401 0.088308498192421
402 0.0896299789735052
403 0.0875202827698344
404 0.0869151767247813
405 0.0883882753826893
406 0.0890434416594365
407 0.0893239236584007
408 0.0890637479491881
409 0.0887142642221439
410 0.0901439542360831
411 0.0899482977710367
412 0.0892760704822687
413 0.0899645477744737
414 0.090014615997994
415 0.0902940992634352
416 0.0910562650243921
417 0.0918492038435504
418 0.0904697874683521
419 0.0895409267303915
420 0.0906022879179268
421 0.091490102140734
422 0.0921927405635082
423 0.0927664385746105
424 0.0932138527583938
425 0.0926310392012455
426 0.0925033780321172
427 0.0931401375613261
428 0.0935897901301403
429 0.0936046921622644
430 0.0937448531912412
431 0.0944199062258974
432 0.095383193617557
433 0.0953491096592384
434 0.0949670973760494
435 0.0955026532700888
436 0.095683337526803
437 0.0956535666574432
438 0.0958841534896543
439 0.0970797719502764
440 0.0974269268979714
441 0.0972727653729956
442 0.0972915604898611
443 0.097296680354693
444 0.0976099638063257
445 0.0980997138603635
446 0.0984004856425282
447 0.0988060188012383
448 0.0991700053874602
449 0.0993913763302766
450 0.0995028903337911
451 0.100024292623376
452 0.100322270892861
453 0.0998822304124835
454 0.100427911771547
455 0.100571863125397
456 0.100371359855025
457 0.101103356821853
458 0.10144042596328
459 0.101440147804463
460 0.10145681446059
461 0.101955143343945
462 0.102578706156945
463 0.102833597184086
464 0.102405712441003
465 0.102449776259148
466 0.10295164457946
467 0.1034966941939
468 0.103331135535264
469 0.103499808949819
470 0.103762295852056
471 0.103798759715116
472 0.104172437413882
473 0.104384529059
474 0.104499972876341
475 0.104897941394136
476 0.104885503615197
477 0.105043682559958
478 0.10559740240906
479 0.105781539545192
480 0.105725823806459
481 0.105819743642001
482 0.106350290465011
483 0.106369935125804
484 0.106571067867897
485 0.107079336676688
486 0.10731878817769
487 0.107578850278069
488 0.107914345040817
489 0.108277021198763
490 0.108442370484567
491 0.108670227181357
492 0.108936458644866
493 0.109061647107495
494 0.109191425683693
495 0.109315485398537
496 0.109498476212221
497 0.110003996056681
498 0.110461622424692
499 0.110837398498593
500 0.111181355155874
501 0.111265536933925
502 0.111574547211312
503 0.11212317880569
504 0.112396117491073
505 0.112697633365516
506 0.113005349520283
507 0.113290705616714
508 0.113746959001126
509 0.114067936190568
510 0.114267798533669
511 0.114559248468448
512 0.114882625890641
513 0.115222044088183
514 0.115532736368409
515 0.115682945755242
516 0.115930375674367
517 0.116255337561543
518 0.1165521307564
519 0.116878600764987
520 0.117317080114532
521 0.117791478767733
522 0.118037645727707
523 0.118276335684471
524 0.118645075537347
525 0.119152443630576
526 0.119427902370312
527 0.119777090720789
528 0.120174316132177
529 0.120363377681175
530 0.120747373284984
531 0.121193382177564
532 0.12155238659438
533 0.121847089046161
534 0.122120143138321
535 0.122462782850828
536 0.122942238231589
537 0.123278278564227
538 0.12363196252594
539 0.124075955856926
540 0.124490652840028
541 0.124773668924202
542 0.125063047084238
543 0.125502189325977
544 0.125877910354998
545 0.126181569584272
546 0.126485199527433
547 0.126924941311243
548 0.12736214732065
549 0.127826369801355
550 0.128353265228972
551 0.12888291765826
552 0.129438571593831
553 0.129972520165159
554 0.130408140914413
555 0.130915501094195
556 0.131356631700087
557 0.131699191701246
558 0.132242088571117
559 0.13267581282763
560 0.133069708558532
561 0.133589130469887
562 0.133956547032912
563 0.134248134798113
564 0.134519131849013
565 0.134754591165654
566 0.134982260083016
567 0.135194933325339
568 0.135416816016866
569 0.135836266968753
570 0.13636532370289
571 0.136918978109821
572 0.137426033130133
573 0.137921872389467
574 0.138453280225117
575 0.139010625065423
576 0.139418983228159
577 0.139725788767812
578 0.139979631717784
579 0.140228099755141
580 0.14043329561521
581 0.140658583516367
582 0.140911375093015
583 0.141058656803662
584 0.141336571443158
585 0.14169306769287
586 0.141999960582002
587 0.142360913238497
588 0.142743882221601
589 0.143150225182652
590 0.143632208289638
591 0.143962254802156
592 0.144290693304716
593 0.144752201795671
594 0.144994287801515
595 0.145303528310478
596 0.14570557191103
597 0.146010605103522
598 0.146354134882128
599 0.146720589765489
600 0.147061064441866
601 0.147302990420714
602 0.147539663599127
603 0.147754424226529
604 0.147905714029502
605 0.148250189410989
606 0.148579232298155
607 0.148795549678101
608 0.149073044141775
609 0.149393909233132
610 0.149704401876255
611 0.149956401208045
612 0.15021324533245
613 0.150553051210772
614 0.150966059455854
615 0.151346249684506
616 0.151636158506141
617 0.151894531055045
618 0.152183693374707
619 0.152454145769801
620 0.152772835293636
621 0.153125270933398
622 0.153436827587029
623 0.153681606898257
624 0.153937531306709
625 0.154260500504913
626 0.154624704622258
627 0.154938219465914
628 0.155242485326669
629 0.155622430045609
630 0.155961633479677
631 0.15627529564529
632 0.156580994846201
633 0.156876248583472
634 0.157211621755904
635 0.157576500094202
636 0.157932049593073
637 0.158211567271206
638 0.158501660459006
639 0.158821483086485
640 0.159117887788686
641 0.159418067334006
642 0.159783988208942
643 0.160223482454753
644 0.160577138279359
645 0.160857611917696
646 0.161130501234663
647 0.161483266078014
648 0.161830571274587
649 0.162167637780344
650 0.162506223993861
651 0.162871339507144
652 0.163212830324354
653 0.163545230199236
654 0.16389924602492
655 0.164243069460816
656 0.164571940081685
657 0.164905270864523
658 0.165288386658213
659 0.165655390519649
660 0.166003478895873
661 0.16634819351289
662 0.166710617718148
663 0.167044599778726
664 0.167380401766726
665 0.167796300031508
666 0.168182659362378
667 0.168561756480809
668 0.168947761649359
669 0.169277391739333
670 0.16961926603804
671 0.169997667240339
672 0.17041094541003
673 0.170827616927856
674 0.171239198412081
675 0.1716193763566
676 0.171910335677453
677 0.172276537581749
678 0.172689036487284
679 0.173081419585952
680 0.173480562301873
681 0.173917792620892
682 0.174357568539388
683 0.174715930691213
684 0.175056520495454
685 0.17545866975585
686 0.175924211519303
687 0.176253367298532
688 0.176645449413948
689 0.177073898861329
690 0.177430779939059
691 0.177853563650054
692 0.178281820832573
693 0.17868330837923
694 0.179093497084114
695 0.179468148676179
696 0.179855610654843
697 0.180302946490136
698 0.180742728762185
699 0.18119882349823
700 0.181658481689058
701 0.182078495455572
702 0.182471560193779
703 0.18286018872391
704 0.183263891543224
705 0.183690003905212
706 0.184151688396269
707 0.184626842650848
708 0.185075371655747
709 0.185461673467431
710 0.185875385039741
711 0.18632338970018
712 0.186692308034916
713 0.187093558085599
714 0.187571702587925
715 0.188096791598579
716 0.188435081414392
717 0.188831690964288
718 0.189349838992554
719 0.189901216005439
720 0.190312483231749
721 0.190717687760603
722 0.191208763678679
723 0.19171013054898
724 0.192142917652891
725 0.192556470393584
726 0.193023201730564
727 0.19343467635569
728 0.19390614816066
729 0.194440285605319
730 0.194914376960117
731 0.195365268383113
732 0.195799425432473
733 0.196229467609534
734 0.196698630786777
735 0.197160810486809
736 0.197603676778174
737 0.198040493843007
738 0.198536720681595
739 0.199006738812022
740 0.199429579771904
741 0.199894299405784
742 0.200362874409486
743 0.200817411221226
744 0.201258066013208
745 0.201735114299187
746 0.202205204545118
747 0.202687166404232
748 0.203227012747633
749 0.203682462025424
750 0.204130525398764
751 0.204606405623328
752 0.205014907424932
753 0.205502816955012
754 0.206008856252991
755 0.206440746585474
756 0.206886447506424
757 0.207356568661948
758 0.207840304689484
759 0.208306813010984
760 0.20865988864042
761 0.20905021915912
762 0.209568239836594
763 0.210109609353902
764 0.210596776139762
765 0.211041770169034
766 0.21149269318098
767 0.211964957634441
768 0.21241524429718
769 0.212843954912911
770 0.213296040940076
771 0.21380719231717
772 0.214341171672763
773 0.214856223181614
774 0.215336619492066
775 0.21573956337085
776 0.216138992153265
777 0.216628617401972
778 0.217139826908219
779 0.21762704134268
780 0.218072452207679
781 0.218490370572413
782 0.218948145708829
783 0.219440516412295
784 0.219937672682824
785 0.220385924707903
786 0.220871149507638
787 0.221364794125011
788 0.221815683144552
789 0.222282413193597
790 0.222813247865443
791 0.223358464952812
792 0.223796403058874
793 0.224257189025844
794 0.224715628356061
795 0.22515094806374
796 0.225598289309952
797 0.22611735093368
798 0.22664348747803
799 0.227099114491127
800 0.227570425871658
801 0.227964478502325
802 0.228330378983573
803 0.228814039135159
804 0.229351945820492
805 0.229879195378893
806 0.230355218583693
807 0.230777882362904
808 0.231327544120931
809 0.231945456608679
810 0.232493017945463
811 0.23283150525393
812 0.233157828643517
813 0.233549062674711
814 0.233997479519596
815 0.234470250612879
816 0.234919274025687
817 0.235375936637355
818 0.235955990839296
819 0.236420913550062
820 0.23681229897509
821 0.237234935017864
822 0.2378005765553
823 0.238279395321714
824 0.238670835849731
825 0.239076306795129
826 0.239596892125877
827 0.24007153640322
828 0.24047427101754
829 0.240903076145773
830 0.241420694802441
831 0.241895359226509
832 0.242281545472229
833 0.242711266448645
834 0.243174940716347
835 0.243648361528956
836 0.244117309250307
837 0.24462880462932
838 0.245091845951342
839 0.245484169419442
840 0.245847885496426
841 0.246373979454048
842 0.246814410008726
843 0.247165442062836
844 0.247650935662742
845 0.248060936018347
846 0.248491721234674
847 0.248995719448396
848 0.249475314878813
849 0.249987128352041
850 0.250435910909389
851 0.250780396466769
852 0.251261243440065
853 0.251718246305281
854 0.25216071637034
855 0.252651352958771
856 0.253102596372714
857 0.253514747045665
858 0.253918371523965
859 0.254353935956998
860 0.254737466524457
861 0.255153497401298
862 0.255627937167827
863 0.256074887590247
864 0.256525004010322
865 0.256947134937702
866 0.257343461923175
867 0.257825871552787
868 0.258327599859301
869 0.25880128389944
870 0.259210324517762
871 0.259530907688074
872 0.259869078426832
873 0.26030264701977
874 0.260855489746218
875 0.261390392560982
876 0.261849382355679
877 0.262235709544498
878 0.262604532202906
879 0.262963189416161
880 0.263382506795017
881 0.263866421942577
882 0.264313092135551
883 0.264781049223364
884 0.265286529882354
885 0.265806553867686
886 0.26625293810084
887 0.266635804298326
888 0.267020910879407
889 0.267468617343981
890 0.26795144792684
891 0.268378035119071
892 0.268760164067322
893 0.269156506928023
894 0.269549596649868
895 0.270023171743454
896 0.270511641772104
897 0.270868596291836
898 0.271259866443167
899 0.271696762123238
900 0.272142487248635
901 0.272538096660721
902 0.273010044138182
903 0.273485560502034
904 0.273936978391521
905 0.27445017149566
906 0.274879244746932
907 0.275241038261339
908 0.275595672274129
909 0.276001420959521
910 0.276492966745912
911 0.276946770626333
912 0.277290128333734
913 0.277734850806482
914 0.278216732463609
915 0.278670392210332
916 0.279059749670147
917 0.279457343473181
918 0.279948616299381
919 0.280483774978164
920 0.280958447413248
921 0.28138980697018
922 0.281753414213312
923 0.282162213669326
924 0.282736046103351
925 0.283076319585323
926 0.283465779476004
927 0.283918402471245
928 0.284225326972021
929 0.284595566784055
930 0.285036227905083
931 0.285493122810024
932 0.285886834138682
933 0.286278787511444
934 0.286688685608688
935 0.287144316497726
936 0.287677475536446
937 0.288187732086745
938 0.288592446663433
939 0.288956845953408
940 0.289514080265404
941 0.289956003453108
942 0.290325815329415
943 0.290686958697719
944 0.291019206309097
945 0.291356210908859
946 0.291758460821702
947 0.292255704897262
948 0.292814739510864
949 0.293217602522816
950 0.293630668297874
951 0.294140980429902
952 0.294485092917622
953 0.294832703704636
954 0.295213059479815
955 0.295622418026951
956 0.29606754611534
957 0.296372433407684
958 0.296763590802027
959 0.297347439408261
960 0.297708092453184
961 0.29803921422663
962 0.298449191999959
963 0.298972237304074
964 0.299532803932027
965 0.299887552630589
966 0.300164567280823
967 0.300542025521454
968 0.301029307610568
969 0.301332112685953
970 0.301707042598063
971 0.302319635750485
972 0.302760278210317
973 0.302981495168138
974 0.303308695621767
975 0.303908019848618
976 0.304359965290747
977 0.304772388081232
978 0.305182759439421
979 0.305579566447004
980 0.305878109652684
981 0.306257010175655
982 0.306698192002366
983 0.307129114326881
984 0.307487525937821
985 0.307948892533764
986 0.308358228827164
987 0.308647099135849
988 0.309010687629839
989 0.30948974096592
990 0.309890956364119
991 0.310151776391756
992 0.310477260641389
993 0.311135750657145
994 0.311653825622874
995 0.311869996806392
996 0.312163399643042
997 0.312463433827658
998 0.313066874000239
999 0.313822309749393
1000 0.314168533187584
1001 0.303537030875346
1002 0.30392204894412
1003 0.304243220613963
1004 0.304658101193334
1005 0.305232827721599
1006 0.305580541665786
1007 0.305848644642412
1008 0.30614157384717
1009 0.306342168166648
1010 0.306540308996316
1011 0.306930005038136
1012 0.307374345740354
1013 0.30777460858395
1014 0.308174890189864
1015 0.308634614694888
1016 0.309077856509391
1017 0.30944548045675
1018 0.309791818287672
1019 0.310119397876609
1020 0.310360895940278
1021 0.310604496486175
1022 0.310998196432218
1023 0.311418505181161
1024 0.311753874981165
1025 0.312082256185053
1026 0.312410628892057
1027 0.312619750415252
1028 0.312833109312424
1029 0.313113002873634
1030 0.313410132993489
1031 0.313769957771281
1032 0.314157473581787
1033 0.314709829631001
1034 0.315096662191619
1035 0.315402777350088
1036 0.315730385987112
1037 0.3160816225072
1038 0.316401764350428
1039 0.316851798658779
1040 0.317312407481669
1041 0.317695380857524
1042 0.318037319251001
1043 0.318382855613352
1044 0.318709565926489
1045 0.319007379352528
1046 0.319411778030818
1047 0.319826936119648
1048 0.320290838333259
1049 0.320725624435266
1050 0.32111114609584
1051 0.32145441344625
1052 0.321810474716046
1053 0.322090086036078
1054 0.322379206515901
1055 0.322698887756994
1056 0.322975365815887
1057 0.323279726242684
1058 0.323632928075553
1059 0.324046866677271
1060 0.324430912243569
1061 0.324749546104366
1062 0.325042098698136
1063 0.325309257941693
1064 0.325512357814651
1065 0.325725574090993
1066 0.326011673446603
1067 0.326404696179956
1068 0.326751985293536
1069 0.327071862903282
1070 0.32738607226374
1071 0.327557878057818
1072 0.327818838735552
1073 0.32811379999156
1074 0.328352200793177
1075 0.32865469765444
1076 0.328895601706701
1077 0.329072881065957
1078 0.32926369522878
1079 0.329564698227536
1080 0.329815239319319
1081 0.330054155093167
1082 0.330267032282951
1083 0.33036726879574
1084 0.330477164250189
1085 0.330697615171002
1086 0.330917357713247
1087 0.331117822415405
1088 0.331318139020584
1089 0.331471728508654
1090 0.33168831651282
1091 0.331924788702704
1092 0.332224004583979
1093 0.332470958119506
1094 0.332738390274151
1095 0.332922737160718
1096 0.333108074231427
1097 0.333307108415506
1098 0.333480398017388
1099 0.33369856683988
1100 0.333889539370459
1101 0.334102701500893
1102 0.334382641432464
1103 0.3346414441407
1104 0.334889679638348
1105 0.335109478743479
1106 0.335358134175998
1107 0.335606239276141
1108 0.335852139108097
1109 0.336107195609632
1110 0.33639450189553
1111 0.3366303409525
1112 0.336838826615516
1113 0.337130456145334
1114 0.337398749581945
1115 0.337636926737346
1116 0.337892586729515
1117 0.338092146593654
1118 0.338330223833398
1119 0.338620014384016
1120 0.338895770025544
1121 0.339210622434104
1122 0.339589588641376
1123 0.339898243640787
1124 0.340221077468647
1125 0.340504659833942
1126 0.340732250997489
1127 0.340966713821776
1128 0.341246040097141
1129 0.341525959570625
1130 0.341837726751365
1131 0.342121253065586
1132 0.342382745845505
1133 0.342645126264206
1134 0.342927607048682
1135 0.343277404918951
1136 0.343577889749869
1137 0.343863639771176
1138 0.344166265203684
1139 0.344462096369405
1140 0.344748030074266
1141 0.345060938209793
1142 0.345356763100197
1143 0.345636715313193
1144 0.345886909842235
1145 0.346168035063717
1146 0.34646782130996
1147 0.346770611778361
1148 0.347088544681964
1149 0.347414670146635
1150 0.347746536315114
1151 0.348051588344152
1152 0.348335423214524
1153 0.348594256476108
1154 0.348797451298764
1155 0.349041749934283
1156 0.349282295513009
1157 0.349533377701327
1158 0.349814985001104
1159 0.350072124009161
1160 0.350316726334942
1161 0.350567605842712
1162 0.35079614412536
1163 0.351061130883841
1164 0.351356512332197
1165 0.351637033798418
1166 0.351925600667824
1167 0.352187404598288
1168 0.352413039661491
1169 0.352633242070722
1170 0.352864129801862
1171 0.35308142820902
1172 0.353330336584937
1173 0.353608727420991
1174 0.353873372831122
1175 0.354157905612984
1176 0.35441795013273
1177 0.354654575126379
1178 0.354898132132985
1179 0.355145902041528
1180 0.355373595148514
1181 0.355614224192036
1182 0.355831298267894
1183 0.356009284488625
1184 0.356216901484222
1185 0.35643801207469
1186 0.356652092472939
1187 0.356843251890213
1188 0.357033810156848
1189 0.357216210041007
1190 0.357353084664741
1191 0.35752987734703
1192 0.357757779019844
1193 0.35792867397705
1194 0.358065252609315
1195 0.35822779901049
1196 0.358363416028616
1197 0.358516928051171
1198 0.35869317984532
1199 0.358889647405706
1200 0.359080429092956
1201 0.359249197852517
1202 0.359394364718596
1203 0.359544445606408
1204 0.359686526005975
1205 0.359777653737469
1206 0.359948904792432
1207 0.360178190809065
1208 0.360361521798213
1209 0.360571043281131
1210 0.360754409232487
1211 0.360872427280217
1212 0.361049865690649
1213 0.361271550117197
1214 0.361467694005184
1215 0.361676310941061
1216 0.361877575627063
1217 0.362070867137791
1218 0.362259477697213
1219 0.36239982692695
1220 0.362559036093765
1221 0.362724211578683
1222 0.362856934692819
1223 0.363030805335481
1224 0.36326338091007
1225 0.363440644454768
1226 0.363586511350332
1227 0.363766024491697
1228 0.363944261750803
1229 0.364119956604575
1230 0.364320104295358
1231 0.364504888773835
1232 0.364656939685568
1233 0.364842550770502
1234 0.365048228193427
1235 0.365254714808492
1236 0.365478493060011
1237 0.365704378330929
1238 0.36591739118985
1239 0.366104287773638
1240 0.366290424792931
1241 0.366460466240948
1242 0.366626392554307
1243 0.366776957813009
1244 0.366952374903657
1245 0.367123177020975
1246 0.367310896845782
1247 0.367532676720335
1248 0.367729404932455
1249 0.367918130887187
1250 0.368106812752008
1251 0.368291585919741
1252 0.368470706217907
1253 0.368632407101293
1254 0.368823891431193
1255 0.369028484126963
1256 0.369230208364115
1257 0.369472486679959
1258 0.36967298453379
1259 0.369874870625452
1260 0.370063617800516
1261 0.370251224277368
1262 0.370417862079541
1263 0.370623632676958
1264 0.370841034161027
1265 0.371063314430409
1266 0.371314428903251
1267 0.371547171505218
1268 0.371772886002801
1269 0.371997504443623
1270 0.372213086247243
1271 0.372447787736453
1272 0.372696382164018
1273 0.372928294217865
1274 0.37317217735457
1275 0.373400502262383
1276 0.373614490611066
1277 0.373814611615126
1278 0.374007798539837
1279 0.374186197725034
1280 0.374354452699523
1281 0.374503417159153
1282 0.374647727724527
1283 0.374780117307936
1284 0.374915543578287
1285 0.375049058805751
1286 0.375163877029153
1287 0.375275453021919
1288 0.375374879800185
1289 0.375448659265823
1290 0.375529033646429
1291 0.375611160466049
1292 0.375684427411081
1293 0.375757339168189
1294 0.375813547317266
1295 0.375873119780706
1296 0.375900806039698
1297 0.37589616214714
1298 0.375890274730972
1299 0.375853023186272
1300 0.37582199976457
1301 0.375813513225956
1302 0.375808419336536
1303 0.375826228918794
1304 0.375884114968549
1305 0.375893060839854
1306 0.375894381507488
1307 0.375893682418228
1308 0.375855637381444
1309 0.375856789061272
1310 0.375880980824433
1311 0.375900378262521
1312 0.375944089785929
1313 0.375956357950286
1314 0.375956515236385
1315 0.375953985375823
1316 0.375914984065376
1317 0.375910176299065
1318 0.375897292598387
1319 0.3759291015301
1320 0.375994922676002
1321 0.376075296708735
1322 0.376190756280758
1323 0.37631984173535
1324 0.376446302705344
1325 0.376585400832918
1326 0.376713321528183
1327 0.376843325031519
1328 0.376967178319042
1329 0.377076573788904
1330 0.37720918532593
1331 0.377352158524564
1332 0.377490481135906
1333 0.377622824275344
1334 0.377788280740273
1335 0.37797981348643
1336 0.378145404805489
1337 0.378333988079479
1338 0.378498938408751
1339 0.378613115088924
1340 0.378766783213717
1341 0.378948463659696
1342 0.379113856475522
1343 0.379279315070226
1344 0.379450148432256
1345 0.379612649624342
1346 0.379783910569674
1347 0.379985143417449
1348 0.380160892783323
1349 0.380329033023603
1350 0.380489737963393
1351 0.380645068907698
1352 0.380790752326224
1353 0.380929525070701
1354 0.381056470925076
1355 0.38119745486027
1356 0.381325296620603
1357 0.381476337182404
1358 0.381655814710291
1359 0.381815541051457
1360 0.381975022821686
1361 0.382135489487185
1362 0.382275277094944
1363 0.382444627215614
1364 0.382637014682394
1365 0.382817123343636
1366 0.383014910000293
1367 0.383196438328095
1368 0.383358455523964
1369 0.383526913967128
1370 0.383705233626594
1371 0.383862593651336
1372 0.384008108553581
1373 0.384161317618629
1374 0.384294597492244
1375 0.384377378117689
1376 0.384434982312024
1377 0.384468200395139
1378 0.384465657372583
1379 0.384432230191992
1380 0.384358578446999
1381 0.384234087452612
1382 0.384119483287203
1383 0.383964290636928
1384 0.383827748988827
1385 0.383700593307926
1386 0.383567248983366
1387 0.383431894770103
1388 0.383285515433409
1389 0.38316470519729
1390 0.382982460657392
1391 0.382775912712686
1392 0.382533584894412
1393 0.382221729297833
1394 0.381930646834757
1395 0.381615031148281
1396 0.381310970348709
1397 0.381050559902456
1398 0.380728933160867
1399 0.38037752683341
1400 0.380016613328531
1401 0.379617230783901
1402 0.379196137902878
1403 0.37880364815966
1404 0.37841527558871
1405 0.378009223013836
1406 0.377596912291283
1407 0.377184885872598
1408 0.376744847267724
1409 0.376357201072018
1410 0.375949936955581
1411 0.37566059632788
1412 0.375383119104506
1413 0.375270596770721
1414 0.375292652021362
1415 0.375348020460004
1416 0.375525242607682
1417 0.375707398362686
1418 0.375933892891662
1419 0.376182839176752
1420 0.376484314946793
1421 0.376792110061858
1422 0.377129500048173
1423 0.377462384820915
1424 0.377831004392505
1425 0.378165823322363
1426 0.378496388469858
1427 0.378805699099862
1428 0.379080875907745
1429 0.379364917136584
1430 0.379656479103746
1431 0.379917542965064
1432 0.380149368472423
1433 0.38039734055938
1434 0.380630397012742
1435 0.38087775051982
1436 0.381167183465625
1437 0.381507648161759
1438 0.381811242363385
1439 0.382133916674225
1440 0.382419801056473
1441 0.382693496102411
1442 0.382938084978369
1443 0.383161404693514
1444 0.383370400068939
1445 0.383546650667297
1446 0.383731839009345
1447 0.383893329448501
1448 0.384084517176795
1449 0.38429644338493
1450 0.384484232179967
1451 0.384693902009727
1452 0.384866302444579
1453 0.384983763383077
1454 0.385141115013042
1455 0.385296389891692
1456 0.385466586109572
1457 0.385668480119303
1458 0.385854976726658
1459 0.386069010866601
1460 0.386226551066999
1461 0.386330840300141
1462 0.386467100539121
1463 0.386559473743738
1464 0.386697714058501
1465 0.386887029696316
1466 0.387074064804363
1467 0.387279696976008
1468 0.387481217605872
1469 0.387692665230358
1470 0.387898329869954
1471 0.388112896428131
1472 0.388326052629661
1473 0.388506522511859
1474 0.388706888522966
1475 0.388900598929931
1476 0.389071813574122
1477 0.389273047366507
1478 0.389504574780946
1479 0.389704873599845
1480 0.389902523518488
1481 0.390088547974738
1482 0.390260337504223
1483 0.390429004645703
1484 0.39058767430372
1485 0.390754648657827
1486 0.390910616975932
1487 0.391080257907311
1488 0.391258248400953
1489 0.391446552448874
1490 0.391650310224624
1491 0.391841746367196
1492 0.392024385349036
1493 0.392229221840027
1494 0.392439028468762
1495 0.392653084002149
1496 0.392920639056649
1497 0.393121592913813
1498 0.393274335274984
1499 0.393445104282172
1500 0.393602179613101
1501 0.393740774874267
1502 0.3938887004299
1503 0.394010401314329
1504 0.39406369529598
1505 0.394170778393334
1506 0.394293450786973
1507 0.394426780639064
1508 0.394590887169873
1509 0.394755983953607
1510 0.394920731112585
1511 0.395101927123981
1512 0.395308595351703
1513 0.395504894520085
1514 0.395719019199179
1515 0.395909640581268
1516 0.396084040278332
1517 0.396256849271471
1518 0.396394527936599
1519 0.396535223327801
1520 0.396679790142823
1521 0.396783086692153
1522 0.396881991143173
1523 0.396963328771514
1524 0.397060039733799
1525 0.397142538199038
1526 0.397244130644444
1527 0.397355943998291
1528 0.397485291475975
1529 0.39761206504521
1530 0.397771088822799
1531 0.397960609077615
1532 0.398163331404603
1533 0.398412325756772
1534 0.398593528286276
1535 0.398780012002529
1536 0.398917003732042
1537 0.398983782607975
1538 0.399079419350867
1539 0.399165943345939
1540 0.399254860025105
1541 0.399332552781023
1542 0.399429505090198
1543 0.399542977368114
1544 0.399637860284759
1545 0.399732807366403
1546 0.399829696385343
1547 0.399905404526497
1548 0.400008167200285
1549 0.400146587428626
1550 0.400248827373938
1551 0.400330645184518
1552 0.400434742011099
1553 0.400513894663764
1554 0.400637150736421
1555 0.400809890576279
1556 0.400964299242524
1557 0.401131143128946
1558 0.401291181970115
1559 0.401473507829513
1560 0.401602352230888
1561 0.401694030345616
1562 0.401798200764834
1563 0.40184462640181
1564 0.401944774189407
1565 0.402091065686739
1566 0.402225659586919
1567 0.40237912828337
1568 0.402523816007062
1569 0.40268775053312
1570 0.402808830767942
1571 0.402896925062357
1572 0.402993767373884
1573 0.403063880253554
1574 0.403137639023647
1575 0.403203929053477
1576 0.403297736537328
1577 0.403378222533976
1578 0.403497670153998
1579 0.403684677233611
1580 0.403841812544504
1581 0.404003902174544
1582 0.404161583249873
1583 0.404320284808328
1584 0.404454331633025
1585 0.404602227772527
1586 0.404701492143433
1587 0.404708185212177
1588 0.404775494272479
1589 0.404858299889626
1590 0.404929462896295
1591 0.405028459612266
1592 0.405129658857108
1593 0.405208223864254
1594 0.405296817961166
1595 0.405425552063164
1596 0.405527628436571
1597 0.405599062377692
1598 0.405684451451751
1599 0.405771430236063
1600 0.40585035066891
1601 0.405922603900574
1602 0.406023255398417
1603 0.406144248792214
1604 0.406278583439752
1605 0.406423288024159
1606 0.406602814249752
1607 0.40676906080699
1608 0.406932895715036
1609 0.407094620539494
1610 0.407269973566244
1611 0.407423862483666
1612 0.407566379506694
1613 0.407691867374402
1614 0.407818486832943
1615 0.407894457566342
1616 0.407931128422545
1617 0.407979794173712
1618 0.40799436753375
1619 0.408049090727006
1620 0.408115294717462
1621 0.408194622348873
1622 0.408281569920589
1623 0.408398213073309
1624 0.408544242649458
1625 0.408673900374504
1626 0.408823309821771
1627 0.408948122443505
1628 0.409059468517014
1629 0.409161803451969
1630 0.409266844453617
1631 0.409336808504982
1632 0.409358775892892
1633 0.409460486367083
1634 0.409570561618535
1635 0.409696472831781
1636 0.409884385084463
1637 0.410019697851414
1638 0.410124810645589
1639 0.410256104670891
1640 0.410399936982203
1641 0.410520524019853
1642 0.410630568633068
1643 0.410755521884864
1644 0.410882481930077
1645 0.410992718755545
1646 0.411107155887694
1647 0.411229268926064
1648 0.411306348047593
1649 0.411472758438145
1650 0.411715369186407
1651 0.411865768778993
1652 0.412048367687628
1653 0.412139288827879
1654 0.412125827232358
1655 0.412189236273518
1656 0.412236351430016
1657 0.412276439329449
1658 0.412349767222357
1659 0.412475598799697
1660 0.412577572479995
1661 0.412647856396116
1662 0.412783250049848
1663 0.412905794414087
1664 0.412956142616844
1665 0.413067037979065
1666 0.413238207468312
1667 0.413354134871642
1668 0.413464376271442
1669 0.413562624805708
1670 0.41356622506481
1671 0.41361110299628
1672 0.413742391432696
1673 0.413883582584672
1674 0.414058282216308
1675 0.414202137030014
1676 0.414271830933119
1677 0.41435163047762
1678 0.41447399865048
1679 0.414561553916897
1680 0.414635797760551
1681 0.414763811750849
1682 0.414883943747517
1683 0.41503294375007
1684 0.415213938170959
1685 0.415341692603211
1686 0.415488327803011
1687 0.415675405227667
1688 0.41583568495525
1689 0.415962455127061
1690 0.416061299676393
1691 0.416133555364058
1692 0.416197089814388
1693 0.416268826378237
1694 0.416341559034645
1695 0.416398678516722
1696 0.416482760473057
1697 0.416626458551932
1698 0.416765263553212
1699 0.41687235345252
1700 0.416987252093129
1701 0.417109936943835
1702 0.417178273550046
1703 0.417219890539919
1704 0.417258133175233
1705 0.417237473367985
1706 0.417247083369873
1707 0.417262675665078
1708 0.417312540425442
1709 0.417368651039793
1710 0.417457586231326
1711 0.417607248916621
1712 0.417741007889409
1713 0.417902473823388
1714 0.41802840143377
1715 0.418146972519295
1716 0.418231886808401
1717 0.418279196733062
1718 0.418308396481067
1719 0.418276194934114
1720 0.418324003867746
1721 0.418392722535203
1722 0.418481086442709
1723 0.418647169436034
1724 0.418745567478748
1725 0.418837725068554
1726 0.41888186352575
1727 0.418866991635204
1728 0.418882939964375
1729 0.418880715054953
1730 0.418868969011558
1731 0.418876790428957
1732 0.418856997286464
1733 0.418777079561563
1734 0.418777585146232
1735 0.418798330116603
1736 0.418849820798585
1737 0.418961409290029
1738 0.419031565622425
1739 0.419106705037929
1740 0.41918575593853
1741 0.419240605742755
1742 0.419366351810481
1743 0.419471808747372
1744 0.419493322678037
1745 0.419577696362205
1746 0.419574511224275
1747 0.419494276430023
1748 0.419493984384709
1749 0.419492813615557
1750 0.419545621377846
1751 0.41964009863072
1752 0.419721565584486
1753 0.419772029054931
1754 0.41984385811744
1755 0.41997811975827
1756 0.420124566962459
1757 0.420244343035637
1758 0.420277460794509
1759 0.420287144885935
1760 0.420254691227834
1761 0.420254484912732
1762 0.420342170825147
1763 0.420409310915171
1764 0.420483911072849
1765 0.420555599938343
1766 0.420615039290114
1767 0.420583195805166
1768 0.420508558001647
1769 0.420536905551992
1770 0.420590285589019
1771 0.420677075425829
1772 0.420815494763138
1773 0.4209109897177
1774 0.420974572565126
1775 0.421040538064172
1776 0.421098403107025
1777 0.421187402627652
1778 0.421280276403264
1779 0.421343873796934
1780 0.421429242436136
1781 0.421426316106347
1782 0.421459010600914
1783 0.42145764278943
1784 0.421523595837463
1785 0.421602716370569
1786 0.421594789828391
1787 0.421627569650101
1788 0.421686418246259
1789 0.421714624175877
1790 0.421788680382624
1791 0.421867144290312
1792 0.421870500567371
1793 0.421900487253766
1794 0.42200291841592
1795 0.422090701703816
1796 0.422221599752762
1797 0.422455504893094
1798 0.422620438618
1799 0.422734211871557
1800 0.422814072901485
1801 0.424530349124211
1802 0.424573940934035
1803 0.424721132879521
1804 0.424801103473422
1805 0.424891049285454
1806 0.425009732192212
1807 0.425106920199085
1808 0.425186881628165
1809 0.425256681321016
1810 0.425305716170702
1811 0.425379605583144
1812 0.425448979928469
1813 0.425485605548949
1814 0.425684952987021
1815 0.425861698025933
1816 0.425940342596438
1817 0.426016950892382
1818 0.42606383437961
1819 0.425989982569683
1820 0.42592150210374
1821 0.426103771271938
1822 0.426169538744377
1823 0.426267685874468
1824 0.42647819295275
1825 0.426630595380508
1826 0.426801755299645
1827 0.42686978548604
1828 0.426892588628372
1829 0.426900245186945
1830 0.42683155287815
1831 0.426732880982985
1832 0.426604345533085
1833 0.426516490297425
1834 0.426360126125025
1835 0.426233873996302
1836 0.42622919695364
1837 0.426389456042295
1838 0.426425570369961
1839 0.426474509510594
1840 0.426544690212108
1841 0.426560352040373
1842 0.426640477575971
1843 0.426764189573318
1844 0.426818437827038
1845 0.426876638575317
1846 0.427011741512492
1847 0.427104994108051
1848 0.427206480321583
1849 0.427324429396944
1850 0.427380769850691
1851 0.427361552401487
1852 0.42746015858911
1853 0.427612821493398
1854 0.427675789497974
1855 0.427696856203373
1856 0.427644471796611
1857 0.427465437422136
1858 0.427317958251308
1859 0.427161851432849
1860 0.427045919686021
1861 0.426860995998891
1862 0.426670321242925
1863 0.426479091923139
1864 0.426224145941728
1865 0.42589673834229
1866 0.425611553099286
1867 0.425337301859832
1868 0.425053282635368
1869 0.424752339125633
1870 0.424514052531697
1871 0.424221872241056
1872 0.423845503712074
1873 0.423503565988203
1874 0.423245561906864
1875 0.422903994269093
1876 0.422499419275383
1877 0.422039655443799
1878 0.421473035216859
1879 0.420767598018335
1880 0.420028594481422
1881 0.419219929860749
1882 0.418309384800082
1883 0.41730796569443
1884 0.416191739246162
1885 0.414957862328276
1886 0.413674130826105
1887 0.412379173183907
1888 0.410957725808726
1889 0.409443917196115
1890 0.407847576971139
1891 0.406198950267717
1892 0.404373743064743
1893 0.402508649614321
1894 0.400687489922163
1895 0.398756079961456
1896 0.396791075866884
1897 0.394738734137295
1898 0.392586162201415
1899 0.390608503190985
1900 0.388625386661358
1901 0.386803374477434
1902 0.385128271510607
1903 0.38360525208478
1904 0.381998939031388
1905 0.38058263918175
1906 0.379244814952232
1907 0.377887787847133
1908 0.376829582192034
1909 0.375884131693844
1910 0.375095403201702
1911 0.374461803883571
1912 0.374034167904199
1913 0.373805276791519
1914 0.373663080995671
1915 0.373663784128542
1916 0.373769417233961
1917 0.373893390521604
1918 0.374075331511455
1919 0.374286669844266
1920 0.374512774860151
1921 0.374784607562748
1922 0.37510676059596
1923 0.375430432629983
1924 0.375795657845491
1925 0.376147803980623
1926 0.376511772731698
1927 0.376870941738963
1928 0.377245961954663
1929 0.377707205707907
1930 0.378169192954195
1931 0.378628249804826
1932 0.379116280508459
1933 0.379626863176118
1934 0.380127137100943
1935 0.380644550208692
1936 0.381168507241174
1937 0.381661379349537
1938 0.382230903281617
1939 0.382822214244459
1940 0.383398821067869
1941 0.383941806254009
1942 0.384477956773641
1943 0.385050449931479
1944 0.38567018684971
1945 0.386198118336095
1946 0.386736519838889
1947 0.387207333198904
1948 0.387578375922732
1949 0.3879063687788
1950 0.388303383193968
1951 0.388809787708507
1952 0.389346809005599
1953 0.389852049482877
1954 0.390343726349486
1955 0.390871591449355
1956 0.391305101554455
1957 0.391631365192998
1958 0.392048543148191
1959 0.392444392597524
1960 0.392877316577648
1961 0.393361966297609
1962 0.393898465368753
1963 0.394517256995433
1964 0.395052120177695
1965 0.395529527779761
1966 0.395938384106301
1967 0.39639041302001
1968 0.396770345910565
1969 0.397214188020775
1970 0.397771401970938
1971 0.398241868085387
1972 0.398654824359716
1973 0.399045652116364
1974 0.399534557257563
1975 0.399982514586084
1976 0.400519144070474
1977 0.401108780992688
1978 0.401576298421993
1979 0.401920666260078
1980 0.402400370154659
1981 0.4029508575782
1982 0.403353800325697
1983 0.403761728260287
1984 0.404143315868333
1985 0.404405612613377
1986 0.404623495831014
1987 0.40497223415894
1988 0.405455740752522
1989 0.405895664721103
1990 0.406384550202153
1991 0.406846911539398
1992 0.407325096089402
1993 0.407757363492795
1994 0.40817502547684
1995 0.408570670651635
1996 0.408970948781668
1997 0.409306699874376
1998 0.409603699704318
1999 0.409849136294128
2000 0.410111286362826
2001 0.410325247728392
2002 0.410618135993745
2003 0.410971257567564
2004 0.411347713911196
2005 0.411759109975408
2006 0.412147085455577
2007 0.412562577491847
2008 0.412949651402824
2009 0.413299449804673
2010 0.413702477706903
2011 0.414119887362734
2012 0.414586980671004
2013 0.415001825997139
2014 0.415405324365359
2015 0.415769279945986
2016 0.416066356347146
2017 0.416398743807472
2018 0.416742712617853
2019 0.417046782324245
2020 0.417330614693204
2021 0.417600579316867
2022 0.417834167540455
2023 0.418089521971795
2024 0.418289674605982
2025 0.418621211063024
2026 0.418988999845528
2027 0.419187499682183
2028 0.419441205564595
2029 0.419747288352817
2030 0.420050578497046
2031 0.420356049954227
2032 0.42068237485747
2033 0.421084214842526
2034 0.421375295958185
2035 0.421636379239309
2036 0.421861325840673
2037 0.421928193667976
2038 0.422144860589221
2039 0.422484084794943
2040 0.42272067502466
2041 0.422976536294777
2042 0.42318388199897
2043 0.423302827568998
2044 0.423207279208997
2045 0.423319468295305
2046 0.423452352466546
2047 0.42365575583349
2048 0.424008739859028
2049 0.424275607268697
2050 0.424577034381808
2051 0.424805524491092
2052 0.424964053435108
2053 0.425119753361275
2054 0.425208343898273
2055 0.425370620184137
2056 0.425485020631949
2057 0.425591238461547
2058 0.425677666984755
2059 0.425707777133598
2060 0.425817408996464
2061 0.425930034733529
2062 0.426083115950186
2063 0.426368697628998
2064 0.426518059185869
2065 0.426517876947399
2066 0.426696898707538
2067 0.426931266998483
2068 0.427152572378707
2069 0.427408683898234
2070 0.427721594403759
2071 0.427916621289527
2072 0.427975587989659
2073 0.4280855574184
2074 0.428213984634764
2075 0.428301107506129
2076 0.428304756112306
2077 0.428370741687634
2078 0.428473842017781
2079 0.428552900034118
2080 0.428622029171129
2081 0.428730481295824
2082 0.428842999856124
2083 0.428951658476871
2084 0.429155092394296
2085 0.429234219431863
2086 0.429308918328717
2087 0.42932962060436
2088 0.429421321685901
2089 0.429473510586557
2090 0.42962372999623
2091 0.429857433398199
2092 0.430074901289603
2093 0.430359162100699
2094 0.43058817357181
2095 0.430850132178689
2096 0.431022763384716
2097 0.431119521786781
2098 0.431220253310259
2099 0.431256321033558
2100 0.431280341830663
2101 0.431402331789627
2102 0.431568635496411
2103 0.431747987587769
2104 0.432030863399538
2105 0.432207429105765
2106 0.432352208811226
2107 0.432465124886256
2108 0.432522505935742
2109 0.432600856887265
2110 0.432613515129082
2111 0.432727523877078
2112 0.432902623006394
2113 0.433066606557339
2114 0.433362548054316
2115 0.433525555536209
2116 0.433672169110819
2117 0.433658305161397
2118 0.433486620905655
2119 0.433567800954841
2120 0.433796362548165
2121 0.434181120496568
2122 0.434539155877893
2123 0.435149124613768
2124 0.435510815711536
2125 0.435788451839454
2126 0.435997861677569
2127 0.436084561673881
2128 0.436223681697248
2129 0.436322627208625
2130 0.436397842558011
2131 0.436441709062947
2132 0.436542525780828
2133 0.436706574921699
2134 0.436727735335427
2135 0.436799567087723
2136 0.436878525910884
2137 0.436871030844787
2138 0.436773647834547
2139 0.436641956962738
2140 0.436445726588264
2141 0.436280046990033
2142 0.43605029192932
2143 0.435873702751271
2144 0.435743458982358
2145 0.435612455684262
2146 0.435487328173781
2147 0.435325902232035
2148 0.43516469119168
2149 0.435007612038147
2150 0.434925129600844
2151 0.434685988385541
2152 0.434432299460955
2153 0.434018573647626
2154 0.433516012110776
2155 0.433041562024164
2156 0.432624665319012
2157 0.432259026393677
2158 0.431908155525819
2159 0.431611859269428
2160 0.431246391220194
2161 0.430932864280816
2162 0.430486769545078
2163 0.429877210861935
2164 0.429395022741538
2165 0.428892359057477
2166 0.428436625197489
2167 0.427989889609646
2168 0.427668501250753
2169 0.427485372434627
2170 0.427210229641339
2171 0.427031095572857
2172 0.42679601950458
2173 0.426548874849228
2174 0.426113339711083
2175 0.425703465650831
2176 0.425295836757946
2177 0.424832642548746
2178 0.424242707367075
2179 0.42377114307306
2180 0.423339205645691
2181 0.422901480512205
2182 0.422476382579997
2183 0.422077604902735
2184 0.421765144513021
2185 0.421320844218446
2186 0.420807522409005
2187 0.420305865628592
2188 0.419685398208216
2189 0.419158026655167
2190 0.418749271964217
2191 0.418284011801523
2192 0.417860739349891
2193 0.41732090714327
2194 0.416619700779151
2195 0.416028351056316
2196 0.415473129419659
2197 0.414782182090971
2198 0.414178035594106
2199 0.413664061465641
2200 0.413059823369451
2201 0.412355119920062
2202 0.411805936750958
2203 0.411238858611883
2204 0.410844735168287
2205 0.410613248430549
2206 0.410379506706609
2207 0.410146868876806
2208 0.41014629709234
2209 0.410196303646206
2210 0.410477943705934
2211 0.411116517139249
2212 0.411706547988807
2213 0.41259155679107
2214 0.413202542510437
2215 0.413670589198112
2216 0.414158495476859
2217 0.41455311275071
2218 0.414837129587947
2219 0.415176754810048
2220 0.415715264558754
2221 0.416120219420346
2222 0.416555369928851
2223 0.416730664386841
2224 0.416741414123811
2225 0.416868861453282
2226 0.416823477658573
2227 0.416945694800582
2228 0.417288831376647
2229 0.417457538063586
2230 0.417554997200255
2231 0.417621612823761
2232 0.417713183607174
2233 0.417629584618775
2234 0.417293651291172
2235 0.41719745088909
2236 0.417075800411289
2237 0.41705226180704
2238 0.417213961285282
2239 0.41737566563734
2240 0.417607019203605
2241 0.417741389730528
2242 0.417928610825995
2243 0.418054356881415
2244 0.41808484495065
2245 0.418095595894218
2246 0.41801120654916
2247 0.417836486863311
2248 0.417727557721832
2249 0.41768986178014
2250 0.417745935743364
2251 0.418022310528825
2252 0.418121476384029
2253 0.418228117373888
2254 0.418223862972585
2255 0.41804028963232
2256 0.418119138804826
2257 0.418317114844944
2258 0.418331032482766
2259 0.418417806254394
2260 0.418473221859826
2261 0.418283263948387
2262 0.418304460933296
2263 0.418524582873422
2264 0.41868463841
2265 0.418832475872317
2266 0.418974721707211
2267 0.419117572060591
2268 0.419307964863819
2269 0.419661620504568
2270 0.419774375749954
2271 0.419860801014438
2272 0.419837923094916
2273 0.419386030960978
2274 0.419229055926667
2275 0.41925394193916
2276 0.419177131416783
2277 0.419126846267343
2278 0.419175625088011
2279 0.419041016400399
2280 0.418928498995584
2281 0.419107512653621
2282 0.419297884421413
2283 0.419432878643609
2284 0.4195008002696
2285 0.419484509174105
2286 0.419254024791863
2287 0.419154476764477
2288 0.41909883459371
2289 0.419005448807402
2290 0.41892782735888
2291 0.418775401964317
2292 0.418549397511773
2293 0.418367489596302
2294 0.418152723945678
2295 0.41793958294573
2296 0.417683808813631
2297 0.417601897902078
2298 0.41758411328069
2299 0.417590900741981
2300 0.417868144165317
2301 0.417810768250306
2302 0.417574628770434
2303 0.417372108182339
2304 0.416799600049828
2305 0.416755713613058
2306 0.417089364528947
2307 0.417178225109184
2308 0.417533340250217
2309 0.417709890172141
2310 0.417729508602151
2311 0.41766864484132
2312 0.417348397555672
2313 0.417242421075064
2314 0.417189589047111
2315 0.417006834860686
2316 0.417008973242305
2317 0.417008661742343
2318 0.416649562518006
2319 0.41656385157962
2320 0.416917316118085
2321 0.416918342503333
2322 0.416744870274322
2323 0.416679400158598
2324 0.416502425635308
2325 0.416177897498087
2326 0.416112471660015
2327 0.416289505622556
2328 0.416176762956616
2329 0.416133022276203
2330 0.416039847271956
2331 0.415587248561817
2332 0.415264571019681
2333 0.414918989236922
2334 0.414600856247781
2335 0.414333548976644
2336 0.414037555460616
2337 0.413751673015848
2338 0.413535153254814
2339 0.413337212006999
2340 0.413293290737463
2341 0.41344320293864
2342 0.413188694614189
2343 0.412841888707975
2344 0.412318942908491
2345 0.411342947181987
2346 0.411097996403677
2347 0.411035778098913
2348 0.411100462872271
2349 0.412003887297947
2350 0.411631254971487
2351 0.410472112879139
2352 0.410102416402575
2353 0.409156461430034
2354 0.409077562219109
2355 0.410239007893156
2356 0.410415895547074
2357 0.410443083001111
2358 0.41042844940632
2359 0.409775445466152
2360 0.409802764246212
2361 0.410266618239453
2362 0.4104098763463
2363 0.410858078674267
2364 0.410986280909346
2365 0.410783325707404
2366 0.410565637722969
2367 0.410335070980962
2368 0.410009837513503
2369 0.409361874756257
2370 0.408921957060609
2371 0.408310893100147
2372 0.408085250067137
2373 0.408233905321469
2374 0.408313623306059
2375 0.408747773170056
2376 0.408907150811036
2377 0.409246384323697
2378 0.408749241775164
2379 0.407109990797433
2380 0.406779854100212
2381 0.40656302698474
2382 0.406543684741046
2383 0.407658273841481
2384 0.408276112584103
2385 0.408500497563113
2386 0.408631284856802
2387 0.40919704937485
2388 0.409079527232853
2389 0.408073443081599
2390 0.407569356609066
2391 0.407051404477078
2392 0.406630603209492
2393 0.406779212174389
2394 0.405815709326344
2395 0.403510132011556
2396 0.402806207050346
2397 0.402229864295013
2398 0.40204058387134
2399 0.403928055382709
2400 0.404116134687156
2401 0.402731462330686
2402 0.402435379716895
2403 0.401945890572517
2404 0.401999765118798
2405 0.403641816040182
2406 0.403567177783436
2407 0.402590364466617
2408 0.40230061155619
2409 0.401058708445468
2410 0.400588599029686
2411 0.401130141903461
2412 0.401256953248126
2413 0.401356615634581
2414 0.401273144603658
2415 0.401315699330929
2416 0.40090841069241
2417 0.400359003999551
2418 0.399482484836963
2419 0.397920937978407
2420 0.397157607829211
2421 0.396234124265435
2422 0.395031617105332
2423 0.394241831951284
2424 0.393964248968456
2425 0.393414187168306
2426 0.393574202236889
2427 0.395224902046764
2428 0.395065395312759
2429 0.393658749857691
2430 0.393646929583205
2431 0.393665338535114
2432 0.393296441080537
2433 0.39424333191079
2434 0.393668632848988
2435 0.391265388724938
2436 0.390338961477339
2437 0.38968912564621
2438 0.388934472916831
2439 0.388661110218756
2440 0.388072413953596
2441 0.387266786694501
2442 0.385431161533236
2443 0.384332373743899
2444 0.383832393045263
2445 0.384772380189326
2446 0.385411476393927
2447 0.386022713456647
2448 0.386277594794122
2449 0.384337629936771
2450 0.382285879068331
2451 0.380322635824347
2452 0.379560911805443
2453 0.37959415180119
2454 0.379538675890147
2455 0.380444444809581
2456 0.379265625318287
2457 0.378888855565269
2458 0.380763517974936
2459 0.380257415563512
2460 0.378940778597563
2461 0.378243403671768
2462 0.376739170038644
2463 0.377089249485192
2464 0.377970628262029
2465 0.377835421732589
2466 0.377435234500232
2467 0.376245857940984
2468 0.37385897203894
2469 0.372703562574193
2470 0.371050532555816
2471 0.369597882936232
2472 0.369086990149524
2473 0.36913968064652
2474 0.369336473040493
2475 0.370069812086155
2476 0.371553010036962
2477 0.373388856307135
2478 0.376889925804432
2479 0.376455340194193
2480 0.374712941366874
2481 0.374104377531031
2482 0.370258261561172
2483 0.369861815188347
2484 0.372594259679945
2485 0.372326758654794
2486 0.371897756200768
2487 0.370168538215836
2488 0.366481944141676
2489 0.36591151010618
2490 0.365560503897916
2491 0.365936831941346
2492 0.366542059866972
2493 0.366101455265355
2494 0.369363776056063
2495 0.371129115510818
2496 0.370599574134638
2497 0.370070172818878
2498 0.368637013413773
2499 0.369985948404472
2500 0.372260951879702
