"Wavelength" "M055a_m1-w3"
350 0.129767660100425
351 0.123318822597177
352 0.11957943776432
353 0.118419204286189
354 0.114112431160087
355 0.113956805096844
356 0.11825339317773
357 0.122920820616599
358 0.12162945631576
359 0.118046488508299
360 0.116607837200625
361 0.119072019247658
362 0.123255122066161
363 0.119795082133301
364 0.115582992424877
365 0.118483643761028
366 0.122374657803169
367 0.121146578589639
368 0.118397261234038
369 0.121758669396013
370 0.122440405710488
371 0.119843346635979
372 0.116570278000311
373 0.117585683074517
374 0.12104861899839
375 0.122205417543595
376 0.119420508950654
377 0.119966837383849
378 0.121671317721279
379 0.123382562304572
380 0.124284869236913
381 0.122823703246046
382 0.122336439260812
383 0.122888027395267
384 0.121429069285938
385 0.120182645047823
386 0.11966489359851
387 0.119719189921655
388 0.119234836754027
389 0.120530366377671
390 0.12234846972565
391 0.12253403933396
392 0.120458232718957
393 0.119974706062498
394 0.121048020111564
395 0.120722034290128
396 0.122021092673438
397 0.123035446977457
398 0.122677133439574
399 0.122461859089475
400 0.123638953604305
401 0.124411871451562
402 0.123059583959882
403 0.122494899643409
404 0.121959497993565
405 0.121845435080352
406 0.123277665475248
407 0.124000724541551
408 0.124206355643061
409 0.124385844617045
410 0.124826985790137
411 0.125558774014655
412 0.126102010951201
413 0.126080143824436
414 0.126252392116959
415 0.126754362697415
416 0.127449684584193
417 0.127993237656142
418 0.127883322064825
419 0.128000999444402
420 0.128642573360836
421 0.128356357968785
422 0.128748338813414
423 0.129726336445736
424 0.130517499344621
425 0.130174411531509
426 0.130550754041292
427 0.131548030500766
428 0.131155396784257
429 0.131731146439182
430 0.132428568302304
431 0.132523345545667
432 0.133164887191142
433 0.133739620307502
434 0.134289666514064
435 0.135055883042146
436 0.135590682519139
437 0.136147454384319
438 0.136766882788916
439 0.137164390039843
440 0.137444511936387
441 0.13786937426442
442 0.138507271693029
443 0.138638723243182
444 0.13909013711877
445 0.139818936379393
446 0.140281255287211
447 0.140677364656346
448 0.141063549540889
449 0.141394047603479
450 0.141443692849839
451 0.142017999993892
452 0.142589376094625
453 0.142581730834068
454 0.143233234825019
455 0.143450528205656
456 0.143359293576433
457 0.144088235648649
458 0.144254059571475
459 0.14430602279612
460 0.144715869145688
461 0.14530954882586
462 0.145566786467583
463 0.145590721926062
464 0.145773919265759
465 0.146327429703437
466 0.146971670075369
467 0.147319951193605
468 0.146917715966999
469 0.147228666148113
470 0.147791477385091
471 0.147985457591993
472 0.148428099129991
473 0.148731095516474
474 0.148923913690151
475 0.149284370401672
476 0.149497865300432
477 0.149688401029216
478 0.149912358712308
479 0.149945058886765
480 0.150260104109199
481 0.15083000577633
482 0.151400784475991
483 0.151588955985366
484 0.151926999953123
485 0.152548500105846
486 0.153101137886231
487 0.153352832204532
488 0.153617536949994
489 0.154132020608005
490 0.154480348669314
491 0.1549099919271
492 0.15534727511618
493 0.155581014363074
494 0.156142702477764
495 0.156643354068147
496 0.156907173814257
497 0.157352053672202
498 0.157942590689299
499 0.158528152624791
500 0.15894313184866
501 0.159210822430556
502 0.159635998360582
503 0.16024443116526
504 0.160754092931031
505 0.161315075272761
506 0.161816705668727
507 0.162188877262015
508 0.162639502288056
509 0.163145369164049
510 0.163696553092558
511 0.16428104209214
512 0.164801184017909
513 0.165174730016319
514 0.165462649082531
515 0.166009050983673
516 0.166504146190253
517 0.166962981036647
518 0.167517895889052
519 0.168264458444958
520 0.168910993692666
521 0.169349000977266
522 0.169718141304578
523 0.170165844159357
524 0.170716981488834
525 0.171346025381407
526 0.172034349952485
527 0.172546445061115
528 0.172976354035178
529 0.173643334621178
530 0.174216520386192
531 0.174761720752586
532 0.175322682950153
533 0.17571166248373
534 0.17617617543321
535 0.176776035611727
536 0.177459646985643
537 0.178078687595192
538 0.178650623378212
539 0.179216302130193
540 0.179824631103528
541 0.18037205472833
542 0.180915999133597
543 0.181536650431769
544 0.182180933098117
545 0.182766939565881
546 0.183333511727598
547 0.18403222586972
548 0.184645669699342
549 0.185338117618697
550 0.186234082283816
551 0.187078764097999
552 0.187965691660367
553 0.188862598268804
554 0.189661314887539
555 0.19038004658963
556 0.191071581951203
557 0.191769546718657
558 0.192454364839653
559 0.193122538093143
560 0.193772461877468
561 0.194395810437987
562 0.194912580555569
563 0.195480725814158
564 0.196085710087818
565 0.196453448712773
566 0.196824420795317
567 0.197211187637995
568 0.197608931523376
569 0.198187067669875
570 0.199001352040353
571 0.1999734486508
572 0.200907781083603
573 0.201857615142991
574 0.202815658813872
575 0.203735937230949
576 0.204482237942532
577 0.205118167501537
578 0.205674615393077
579 0.206159340518955
580 0.206529495375797
581 0.206679660359348
582 0.206665165384913
583 0.206834448540515
584 0.207188163342494
585 0.207636403780077
586 0.208080402109133
587 0.208673433481577
588 0.209308126650786
589 0.209989924749219
590 0.210880587922158
591 0.211640422571339
592 0.212300894290723
593 0.212969280731959
594 0.213615728675772
595 0.214236001934469
596 0.214833254866465
597 0.215419760099293
598 0.216055958495852
599 0.216654558839111
600 0.217128658392356
601 0.217447173641292
602 0.217713591480939
603 0.217957397897172
604 0.218185658863365
605 0.218555413877536
606 0.218994151190378
607 0.21943195932186
608 0.219844968416729
609 0.2203195920456
610 0.220788160135841
611 0.221174432611619
612 0.221635942681723
613 0.222198987011312
614 0.222824016465717
615 0.223410069036235
616 0.223864823862162
617 0.224304033957691
618 0.224825119034888
619 0.225258732528267
620 0.22574803104496
621 0.22630611375472
622 0.22684801724165
623 0.227352492809721
624 0.227873952876935
625 0.228427315016134
626 0.228896526594053
627 0.229397250650681
628 0.229916516418567
629 0.230396350460457
630 0.230932406627394
631 0.231457671624783
632 0.231947353147463
633 0.232460523055345
634 0.233052314280413
635 0.233638155033412
636 0.234124270580104
637 0.234592579052329
638 0.235123122696217
639 0.235687206137847
640 0.236155719183679
641 0.236700989209262
642 0.237288645371905
643 0.237871270290664
644 0.238523442157504
645 0.23907392654061
646 0.239540274757518
647 0.240054931610668
648 0.240599304243115
649 0.241186042570027
650 0.24180757584176
651 0.242413088869175
652 0.243030245986286
653 0.243627078521039
654 0.244158770697107
655 0.244626618144372
656 0.24515461622459
657 0.245793020800816
658 0.246494377923201
659 0.247099331920966
660 0.247659560656107
661 0.248256271241462
662 0.248857288217088
663 0.24939464034136
664 0.249953268860885
665 0.250703193012476
666 0.251286255419353
667 0.251867000953068
668 0.252558813460674
669 0.253148519395067
670 0.253784252128642
671 0.254425489786472
672 0.254985309437655
673 0.255644733110174
674 0.25634735868506
675 0.257022669386044
676 0.257609985628794
677 0.258195445505578
678 0.25884819563936
679 0.259585989312843
680 0.260252894059411
681 0.260942339632396
682 0.261649296913643
683 0.262285786379625
684 0.262866337377707
685 0.263502648753076
686 0.264226040034777
687 0.264821370374699
688 0.265486186735607
689 0.266227485213955
690 0.266962501515365
691 0.267673560644236
692 0.268388546896651
693 0.269100349238944
694 0.269743428878188
695 0.27044330285141
696 0.271195044253874
697 0.271935104614531
698 0.2725265725708
699 0.273167725823803
700 0.273917249592197
701 0.274702394852243
702 0.275444636749501
703 0.276146282101179
704 0.276843999661555
705 0.277612883707433
706 0.278428730405444
707 0.279232896248672
708 0.279965544608956
709 0.280699834017589
710 0.281416301801783
711 0.282122072482431
712 0.2828663763757
713 0.283612652687694
714 0.284389491401862
715 0.285197623236505
716 0.285870071747427
717 0.286582655101787
718 0.287377351071299
719 0.288187948817101
720 0.288931767511419
721 0.28972276176847
722 0.290597555197176
723 0.291386973763032
724 0.292124733306693
725 0.292872606725232
726 0.2936804944794
727 0.294437586922644
728 0.295284099895126
729 0.296203500185148
730 0.297009600019501
731 0.29779276997434
732 0.298567077623006
733 0.299336428195209
734 0.300118047756137
735 0.300886210628918
736 0.301628075523512
737 0.302357891043087
738 0.303238529336735
739 0.304059546549943
740 0.304768243053622
741 0.305579172281888
742 0.306426573363166
743 0.307265380522728
744 0.308075039063963
745 0.30892541218757
746 0.30972213562865
747 0.310494691126246
748 0.311348472086052
749 0.312227873608714
750 0.31309229417666
751 0.313914058178526
752 0.314678490361953
753 0.315529792485385
754 0.316380771844035
755 0.317134990898168
756 0.318029344875
757 0.318842358124939
758 0.319595391315194
759 0.320497360833547
760 0.321263294421143
761 0.322051060055411
762 0.322968361539925
763 0.323888193230385
764 0.324696800140887
765 0.325438081534071
766 0.326215740353485
767 0.327076579429706
768 0.327888615969172
769 0.328615571583948
770 0.329330672818908
771 0.330224237210191
772 0.331242135117638
773 0.332269394620708
774 0.333184452367988
775 0.33392421831993
776 0.334613977667015
777 0.335419654181811
778 0.336245542047417
779 0.33710997396418
780 0.337959103239617
781 0.338689439602115
782 0.339545647512858
783 0.340450912131116
784 0.341324093634031
785 0.34221487039521
786 0.34303414305354
787 0.343836257770456
788 0.344705649005452
789 0.345586608963438
790 0.346466164702352
791 0.3472981547593
792 0.348025946836821
793 0.348884239318463
794 0.349754139186794
795 0.350530779331576
796 0.351243711502188
797 0.352159267843837
798 0.353183547124199
799 0.354114931725203
800 0.354913132457474
801 0.355700084387542
802 0.356507404527686
803 0.357306787364965
804 0.358244786331443
805 0.359214975105656
806 0.360100081373928
807 0.360821521300213
808 0.361750961701027
809 0.362815341513212
810 0.363794308903162
811 0.364467260215329
812 0.365141306671262
813 0.365890237568267
814 0.366660409777845
815 0.367586579392161
816 0.368516374354662
817 0.369425567227071
818 0.370463819500755
819 0.371342691206858
820 0.372063551441141
821 0.372725817131835
822 0.373483285111529
823 0.374301987209273
824 0.375167587994005
825 0.376055483636537
826 0.376894779558072
827 0.377687723052545
828 0.378479676475534
829 0.379335807168735
830 0.380177149498353
831 0.381030572060244
832 0.381874032770235
833 0.382589118040251
834 0.383422932706108
835 0.384326490792531
836 0.385197720362121
837 0.386045135511222
838 0.386812649155952
839 0.387543073082845
840 0.388325089225224
841 0.389201357682152
842 0.39009729521512
843 0.391008688279456
844 0.391982933530639
845 0.39271847471258
846 0.393447847799449
847 0.394319011941559
848 0.395193568775886
849 0.396073763870523
850 0.396885998725918
851 0.397621188009306
852 0.3985197721236
853 0.399339468826878
854 0.400125538063333
855 0.401010608783303
856 0.401817939234429
857 0.40268499758679
858 0.403618030453614
859 0.404495642360157
860 0.405205779325661
861 0.40596014808359
862 0.406849654313626
863 0.407730631625967
864 0.408551361309519
865 0.409288646645121
866 0.410002704718517
867 0.410927119300382
868 0.411830608549957
869 0.41269307368705
870 0.413531582909115
871 0.414180872193016
872 0.414943962906891
873 0.415876425419279
874 0.41685964935773
875 0.417792641621684
876 0.418626389142607
877 0.419410586661818
878 0.420264225836493
879 0.421061856171351
880 0.421761423399133
881 0.422430836882664
882 0.423267127472911
883 0.424082705137184
884 0.424908853532762
885 0.425781413605093
886 0.426622409650207
887 0.427506210966277
888 0.428380140716863
889 0.429187314336994
890 0.43001372941298
891 0.430819469472402
892 0.431656779776136
893 0.432579984254359
894 0.433413501234708
895 0.434301853000597
896 0.43523573572705
897 0.436077393702862
898 0.436750830822581
899 0.437453566611737
900 0.438241046021383
901 0.438997669696901
902 0.439957663650915
903 0.440976323121492
904 0.44194535347647
905 0.442909680702635
906 0.443651444870485
907 0.444328150254654
908 0.445086488098694
909 0.445854487017388
910 0.446685915602021
911 0.447506991231353
912 0.448265529105761
913 0.449070931250807
914 0.449987033500684
915 0.450908559225543
916 0.451745673778704
917 0.452737086265196
918 0.453711762002872
919 0.454577083047531
920 0.45533137360439
921 0.456158151510297
922 0.456994159930015
923 0.457845095505402
924 0.45873719791594
925 0.459489858495687
926 0.46031154232227
927 0.461169085267225
928 0.461868029527146
929 0.462776586388757
930 0.463703383785863
931 0.464566210170611
932 0.465447550400427
933 0.466247696309856
934 0.467125639267924
935 0.468070450028929
936 0.46885084359623
937 0.469622893387248
938 0.470458236348408
939 0.471417919431013
940 0.472543318873689
941 0.473469512556964
942 0.474188368909621
943 0.474817080733133
944 0.475528120698124
945 0.476339185927577
946 0.477199470315521
947 0.478062757023768
948 0.478932298010944
949 0.479814421965235
950 0.480711186457324
951 0.481624856964663
952 0.482565914667292
953 0.483255012005329
954 0.48384802528864
955 0.484577622729621
956 0.485561930044657
957 0.486271040624303
958 0.48711982695433
959 0.488333999119891
960 0.489113798578186
961 0.489789167337323
962 0.490527445579719
963 0.491399994011559
964 0.492349854572694
965 0.49317066739837
966 0.493917329884138
967 0.494702246207716
968 0.495560418031292
969 0.496355311189012
970 0.497270285145712
971 0.498340852324636
972 0.499066568001036
973 0.499806719939502
974 0.500658486877854
975 0.501580889253841
976 0.502407448521206
977 0.503226749025321
978 0.504022966621643
979 0.504799691882003
980 0.505646045970902
981 0.506321629819062
982 0.507128471629094
983 0.508201793101182
984 0.509128560375756
985 0.510119325434592
986 0.51104272663846
987 0.51173924527814
988 0.512156580191206
989 0.512794449711554
990 0.513640223101039
991 0.514604059113424
992 0.51564920310103
993 0.516536212992049
994 0.517246924256098
995 0.517882465115804
996 0.518610415061875
997 0.519405093503867
998 0.520419786166132
999 0.521561211883167
1000 0.522483525464585
1001 0.501082929263842
1002 0.50185168368705
1003 0.502526271466118
1004 0.503270258668178
1005 0.503978850982819
1006 0.504712497130274
1007 0.50549929105218
1008 0.506295153665373
1009 0.506964824976601
1010 0.507607342560284
1011 0.508275263374531
1012 0.508940186259549
1013 0.509694037420647
1014 0.510478594190414
1015 0.511276393689613
1016 0.512126852077443
1017 0.512865459438855
1018 0.513542729137165
1019 0.514213097606428
1020 0.514820308127672
1021 0.515397706392576
1022 0.516102867492936
1023 0.516901890706717
1024 0.517579358198282
1025 0.518270959975218
1026 0.518957688350366
1027 0.519569138181812
1028 0.520303838017449
1029 0.521118358458765
1030 0.521977470958343
1031 0.522896529580328
1032 0.523741425292397
1033 0.524584707897583
1034 0.525381931395897
1035 0.526088737403377
1036 0.526852700702196
1037 0.527666973664173
1038 0.528539751536961
1039 0.529453271828536
1040 0.530352544926326
1041 0.531204428092375
1042 0.532050272262962
1043 0.53297320513477
1044 0.533791872911837
1045 0.53456983960414
1046 0.535427538073437
1047 0.536259336402354
1048 0.537033923878827
1049 0.537895916002197
1050 0.538774912745478
1051 0.539563717880847
1052 0.540301159462647
1053 0.540918025647489
1054 0.541549937890826
1055 0.542227549398206
1056 0.542920751806776
1057 0.543634920954398
1058 0.544399420271703
1059 0.545165536147906
1060 0.545818778430087
1061 0.546466859446732
1062 0.547057181744167
1063 0.547554297226402
1064 0.547996526971495
1065 0.548569863638906
1066 0.549161391089208
1067 0.54974049973806
1068 0.55021301385123
1069 0.550604489926871
1070 0.550936909195859
1071 0.551194194930061
1072 0.551511416495351
1073 0.551822172867726
1074 0.552165050392343
1075 0.552491745525877
1076 0.552766349608924
1077 0.552993077631084
1078 0.553315317187025
1079 0.553624226384299
1080 0.553866741307102
1081 0.554157333993162
1082 0.554338324089761
1083 0.554390016274014
1084 0.554483955963719
1085 0.554652893284771
1086 0.554865348309113
1087 0.555085919722754
1088 0.55532757247897
1089 0.555554204922698
1090 0.555758185297837
1091 0.555966884193032
1092 0.556140426692843
1093 0.556349847554449
1094 0.556581473457623
1095 0.556837787021822
1096 0.557018283376513
1097 0.557236738007412
1098 0.557457023471736
1099 0.557696275325065
1100 0.558015835063799
1101 0.558424758673764
1102 0.558867457560139
1103 0.559246784696318
1104 0.559682053711027
1105 0.560091330849315
1106 0.560491767562854
1107 0.560877031935344
1108 0.561315669823562
1109 0.561739328060365
1110 0.562223318558524
1111 0.562773122265008
1112 0.563274462019857
1113 0.563803661595976
1114 0.56435824026949
1115 0.564895513570973
1116 0.565488322422464
1117 0.566126016349169
1118 0.566786627714452
1119 0.567486796398377
1120 0.568170041625182
1121 0.568861684256536
1122 0.569552664742056
1123 0.570260353679772
1124 0.570989409860649
1125 0.571701320933896
1126 0.572414071017378
1127 0.573125545632826
1128 0.573830189174452
1129 0.57458564676186
1130 0.575376222770704
1131 0.576160377969976
1132 0.576940375967157
1133 0.577687512869272
1134 0.578476573430151
1135 0.579287103043833
1136 0.580070243866782
1137 0.580856647434308
1138 0.581650897659939
1139 0.58241624350878
1140 0.583213062109671
1141 0.58406644632019
1142 0.584873741924593
1143 0.585685313672105
1144 0.586456301061917
1145 0.587175336317344
1146 0.587904670285288
1147 0.588651817997409
1148 0.589396284093103
1149 0.590127536969464
1150 0.590870868543002
1151 0.591599207911925
1152 0.592305684000944
1153 0.592986694901914
1154 0.593636535311631
1155 0.594320214548645
1156 0.594990527021505
1157 0.595666700232265
1158 0.596415685635009
1159 0.597075322696818
1160 0.59767871098492
1161 0.598275230812866
1162 0.598844283453687
1163 0.599460740657522
1164 0.600112504948472
1165 0.600754518644683
1166 0.6014095728215
1167 0.602026009864281
1168 0.602628296577636
1169 0.603213583475123
1170 0.603760986467503
1171 0.604256169370514
1172 0.604793595492048
1173 0.605319417637889
1174 0.605850072752592
1175 0.606411522890934
1176 0.606931387676817
1177 0.607415745979842
1178 0.60791270611513
1179 0.608395469439086
1180 0.608922143980934
1181 0.609394525147647
1182 0.609790119911337
1183 0.610157912683358
1184 0.610507560295035
1185 0.610906212537778
1186 0.611356574120164
1187 0.611738864594053
1188 0.612128199890945
1189 0.612472695241218
1190 0.612735558644459
1191 0.61303798641275
1192 0.613352830086784
1193 0.613650981920716
1194 0.613930158155107
1195 0.614236138037811
1196 0.614558101602007
1197 0.614859190436197
1198 0.615158239368708
1199 0.615475157924288
1200 0.615769832816832
1201 0.616031869392594
1202 0.616292158115326
1203 0.616559177929515
1204 0.616853081731682
1205 0.617145830445309
1206 0.617465568448462
1207 0.617845511107726
1208 0.618169018002352
1209 0.618431454175206
1210 0.618792281263207
1211 0.619167622025849
1212 0.619581968111041
1213 0.620145068004624
1214 0.620582646726132
1215 0.620952956834854
1216 0.621339726910829
1217 0.621699473468557
1218 0.622030409452338
1219 0.622359224858579
1220 0.622713286769014
1221 0.623055128648455
1222 0.623355888448059
1223 0.62371704266664
1224 0.624113871120275
1225 0.624508242440877
1226 0.624906575579549
1227 0.625335272015878
1228 0.625806601341986
1229 0.62624418641192
1230 0.626698615993621
1231 0.62713420586591
1232 0.627531344880142
1233 0.627948272506516
1234 0.6283746499706
1235 0.628799236635765
1236 0.629207758576662
1237 0.629664075697724
1238 0.63008917295165
1239 0.630474439002907
1240 0.630880827666316
1241 0.631280259125976
1242 0.631662829363906
1243 0.632036019840946
1244 0.632433892852513
1245 0.632812394687581
1246 0.633223267872365
1247 0.633670527866559
1248 0.63411477916725
1249 0.634561795986116
1250 0.635017830169386
1251 0.63546684355379
1252 0.635960520628629
1253 0.63647539854611
1254 0.637017246394633
1255 0.637632893317266
1256 0.638218418233759
1257 0.63883516366067
1258 0.639369424319895
1259 0.63997234747658
1260 0.640582880465503
1261 0.641188947003964
1262 0.641834403910275
1263 0.642440070076692
1264 0.643010062117789
1265 0.643602654093319
1266 0.644198610934244
1267 0.644788228289064
1268 0.645389852387201
1269 0.645962945984313
1270 0.646541818423091
1271 0.647074588920509
1272 0.64758023722001
1273 0.648052443523602
1274 0.648478084796635
1275 0.648887408293986
1276 0.649300278918291
1277 0.649642219949625
1278 0.649927349165363
1279 0.650198662731681
1280 0.650406221410783
1281 0.650531714205364
1282 0.650675635134685
1283 0.650798682383551
1284 0.650895160375515
1285 0.650984703417294
1286 0.651018868768072
1287 0.651009116830038
1288 0.650980399991288
1289 0.650908902178135
1290 0.650828496386746
1291 0.650756020730838
1292 0.650613001002852
1293 0.65043236370825
1294 0.650210406622783
1295 0.649934289796112
1296 0.649623550703936
1297 0.649259902381709
1298 0.648892077571421
1299 0.648481476185981
1300 0.648050723264222
1301 0.647682610164165
1302 0.647339379013231
1303 0.646984573636881
1304 0.646676159208124
1305 0.646304101947867
1306 0.645895193330592
1307 0.645495241818484
1308 0.645044897774094
1309 0.644676570289921
1310 0.644318967269077
1311 0.644016097455491
1312 0.643800255232714
1313 0.643548032664402
1314 0.643283075834272
1315 0.643073327273123
1316 0.642849426091119
1317 0.642702884275193
1318 0.642613721397265
1319 0.642576728780182
1320 0.642594476891006
1321 0.642652357170211
1322 0.642762202041161
1323 0.642915580924085
1324 0.643101403281703
1325 0.643330650415671
1326 0.643568894761989
1327 0.643847880433407
1328 0.644118849345389
1329 0.644370623964381
1330 0.644707033292742
1331 0.645068003864914
1332 0.64548540125064
1333 0.645974121602471
1334 0.646477766058437
1335 0.647022281225771
1336 0.64757525482
1337 0.648176924993398
1338 0.648756252739673
1339 0.649337750752851
1340 0.649920166601228
1341 0.650486726918774
1342 0.651080680654024
1343 0.651673878918619
1344 0.652300446686089
1345 0.652991666762754
1346 0.653642636080217
1347 0.654285643822691
1348 0.654936525928964
1349 0.655601293422164
1350 0.656237022417213
1351 0.656934263066572
1352 0.657706630963041
1353 0.658405997085034
1354 0.659115525726976
1355 0.659769162552387
1356 0.660354177444147
1357 0.66098718724125
1358 0.661605554057259
1359 0.662248259540205
1360 0.662927401788425
1361 0.663582925927419
1362 0.664220079845976
1363 0.664877463005192
1364 0.665555774662211
1365 0.666201271213788
1366 0.666825656987962
1367 0.667471798706561
1368 0.66809391924799
1369 0.668735454919013
1370 0.669443127591229
1371 0.670088487470963
1372 0.670746877136958
1373 0.671344981790698
1374 0.671825370267532
1375 0.672248316100297
1376 0.672566475635035
1377 0.672757908496643
1378 0.672942823693503
1379 0.673072989496945
1380 0.673143129456908
1381 0.673113146373906
1382 0.673148852730812
1383 0.673162589891654
1384 0.673169947297741
1385 0.673240905525491
1386 0.67320813524403
1387 0.673135195563356
1388 0.672983484864072
1389 0.672781327453846
1390 0.67250907196667
1391 0.672136997140408
1392 0.67175351441738
1393 0.671333079333865
1394 0.670860997482811
1395 0.6703392269815
1396 0.669788757541318
1397 0.669202543276592
1398 0.66856761261877
1399 0.667907358975453
1400 0.667197197938975
1401 0.666444823899095
1402 0.665613322052113
1403 0.664766447458645
1404 0.663918622114121
1405 0.663075944503799
1406 0.662215979205678
1407 0.661383577649004
1408 0.660533042558151
1409 0.659774422954652
1410 0.658998818840081
1411 0.658407153113612
1412 0.657840237105829
1413 0.657560958178094
1414 0.657459457211904
1415 0.657514866448281
1416 0.65780803495089
1417 0.65818004917605
1418 0.658715276347132
1419 0.659287234086262
1420 0.660021027456732
1421 0.660720486140587
1422 0.6614706711576
1423 0.662208265550429
1424 0.662982050735961
1425 0.663716857007132
1426 0.664446428707086
1427 0.665151200529291
1428 0.665824200937777
1429 0.666491730441389
1430 0.667172747860409
1431 0.667798152382721
1432 0.668388388049204
1433 0.668969551249443
1434 0.669434937320557
1435 0.669925563035976
1436 0.670463209053376
1437 0.670990305844873
1438 0.671562720886208
1439 0.672216576277798
1440 0.672794166429626
1441 0.673368991130214
1442 0.673907611721869
1443 0.674422037874018
1444 0.674911639067216
1445 0.67537499813874
1446 0.675814720215287
1447 0.676198903433481
1448 0.676634119273711
1449 0.677061468624921
1450 0.677511466822276
1451 0.678031170786169
1452 0.678473105185683
1453 0.678896580928302
1454 0.679291136448284
1455 0.679604934857706
1456 0.67998128474486
1457 0.680375926253526
1458 0.680756667084128
1459 0.681156113811801
1460 0.681555166589222
1461 0.68193379299495
1462 0.682330426546225
1463 0.682755734949137
1464 0.683168511014565
1465 0.683553017678148
1466 0.683978410839385
1467 0.684439054648664
1468 0.684882502039423
1469 0.685343308338388
1470 0.685812476467443
1471 0.686229728071392
1472 0.686648203452037
1473 0.687052314370534
1474 0.687473829900168
1475 0.687938323800238
1476 0.688433918202645
1477 0.688915552207702
1478 0.689431686967221
1479 0.689922591012912
1480 0.69041029415357
1481 0.690853839478462
1482 0.691302980640471
1483 0.691694558899412
1484 0.691997007338312
1485 0.692367316441401
1486 0.692743955207859
1487 0.693106471321202
1488 0.693490993960431
1489 0.693856875644211
1490 0.694181665323818
1491 0.694551573896313
1492 0.694923318818695
1493 0.695336498572551
1494 0.69577985710596
1495 0.696239921719632
1496 0.696777451463426
1497 0.697243619574527
1498 0.697711548680157
1499 0.698128551733629
1500 0.698490832913483
1501 0.698834413924819
1502 0.699135892664613
1503 0.699440759961951
1504 0.699691242987988
1505 0.699993660465542
1506 0.700320997449761
1507 0.700645978339091
1508 0.700992126234732
1509 0.70135125601222
1510 0.701717721195452
1511 0.702086508210716
1512 0.702470979213224
1513 0.7028568402946
1514 0.703247585206746
1515 0.703629822623535
1516 0.704018225479191
1517 0.704410718826923
1518 0.704782031534272
1519 0.70511678355461
1520 0.705397232185206
1521 0.705684504863965
1522 0.70596800917555
1523 0.706221662408235
1524 0.70649764321351
1525 0.706791414276507
1526 0.707071874866204
1527 0.707329178612141
1528 0.707631081913385
1529 0.707933851142891
1530 0.708297196775027
1531 0.708705710334371
1532 0.709126984280791
1533 0.709613251498315
1534 0.710043392758873
1535 0.710496295552918
1536 0.710863329454345
1537 0.711170218872207
1538 0.711479852556394
1539 0.711750077660336
1540 0.712000367243459
1541 0.712219142668259
1542 0.71247306503349
1543 0.712699659343952
1544 0.712956656063334
1545 0.713250755064174
1546 0.713545548668973
1547 0.713855307618122
1548 0.714138372343488
1549 0.714460610220331
1550 0.714709143572777
1551 0.714857691257409
1552 0.715087755262566
1553 0.715317767293452
1554 0.715566259267045
1555 0.715849917302164
1556 0.716156112111709
1557 0.71646400236336
1558 0.716799633498956
1559 0.717229808814676
1560 0.717568095027093
1561 0.717858355669452
1562 0.718166030141881
1563 0.718427951709319
1564 0.718714607123099
1565 0.719022344569068
1566 0.719335377956392
1567 0.719659104050799
1568 0.719969376485843
1569 0.720335827596786
1570 0.720606977987892
1571 0.720784469709134
1572 0.721001764365939
1573 0.721176421730717
1574 0.721368202981066
1575 0.721607960008469
1576 0.72181526182634
1577 0.721968902402725
1578 0.72216857322781
1579 0.722384815071837
1580 0.722608198441354
1581 0.722808785004957
1582 0.723098749326666
1583 0.723458656172547
1584 0.723808133668438
1585 0.724274979925034
1586 0.724655895160102
1587 0.724978562697348
1588 0.725284337529728
1589 0.725553420679974
1590 0.725801391697295
1591 0.72597087359054
1592 0.726207791632367
1593 0.726495139066536
1594 0.726738182512724
1595 0.726989987380765
1596 0.727252934260371
1597 0.727458348696365
1598 0.727701617677482
1599 0.72801468631772
1600 0.72830572792304
1601 0.728559681156857
1602 0.728816751051558
1603 0.729091200354546
1604 0.729413821904451
1605 0.729749678053201
1606 0.730139243649618
1607 0.730515441115015
1608 0.730899588084308
1609 0.731271514414944
1610 0.731686176961561
1611 0.731972902637118
1612 0.732205310834691
1613 0.732405202684193
1614 0.732528841701034
1615 0.732653500845904
1616 0.732740087536922
1617 0.732875511341455
1618 0.732964444146349
1619 0.733192386562724
1620 0.733497332417447
1621 0.733827139208687
1622 0.734255352208598
1623 0.734590706359006
1624 0.734942400727249
1625 0.735220631427298
1626 0.735421940143056
1627 0.735684160778936
1628 0.735949336266352
1629 0.736171805060619
1630 0.736402494362957
1631 0.736612183220013
1632 0.736730461494792
1633 0.737012545361221
1634 0.737366853315629
1635 0.737717014770205
1636 0.738164052206407
1637 0.738513792073714
1638 0.738818809859339
1639 0.739158503659644
1640 0.73948895945959
1641 0.739819665092996
1642 0.740180124019425
1643 0.740474667424576
1644 0.740743150693324
1645 0.740978345538318
1646 0.741138328887698
1647 0.741428154447904
1648 0.741720941375292
1649 0.742085759957052
1650 0.742577446641415
1651 0.742951630832184
1652 0.74331269374873
1653 0.743663134523285
1654 0.74398782478573
1655 0.744283771664284
1656 0.744545325479798
1657 0.7447825907065
1658 0.74498260713464
1659 0.745187324557621
1660 0.745474439715024
1661 0.745733564369841
1662 0.745992199338952
1663 0.746340093512897
1664 0.746654949316338
1665 0.746978243744127
1666 0.747380397811635
1667 0.747748100107489
1668 0.748091577435586
1669 0.748518765590918
1670 0.748924383720976
1671 0.749336845558201
1672 0.749847949404299
1673 0.750270541116383
1674 0.750635545014106
1675 0.75098516966294
1676 0.751241223858228
1677 0.751530708260104
1678 0.751888818187387
1679 0.752270726452671
1680 0.752645617037928
1681 0.753010646627694
1682 0.753420352035472
1683 0.753821480348247
1684 0.754209004146268
1685 0.754619904323688
1686 0.755031409531698
1687 0.755494460997803
1688 0.755952369710023
1689 0.756335434803944
1690 0.756687712061451
1691 0.756992381600429
1692 0.757258814713129
1693 0.757518542142484
1694 0.757767665569656
1695 0.75799347471409
1696 0.758245283950325
1697 0.758531990074706
1698 0.758879262909103
1699 0.759223224833084
1700 0.759565515413678
1701 0.759971086806537
1702 0.760300113467663
1703 0.760610647340848
1704 0.760871086766637
1705 0.761012126697645
1706 0.761238152562056
1707 0.761474634037718
1708 0.761709784466093
1709 0.76198029247737
1710 0.762277520242522
1711 0.762582840737205
1712 0.762895090456355
1713 0.76327672557291
1714 0.763597419269235
1715 0.763875919724763
1716 0.764120896227223
1717 0.764298525226361
1718 0.76454157029608
1719 0.764803163013734
1720 0.765075683891527
1721 0.765372614153045
1722 0.765701279723397
1723 0.766036564831244
1724 0.76634793440975
1725 0.766771206181206
1726 0.767017503802942
1727 0.767155091853414
1728 0.76728503013317
1729 0.767261164451884
1730 0.767371096106366
1731 0.76753208542998
1732 0.767680284466993
1733 0.767869674219287
1734 0.768073009452725
1735 0.768237140683774
1736 0.768472734095993
1737 0.76879918012623
1738 0.769058524862595
1739 0.769325592696545
1740 0.769620864423196
1741 0.76989609127835
1742 0.770242241797767
1743 0.770550152763267
1744 0.770827639355114
1745 0.771125562853142
1746 0.771381963318852
1747 0.771609699161444
1748 0.771885929932664
1749 0.772245481663336
1750 0.77272071931552
1751 0.773201231213721
1752 0.773571017836683
1753 0.773796448244227
1754 0.773934136851972
1755 0.774033210138794
1756 0.77420365660035
1757 0.774442278671591
1758 0.774565637170286
1759 0.774716444487821
1760 0.774911059273254
1761 0.775044573829113
1762 0.775203548798836
1763 0.775410771499862
1764 0.775589369534592
1765 0.775849303711602
1766 0.776209165480768
1767 0.776416358484509
1768 0.776523615774015
1769 0.776622072316688
1770 0.776774281928362
1771 0.777083612202367
1772 0.777505381336227
1773 0.777863015248621
1774 0.778199129857524
1775 0.778565827405455
1776 0.778925978435891
1777 0.779308885483583
1778 0.779741575717326
1779 0.7801106937042
1780 0.780502352479911
1781 0.780792456867175
1782 0.78102886959027
1783 0.78127129806552
1784 0.781507190580396
1785 0.781815777979024
1786 0.782180215924786
1787 0.782492619142025
1788 0.782873188520251
1789 0.783273815757774
1790 0.783630737218575
1791 0.784050287371993
1792 0.78443591815092
1793 0.784823885851229
1794 0.785282106272862
1795 0.785719528249333
1796 0.786274913446954
1797 0.786915417960743
1798 0.787391467025993
1799 0.787768242316634
1800 0.788135967713694
1801 0.800339891315674
1802 0.800494356514177
1803 0.80061161988696
1804 0.800920175252066
1805 0.801109722114085
1806 0.801167421874451
1807 0.801289222312591
1808 0.801464452444228
1809 0.80161295630746
1810 0.801697890345469
1811 0.801840157248346
1812 0.802073029278064
1813 0.802270184069112
1814 0.802521061310861
1815 0.802781011237758
1816 0.802892924424469
1817 0.80289977609448
1818 0.802964483879269
1819 0.80290711888301
1820 0.802916055432506
1821 0.803189282439867
1822 0.803331380736025
1823 0.803574716686657
1824 0.803847917622072
1825 0.804047684233367
1826 0.80430077837288
1827 0.804382625759289
1828 0.804336878334042
1829 0.804281307397688
1830 0.804077951176047
1831 0.803934262006313
1832 0.803837737198829
1833 0.803767720580971
1834 0.803509069555044
1835 0.803316299878627
1836 0.80335161364759
1837 0.803440895496661
1838 0.803611470904251
1839 0.80403540080988
1840 0.804470406180894
1841 0.804813661131796
1842 0.805125243999145
1843 0.805255188550443
1844 0.805461387379792
1845 0.805626917860093
1846 0.805841778546741
1847 0.806037122396044
1848 0.806380011195171
1849 0.806521576904471
1850 0.806537944670358
1851 0.806483786755373
1852 0.806451022659213
1853 0.806523560941837
1854 0.806579133658176
1855 0.806644330779364
1856 0.806808015356294
1857 0.806888468306471
1858 0.80676706944161
1859 0.806558283529711
1860 0.806189200361241
1861 0.805594232281304
1862 0.80492450249861
1863 0.804164696189064
1864 0.803411447679445
1865 0.802632127997665
1866 0.801805346529468
1867 0.801055210595171
1868 0.800348605299382
1869 0.79963174329449
1870 0.798911626908856
1871 0.798241728846243
1872 0.797558512581943
1873 0.796834633942836
1874 0.796149383190252
1875 0.79523806386559
1876 0.794115046037446
1877 0.792987606461062
1878 0.791637016795756
1879 0.790094569821004
1880 0.788448966583801
1881 0.786685052645633
1882 0.784587641174167
1883 0.782339033052005
1884 0.780017669759783
1885 0.777499112200669
1886 0.774833902993513
1887 0.772098460171469
1888 0.769045169568542
1889 0.76574724413337
1890 0.762165984071425
1891 0.758510854805993
1892 0.754579065156232
1893 0.750640790307234
1894 0.746704187114336
1895 0.742556257957249
1896 0.738467092656758
1897 0.734223519855688
1898 0.72978216150001
1899 0.725586267297387
1900 0.721260967717483
1901 0.717376658969384
1902 0.713720484565096
1903 0.710424632164985
1904 0.70725128504618
1905 0.70444752803699
1906 0.701830558831749
1907 0.699473793379816
1908 0.697711188077557
1909 0.696136104921487
1910 0.694863254509806
1911 0.693953973288966
1912 0.693316399228872
1913 0.692920247469702
1914 0.692886236345191
1915 0.693088815929923
1916 0.693396156141314
1917 0.693958056941042
1918 0.69455294571105
1919 0.695307577548416
1920 0.696298676074769
1921 0.697277978043497
1922 0.698445962938473
1923 0.699496745040454
1924 0.700578476294061
1925 0.70150268810875
1926 0.702546783242526
1927 0.703468281794306
1928 0.704432353921036
1929 0.705606398112131
1930 0.706720393703354
1931 0.707810559905242
1932 0.708925919872639
1933 0.710097987798259
1934 0.711203451586082
1935 0.71224926844431
1936 0.713375694413956
1937 0.714502484009841
1938 0.715659844140313
1939 0.716861942846535
1940 0.718000935979314
1941 0.719096643156018
1942 0.720200617964994
1943 0.721364538661354
1944 0.722606713973556
1945 0.723760221452947
1946 0.724970753981479
1947 0.72605878242565
1948 0.727048176807023
1949 0.727953749294674
1950 0.728862386927421
1951 0.729893513760622
1952 0.730988575543773
1953 0.732047062900758
1954 0.733004626679274
1955 0.733913627297177
1956 0.734801049182696
1957 0.735564678740775
1958 0.736388158535079
1959 0.737172319073328
1960 0.738116524683193
1961 0.73906692604567
1962 0.73996417744372
1963 0.741081052888245
1964 0.742117627376378
1965 0.743047354097547
1966 0.743998172680195
1967 0.744927524093236
1968 0.745769046727519
1969 0.746702730291497
1970 0.747731753144131
1971 0.748682996710443
1972 0.749616016401199
1973 0.750522643631334
1974 0.751496661213286
1975 0.752334475648516
1976 0.753370488787985
1977 0.754464269961307
1978 0.755399077679096
1979 0.756213708884632
1980 0.757196836285621
1981 0.758148573111185
1982 0.759125032945678
1983 0.760345297394076
1984 0.761318852161658
1985 0.762133275959598
1986 0.762932149434228
1987 0.763712363421403
1988 0.764529936380963
1989 0.765357962161192
1990 0.766288781503768
1991 0.767202751588076
1992 0.768124609910215
1993 0.769000803758282
1994 0.769932243504198
1995 0.770780284626677
1996 0.771510489691184
1997 0.772344980411176
1998 0.773262690657463
1999 0.774049103951491
2000 0.774901804378156
2001 0.775611333627194
2002 0.776396958019497
2003 0.777112597787924
2004 0.778000181864085
2005 0.779023557935464
2006 0.779992367611822
2007 0.781030993388104
2008 0.781985797438803
2009 0.782983609363717
2010 0.783815135350429
2011 0.784543556422525
2012 0.785259557411788
2013 0.785809466259946
2014 0.786359141329356
2015 0.786964699869636
2016 0.787530168285604
2017 0.788248903456806
2018 0.789138286717091
2019 0.789834501822415
2020 0.790541103680259
2021 0.791226505717275
2022 0.791743746479489
2023 0.792372141122647
2024 0.793012608375766
2025 0.793797250276581
2026 0.7946774999292
2027 0.795450877240425
2028 0.79614381962495
2029 0.796942455047025
2030 0.797589518295944
2031 0.798023422762058
2032 0.798550784309289
2033 0.799134677470184
2034 0.799600669572395
2035 0.799933152983765
2036 0.800430340178148
2037 0.800952139099449
2038 0.801459476079192
2039 0.802123008690017
2040 0.802647303331521
2041 0.803062693609949
2042 0.803486483205314
2043 0.803850162121292
2044 0.804134008533052
2045 0.804459878827676
2046 0.804727721804378
2047 0.805067550034198
2048 0.805426812248021
2049 0.80583806821084
2050 0.806304220915782
2051 0.806775999695485
2052 0.807369294430232
2053 0.807834730009762
2054 0.808205572637305
2055 0.80865157246734
2056 0.80901556017404
2057 0.809197054112799
2058 0.809638544806525
2059 0.810242486505647
2060 0.810681959831974
2061 0.811190802956959
2062 0.811645229095002
2063 0.811959107787697
2064 0.812317978914485
2065 0.812632382213789
2066 0.813081234405642
2067 0.813603333605182
2068 0.814141122912154
2069 0.814551210781828
2070 0.815058352075313
2071 0.815373532780554
2072 0.815356875672384
2073 0.815684686249914
2074 0.816157577259055
2075 0.816540191053658
2076 0.817032857509796
2077 0.817418030605478
2078 0.817668042814192
2079 0.81801453461994
2080 0.818446121877542
2081 0.818792777203866
2082 0.819212794091722
2083 0.819460097282649
2084 0.819589020967219
2085 0.819564334309759
2086 0.819682211878011
2087 0.819709521092983
2088 0.819939301137741
2089 0.820391156442568
2090 0.820631581889112
2091 0.820825428241583
2092 0.821060943535126
2093 0.82114937237056
2094 0.821422777451282
2095 0.821870411709181
2096 0.822268602835462
2097 0.822794619064598
2098 0.823194089076223
2099 0.823567451365755
2100 0.823828797170877
2101 0.824075936711487
2102 0.824318662453473
2103 0.82465793581854
2104 0.825114022275951
2105 0.825442866024063
2106 0.825795362999702
2107 0.826047712068574
2108 0.826180888973946
2109 0.826359700295229
2110 0.82641958260448
2111 0.82666113279091
2112 0.826984144234148
2113 0.827329050840012
2114 0.827813487908277
2115 0.828278090041411
2116 0.828766172303807
2117 0.829243035250633
2118 0.82953795035293
2119 0.830008668687376
2120 0.830579500006344
2121 0.83123617970467
2122 0.831759010370323
2123 0.832455880525719
2124 0.832935531505228
2125 0.833136269036919
2126 0.833482650938145
2127 0.833967810876188
2128 0.834225343677767
2129 0.834357262144121
2130 0.834507949593152
2131 0.834380588198285
2132 0.834498387143264
2133 0.834844961362485
2134 0.835058016071756
2135 0.835318070946705
2136 0.835614091918997
2137 0.835681533396426
2138 0.835623703448666
2139 0.83539542458762
2140 0.834937432032499
2141 0.834596152592052
2142 0.834099359817471
2143 0.833724027639943
2144 0.833470457987376
2145 0.833144006335006
2146 0.832848994897708
2147 0.832421005652814
2148 0.831849926572078
2149 0.831389481951331
2150 0.83101591428421
2151 0.830457282060281
2152 0.829918529456514
2153 0.829243470966907
2154 0.828378332469846
2155 0.827587547267064
2156 0.826887520193619
2157 0.82635173255008
2158 0.825652081024422
2159 0.824978383200111
2160 0.824142282510034
2161 0.823221416528267
2162 0.82217602331667
2163 0.820803710758898
2164 0.819804353670049
2165 0.818891333826828
2166 0.817995399535593
2167 0.817303277523472
2168 0.816605940479759
2169 0.815846079471659
2170 0.81515130508553
2171 0.814684584652702
2172 0.81406664339174
2173 0.813396350209214
2174 0.81274419812783
2175 0.811765016307702
2176 0.81053167407628
2177 0.809478009456149
2178 0.808231547831426
2179 0.807132839057002
2180 0.806227341925373
2181 0.805210081527871
2182 0.804061238225938
2183 0.803067403084725
2184 0.802235117725821
2185 0.801237698106425
2186 0.800275067359288
2187 0.799167843115832
2188 0.797695671197751
2189 0.796605992115582
2190 0.795766057719573
2191 0.79476357600302
2192 0.794070852276555
2193 0.793051947843043
2194 0.791755208631903
2195 0.790221083148526
2196 0.789097297465895
2197 0.787707199900092
2198 0.786360950255717
2199 0.785145143863652
2200 0.783760660974149
2201 0.782002922158544
2202 0.780780552713765
2203 0.779619700435057
2204 0.778840986942606
2205 0.778383725810269
2206 0.778177573396562
2207 0.778462019226874
2208 0.778599828216864
2209 0.778756120213831
2210 0.779258341095868
2211 0.77985564423997
2212 0.780653051485933
2213 0.782086580579446
2214 0.783192208246887
2215 0.78422906356807
2216 0.785217348781972
2217 0.786069001518004
2218 0.78697887626077
2219 0.787658200826738
2220 0.788565074900578
2221 0.789443159477778
2222 0.790355376108092
2223 0.791052090882038
2224 0.791789133958907
2225 0.792354621796643
2226 0.7925122364056
2227 0.793163037500475
2228 0.794180310135062
2229 0.794701936966132
2230 0.795181736012005
2231 0.795625862882575
2232 0.795797275900477
2233 0.795926560544147
2234 0.796131473473734
2235 0.796206204955838
2236 0.795978536968592
2237 0.795849552987673
2238 0.795689964778895
2239 0.795685531853069
2240 0.795690384295384
2241 0.795730210592035
2242 0.795950112303902
2243 0.796159031256617
2244 0.796375977659095
2245 0.796574520594176
2246 0.796859248034502
2247 0.796879402575511
2248 0.796933787960118
2249 0.797268199615617
2250 0.797626947555286
2251 0.798210690980076
2252 0.798630166295693
2253 0.799077410863923
2254 0.799371105471555
2255 0.79957953391024
2256 0.799761462352017
2257 0.799808928174655
2258 0.799991351631657
2259 0.800124098766574
2260 0.800385024668828
2261 0.800573296529465
2262 0.801184284236611
2263 0.80229869077036
2264 0.80303128418846
2265 0.804087893478318
2266 0.804658882478262
2267 0.804721596789425
2268 0.804776599950701
2269 0.804582870662933
2270 0.804476417368108
2271 0.804341901216413
2272 0.804123664613297
2273 0.803800530224797
2274 0.803584100375875
2275 0.803172411101994
2276 0.80293441384781
2277 0.80266377643454
2278 0.802991150469176
2279 0.803014161032737
2280 0.80338647139767
2281 0.804109452189547
2282 0.804206411973527
2283 0.803887358872501
2284 0.803620351112736
2285 0.803306220049886
2286 0.802441148879765
2287 0.802265904461432
2288 0.802543487825478
2289 0.802652295242712
2290 0.803012308919516
2291 0.803076621043608
2292 0.803093393212977
2293 0.802882213974858
2294 0.802343055800075
2295 0.802026180609639
2296 0.801637609226854
2297 0.801399071195486
2298 0.801294437541352
2299 0.801162479393302
2300 0.801199958995148
2301 0.800927658664093
2302 0.800511394699329
2303 0.800139040852209
2304 0.799348938189749
2305 0.799088707860491
2306 0.799336181951132
2307 0.799256497428185
2308 0.798988969168199
2309 0.799171678165424
2310 0.799649676861408
2311 0.799833525505749
2312 0.800399240490354
2313 0.800655063406979
2314 0.800248246616786
2315 0.800065969157955
2316 0.800015011024999
2317 0.800001627417524
2318 0.800220741999619
2319 0.800126803834872
2320 0.799886731246049
2321 0.79954988050337
2322 0.799448350172857
2323 0.798835113563629
2324 0.798527206016408
2325 0.798385808561205
2326 0.798324717791487
2327 0.798055304297666
2328 0.797475933099541
2329 0.797571578541732
2330 0.797241571696157
2331 0.796598208263494
2332 0.796492523129193
2333 0.796180219948514
2334 0.795664797282546
2335 0.795196710512182
2336 0.79479030420556
2337 0.794471769477867
2338 0.793928067219411
2339 0.793372367576698
2340 0.792850028910769
2341 0.791932040375459
2342 0.791381262623982
2343 0.791202075518031
2344 0.790661812221997
2345 0.790169682380904
2346 0.78978715325378
2347 0.789033992936292
2348 0.788858797532757
2349 0.789276210823782
2350 0.789075107252559
2351 0.788800638554403
2352 0.788560847002359
2353 0.787913693902398
2354 0.787876436583116
2355 0.788441862480925
2356 0.788478433032351
2357 0.788504080547016
2358 0.788176981763382
2359 0.787164730230803
2360 0.786964268706012
2361 0.787340663935355
2362 0.787084569998777
2363 0.786765134738
2364 0.786597762133451
2365 0.78601071261243
2366 0.78564388869204
2367 0.786088739904627
2368 0.785647882659016
2369 0.784308014953456
2370 0.783528707263725
2371 0.782556762421836
2372 0.781811076197614
2373 0.781577589282527
2374 0.781175845143238
2375 0.78036591800557
2376 0.780412390663525
2377 0.781499127943948
2378 0.781070929654019
2379 0.780079432945867
2380 0.779802261299153
2381 0.778901994780883
2382 0.778378280651354
2383 0.778903919813893
2384 0.77891974642847
2385 0.778072703997412
2386 0.77796486431302
2387 0.778904912340162
2388 0.778670397724065
2389 0.777977178231795
2390 0.777180396706951
2391 0.775540645855602
2392 0.774669148641616
2393 0.774230806422183
2394 0.773397003583855
2395 0.772159220746185
2396 0.772034409399332
2397 0.772164202274452
2398 0.772501251815472
2399 0.774734075717792
2400 0.774848726847435
2401 0.773608635106372
2402 0.772859405562172
2403 0.770875743148815
2404 0.770132421506495
2405 0.770892555154656
2406 0.770286376568038
2407 0.769433968327489
2408 0.768555373371582
2409 0.76614260033053
2410 0.765066759837
2411 0.764795997832917
2412 0.764641337534514
2413 0.765484165213903
2414 0.765605284511613
2415 0.766542057412792
2416 0.765242394272819
2417 0.762381609563706
2418 0.759845239113417
2419 0.754891122099953
2420 0.7527728738343
2421 0.752164365513471
2422 0.750944426889136
2423 0.751441468451515
2424 0.750614998795646
2425 0.747936449708492
2426 0.748032069456505
2427 0.749891109569092
2428 0.749672058786025
2429 0.750305759397541
2430 0.749534976210128
2431 0.746085667914327
2432 0.744631639823139
2433 0.744699579697671
2434 0.743030979354908
2435 0.740242374610648
2436 0.738897737011979
2437 0.73721460076088
2438 0.736204526064871
2439 0.737104412626024
2440 0.736165165046782
2441 0.733973554122326
2442 0.731748572290479
2443 0.730574937073119
2444 0.728600687447106
2445 0.727460168233342
2446 0.725697492502639
2447 0.724736651253268
2448 0.724938490735458
2449 0.724686147791387
2450 0.72505524459013
2451 0.72300929457486
2452 0.721342251694214
2453 0.720476945911515
2454 0.717979658046796
2455 0.715619716349105
2456 0.713108899208961
2457 0.712398730009846
2458 0.714001183982477
2459 0.716443218081506
2460 0.718237422724938
2461 0.718139992930923
2462 0.716746552881526
2463 0.715031621956499
2464 0.709571306553476
2465 0.707486359483129
2466 0.707944904143663
2467 0.707444245077999
2468 0.710316539197874
2469 0.709477255333739
2470 0.704342954540613
2471 0.701053235986488
2472 0.696605503183934
2473 0.693292263414104
2474 0.689931583573897
2475 0.689481458987414
2476 0.691452195249133
2477 0.692589776172064
2478 0.697977315156473
2479 0.69799141043954
2480 0.694140881364784
2481 0.691641151411992
2482 0.686191819456639
2483 0.683971855145063
2484 0.68250927353041
2485 0.682398834125912
2486 0.685624887741316
2487 0.686266691858784
2488 0.687197546982975
2489 0.687318697804397
2490 0.684554084989057
2491 0.684221428540725
2492 0.685979575791057
2493 0.684224255721696
2494 0.684662908146279
2495 0.684018328496543
2496 0.682698904181451
2497 0.682963656667532
2498 0.685199849804137
2499 0.689366640040169
2500 0.689670269870967
