"Wavelength" "M057a_m3-w2"
350 0.0886932083471654
351 0.0885007803609675
352 0.0885891088329667
353 0.089658125718135
354 0.092229649677485
355 0.0889802134703084
356 0.0884762898827034
357 0.0899792471237029
358 0.0855254931988925
359 0.0856492390762689
360 0.0877396109254164
361 0.0897344465544144
362 0.094195966255026
363 0.0932364892942508
364 0.0904943528896064
365 0.0908245484651039
366 0.0910295899984538
367 0.0885181261545908
368 0.0868807040022636
369 0.0916870447631724
370 0.0954163629523874
371 0.0944569093695538
372 0.0896863828585827
373 0.0863055533113322
374 0.088456107819875
375 0.0915961225192582
376 0.0912487448262313
377 0.0882567276691796
378 0.0856105578799449
379 0.0852180575904864
380 0.0875775456041
381 0.0902338471508976
382 0.0908021877275026
383 0.0900375375394558
384 0.0911871435397683
385 0.0891354937539708
386 0.0890976841565183
387 0.0928649387383163
388 0.0914258482325516
389 0.0922476590952487
390 0.0929494218463545
391 0.0899495677108711
392 0.0896910246138108
393 0.0898275560257637
394 0.0889224909085038
395 0.0869579307845729
396 0.0890036688352462
397 0.0897980923542734
398 0.0873880873263022
399 0.0885685987277364
400 0.0903914489208131
401 0.0910073936165174
402 0.0897251490522681
403 0.0893012705066068
404 0.090175258972722
405 0.0909423287361084
406 0.0893865256678305
407 0.0902430738620527
408 0.0915670339230218
409 0.0917760662180944
410 0.0916952194514067
411 0.0919361276542605
412 0.0922639920947608
413 0.0922021171764194
414 0.0914562315820294
415 0.091781449978953
416 0.0928872378098479
417 0.0928718450262146
418 0.0925512049233865
419 0.0925915306614237
420 0.0931892193891559
421 0.0936688366109539
422 0.0940614703618021
423 0.0945179363908198
424 0.0950808884438643
425 0.0948399829729198
426 0.0948765436410532
427 0.0953177135254481
428 0.0952996318410906
429 0.0955521018788058
430 0.0958839559393424
431 0.0961604983037713
432 0.0969320626731582
433 0.0969838044304172
434 0.0966237856703433
435 0.0967774236687973
436 0.0973270079914685
437 0.0978543111930208
438 0.0981598605208796
439 0.0983540410281211
440 0.098544489604449
441 0.0988743635266579
442 0.0993386322166777
443 0.0994309972675984
444 0.0997751882692409
445 0.10022165021688
446 0.100249870578104
447 0.100651164935411
448 0.101230443787771
449 0.101599179770103
450 0.10119846108797
451 0.1015920742436
452 0.102031914558247
453 0.101590802668685
454 0.101975169965137
455 0.102451851510219
456 0.102846871872367
457 0.10349852627889
458 0.103806490088686
459 0.103620180453643
460 0.103229090655104
461 0.10373940509125
462 0.104380695938508
463 0.10466535327475
464 0.104429899952432
465 0.104785105157079
466 0.105338367282966
467 0.105634073464966
468 0.105308675869877
469 0.105515454076038
470 0.106014133977886
471 0.106331825172964
472 0.106508435453697
473 0.106622262477625
474 0.106769160399733
475 0.107016716163666
476 0.106969899972838
477 0.107102502983454
478 0.107616009159783
479 0.108030445415402
480 0.107865994532797
481 0.107806630168308
482 0.108608661788256
483 0.10884104992324
484 0.109120701917735
485 0.10957126681971
486 0.109668623621111
487 0.110014353094771
488 0.110463205554156
489 0.11076481664768
490 0.110856713782594
491 0.111038649987995
492 0.111304021604364
493 0.111472134413613
494 0.111672784440292
495 0.111966496060533
496 0.112327354966331
497 0.112578722955742
498 0.113008365143949
499 0.113492168449392
500 0.113792247094537
501 0.113862739350185
502 0.114061360490393
503 0.114494214645765
504 0.114974046975818
505 0.115338650044221
506 0.115648593001395
507 0.115990920734997
508 0.116353249469687
509 0.11660733481508
510 0.116866862051417
511 0.117351178346882
512 0.117609222819211
513 0.117790819285798
514 0.118039012518783
515 0.118295498855711
516 0.1188035441147
517 0.119250650781847
518 0.119280267034151
519 0.119614956258252
520 0.120053409170914
521 0.120430161699935
522 0.120706612400458
523 0.121097942069924
524 0.121560870877839
525 0.121987782567416
526 0.122300579030621
527 0.122616170500689
528 0.122967454789913
529 0.123315633658527
530 0.123576773506936
531 0.123928740490141
532 0.12443453661287
533 0.124794445988001
534 0.125115542482941
535 0.125450812226832
536 0.125828199399404
537 0.126233821383852
538 0.126650919476163
539 0.127043850587975
540 0.127341699164939
541 0.127709723297745
542 0.128121869907628
543 0.128497096473998
544 0.128798644432967
545 0.129133819721326
546 0.129548996854852
547 0.130020171005856
548 0.13039486375993
549 0.130785137210216
550 0.131290041022812
551 0.131773065543266
552 0.132304779371226
553 0.132859460052814
554 0.133355544347629
555 0.133856290162773
556 0.134295838354064
557 0.134674317344357
558 0.135179436118327
559 0.135576949365954
560 0.135954223335227
561 0.136472177890777
562 0.136839195892625
563 0.137217302018835
564 0.137629959953724
565 0.137861007278498
566 0.138146684424094
567 0.138480300389824
568 0.138804830340838
569 0.139151680130651
570 0.139572678458597
571 0.14002923010398
572 0.14040539390053
573 0.14083117246212
574 0.141305315947895
575 0.141777927899933
576 0.142139101504074
577 0.142465316638507
578 0.142745209179898
579 0.142938716025083
580 0.143241755113428
581 0.143505388723134
582 0.143691158188997
583 0.144053074896752
584 0.144469381006068
585 0.144863133930616
586 0.145194830441794
587 0.145563692391078
588 0.145946419738709
589 0.146333239722692
590 0.146741353496172
591 0.146971182421094
592 0.147193589405725
593 0.147572583523056
594 0.147826867262431
595 0.148166337285777
596 0.148573840202273
597 0.148853328427032
598 0.149211108985555
599 0.149607748253819
600 0.149969815942977
601 0.150247815901116
602 0.150505988981476
603 0.150767687883796
604 0.151037795607325
605 0.15134606509873
606 0.151675634087692
607 0.152013263946959
608 0.152362714282946
609 0.152700856127737
610 0.153023855505397
611 0.15333225005607
612 0.153589324318627
613 0.153909397680496
614 0.154306211191615
615 0.154673791761253
616 0.15496477239846
617 0.155231662553465
618 0.155534781005319
619 0.15585693842235
620 0.156211590102698
621 0.156576973294682
622 0.156907655380169
623 0.157192488489553
624 0.157523042595238
625 0.157925717787431
626 0.15823401062986
627 0.158550903279151
628 0.158904952464267
629 0.159279840501881
630 0.159580738661223
631 0.159907638451131
632 0.160284604642712
633 0.160588390964648
634 0.160905758484634
635 0.161258943513136
636 0.161640032818217
637 0.162000670536282
638 0.162330725877541
639 0.162656801068844
640 0.163035929107891
641 0.163402930852707
642 0.163763215232021
643 0.16413717375552
644 0.164558159494458
645 0.164893255588876
646 0.165181892457521
647 0.16555432592245
648 0.165860741072261
649 0.166196037418301
650 0.166618459522028
651 0.167064365895287
652 0.16744553271447
653 0.167764994413998
654 0.168072254677499
655 0.168425889590118
656 0.168771670332667
657 0.169116634334865
658 0.16955105036529
659 0.169936677665375
660 0.170301315436641
661 0.170691987892216
662 0.171065411345614
663 0.171391638748523
664 0.171744485801768
665 0.172250088571584
666 0.172606696604398
667 0.172958282902688
668 0.173404831428908
669 0.173769463335131
670 0.174153234849994
671 0.17455360401605
672 0.174929320154373
673 0.175277428328664
674 0.175694353893547
675 0.176172463473525
676 0.176549969558639
677 0.176943304199668
678 0.177370715920628
679 0.177807822809814
680 0.17816914149105
681 0.178547958877498
682 0.178967978251477
683 0.179388839953506
684 0.179770234738433
685 0.180188048002447
686 0.180657510539699
687 0.180978428384385
688 0.181391839751856
689 0.181887575472343
690 0.18233838901688
691 0.182706814315125
692 0.18314043537743
693 0.183652853550456
694 0.184045245514989
695 0.184389710017805
696 0.184807936810919
697 0.185357053572812
698 0.185771114088094
699 0.186198594150116
700 0.186654531409455
701 0.187044238096627
702 0.187506190143864
703 0.187961804220152
704 0.188365175518139
705 0.18883911672357
706 0.18930072782069
707 0.189745593003952
708 0.190195165645012
709 0.190607705001772
710 0.191059075511322
711 0.19154425409596
712 0.191942126438947
713 0.19239317097457
714 0.192887410731496
715 0.193376732921947
716 0.193826037187037
717 0.194266110211283
718 0.194729545640141
719 0.195236375306797
720 0.195672502303297
721 0.196120168365962
722 0.196627576115488
723 0.197125921391865
724 0.197553567334948
725 0.198007011573556
726 0.198580246486289
727 0.199007543700175
728 0.199464588250848
729 0.199995793542009
730 0.200486799122548
731 0.200984482337065
732 0.201444801521474
733 0.20184762149508
734 0.20227516513125
735 0.202753123847063
736 0.203245504177678
737 0.203700995588061
738 0.204237925487792
739 0.204755523028553
740 0.205201981437983
741 0.205622674098289
742 0.206086385980008
743 0.206589846365514
744 0.207102703847203
745 0.207592405836752
746 0.208056301541204
747 0.208524918826217
748 0.209041769335186
749 0.209537181723022
750 0.210020061429393
751 0.210493937563226
752 0.210930543002116
753 0.211410404570378
754 0.21190325452248
755 0.212365593904652
756 0.21287703371806
757 0.213351187894734
758 0.213799789914542
759 0.214310531011943
760 0.214781808968741
761 0.215233195939613
762 0.215697256327332
763 0.216196705223892
764 0.216648595381543
765 0.217101578228155
766 0.2176264486495
767 0.218153673417103
768 0.218608472135489
769 0.219014712600122
770 0.219482946660124
771 0.219986772289871
772 0.220504162066011
773 0.221013056394007
774 0.221495048334336
775 0.221966330256637
776 0.222417670933714
777 0.222853987236282
778 0.223384703641537
779 0.223937112286244
780 0.224444241222398
781 0.224868783281652
782 0.225365759089571
783 0.225891190743977
784 0.226396440984882
785 0.226910970939776
786 0.227378714405218
787 0.227852647122556
788 0.228385528126699
789 0.228804381628128
790 0.229296208842165
791 0.229860957314669
792 0.23033190779136
793 0.23084586901936
794 0.2313371474526
795 0.231757148809033
796 0.232143104482301
797 0.23267274101678
798 0.23325901905045
799 0.233764512555578
800 0.234300355254951
801 0.234737166854703
802 0.235102354391046
803 0.235544989461468
804 0.236111235786971
805 0.23668338360484
806 0.237172807255346
807 0.23757715975101
808 0.23806210724058
809 0.238636223404844
810 0.239227644503261
811 0.239687554971557
812 0.240112553430654
813 0.240537941097727
814 0.240971787670128
815 0.241518798584532
816 0.241994345572149
817 0.242383923822067
818 0.242899680489262
819 0.243355642956768
820 0.243793622369548
821 0.244272314135802
822 0.24476971442524
823 0.245279491997316
824 0.245774873769537
825 0.246244218876556
826 0.246786341408187
827 0.247293568552669
828 0.247732184136306
829 0.248147473056513
830 0.248653690438889
831 0.249148517106245
832 0.249583874671259
833 0.250046783252492
834 0.2505221807586
835 0.250978343186526
836 0.251420660176444
837 0.251996899952871
838 0.252487366928938
839 0.252888670972081
840 0.253303555992536
841 0.25377398098626
842 0.254224891159185
843 0.254685368075782
844 0.25526424188453
845 0.255720686229064
846 0.256146261342744
847 0.256615338550692
848 0.257081069279901
849 0.257565614499274
850 0.258042249004237
851 0.258492639770859
852 0.25897062291993
853 0.259371265293348
854 0.259793916181604
855 0.260364870571741
856 0.260824769739924
857 0.261235926862121
858 0.261676986527542
859 0.262199047985235
860 0.262595061243103
861 0.263022208245919
862 0.263542169202719
863 0.264014895093679
864 0.26447964092859
865 0.264898120113948
866 0.265277976995983
867 0.265774883336888
868 0.266244526737442
869 0.266738893954445
870 0.267293034606493
871 0.267585568684349
872 0.26795127232001
873 0.268455812812273
874 0.268988062621721
875 0.269515595418332
876 0.269978539133781
877 0.270392186631226
878 0.27083169581093
879 0.271173259113038
880 0.271559834282627
881 0.2720597536559
882 0.272570933101523
883 0.273011033548695
884 0.273465635252736
885 0.273980146912061
886 0.274402306792113
887 0.274818236032293
888 0.275243407779457
889 0.27567885730656
890 0.276158896110975
891 0.276626265991442
892 0.277095051267123
893 0.277586718536933
894 0.277952618503501
895 0.278395192056898
896 0.278928710755167
897 0.279411219443809
898 0.279791590414152
899 0.280185026434784
900 0.280596842470847
901 0.28091787812228
902 0.28145560050453
903 0.282029215453183
904 0.282507623715267
905 0.282964203636386
906 0.283445889897239
907 0.283880510361325
908 0.28423590819519
909 0.284616908860264
910 0.285037521424627
911 0.285505252466633
912 0.28600922269499
913 0.286511662581698
914 0.287002354227212
915 0.287444087339746
916 0.287826646916601
917 0.288255579335922
918 0.288747790570402
919 0.289224961794614
920 0.289604688117588
921 0.290025812097291
922 0.290495060946654
923 0.290992429923007
924 0.291474662900251
925 0.291858559220479
926 0.2922640791997
927 0.292689253467292
928 0.293048781858005
929 0.293552545483682
930 0.293977065102588
931 0.2943388160958
932 0.294895410932379
933 0.295324017691721
934 0.295753633529561
935 0.296253357521665
936 0.296741862723477
937 0.297165633752175
938 0.297553231279567
939 0.297978564748239
940 0.29853539812112
941 0.299011342134733
942 0.299390785348297
943 0.299706485361006
944 0.299999501243049
945 0.300453480156988
946 0.300893767850918
947 0.301262407014682
948 0.30185299344738
949 0.302337787591683
950 0.302786657289445
951 0.303271336876462
952 0.303671114536862
953 0.304011867166301
954 0.304348794881978
955 0.304728918572723
956 0.305158279345623
957 0.305544612960533
958 0.306019146115372
959 0.306617278417839
960 0.307023782573702
961 0.307430352612307
962 0.307850044381892
963 0.308286703316852
964 0.308845301802819
965 0.309153279709396
966 0.309451034579422
967 0.309935313813699
968 0.310259247988158
969 0.310680196883573
970 0.311170728868091
971 0.311642052095586
972 0.312060178196756
973 0.312475868289834
974 0.312869017513447
975 0.313236885119707
976 0.313656506464261
977 0.314006193117549
978 0.314308695421408
979 0.314644593275155
980 0.315114232144027
981 0.315552493192403
982 0.316055073121826
983 0.316602951204438
984 0.316868806812348
985 0.317249621024318
986 0.317635954945059
987 0.317961225904374
988 0.318407842625233
989 0.318617690817749
990 0.318964170595331
991 0.319568118962102
992 0.31999947195326
993 0.320461014102935
994 0.320911588776284
995 0.321269902205251
996 0.321484877290926
997 0.321789238560896
998 0.322213153201727
999 0.322746249489541
1000 0.323343758712937
1001 0.317759913244945
1002 0.318174800142279
1003 0.318535417042836
1004 0.318918451228824
1005 0.319252534634055
1006 0.319603991364669
1007 0.319987587938626
1008 0.320327020311225
1009 0.320555293787757
1010 0.320891983852722
1011 0.321325858142444
1012 0.321690561304276
1013 0.322154530183911
1014 0.322612026648725
1015 0.322964145688104
1016 0.323375253088596
1017 0.323751231580509
1018 0.324112272968833
1019 0.324481907112401
1020 0.324861133331595
1021 0.325168853602946
1022 0.325528218134336
1023 0.325932408285948
1024 0.326304730352867
1025 0.326679685279241
1026 0.327006301610603
1027 0.327347858689015
1028 0.327728635888647
1029 0.328018885659819
1030 0.328347527271251
1031 0.328706210901805
1032 0.329050735962022
1033 0.329375330953678
1034 0.329744122783604
1035 0.330145486438447
1036 0.330536314140775
1037 0.330885382810384
1038 0.331203771343128
1039 0.331562075055803
1040 0.331912115405233
1041 0.332236039051878
1042 0.33255651867787
1043 0.33291224836706
1044 0.333163111922581
1045 0.333464871833725
1046 0.333889707636674
1047 0.33425751457356
1048 0.334594172402384
1049 0.335006339324426
1050 0.335384247464452
1051 0.335742534426812
1052 0.336140116116202
1053 0.336514980527406
1054 0.336927556377273
1055 0.33729628949571
1056 0.337707455840706
1057 0.338133510315277
1058 0.338552515763663
1059 0.338996797821459
1060 0.339373839535781
1061 0.339729422244333
1062 0.340080678040758
1063 0.340403689250999
1064 0.34070047329557
1065 0.341075826010717
1066 0.341565449159681
1067 0.34202586913467
1068 0.342415403802521
1069 0.342800072702918
1070 0.343107158069372
1071 0.343395442225451
1072 0.343795603256337
1073 0.344148442532669
1074 0.344418043808827
1075 0.344729958209552
1076 0.345063785650152
1077 0.345380952746922
1078 0.345771663110168
1079 0.346213587968485
1080 0.346596606240274
1081 0.346981608795396
1082 0.34731734658518
1083 0.347576678837226
1084 0.347855632627951
1085 0.348142478794794
1086 0.348439454579456
1087 0.348758146493361
1088 0.349042407786279
1089 0.34928981265156
1090 0.34954921515942
1091 0.349854113035676
1092 0.350215273024515
1093 0.350550795917861
1094 0.350921283957839
1095 0.351242858000571
1096 0.351509774315231
1097 0.351750349206739
1098 0.352005790033752
1099 0.352288714304243
1100 0.352595618570955
1101 0.352923403505455
1102 0.353244280436433
1103 0.353541699195314
1104 0.353840589607417
1105 0.354114486916946
1106 0.354372185835655
1107 0.354615111625301
1108 0.354856962273967
1109 0.355065883992896
1110 0.355311597856835
1111 0.355602266300823
1112 0.355828765570119
1113 0.356085199911533
1114 0.356334876120755
1115 0.356514958831272
1116 0.356739007281829
1117 0.357003091331086
1118 0.357284227808868
1119 0.35759196646662
1120 0.357907935821102
1121 0.35817623797125
1122 0.358387531351972
1123 0.358636263906813
1124 0.358875430462686
1125 0.359130054286649
1126 0.359409187822133
1127 0.359687603380976
1128 0.359947548950872
1129 0.360195833856828
1130 0.360435580433368
1131 0.360687284766644
1132 0.360924971125206
1133 0.361147583834795
1134 0.361397656682021
1135 0.361676008661801
1136 0.361937941194652
1137 0.362215271943066
1138 0.362484303006385
1139 0.36273823591928
1140 0.362992010547027
1141 0.363254908322425
1142 0.363509472812139
1143 0.363761605155743
1144 0.36399425518122
1145 0.364231661373478
1146 0.364479010622849
1147 0.364737420326196
1148 0.365026015951636
1149 0.365279056060555
1150 0.365539011470394
1151 0.365821290520439
1152 0.36609027124932
1153 0.366338460653547
1154 0.36659521981653
1155 0.366843657990668
1156 0.367045459473599
1157 0.367276440950012
1158 0.367532281654345
1159 0.367781045599139
1160 0.368032219245149
1161 0.36828344520683
1162 0.368496560488973
1163 0.368734991260673
1164 0.368970825870284
1165 0.369215508911652
1166 0.369496477710499
1167 0.369784419630227
1168 0.370048374488627
1169 0.370279249649732
1170 0.370518110206291
1171 0.370740005276668
1172 0.370967998135219
1173 0.371206555442185
1174 0.371441390381258
1175 0.371649001123973
1176 0.371894865941849
1177 0.372169836001507
1178 0.37241866375462
1179 0.372651624611245
1180 0.372948106619268
1181 0.37321666282578
1182 0.373435068096061
1183 0.373675909316471
1184 0.373906430828874
1185 0.374128469651335
1186 0.374365573769328
1187 0.374577606135817
1188 0.374789638222787
1189 0.374984666450225
1190 0.375135892000864
1191 0.375329669258253
1192 0.375539626107679
1193 0.375743586825382
1194 0.37595202150711
1195 0.376172545543237
1196 0.376427846823379
1197 0.37663990907993
1198 0.376836762424959
1199 0.377039104587244
1200 0.377224425660609
1201 0.377352633161407
1202 0.377513765580596
1203 0.377687934082074
1204 0.377862232184286
1205 0.378029913628593
1206 0.378212568157265
1207 0.378421713553981
1208 0.378603942033428
1209 0.378760165253112
1210 0.37895761093131
1211 0.379158658785496
1212 0.379373212762513
1213 0.379645065342104
1214 0.379867595550055
1215 0.380056743052988
1216 0.380264316673032
1217 0.380456886775902
1218 0.380668147810582
1219 0.380895003731596
1220 0.381093224992384
1221 0.381279516099612
1222 0.381440603265055
1223 0.381619321900951
1224 0.381785894990888
1225 0.381974541349799
1226 0.382197280331726
1227 0.382377599949948
1228 0.382542273463926
1229 0.382708868535623
1230 0.382842491525928
1231 0.383003604852187
1232 0.383165158010118
1233 0.383358431756342
1234 0.383583290470522
1235 0.383798619729825
1236 0.384032273960791
1237 0.38428650937862
1238 0.38449073800914
1239 0.384656691584655
1240 0.38480206363751
1241 0.384890935629919
1242 0.385027165495827
1243 0.385149685385391
1244 0.385305980787139
1245 0.385484182235482
1246 0.385682817102828
1247 0.385916533303132
1248 0.386129237053013
1249 0.386358078659827
1250 0.386572745938399
1251 0.386800352532415
1252 0.386974186322428
1253 0.387104288557189
1254 0.387260673245677
1255 0.387362197383879
1256 0.387507393190964
1257 0.38771173091903
1258 0.387897494846084
1259 0.388086224443598
1260 0.38828679708886
1261 0.38846902207172
1262 0.388650732701921
1263 0.388816244633843
1264 0.388968567782068
1265 0.389116349136938
1266 0.389214989377834
1267 0.38938859934986
1268 0.38959161627781
1269 0.389800810733242
1270 0.390072796834195
1271 0.390311644701453
1272 0.390512909678988
1273 0.390755004325721
1274 0.391029672475681
1275 0.391283748454995
1276 0.391568613310418
1277 0.391819195715898
1278 0.392023169800118
1279 0.392236277773191
1280 0.392466364341318
1281 0.392694324460691
1282 0.392926842090535
1283 0.393176878936752
1284 0.393421009513525
1285 0.393654280613212
1286 0.393898900883355
1287 0.394171284497258
1288 0.394406682507029
1289 0.394611435923225
1290 0.394844500485163
1291 0.395079819373485
1292 0.395304895397546
1293 0.395563034774795
1294 0.395777816831158
1295 0.395973719236952
1296 0.396136539819234
1297 0.396253267390776
1298 0.396378064026805
1299 0.396477319838123
1300 0.396559848877577
1301 0.39669949424036
1302 0.396864762081978
1303 0.397031479953576
1304 0.397239458571775
1305 0.39740492729766
1306 0.397554922439064
1307 0.39771039309672
1308 0.397858890925806
1309 0.398000967745282
1310 0.398161743363241
1311 0.398275239368331
1312 0.398363224534884
1313 0.398436360246741
1314 0.398453475419143
1315 0.398512245113426
1316 0.398580204669352
1317 0.398646290137839
1318 0.398719255290137
1319 0.398806306951209
1320 0.398880568324387
1321 0.398983965211961
1322 0.399132619921268
1323 0.399270501010033
1324 0.399392382717015
1325 0.399519556405429
1326 0.399629646065699
1327 0.399724981116699
1328 0.399804212780389
1329 0.399865745902519
1330 0.399944981798475
1331 0.399989070120314
1332 0.400094621812001
1333 0.40024715462442
1334 0.400383779130918
1335 0.400561409039246
1336 0.400691329569137
1337 0.400803629091962
1338 0.400903481893549
1339 0.400972084211001
1340 0.401048487580238
1341 0.401112765814671
1342 0.401186632828698
1343 0.401257093373076
1344 0.401338582285351
1345 0.401440024690192
1346 0.401529149783035
1347 0.401624251484816
1348 0.401704986924153
1349 0.401791247962887
1350 0.401872199998476
1351 0.401946765859879
1352 0.402026280535424
1353 0.402092373025176
1354 0.402146534755768
1355 0.402194594795577
1356 0.402221581015951
1357 0.402280724428651
1358 0.40233609602703
1359 0.4024151119852
1360 0.402535365762994
1361 0.402632150371877
1362 0.402739433930215
1363 0.40282222382067
1364 0.402888885706636
1365 0.402952416156053
1366 0.402998185155674
1367 0.403046867038606
1368 0.403069383407982
1369 0.403131358953995
1370 0.403218901874628
1371 0.403298139040412
1372 0.403407045759755
1373 0.403516807865549
1374 0.403574190349378
1375 0.403599685314361
1376 0.403598940254013
1377 0.403566180491852
1378 0.403505988183639
1379 0.403416918214163
1380 0.403306847483094
1381 0.403160145486581
1382 0.403010467792615
1383 0.402830743213112
1384 0.402673129208071
1385 0.402502208507689
1386 0.402356629580919
1387 0.402254195716482
1388 0.402103796104609
1389 0.401955806837789
1390 0.401773390438005
1391 0.401553067830541
1392 0.401326465654493
1393 0.401087727014641
1394 0.400828302964622
1395 0.400544183304713
1396 0.400251587610139
1397 0.399947630150551
1398 0.399626380323286
1399 0.399296915570337
1400 0.398947267121356
1401 0.398569610650778
1402 0.398186047149958
1403 0.397783055809996
1404 0.397404254968498
1405 0.397042281729159
1406 0.396686024041806
1407 0.396358595810263
1408 0.396054257079997
1409 0.395764539460143
1410 0.395470255846623
1411 0.395256659932242
1412 0.395039816846384
1413 0.394962435825817
1414 0.394972280912361
1415 0.395057677557682
1416 0.395248064182217
1417 0.395482804552558
1418 0.395808448253528
1419 0.396136534956043
1420 0.396540956282425
1421 0.396916538446102
1422 0.397297051785273
1423 0.397682426860069
1424 0.398082737014235
1425 0.398465287731978
1426 0.398853736317666
1427 0.399223590365202
1428 0.399562033512323
1429 0.399914188721873
1430 0.400281146523268
1431 0.400623520490343
1432 0.400967933380089
1433 0.401293002563795
1434 0.401566376268841
1435 0.401851055514167
1436 0.402130548656584
1437 0.402390732736118
1438 0.40267568712903
1439 0.402973020051123
1440 0.403262231617159
1441 0.403570988328824
1442 0.403839462101918
1443 0.404083114469594
1444 0.404342003985063
1445 0.404596363173275
1446 0.404829635885328
1447 0.40507522326853
1448 0.405279081211262
1449 0.405426018803071
1450 0.405607599773437
1451 0.405786188185081
1452 0.405972620705688
1453 0.406188471705748
1454 0.406367976268422
1455 0.406527168824316
1456 0.406687123866528
1457 0.406830442459536
1458 0.406972054997446
1459 0.407106926542104
1460 0.40725341443195
1461 0.407380398208347
1462 0.407539422919305
1463 0.407740220328223
1464 0.407917476706703
1465 0.408093511224493
1466 0.408278890930746
1467 0.408457244101187
1468 0.408640416962093
1469 0.408850878468182
1470 0.409036154927713
1471 0.40922545684412
1472 0.409394579156935
1473 0.409555303787727
1474 0.409753071736147
1475 0.409931136603011
1476 0.410106422109581
1477 0.410286935234994
1478 0.410472114929998
1479 0.410640482814451
1480 0.410804359739002
1481 0.41096512814451
1482 0.411114932741878
1483 0.41126637721528
1484 0.411426313148801
1485 0.411567103763078
1486 0.41168691894334
1487 0.411820155579585
1488 0.41193496437727
1489 0.41208964704205
1490 0.412284810019032
1491 0.412445041372257
1492 0.412593586719808
1493 0.412770593997615
1494 0.412931740439712
1495 0.413121025006882
1496 0.413391041975277
1497 0.413584331249007
1498 0.413744448462228
1499 0.413899360360184
1500 0.414005287869918
1501 0.414133952786638
1502 0.414287370358972
1503 0.414406812031799
1504 0.414502767657765
1505 0.414606609454399
1506 0.414684184858974
1507 0.414779661647161
1508 0.414889190417785
1509 0.415005202078935
1510 0.41510670365283
1511 0.415247702632335
1512 0.415427783779431
1513 0.415600609138627
1514 0.415798360967904
1515 0.415991388493604
1516 0.41618037649333
1517 0.416372086038847
1518 0.416552352472058
1519 0.416736403363351
1520 0.416880006121081
1521 0.417012686892462
1522 0.417146393118035
1523 0.417273057928573
1524 0.417384446451521
1525 0.417488774668538
1526 0.417583686935179
1527 0.417638901175862
1528 0.417765861941483
1529 0.417912584758555
1530 0.418080326368654
1531 0.418301433704072
1532 0.418492619532806
1533 0.418705155949876
1534 0.418859673259509
1535 0.418988392738534
1536 0.419112353266947
1537 0.419194032026911
1538 0.419287243589738
1539 0.41939859993937
1540 0.419471079556142
1541 0.419488559534564
1542 0.41957057475561
1543 0.419660619307754
1544 0.419764958796593
1545 0.419921473113678
1546 0.420043850805037
1547 0.420155481782595
1548 0.420261499664446
1549 0.420369991988877
1550 0.420456920729669
1551 0.420501816209139
1552 0.42059410045563
1553 0.420707951982583
1554 0.420803493531777
1555 0.420925702295327
1556 0.421024229415778
1557 0.421077219082182
1558 0.421164802814528
1559 0.421274567371214
1560 0.421372429480138
1561 0.421465842775484
1562 0.421576101331718
1563 0.421692860662191
1564 0.421808494217142
1565 0.421935991174071
1566 0.422065417540621
1567 0.42218445420562
1568 0.422319321503176
1569 0.42250097396248
1570 0.422629841522973
1571 0.422746349966161
1572 0.422838424165651
1573 0.422879612132023
1574 0.422928081932894
1575 0.422960130302162
1576 0.423000546059108
1577 0.423011408462867
1578 0.423071506892081
1579 0.423167873921647
1580 0.423263630718961
1581 0.423388226950456
1582 0.423518219041614
1583 0.423646630184776
1584 0.423787025963855
1585 0.424000364885941
1586 0.424129131771342
1587 0.424196465809859
1588 0.42427945773376
1589 0.42431054470943
1590 0.424352256334219
1591 0.424405036361622
1592 0.424472956659044
1593 0.424538843255832
1594 0.424607862893407
1595 0.424688560750394
1596 0.42478799304309
1597 0.424912457300835
1598 0.425011304279517
1599 0.425118287365247
1600 0.425218818552522
1601 0.425287883240927
1602 0.425352326111447
1603 0.425466282413527
1604 0.425583595204132
1605 0.425679625318347
1606 0.425757730117711
1607 0.425920364776818
1608 0.426099095251813
1609 0.426286489578897
1610 0.426569363682428
1611 0.426714737585771
1612 0.426793694142133
1613 0.426876591038297
1614 0.426920761931741
1615 0.426955884870364
1616 0.426965924886723
1617 0.427003307628049
1618 0.42701748707014
1619 0.427083871544246
1620 0.42718879927013
1621 0.427283975603557
1622 0.427393318198472
1623 0.42750164740802
1624 0.427626654834042
1625 0.427713242698918
1626 0.427780955780851
1627 0.427876085105133
1628 0.427958237755089
1629 0.428047330853276
1630 0.428173925030652
1631 0.428249986932799
1632 0.428286166540528
1633 0.428353586362761
1634 0.428406313360583
1635 0.428510578415219
1636 0.428648344869183
1637 0.428773419428312
1638 0.428925304811206
1639 0.429054467323857
1640 0.429164855845327
1641 0.429296937552433
1642 0.429446672147405
1643 0.429564600442737
1644 0.429678047487133
1645 0.429777529760947
1646 0.429842442273602
1647 0.429962851666502
1648 0.430089714871397
1649 0.430253173299326
1650 0.43047047876687
1651 0.430624062715736
1652 0.430782584773178
1653 0.430914527376817
1654 0.431026048289914
1655 0.431073588356567
1656 0.431088423415757
1657 0.431089519280005
1658 0.431063372554662
1659 0.431088131796242
1660 0.431133179300248
1661 0.431154686682505
1662 0.431239450947059
1663 0.431373400190726
1664 0.431501728969858
1665 0.431653154707375
1666 0.431815317338234
1667 0.431942716150906
1668 0.432065512714953
1669 0.432160111801347
1670 0.432184533342439
1671 0.432246153951228
1672 0.432323938126031
1673 0.432362446812289
1674 0.432428256107256
1675 0.432465873537922
1676 0.432502871908984
1677 0.432626545783111
1678 0.432756615152722
1679 0.432854077398637
1680 0.432917594782912
1681 0.432972177638889
1682 0.433060383062529
1683 0.433151360775128
1684 0.433302052187354
1685 0.433457241245751
1686 0.433585310320074
1687 0.433795143834872
1688 0.433964544263794
1689 0.434119465170795
1690 0.434311978963656
1691 0.434454801465518
1692 0.434592774264802
1693 0.434648510357981
1694 0.43466493304309
1695 0.434688930895202
1696 0.434670434020142
1697 0.434711071011864
1698 0.434784771503156
1699 0.434823235850389
1700 0.434911946214101
1701 0.435080597773896
1702 0.435178463129964
1703 0.435291158825659
1704 0.43535557813606
1705 0.435342540076737
1706 0.435341982029823
1707 0.435314604244911
1708 0.435299447754119
1709 0.43525891088827
1710 0.435266547056899
1711 0.43529464863955
1712 0.43534662057474
1713 0.4354619087572
1714 0.435531308219351
1715 0.435608072882297
1716 0.435662002057815
1717 0.4356629434488
1718 0.435715705446749
1719 0.435781557805901
1720 0.435848314164728
1721 0.435944790868628
1722 0.436033731111268
1723 0.436116826476807
1724 0.43620153490227
1725 0.436342181110099
1726 0.43636861787885
1727 0.436320633176774
1728 0.43629276070698
1729 0.436184528523439
1730 0.436131259679735
1731 0.436119955620578
1732 0.436104988807718
1733 0.436099373092958
1734 0.436076860611133
1735 0.436044515424408
1736 0.436050129519241
1737 0.436048842682056
1738 0.436069220468488
1739 0.436147960848756
1740 0.43619519812464
1741 0.436233974612564
1742 0.436337862069062
1743 0.436392495987717
1744 0.436411798037972
1745 0.436489879421493
1746 0.436488366130744
1747 0.436441454464507
1748 0.436509632716225
1749 0.436543117659804
1750 0.436574781717312
1751 0.436687387828591
1752 0.436703534341424
1753 0.436681777842946
1754 0.436730844140784
1755 0.436725313175345
1756 0.4367179297853
1757 0.436735538628454
1758 0.436668546125145
1759 0.436615453611314
1760 0.436574321311351
1761 0.436486520374336
1762 0.436393173493611
1763 0.436297148551814
1764 0.436192811311646
1765 0.436134294360507
1766 0.436160834320761
1767 0.436195435812671
1768 0.436193572849986
1769 0.436218964234605
1770 0.436253559256379
1771 0.436275535927488
1772 0.436348172475302
1773 0.436357802810624
1774 0.436292019319555
1775 0.436293651653959
1776 0.436277510416251
1777 0.436333161428302
1778 0.436499117208544
1779 0.4365831787892
1780 0.436653854601586
1781 0.436667436168606
1782 0.43669335485212
1783 0.436746423383747
1784 0.436848482035996
1785 0.436945167722589
1786 0.437004827265464
1787 0.437005817254278
1788 0.437008655479773
1789 0.437025219872235
1790 0.437040288046002
1791 0.437119123612357
1792 0.437219124236851
1793 0.437347390353093
1794 0.437441253924367
1795 0.437463083737134
1796 0.437506120711179
1797 0.437532580268905
1798 0.437532911140328
1799 0.437567515756535
1800 0.437594001593038
1801 0.434976329204451
1802 0.43500078639715
1803 0.434976020338155
1804 0.435035520281592
1805 0.435124449874235
1806 0.435146786222551
1807 0.435275470674985
1808 0.435600897253716
1809 0.43577495284513
1810 0.435929323721927
1811 0.436051617764514
1812 0.436123441061011
1813 0.436189875732663
1814 0.436273663133195
1815 0.436420849413595
1816 0.43650415505434
1817 0.436562622509236
1818 0.436618397999692
1819 0.436617644704918
1820 0.436665057853838
1821 0.436827633707226
1822 0.436942086754699
1823 0.437092239776684
1824 0.437285711509426
1825 0.437421015922004
1826 0.437571227253651
1827 0.437596156609855
1828 0.437502252568695
1829 0.437470759894063
1830 0.437393572254134
1831 0.437279682079257
1832 0.437202614674567
1833 0.43721624092396
1834 0.437071492911656
1835 0.436992754141675
1836 0.437027261802893
1837 0.437181487351861
1838 0.437274994017628
1839 0.43745156320327
1840 0.437572571658683
1841 0.437628542278754
1842 0.437663951248235
1843 0.437658263652915
1844 0.437705769390562
1845 0.437849698194727
1846 0.438034704965506
1847 0.43814049177953
1848 0.438243267831833
1849 0.438378084095071
1850 0.438404636846728
1851 0.438322855795769
1852 0.438442416044818
1853 0.438528602338411
1854 0.438504079605824
1855 0.438563852298785
1856 0.43852544928588
1857 0.43838921516652
1858 0.438320284453948
1859 0.438313093707308
1860 0.438257063905977
1861 0.438054602191711
1862 0.437912574758146
1863 0.437773942637095
1864 0.437553885015422
1865 0.437358969190479
1866 0.437177215464769
1867 0.436968864319538
1868 0.436696041420616
1869 0.43639629782973
1870 0.436173909708887
1871 0.436008602537126
1872 0.435731156850882
1873 0.435399693661587
1874 0.435152341640143
1875 0.434766053978476
1876 0.434346510652745
1877 0.434052108223679
1878 0.433597898485525
1879 0.433056946720122
1880 0.43242668245875
1881 0.431773986097317
1882 0.430989877065258
1883 0.430163164314693
1884 0.429269395569097
1885 0.428247490107295
1886 0.427160453083759
1887 0.426084438159066
1888 0.424957506537934
1889 0.423826142245109
1890 0.422598350273461
1891 0.421275035874984
1892 0.419833398819754
1893 0.418328156014355
1894 0.416773161740775
1895 0.415124823852274
1896 0.41349136704119
1897 0.411783825008346
1898 0.409963327515229
1899 0.408265346719038
1900 0.406580007693667
1901 0.40497185991079
1902 0.403377743989324
1903 0.402002045726644
1904 0.400645553090154
1905 0.399425319878013
1906 0.39835706108412
1907 0.397301431564881
1908 0.396376518394348
1909 0.395545043281488
1910 0.394889109500407
1911 0.394375544369757
1912 0.393996026717135
1913 0.393779814197504
1914 0.393691349922625
1915 0.393676116914071
1916 0.393750467551134
1917 0.393947471627886
1918 0.394197249437458
1919 0.394498763989869
1920 0.39478788912421
1921 0.395117981260783
1922 0.395504004180255
1923 0.395885269989198
1924 0.396260817379562
1925 0.396704063126001
1926 0.397199389012965
1927 0.397611256602616
1928 0.398040071176549
1929 0.398507789081095
1930 0.398915775723167
1931 0.39924597648168
1932 0.399680127785967
1933 0.400164534379422
1934 0.400657107131091
1935 0.401147755294539
1936 0.401795697038002
1937 0.40239145424781
1938 0.402894252494381
1939 0.40342363293307
1940 0.403828487478979
1941 0.404206145328701
1942 0.40461622078306
1943 0.405044425473271
1944 0.405524147158586
1945 0.405954953425389
1946 0.406359781405713
1947 0.406769726455103
1948 0.407153352444027
1949 0.407483776258248
1950 0.407941373604342
1951 0.408481767096051
1952 0.409050980591615
1953 0.409556701583674
1954 0.410023183675966
1955 0.410482134393404
1956 0.410879893046706
1957 0.411216448261796
1958 0.41153538462849
1959 0.41179071102142
1960 0.412046707732936
1961 0.412324103477172
1962 0.412633587122466
1963 0.41311861680826
1964 0.413556180439427
1965 0.413898977327577
1966 0.414252060536381
1967 0.414587442369761
1968 0.414811704976132
1969 0.415125865303875
1970 0.415540712412238
1971 0.415890030411692
1972 0.416204359747418
1973 0.41650969743352
1974 0.416956348338082
1975 0.41725057805125
1976 0.417591161424623
1977 0.418104724752752
1978 0.418556601543603
1979 0.418970288752983
1980 0.419459861209457
1981 0.420098520835335
1982 0.420535975039542
1983 0.420855084704319
1984 0.421243446803721
1985 0.421616976144114
1986 0.421893829195455
1987 0.422189472594096
1988 0.42259504488663
1989 0.422902139685839
1990 0.423246683849723
1991 0.423619104455091
1992 0.424059591879695
1993 0.424451449298914
1994 0.424894249325939
1995 0.425229499933702
1996 0.425463710415156
1997 0.425796554254338
1998 0.426162564856574
1999 0.426394311317717
2000 0.426767028700547
2001 0.427086859963457
2002 0.427408147568919
2003 0.427682755637755
2004 0.428037757516204
2005 0.428431006289598
2006 0.428812705188261
2007 0.429265545249353
2008 0.429599281629293
2009 0.429830677354565
2010 0.43015811384334
2011 0.430489173811248
2012 0.430789212797605
2013 0.431146070110763
2014 0.431558919581404
2015 0.431881630545474
2016 0.432131668794264
2017 0.432405968578967
2018 0.432674349447824
2019 0.432906144947331
2020 0.433077100373191
2021 0.433329747121447
2022 0.433609842765327
2023 0.433885240796564
2024 0.434185447427106
2025 0.43452235698112
2026 0.43483384683574
2027 0.435086013468777
2028 0.435416759551134
2029 0.435782334468372
2030 0.436069538216435
2031 0.436325104788511
2032 0.436565335009514
2033 0.436767544230849
2034 0.436944108604625
2035 0.437031157253503
2036 0.437252674576978
2037 0.437534785153599
2038 0.437774185715323
2039 0.43806288443975
2040 0.43839808744788
2041 0.438665129971496
2042 0.438808556811756
2043 0.438957268953228
2044 0.439085408883822
2045 0.439201789179918
2046 0.439242508984681
2047 0.439349449125689
2048 0.439459815504637
2049 0.439626468205649
2050 0.4398532266764
2051 0.440030444727876
2052 0.440264269003162
2053 0.44044149492889
2054 0.440574118390116
2055 0.440664719966071
2056 0.440760957488877
2057 0.440812121879611
2058 0.440949218211299
2059 0.441129533513115
2060 0.441267720484713
2061 0.441443075484607
2062 0.441585933607765
2063 0.441682405144338
2064 0.441778573507896
2065 0.441812034399482
2066 0.441973313458164
2067 0.44219401996045
2068 0.442400606908285
2069 0.442669383519515
2070 0.442976888691829
2071 0.443146905813642
2072 0.443144973436447
2073 0.443331481432245
2074 0.44360191987057
2075 0.443741071694323
2076 0.44389164939532
2077 0.444042554267654
2078 0.444015033796192
2079 0.444156812746114
2080 0.444499882227946
2081 0.444724292232563
2082 0.444989556328313
2083 0.445163575978213
2084 0.445302050109126
2085 0.445303099080797
2086 0.445313655106176
2087 0.445206742651022
2088 0.445272700054132
2089 0.445368581957124
2090 0.445484292176779
2091 0.445710633618566
2092 0.44587886619448
2093 0.445974906043868
2094 0.446173016370783
2095 0.446523219863238
2096 0.446711166489684
2097 0.446918528438558
2098 0.447023392223996
2099 0.446960856721791
2100 0.446847240574687
2101 0.446897900603653
2102 0.447022398124047
2103 0.447133018251893
2104 0.447338024120101
2105 0.447524879883523
2106 0.447697612441862
2107 0.447850018711171
2108 0.448058943459784
2109 0.448229241235697
2110 0.448364772658178
2111 0.448451653733012
2112 0.448494750057959
2113 0.448574096654683
2114 0.448549384666016
2115 0.448639845789027
2116 0.448893338502724
2117 0.44906798424633
2118 0.449091989971977
2119 0.449262838200935
2120 0.449466373127659
2121 0.449649332927879
2122 0.449884877582779
2123 0.450273655363365
2124 0.450560696507967
2125 0.450842353031383
2126 0.451032259852098
2127 0.451212925464057
2128 0.451311869714111
2129 0.451216703661523
2130 0.451238885229624
2131 0.451324222229324
2132 0.45133771728973
2133 0.451330338950243
2134 0.451332436123062
2135 0.451327432225909
2136 0.451347388224477
2137 0.451405973506546
2138 0.451642022461945
2139 0.451575029526432
2140 0.451348472484599
2141 0.451216558522285
2142 0.450952753176179
2143 0.450771595354869
2144 0.450766109169352
2145 0.450564318256938
2146 0.450216415776107
2147 0.4499185498262
2148 0.449471386199074
2149 0.449191965641577
2150 0.449117574460834
2151 0.448881107253478
2152 0.448653852510495
2153 0.448387448475424
2154 0.448005395227503
2155 0.447669568142214
2156 0.44734174262651
2157 0.447105767045929
2158 0.446755198938173
2159 0.446355381196285
2160 0.445929445610224
2161 0.445506916682028
2162 0.444944186117467
2163 0.444156310055229
2164 0.443624557670501
2165 0.443168941894099
2166 0.442645140279522
2167 0.442241762194188
2168 0.441805271038579
2169 0.441152091608625
2170 0.44070138864116
2171 0.440475641037286
2172 0.440184062791526
2173 0.439957281716207
2174 0.439724794861146
2175 0.439353772711247
2176 0.438864391162069
2177 0.438511847979943
2178 0.438197020607672
2179 0.437697618929851
2180 0.437142021298567
2181 0.436670632321346
2182 0.435975296382347
2183 0.435566893362963
2184 0.435619299018047
2185 0.435216526011008
2186 0.434609312010834
2187 0.434050993450627
2188 0.43320255875629
2189 0.432585097849893
2190 0.432179478777618
2191 0.431723771085443
2192 0.431420362882587
2193 0.430910258363842
2194 0.430338541030967
2195 0.429609750176684
2196 0.428861517667439
2197 0.428028675634423
2198 0.427265381204963
2199 0.426484505855117
2200 0.425879973134554
2201 0.42529323518756
2202 0.424849760875286
2203 0.424645073325986
2204 0.424309193428291
2205 0.423965904041051
2206 0.423693728386673
2207 0.423363119095089
2208 0.423244107417454
2209 0.423159235334531
2210 0.423333418926705
2211 0.423847297999104
2212 0.424248881350537
2213 0.424820600896086
2214 0.425345548223897
2215 0.425855835670628
2216 0.426292764620848
2217 0.426766913905089
2218 0.427149701326272
2219 0.427346010586283
2220 0.427662687236102
2221 0.427986188018703
2222 0.428318633617128
2223 0.428682975176902
2224 0.429138190764623
2225 0.429457408801542
2226 0.429661165099717
2227 0.430036617716168
2228 0.430563306628668
2229 0.43079734624532
2230 0.431017287596419
2231 0.431143195402288
2232 0.430914702888669
2233 0.430878653327848
2234 0.430985478270852
2235 0.431050378007826
2236 0.431081640467951
2237 0.431139984202835
2238 0.431185718062315
2239 0.431244426886586
2240 0.431313954139773
2241 0.431393433763821
2242 0.431510627985967
2243 0.431669360286767
2244 0.431922354514256
2245 0.432087264128043
2246 0.432205244626408
2247 0.432014077009794
2248 0.431707306067434
2249 0.431459680923229
2250 0.431501979166685
2251 0.431725430804836
2252 0.431964775810471
2253 0.432527227981883
2254 0.432758839528606
2255 0.432859344777438
2256 0.43299776927703
2257 0.433099679447578
2258 0.433047438653681
2259 0.432834139131244
2260 0.43279411010855
2261 0.432565514127976
2262 0.432675998964151
2263 0.433170960956159
2264 0.433511707061983
2265 0.433984896037766
2266 0.43428852037531
2267 0.434556477234514
2268 0.43467978809881
2269 0.434622255018621
2270 0.434621069603328
2271 0.434528741852693
2272 0.434461583433766
2273 0.434435969267395
2274 0.434362552938119
2275 0.434148453725095
2276 0.434031959292433
2277 0.433832640566582
2278 0.433889207705571
2279 0.433965128752943
2280 0.434459766173998
2281 0.435040075996233
2282 0.435319366633303
2283 0.435151594633954
2284 0.434657459677052
2285 0.434546536602304
2286 0.43419504094023
2287 0.434236534548284
2288 0.434899412240423
2289 0.434965201226959
2290 0.434817315484491
2291 0.434636789687819
2292 0.434180894209976
2293 0.43395059124754
2294 0.433591402813045
2295 0.433700229080672
2296 0.434247908719072
2297 0.434508380628745
2298 0.435122476276816
2299 0.435223607809328
2300 0.434943769074355
2301 0.434591350133699
2302 0.433915749982638
2303 0.433378611373772
2304 0.432497105228358
2305 0.432144871327435
2306 0.432147212615135
2307 0.43213821150959
2308 0.4324932106563
2309 0.432699485481678
2310 0.432977661485233
2311 0.433065665461355
2312 0.432985406426703
2313 0.43297027078423
2314 0.43285659034527
2315 0.43265184577458
2316 0.432362190554307
2317 0.432285052244301
2318 0.432235596890694
2319 0.432230446886446
2320 0.432468349252652
2321 0.432653009692841
2322 0.432731817365541
2323 0.432476333394161
2324 0.432176373354334
2325 0.431870170315448
2326 0.431981028647187
2327 0.43194426185914
2328 0.431458693579156
2329 0.431511289267381
2330 0.431269714655161
2331 0.43076313525068
2332 0.430939395181784
2333 0.430924735908643
2334 0.430732971461203
2335 0.430537299701806
2336 0.430378410965936
2337 0.430136818915627
2338 0.430112180199293
2339 0.430290010723079
2340 0.43029969784974
2341 0.430260017013846
2342 0.430296435663623
2343 0.430314403627299
2344 0.430296973779313
2345 0.430639843674137
2346 0.430226537013004
2347 0.428939328623558
2348 0.428857454292353
2349 0.429095753737754
2350 0.428911948790665
2351 0.429473316236341
2352 0.429316864008172
2353 0.427920405887261
2354 0.427770958312582
2355 0.428371166386484
2356 0.428553475598603
2357 0.429097971116059
2358 0.429144769332038
2359 0.428669508227878
2360 0.428467559461438
2361 0.428209229571605
2362 0.427977222582775
2363 0.427945426075004
2364 0.427869536336019
2365 0.42776869410781
2366 0.427564283972223
2367 0.426946854269423
2368 0.427108292873534
2369 0.427767341778546
2370 0.427912292562284
2371 0.428644753072602
2372 0.428604881250899
2373 0.42761975977507
2374 0.427122990585645
2375 0.426460964640724
2376 0.426206006388197
2377 0.426344289897923
2378 0.426037844561487
2379 0.42570050975119
2380 0.425560007760378
2381 0.425460148314091
2382 0.425049090242111
2383 0.424238750048087
2384 0.424308384568627
2385 0.424449790285655
2386 0.424633014916482
2387 0.426502705089694
2388 0.426431814890988
2389 0.424662325330881
2390 0.423865379257703
2391 0.422331606600617
2392 0.421867371394861
2393 0.422424681864984
2394 0.422542717392339
2395 0.422951480638374
2396 0.42318682975366
2397 0.423470722834251
2398 0.423656977538815
2399 0.423810849876212
2400 0.423706543303523
2401 0.423155536023802
2402 0.422980184319403
2403 0.422642992851605
2404 0.422977279719072
2405 0.424363652494792
2406 0.424433442860353
2407 0.424652134432498
2408 0.424096109581927
2409 0.421348091178216
2410 0.420603455841898
2411 0.420427457602365
2412 0.420457639643275
2413 0.422166092223816
2414 0.422663015288357
2415 0.422818400670233
2416 0.422338463527533
2417 0.421360186246605
2418 0.419952578371934
2419 0.417000955054693
2420 0.416261148037533
2421 0.416285158557261
2422 0.415723900665291
2423 0.416233541804312
2424 0.416732585532906
2425 0.416980115983854
2426 0.416477788993477
2427 0.416359829468039
2428 0.416017074196693
2429 0.414020759007752
2430 0.413547013156577
2431 0.414691849298483
2432 0.414202111755928
2433 0.412809000860632
2434 0.412104955365876
2435 0.411668145688215
2436 0.410980308417743
2437 0.410254513018069
2438 0.410151756375783
2439 0.409753047387027
2440 0.409353332509438
2441 0.410299996031472
2442 0.407268216176476
2443 0.404855150658943
2444 0.404891585451813
2445 0.405193435685155
2446 0.405609205787506
2447 0.407083372733413
2448 0.40703060519889
2449 0.404753987277091
2450 0.404296134309228
2451 0.404183617143053
2452 0.402512551358713
2453 0.402022505888123
2454 0.401462494018177
2455 0.400439502168726
2456 0.400684291760227
2457 0.401499123849717
2458 0.401942048168653
2459 0.402461749885184
2460 0.402898378997949
2461 0.402781230924918
2462 0.404137090906606
2463 0.406012806533112
2464 0.402892576418895
2465 0.40179501125618
2466 0.400368743111893
2467 0.398626472903953
2468 0.39820872204336
2469 0.397430952875693
2470 0.394682121830714
2471 0.393599292351074
2472 0.394257745201992
2473 0.39497800978381
2474 0.396830387162373
2475 0.397267598703567
2476 0.39744271749967
2477 0.397118685637226
2478 0.394840153790934
2479 0.394168687569228
2480 0.394936812347579
2481 0.394726425389549
2482 0.395046433841854
2483 0.394496699310808
2484 0.391918696745257
2485 0.391144347674411
2486 0.390720921933495
2487 0.391558168613835
2488 0.394324132039154
2489 0.395521649339014
2490 0.397019596365576
2491 0.395146614294327
2492 0.39506971639855
2493 0.397948372324118
2494 0.399351543571915
2495 0.401122141456374
2496 0.403855317617191
2497 0.40275805962964
2498 0.401731484656521
2499 0.399548914209351
2500 0.394683737499389
