"Wavelength" "M059a_m1-w1"
350 0.0749018121893131
351 0.0773042355647235
352 0.0791939156659759
353 0.0790215940098296
354 0.0770752937540337
355 0.072266074127935
356 0.0735857610745083
357 0.0790056695113803
358 0.0780051601691169
359 0.0763147984326348
360 0.074173021877914
361 0.0726316204095978
362 0.0754867513477039
363 0.0789968428393033
364 0.0803712197148375
365 0.0783340241558682
366 0.0761141662979524
367 0.0730334630889461
368 0.071475594862811
369 0.0746494306300074
370 0.0768180697709896
371 0.0761254413455087
372 0.0737268299830804
373 0.0736887697763956
374 0.0735673681970052
375 0.0744669719007612
376 0.0762178974304696
377 0.072830848796669
378 0.0738863403885286
379 0.0771019970630505
380 0.0764229580358057
381 0.0745401438297508
382 0.074064121859008
383 0.0755781771504453
384 0.0775725496230183
385 0.0743977574593371
386 0.0732629011942166
387 0.0769482689289339
388 0.0743343897272437
389 0.0732496859077845
390 0.0736135965374488
391 0.0732234790131531
392 0.0726679676038817
393 0.0731645086903668
394 0.0742054913396979
395 0.0740863005237106
396 0.0738295326992709
397 0.0740397268924932
398 0.0746531440713554
399 0.0744584092855856
400 0.074989149055331
401 0.0756627798374837
402 0.0754376977285769
403 0.0740440933729605
404 0.0738407440235312
405 0.0747260678241536
406 0.0747918039740921
407 0.0746236590313353
408 0.0748327917327889
409 0.0752629656985245
410 0.0741555995849287
411 0.074463240253922
412 0.0758006327207904
413 0.0767573252126972
414 0.0765401828628881
415 0.0763479415759292
416 0.0766994288674246
417 0.0773872837609882
418 0.0770668884605213
419 0.0766728222737145
420 0.0769609126590027
421 0.0776046952178054
422 0.0782026754009299
423 0.0784238426468447
424 0.0781541388599929
425 0.0779626724022645
426 0.0783983502756724
427 0.0790296189260288
428 0.0785898079241838
429 0.0786229081028302
430 0.0789974236741074
431 0.0794059055208771
432 0.0800168233570311
433 0.0802854025227636
434 0.0801692867793216
435 0.079970464262029
436 0.0804982075859847
437 0.0810439392433505
438 0.0812401831962468
439 0.0813090883929628
440 0.0815925895288315
441 0.0817538071461021
442 0.0815612498643141
443 0.0816792374061691
444 0.0818371892593433
445 0.0820726091246289
446 0.0825460771895954
447 0.0826987915566122
448 0.0830137861156256
449 0.0834982824137808
450 0.0831190144358108
451 0.0834314208083139
452 0.0838321782267884
453 0.0834980497547803
454 0.0838126168629969
455 0.0840869938967894
456 0.0842050942738471
457 0.0845734728678074
458 0.0847842754506552
459 0.0849937584511919
460 0.0852596294454964
461 0.0851125541922102
462 0.0854310798623804
463 0.0858304742105428
464 0.0855970984648464
465 0.0856657191844199
466 0.0861690761450901
467 0.0867223564563826
468 0.0864183060712375
469 0.0863621872560062
470 0.0866035376734326
471 0.0869202883094278
472 0.0871575116057322
473 0.0872969656815026
474 0.0874381030102777
475 0.0877175234492724
476 0.0877584058032562
477 0.0877604250601988
478 0.0878999499515571
479 0.0881862729531212
480 0.0882276074463281
481 0.0883410809786058
482 0.0888955148488055
483 0.0890304097581494
484 0.0891248814282431
485 0.0893633611931121
486 0.0896362302845915
487 0.0899786578101214
488 0.0902878455654813
489 0.0904720989597541
490 0.0905290115703137
491 0.0907269259539297
492 0.0910011457658674
493 0.0911205255871523
494 0.0914457173691134
495 0.0917261998655545
496 0.091837661446994
497 0.0920089829134038
498 0.092337042187104
499 0.0926280731477043
500 0.092690535898546
501 0.092976647265996
502 0.0931850496513001
503 0.0933305157586755
504 0.0938002810137357
505 0.0941050568319464
506 0.0943097096941528
507 0.0945648116409967
508 0.0948823079973079
509 0.0951197581613873
510 0.0953038275719829
511 0.0955639172882127
512 0.0958651707349777
513 0.0961524763276284
514 0.0963991248503917
515 0.0966298258331007
516 0.0969421704848866
517 0.0972168233436171
518 0.097323509630738
519 0.0975935361571564
520 0.0979542932813754
521 0.0982867348889324
522 0.0984537619685416
523 0.0987346060073201
524 0.0990749430401395
525 0.099364610457307
526 0.099615222139566
527 0.0999364567660666
528 0.100257581973202
529 0.100396778772609
530 0.100709223467185
531 0.101083752991734
532 0.101395606984639
533 0.101677637551724
534 0.101933751183191
535 0.102208851180411
536 0.102544593454296
537 0.102799569555475
538 0.103105945712566
539 0.103512899219335
540 0.103911670669755
541 0.104230759153298
542 0.104501222002731
543 0.104785970878521
544 0.105102986897744
545 0.105427935047287
546 0.105753158537686
547 0.106087836847277
548 0.106351920058672
549 0.106671415003304
550 0.10711607026217
551 0.107437905568753
552 0.107814237956005
553 0.108221889333267
554 0.108524210583954
555 0.108900154798341
556 0.109271703258196
557 0.109588742292345
558 0.109929198467259
559 0.110343844547863
560 0.110750893884772
561 0.111045503213933
562 0.111386577106074
563 0.111811050864976
564 0.11223858699388
565 0.112442257835613
566 0.112772747608152
567 0.113115667392909
568 0.113306379034999
569 0.113554550928106
570 0.11384423875322
571 0.114155730099779
572 0.11447371638366
573 0.114862451950821
574 0.115256656194569
575 0.11559574280568
576 0.11591841044421
577 0.116124249326351
578 0.116321860125088
579 0.116703739980608
580 0.116955473660724
581 0.11719230225402
582 0.11748253015228
583 0.117688186739597
584 0.118022727886236
585 0.118408961526124
586 0.11869509212955
587 0.118970825085838
588 0.119239267756653
589 0.11951820825501
590 0.119849855650266
591 0.120060164678079
592 0.120275541386905
593 0.120619205231768
594 0.12087425793865
595 0.121141891594136
596 0.121433196690046
597 0.121686531618758
598 0.121991183596271
599 0.122306508232817
600 0.122590199556193
601 0.122851605420481
602 0.12312115410543
603 0.123364763900392
604 0.123541583392727
605 0.123858036502903
606 0.124168781592443
607 0.124390033171692
608 0.124596288872978
609 0.124940400105593
610 0.125297052716816
611 0.125502548199998
612 0.125761534489936
613 0.126065157574768
614 0.126371094684382
615 0.126616541871698
616 0.126935499278354
617 0.127270820807571
618 0.127544716325409
619 0.127770966504391
620 0.128046414552101
621 0.128349296224626
622 0.128576572845204
623 0.128792632738384
624 0.129069841935784
625 0.129421424869617
626 0.129725766576572
627 0.130007563234575
628 0.130282949659506
629 0.130570344096202
630 0.130906531275492
631 0.131238952452239
632 0.131535316260973
633 0.131804002013496
634 0.132124045292409
635 0.132451366830802
636 0.132728325211409
637 0.133040446871087
638 0.133320486256944
639 0.133568422754508
640 0.133853829253015
641 0.134116706525189
642 0.134412588847632
643 0.134778957345944
644 0.135143111920499
645 0.135428429941255
646 0.135692751549503
647 0.13606119000476
648 0.136400628295912
649 0.136729537325633
650 0.13706523316267
651 0.137382621372825
652 0.137683510204305
653 0.137983978464174
654 0.138300105587078
655 0.138605078032773
656 0.138916338077674
657 0.139262544343061
658 0.139681326588491
659 0.139997167499961
660 0.140259831954601
661 0.140564195534142
662 0.140941876861642
663 0.141281135729411
664 0.14159072310557
665 0.141965219151536
666 0.142327063548301
667 0.142689929247458
668 0.143062837363937
669 0.143409261936916
670 0.14375570067592
671 0.144085087552727
672 0.144375663544137
673 0.144691943372702
674 0.145081564736044
675 0.145503658623315
676 0.145797555670688
677 0.146188259049199
678 0.146596854402846
679 0.146913638667246
680 0.14726671845127
681 0.147643381970784
682 0.148018729344315
683 0.148365298997414
684 0.148746062568526
685 0.149126617616795
686 0.14947970793378
687 0.14983721346964
688 0.150203280747406
689 0.150585762936386
690 0.150986985643451
691 0.151371409971539
692 0.151769336150732
693 0.152177413405668
694 0.15253628246861
695 0.152898479686865
696 0.153266069866634
697 0.153637695947356
698 0.154063774550949
699 0.154471903845721
700 0.154854553548908
701 0.155260983088756
702 0.155715249689805
703 0.156119740596345
704 0.156440104581666
705 0.156836791108989
706 0.157243457458358
707 0.157662508710996
708 0.15810906214342
709 0.158505510017922
710 0.158868594344529
711 0.159251021379369
712 0.159740123406277
713 0.160148398254256
714 0.160533241159674
715 0.160980007723516
716 0.161423237150332
717 0.161875865838529
718 0.162330478190076
719 0.162765519128255
720 0.163187818016335
721 0.163598476724356
722 0.164012992428537
723 0.164480206587599
724 0.164934419371867
725 0.165379273250541
726 0.165831277095582
727 0.166231905586625
728 0.166644506824081
729 0.167091010589247
730 0.167542603031121
731 0.167979705416552
732 0.168409837550543
733 0.168837893977489
734 0.169232166480771
735 0.169701291441152
736 0.170214719819033
737 0.170676182175462
738 0.171097623573639
739 0.171519319821093
740 0.171966248841202
741 0.17243721947725
742 0.17286942124974
743 0.173318836101207
744 0.17382689740813
745 0.174263891286404
746 0.17469176793049
747 0.175128634704035
748 0.1755606788713
749 0.175973258790361
750 0.176381135416787
751 0.176805136869355
752 0.177270764748064
753 0.177761819873024
754 0.1782379535353
755 0.178668120803517
756 0.179091666645326
757 0.179530727610583
758 0.179985189746923
759 0.180435932266577
760 0.180861085307822
761 0.181310341312079
762 0.181800353792247
763 0.182256078431312
764 0.182719154408362
765 0.183193257187163
766 0.183669968619832
767 0.184150037422155
768 0.184628079109763
769 0.185082246484121
770 0.185484858275767
771 0.18595011317821
772 0.186442085473706
773 0.186910175695036
774 0.187332106942065
775 0.187761373877959
776 0.188210878940978
777 0.188674650199272
778 0.189133463543178
779 0.189585399358507
780 0.190048345256065
781 0.190552793675938
782 0.191016928289957
783 0.191476439641607
784 0.191949413469673
785 0.192354426661414
786 0.192863770761576
787 0.193402177113522
788 0.19383669312334
789 0.194262342641789
790 0.194694210814162
791 0.19513396600979
792 0.195577871298188
793 0.196089939256372
794 0.196603605545459
795 0.197068929113695
796 0.197510498614793
797 0.1979573496899
798 0.198439877048179
799 0.198958963081392
800 0.199402098978494
801 0.199839670393304
802 0.200281669915897
803 0.200696307413856
804 0.201164877004246
805 0.201633071586615
806 0.202090922043494
807 0.202633218892489
808 0.203064694443901
809 0.20347251192277
810 0.203969202306289
811 0.204458954122029
812 0.204980662327244
813 0.20549319285031
814 0.205925648280716
815 0.206343663946197
816 0.206765626558953
817 0.207211705151504
818 0.207703990570596
819 0.208181020090453
820 0.208616517341269
821 0.209032768912068
822 0.209547472403643
823 0.210062907498093
824 0.210558276218486
825 0.211041079872922
826 0.211501342065137
827 0.211965986602846
828 0.212427909991257
829 0.212857071739965
830 0.213299777909932
831 0.213758980899556
832 0.214222273387752
833 0.214663646047962
834 0.215126116911507
835 0.215568180216166
836 0.215972155478995
837 0.216464924335874
838 0.216920067026965
839 0.217357463493808
840 0.217842841049823
841 0.218269991896303
842 0.218753611405401
843 0.219271096800509
844 0.219680193748762
845 0.220107564399479
846 0.220550126945706
847 0.22100381938214
848 0.221495174990659
849 0.22198271192167
850 0.222441474507577
851 0.222868857822557
852 0.223306662771759
853 0.223780924146226
854 0.224232863674764
855 0.224606673980911
856 0.225088750996926
857 0.225554601303936
858 0.225981641838602
859 0.226439567044455
860 0.226880848748003
861 0.22733554188544
862 0.227797457394903
863 0.228200571848105
864 0.228654337052995
865 0.229128792956539
866 0.229593247132349
867 0.230100690698749
868 0.230588451789515
869 0.23102118494977
870 0.231402090186985
871 0.231831315797468
872 0.232315935731739
873 0.232798081357831
874 0.23321046477961
875 0.233689135000238
876 0.234143603684678
877 0.234559041238601
878 0.235006933024973
879 0.235479124898454
880 0.235894092193192
881 0.236268956763119
882 0.236775457690479
883 0.237274979193379
884 0.237759225800923
885 0.238245871624259
886 0.238743460930041
887 0.239198490997325
888 0.239616765183451
889 0.240021581627498
890 0.240417601650649
891 0.240777904453235
892 0.241132078145157
893 0.241538374386922
894 0.242052093610396
895 0.24252076976748
896 0.242934698715339
897 0.243398716632498
898 0.243936535623549
899 0.244433629438881
900 0.244870453976345
901 0.245341327399403
902 0.245821491283226
903 0.246256476636054
904 0.246632925886892
905 0.247006523983464
906 0.247482331323876
907 0.247922657274958
908 0.248284373732609
909 0.24884161224628
910 0.249327347444349
911 0.249787804924744
912 0.250295492385201
913 0.250718345268975
914 0.251141678150949
915 0.251582626955569
916 0.252027419568931
917 0.252444244165175
918 0.252856356327868
919 0.253305706834604
920 0.25381297910195
921 0.254272722774875
922 0.254670498657639
923 0.255082393501635
924 0.255590661789899
925 0.255950552948905
926 0.256355823782452
927 0.25681850898087
928 0.257206590769651
929 0.257739183337597
930 0.258162607579472
931 0.258466392083969
932 0.258916160663081
933 0.25950528718415
934 0.260054331777779
935 0.260458051089826
936 0.260757155153238
937 0.261181150104303
938 0.261594553605763
939 0.261960001779256
940 0.262457131944885
941 0.262969328104515
942 0.26344441664711
943 0.263853772152454
944 0.264193404532552
945 0.264622077427034
946 0.265111248636192
947 0.265586205561951
948 0.265982102885882
949 0.2665031471188
950 0.267021661640129
951 0.267407774871081
952 0.267698726723324
953 0.268169572727866
954 0.268643660868241
955 0.268971610886554
956 0.269332782823744
957 0.26986994922994
958 0.270411482060031
959 0.270805263082482
960 0.271163827788689
961 0.271557259458391
962 0.272013313512842
963 0.272511737031131
964 0.272971849234252
965 0.273432614780074
966 0.273864011772748
967 0.274267338271783
968 0.274761331534971
969 0.27507902684282
970 0.275364071284557
971 0.275782174065654
972 0.27625775195549
973 0.27670621797697
974 0.277142452408124
975 0.277572149223162
976 0.27791234664703
977 0.278270988599652
978 0.278685247807721
979 0.279141701942682
980 0.279574347819254
981 0.279920536510013
982 0.280413332480292
983 0.281075817325824
984 0.281435825455708
985 0.281817860115284
986 0.282175300354969
987 0.282516135082153
988 0.283045314859998
989 0.283371118739097
990 0.283658583179445
991 0.28404296732188
992 0.284439468381278
993 0.284845554992692
994 0.285147142086382
995 0.285492811373245
996 0.286257484935704
997 0.286558227170649
998 0.286905839004481
999 0.287491786510087
1000 0.287959176801864
1001 0.285726235803877
1002 0.286129522633062
1003 0.286498617973691
1004 0.286878468406417
1005 0.287231310398094
1006 0.287636808036975
1007 0.288065960987769
1008 0.288489026894478
1009 0.28895790828341
1010 0.289405912597747
1011 0.289789197707776
1012 0.290177610118462
1013 0.290526842080039
1014 0.290843744614052
1015 0.291125385848962
1016 0.291396036995373
1017 0.291746623911137
1018 0.292119410755275
1019 0.29251818975686
1020 0.292986427097965
1021 0.293483961912057
1022 0.293855241892836
1023 0.294212330324468
1024 0.29448688595571
1025 0.294825341128991
1026 0.295285757979033
1027 0.295638681073298
1028 0.29603617668576
1029 0.296419161985964
1030 0.296706051828004
1031 0.29708827530242
1032 0.297428307112825
1033 0.297732788020948
1034 0.298075882529485
1035 0.298422327466687
1036 0.298763426383893
1037 0.299159038740915
1038 0.299596450659125
1039 0.299988705069887
1040 0.300352172702146
1041 0.300749108452189
1042 0.301168322014542
1043 0.30153849801938
1044 0.301896125642111
1045 0.302224571295325
1046 0.302480474549844
1047 0.302828875631328
1048 0.30321480259702
1049 0.303652130706289
1050 0.304073817418411
1051 0.304472828098406
1052 0.304769710663516
1053 0.305122799588218
1054 0.305561577316349
1055 0.30601942805671
1056 0.306504908157437
1057 0.30688609578127
1058 0.307184947585508
1059 0.307459671886124
1060 0.307720159829771
1061 0.308056710159303
1062 0.308372684795192
1063 0.308690907939082
1064 0.308979905954723
1065 0.309320272616323
1066 0.309622246995363
1067 0.309904560605505
1068 0.310301026211752
1069 0.310691920733583
1070 0.311035121028453
1071 0.311453890898697
1072 0.311805816208128
1073 0.312043040770709
1074 0.312353219009254
1075 0.312697764943201
1076 0.313001521478026
1077 0.313283321808357
1078 0.31362152574318
1079 0.313961420864328
1080 0.314269804851709
1081 0.314580193380521
1082 0.314935715697656
1083 0.315287243393518
1084 0.315554480831181
1085 0.315866264147574
1086 0.316217158826343
1087 0.316519013996548
1088 0.316806166546645
1089 0.317092616628676
1090 0.317380187062228
1091 0.317667981900049
1092 0.317960278510631
1093 0.318252728346972
1094 0.318540061500467
1095 0.318824272607751
1096 0.319162635532126
1097 0.319510776439321
1098 0.319845110080859
1099 0.320207381723976
1100 0.320503591965159
1101 0.32076879810497
1102 0.321127330454549
1103 0.321443162953823
1104 0.321736391670825
1105 0.322117232629905
1106 0.322450066996139
1107 0.322739545912589
1108 0.323042746621679
1109 0.323371053864682
1110 0.323639277397503
1111 0.323871915222889
1112 0.324199437407027
1113 0.324537408410064
1114 0.324841334643329
1115 0.32520094363042
1116 0.325572217576371
1117 0.325897102058385
1118 0.326207056547028
1119 0.326517285673054
1120 0.326797287743779
1121 0.32708460957655
1122 0.327364888090595
1123 0.327662443258108
1124 0.32795694305063
1125 0.328269887042032
1126 0.328596826058017
1127 0.328934473751297
1128 0.329269181225772
1129 0.329567497224682
1130 0.32982906523883
1131 0.330117559865326
1132 0.330457355951499
1133 0.330794589637792
1134 0.33113477140153
1135 0.33149494211695
1136 0.331817310995142
1137 0.332086884955903
1138 0.33240822006803
1139 0.332759313676727
1140 0.333055026446562
1141 0.333322527492645
1142 0.33362340804776
1143 0.333915099982147
1144 0.334212344138401
1145 0.334517400940092
1146 0.334834810598145
1147 0.335110446981397
1148 0.335377641217067
1149 0.335657192037548
1150 0.335941642531809
1151 0.336192960676007
1152 0.336435365583569
1153 0.336696513955785
1154 0.336941864249371
1155 0.337232783274253
1156 0.337569165720571
1157 0.337874245498494
1158 0.338189913123419
1159 0.338520686458065
1160 0.338844379786461
1161 0.339170862437386
1162 0.339528970752692
1163 0.339847806762507
1164 0.340127977502649
1165 0.340381335344493
1166 0.340634642240835
1167 0.340897847904777
1168 0.341129476051393
1169 0.341374458349932
1170 0.341643537759045
1171 0.341904206349422
1172 0.342206617162993
1173 0.342568218565524
1174 0.342889534791311
1175 0.343245378958856
1176 0.343538380286466
1177 0.34378478428631
1178 0.344039804138448
1179 0.344271640975674
1180 0.344474458096181
1181 0.344719659534048
1182 0.344970350809051
1183 0.345218479534443
1184 0.345456730493381
1185 0.345709176315216
1186 0.345992379336567
1187 0.346258072612819
1188 0.346538742146051
1189 0.346810190017391
1190 0.347077890593251
1191 0.347314082842948
1192 0.347529761949417
1193 0.347769545195893
1194 0.347994828722568
1195 0.348226591239062
1196 0.348490391626503
1197 0.348732194299175
1198 0.348950736458148
1199 0.349165888359267
1200 0.349420239136743
1201 0.34967094325362
1202 0.349918619115712
1203 0.350174183606985
1204 0.350393499682429
1205 0.350569705643616
1206 0.350780017172737
1207 0.350988466659486
1208 0.351203434972646
1209 0.351437270275274
1210 0.351656149196782
1211 0.351859448228362
1212 0.352079626483377
1213 0.352315318971374
1214 0.352540686114215
1215 0.352772031074476
1216 0.352983747695827
1217 0.353160937108727
1218 0.353375023535774
1219 0.353577886685148
1220 0.353805886009949
1221 0.354015657571868
1222 0.35423747424252
1223 0.354429672812257
1224 0.354584531618883
1225 0.354785667941233
1226 0.355000108013881
1227 0.355209071144312
1228 0.355451517503094
1229 0.355657731577387
1230 0.355836280811357
1231 0.356021843850176
1232 0.356188599793807
1233 0.356377799131588
1234 0.356558598719141
1235 0.356770333600521
1236 0.357015772184699
1237 0.357264891205194
1238 0.357521896456156
1239 0.357759501070145
1240 0.357940735861061
1241 0.358058998073362
1242 0.358226541891471
1243 0.358362844330732
1244 0.358538593216277
1245 0.358768734264515
1246 0.35895802460943
1247 0.359118135974391
1248 0.359312977943959
1249 0.359519537495703
1250 0.359720606643916
1251 0.359964049051927
1252 0.360160951834881
1253 0.360317754996398
1254 0.360486570451925
1255 0.360623685441606
1256 0.360789604560024
1257 0.360984955555563
1258 0.361172607592425
1259 0.361349430498743
1260 0.361519250123659
1261 0.361720394416976
1262 0.361923830346483
1263 0.36213218150882
1264 0.362373289678671
1265 0.362596886639689
1266 0.36281689198804
1267 0.363015490008108
1268 0.363191252674811
1269 0.363402230185615
1270 0.363621312316956
1271 0.363819480913727
1272 0.364033877570648
1273 0.364244167182158
1274 0.364411797052042
1275 0.364604751244266
1276 0.364826614647333
1277 0.365047769068049
1278 0.365262192432373
1279 0.365489282805187
1280 0.365728490605539
1281 0.365989864006843
1282 0.366228828958624
1283 0.366485148018802
1284 0.366692663608463
1285 0.366868660334602
1286 0.367046101099657
1287 0.367199571631795
1288 0.367351088564252
1289 0.367497456457881
1290 0.367638918728074
1291 0.367753934798978
1292 0.367893610391513
1293 0.368052548449864
1294 0.368196450176025
1295 0.36834783407519
1296 0.368487782006219
1297 0.368607525921311
1298 0.368734270531303
1299 0.368861031409979
1300 0.368986941471368
1301 0.369116665889387
1302 0.369249169537417
1303 0.369378207545154
1304 0.369507272153002
1305 0.369637870516657
1306 0.369764492779902
1307 0.369898470669805
1308 0.370050815082846
1309 0.37017150760042
1310 0.370263019841811
1311 0.370390683071194
1312 0.370520511002379
1313 0.370648563362464
1314 0.370811328463417
1315 0.37094627079835
1316 0.371076481586545
1317 0.37117247239725
1318 0.371214807052551
1319 0.371304565817825
1320 0.371356561660217
1321 0.371467730300022
1322 0.37162992253915
1323 0.371842813726728
1324 0.372014706092361
1325 0.372202410209773
1326 0.37237172828176
1327 0.372513247565068
1328 0.372689481167836
1329 0.372894738549225
1330 0.37305866968046
1331 0.373230381751219
1332 0.373365247730558
1333 0.373443822967093
1334 0.373564209936683
1335 0.373666561873849
1336 0.373813949667823
1337 0.373994353405163
1338 0.374179752783687
1339 0.374382524160473
1340 0.374604177931208
1341 0.374861641565754
1342 0.375094869042261
1343 0.375358844331725
1344 0.375580260200313
1345 0.375777180302756
1346 0.375946549523527
1347 0.376079179946693
1348 0.376205973518791
1349 0.376321114577924
1350 0.376404522778275
1351 0.376517877537838
1352 0.3766381206491
1353 0.376754726219526
1354 0.376884807968604
1355 0.376995419625461
1356 0.377084765467377
1357 0.377197285766528
1358 0.377310990452425
1359 0.377430981402184
1360 0.377565241520814
1361 0.37770142033248
1362 0.377820402470702
1363 0.377976494723988
1364 0.378161223349016
1365 0.378341825614946
1366 0.37855029548065
1367 0.378744673347617
1368 0.378924138271155
1369 0.379115005235974
1370 0.379354968578627
1371 0.379521622332435
1372 0.379649568596222
1373 0.379786095173447
1374 0.379837023899332
1375 0.379842562661409
1376 0.379851895688164
1377 0.379848494849189
1378 0.379810572265614
1379 0.379751403420571
1380 0.379665977311929
1381 0.379538393790328
1382 0.379419653559905
1383 0.379269865927209
1384 0.379153415116179
1385 0.379050918095293
1386 0.378942993337267
1387 0.378860055095304
1388 0.378745441228599
1389 0.378627349666263
1390 0.378476035268061
1391 0.378323930281688
1392 0.378116459587076
1393 0.377856620286386
1394 0.377586191454154
1395 0.377279757580812
1396 0.376952570262288
1397 0.376632415411292
1398 0.376257627609865
1399 0.375792930024153
1400 0.375373532525066
1401 0.374965475450369
1402 0.374516590478192
1403 0.374082375926255
1404 0.373683923204991
1405 0.373277630332491
1406 0.372846667308472
1407 0.372451580556103
1408 0.3720648975582
1409 0.371747557530816
1410 0.371430411179652
1411 0.371217882571269
1412 0.371081711869111
1413 0.371001639790567
1414 0.370963293604057
1415 0.371030257338863
1416 0.371173919337196
1417 0.371395850072421
1418 0.37174193138299
1419 0.37208274796513
1420 0.372508680161024
1421 0.372903176604621
1422 0.373317056744784
1423 0.373712439077403
1424 0.374096663604238
1425 0.374484409089667
1426 0.374858727514372
1427 0.375248108030556
1428 0.3756670694506
1429 0.376054507921044
1430 0.376426591901298
1431 0.376804871511136
1432 0.37718274859731
1433 0.377536206664772
1434 0.37787792964418
1435 0.378210014228901
1436 0.378537824773778
1437 0.37883042923678
1438 0.379152844976909
1439 0.379506301052261
1440 0.379815796670314
1441 0.380112516042143
1442 0.380395043107123
1443 0.380659509264628
1444 0.380905651062716
1445 0.38112985787392
1446 0.381363208196943
1447 0.381569811454075
1448 0.381806896760026
1449 0.382074778489585
1450 0.38231310601225
1451 0.382553803412145
1452 0.382779416010204
1453 0.382979447333308
1454 0.383188798532496
1455 0.383404698483778
1456 0.383604514712785
1457 0.383805773519753
1458 0.383986364483565
1459 0.384146265784295
1460 0.384299632327449
1461 0.384426416232276
1462 0.384569728929381
1463 0.384717007447535
1464 0.384859072388883
1465 0.384981298403837
1466 0.38514606071982
1467 0.385324115594398
1468 0.385516714920577
1469 0.385763839111861
1470 0.385988305259676
1471 0.386209814436106
1472 0.386455567128002
1473 0.38667205355567
1474 0.386885390590685
1475 0.387111911105767
1476 0.387329030834785
1477 0.387557924308348
1478 0.387809509230337
1479 0.388044634911786
1480 0.38827166772612
1481 0.388498783054896
1482 0.388726407020115
1483 0.38895295274128
1484 0.389174735066603
1485 0.389393513794235
1486 0.389612870643247
1487 0.389831917842776
1488 0.39004363886858
1489 0.390263141077486
1490 0.390494761703621
1491 0.390708656967921
1492 0.390897227075213
1493 0.391126741852932
1494 0.39137243685084
1495 0.391610890390894
1496 0.391897049000979
1497 0.39212768856473
1498 0.392333643353392
1499 0.392512819283985
1500 0.392632318921095
1501 0.39279331852008
1502 0.392952425299633
1503 0.393110757459094
1504 0.393291116746084
1505 0.393466403164733
1506 0.393639798541978
1507 0.393797703818155
1508 0.393955516815146
1509 0.394107006527188
1510 0.394222590006676
1511 0.394363207897314
1512 0.394521241631307
1513 0.394679958420722
1514 0.394856758727908
1515 0.39501944644496
1516 0.395160515749933
1517 0.395324264103641
1518 0.395506964616334
1519 0.395690083946648
1520 0.395900751232015
1521 0.396097474548359
1522 0.396261713350739
1523 0.396391285994311
1524 0.396549991649063
1525 0.396709192242117
1526 0.396839545542753
1527 0.396954809661864
1528 0.397110392845643
1529 0.397257886897293
1530 0.397409104746406
1531 0.397616176352353
1532 0.397759169817725
1533 0.397843379634595
1534 0.397968989273313
1535 0.398088383499557
1536 0.398237692320711
1537 0.398407840110693
1538 0.398580949970029
1539 0.398764610011612
1540 0.398969868900184
1541 0.399217610530495
1542 0.399400826911039
1543 0.399573786268625
1544 0.399742667907064
1545 0.399865540527354
1546 0.400003340775635
1547 0.400163159474329
1548 0.400302437997831
1549 0.400415346501644
1550 0.400533028393325
1551 0.400655854674588
1552 0.400770743820599
1553 0.400864676872546
1554 0.400980085258907
1555 0.40111488646806
1556 0.401228945919622
1557 0.401345507546602
1558 0.401450969114801
1559 0.401523721471406
1560 0.401626818214399
1561 0.401739259679662
1562 0.401858615030994
1563 0.402002889307627
1564 0.402131310096097
1565 0.402243381493223
1566 0.402380377038939
1567 0.402540834660295
1568 0.402675884074147
1569 0.402825437912708
1570 0.402950003504162
1571 0.403024327226059
1572 0.403128110954824
1573 0.40323513254763
1574 0.403351283457411
1575 0.403486189100233
1576 0.403616103294612
1577 0.403748570130089
1578 0.403881096408944
1579 0.404011623882027
1580 0.404147295458645
1581 0.404294467939621
1582 0.404429094644477
1583 0.404572271358715
1584 0.404692278521312
1585 0.404773230252741
1586 0.404879355047472
1587 0.404978812781448
1588 0.405091854949136
1589 0.405210780443366
1590 0.405360649626987
1591 0.405563133356886
1592 0.405723775029916
1593 0.405907911408253
1594 0.406053429243452
1595 0.406097174192081
1596 0.406208268821302
1597 0.406349254381884
1598 0.40648900920191
1599 0.40664594127088
1600 0.406851771742743
1601 0.407009452151596
1602 0.407158427277571
1603 0.407327356067078
1604 0.407488904192047
1605 0.407637971013771
1606 0.407784499305351
1607 0.407917604604154
1608 0.408040118011709
1609 0.408140444042718
1610 0.408222446349939
1611 0.408315711313927
1612 0.408383813673455
1613 0.408493300157729
1614 0.408635365331517
1615 0.40874226251973
1616 0.408850346998872
1617 0.408952533330695
1618 0.409027070121746
1619 0.409144024878081
1620 0.409289475312269
1621 0.409400710341752
1622 0.409506619045328
1623 0.409637011126348
1624 0.40976468909174
1625 0.40987841454342
1626 0.410012737408391
1627 0.41013224047408
1628 0.410232526584249
1629 0.41031079656337
1630 0.410382149406074
1631 0.410467032589753
1632 0.41050749603604
1633 0.410617148003204
1634 0.41078244332383
1635 0.410935994836579
1636 0.411103868055939
1637 0.411261896429908
1638 0.411453557416295
1639 0.411559442971459
1640 0.411617905456433
1641 0.411693741035461
1642 0.411723762105263
1643 0.411790340718825
1644 0.411870559587056
1645 0.411988688456444
1646 0.412109685621521
1647 0.412273089097054
1648 0.412508948685374
1649 0.412666628133992
1650 0.412817455880011
1651 0.412933962878479
1652 0.413001171521747
1653 0.413105387845309
1654 0.413222685871287
1655 0.413301855189018
1656 0.413362566717697
1657 0.413446780899634
1658 0.413526223031719
1659 0.413671688617111
1660 0.413852570449203
1661 0.414055657090625
1662 0.414212086261184
1663 0.414291270858991
1664 0.414404944760029
1665 0.414461191219722
1666 0.414493358401567
1667 0.414586337223404
1668 0.414648673869398
1669 0.41471474206454
1670 0.414810402769415
1671 0.414917601746768
1672 0.415031620244436
1673 0.415124416855471
1674 0.415240039698843
1675 0.415369599754316
1676 0.41546965628425
1677 0.415574369201332
1678 0.415680042717618
1679 0.415743772999933
1680 0.415808813859978
1681 0.415922626507681
1682 0.416001880460119
1683 0.416082899607004
1684 0.416205680351668
1685 0.416299399103031
1686 0.416408224381364
1687 0.416555376820528
1688 0.416722416796636
1689 0.416908576009249
1690 0.417092879171687
1691 0.41728997767189
1692 0.417472686819349
1693 0.417614152684935
1694 0.417739444525833
1695 0.417812360465056
1696 0.417870116102173
1697 0.417979766011022
1698 0.418119446056892
1699 0.41827873298264
1700 0.418403432308336
1701 0.418504219979332
1702 0.418591434760884
1703 0.418666026224267
1704 0.418730616570475
1705 0.418767449409607
1706 0.418808651904209
1707 0.41886077600767
1708 0.418878381572956
1709 0.418842281682974
1710 0.418859789463618
1711 0.418897514962665
1712 0.418920458508817
1713 0.418956315433822
1714 0.419015097507144
1715 0.41908431319877
1716 0.419111167181579
1717 0.419169571206272
1718 0.41919166547276
1719 0.419127329140927
1720 0.419116339543915
1721 0.419108828843637
1722 0.41913474239411
1723 0.419164744506001
1724 0.419269068431333
1725 0.419467448088956
1726 0.419596600884507
1727 0.419777745545557
1728 0.419859176375951
1729 0.419825795219722
1730 0.41987423192282
1731 0.41988906139662
1732 0.419986599329975
1733 0.42018129491767
1734 0.420295902828151
1735 0.420429365375833
1736 0.420510166564662
1737 0.420525857822944
1738 0.420569937913384
1739 0.420598449036475
1740 0.420643999296251
1741 0.420721380888737
1742 0.420792308801522
1743 0.420862804189585
1744 0.420920880222973
1745 0.420897558124064
1746 0.420802027655622
1747 0.420721361061969
1748 0.420683033640409
1749 0.420642316298943
1750 0.420647794795219
1751 0.420708412995621
1752 0.420743491876116
1753 0.420789273965444
1754 0.420917643173738
1755 0.421037624306239
1756 0.421160229952555
1757 0.42131939052008
1758 0.421383659258569
1759 0.421424194978278
1760 0.421453074449639
1761 0.421431888062804
1762 0.421458644226307
1763 0.421503364164376
1764 0.421543153623969
1765 0.421589358238954
1766 0.421650290639515
1767 0.421721092626577
1768 0.421807963441857
1769 0.421880956876808
1770 0.421886522889485
1771 0.421908001417076
1772 0.421889847310191
1773 0.421972111448889
1774 0.422190135144173
1775 0.422297203718797
1776 0.422401811573298
1777 0.42243790938659
1778 0.422412944523848
1779 0.422374202154722
1780 0.422279755963153
1781 0.422304847782467
1782 0.422239927379509
1783 0.422246862428151
1784 0.422306740600759
1785 0.422329474159638
1786 0.422371706921949
1787 0.422451648592849
1788 0.422495958196662
1789 0.422496941321243
1790 0.422507571391149
1791 0.42254728427391
1792 0.422671382744129
1793 0.422836238465717
1794 0.422989064866472
1795 0.423126961171736
1796 0.423188327484648
1797 0.423177108098161
1798 0.423208225618556
1799 0.423273872219002
1800 0.42331559018996
1801 0.420374036080229
1802 0.420401317369445
1803 0.420529484308131
1804 0.420639088566732
1805 0.420656554596229
1806 0.420519432680927
1807 0.420607430421034
1808 0.420787754987669
1809 0.420874190138245
1810 0.421047804431353
1811 0.421220836694604
1812 0.421183577196544
1813 0.421094730499299
1814 0.42109235943823
1815 0.421149627651676
1816 0.4212037586865
1817 0.421323519512907
1818 0.421383418632822
1819 0.421423414035907
1820 0.421439414995299
1821 0.421540738356028
1822 0.421608726834869
1823 0.421618310450373
1824 0.421713262620351
1825 0.421776858278522
1826 0.421820392249357
1827 0.421817116149308
1828 0.42176004343087
1829 0.421748831862836
1830 0.421712834306047
1831 0.421684630849836
1832 0.421667416128742
1833 0.421786751002943
1834 0.421841912344572
1835 0.421846187443261
1836 0.421901407781013
1837 0.42199227600707
1838 0.422069093265987
1839 0.422132530176605
1840 0.422278793909232
1841 0.4223970330183
1842 0.422486430178432
1843 0.422562753377737
1844 0.42261692939988
1845 0.422686142505186
1846 0.422747145891204
1847 0.422791081139521
1848 0.422857258932315
1849 0.422873083811346
1850 0.422860147782471
1851 0.422836233393451
1852 0.422780896774102
1853 0.422580714520647
1854 0.422337880264585
1855 0.422227474338135
1856 0.422104060588795
1857 0.422047608545409
1858 0.421997014644991
1859 0.422021384579717
1860 0.421888655867592
1861 0.421776961695306
1862 0.421715980640971
1863 0.42160519675706
1864 0.421455984776644
1865 0.421208779617083
1866 0.420906431158769
1867 0.420566321774764
1868 0.420134076702424
1869 0.419689858916552
1870 0.4193198766715
1871 0.418859797796601
1872 0.418337598597254
1873 0.417892684906872
1874 0.417453662187782
1875 0.41690592436909
1876 0.416427864681806
1877 0.415941778572566
1878 0.415329346988458
1879 0.414594147888933
1880 0.413933242901223
1881 0.413145277615305
1882 0.412240582172576
1883 0.411362278683081
1884 0.410316745985543
1885 0.409187949889481
1886 0.407974158720825
1887 0.406629416041502
1888 0.405197780910097
1889 0.403683480413723
1890 0.402062698316348
1891 0.400365478151521
1892 0.398544528282708
1893 0.396586697605778
1894 0.394563173537343
1895 0.392417277624262
1896 0.390283292555124
1897 0.388219446436893
1898 0.386102341744715
1899 0.384038531763599
1900 0.382005272227568
1901 0.379958783694609
1902 0.377838163504896
1903 0.375928807621073
1904 0.374114052037781
1905 0.372580376086836
1906 0.371299962763734
1907 0.370197594402946
1908 0.369295187474738
1909 0.368495557503198
1910 0.367806643101637
1911 0.367237887323311
1912 0.366835826738074
1913 0.366588569054015
1914 0.366405683846594
1915 0.366367090780769
1916 0.366393001359295
1917 0.366406026321553
1918 0.366534053079955
1919 0.366730848041378
1920 0.366968221478802
1921 0.367303689761568
1922 0.367766324880371
1923 0.368193498742882
1924 0.368669037508921
1925 0.369210139146792
1926 0.369673462759771
1927 0.370106275082554
1928 0.370576531746802
1929 0.371008615243278
1930 0.371443238438643
1931 0.371934964925615
1932 0.372469841002388
1933 0.373096986067956
1934 0.373645889202776
1935 0.374210643575598
1936 0.374748668394181
1937 0.375210862095675
1938 0.375680728305374
1939 0.376303253307797
1940 0.376883966752037
1941 0.377485228156571
1942 0.378114140900449
1943 0.378679054050168
1944 0.379193964707796
1945 0.37971772945657
1946 0.380188197752446
1947 0.380694125398866
1948 0.381215676674615
1949 0.381709945337969
1950 0.382178860045786
1951 0.382683113574671
1952 0.383133686275658
1953 0.383580189050639
1954 0.3840363914976
1955 0.384479914257266
1956 0.384972827272697
1957 0.385499892785324
1958 0.385987149219709
1959 0.386493810362909
1960 0.387041077346932
1961 0.387377312501905
1962 0.38775351964977
1963 0.388253755113862
1964 0.388728305510599
1965 0.389268936947789
1966 0.38987072914355
1967 0.390400026140061
1968 0.390873072448351
1969 0.391321449245247
1970 0.391715852489785
1971 0.392142004746983
1972 0.392487030221401
1973 0.392976073639549
1974 0.393497692709322
1975 0.394033129870554
1976 0.394486664788326
1977 0.394839419980651
1978 0.395270972784275
1979 0.395687393276311
1980 0.396083106549847
1981 0.396467100708369
1982 0.396946472764579
1983 0.39739651719635
1984 0.397911434856958
1985 0.398629352049428
1986 0.399236796531936
1987 0.399589465158731
1988 0.400027242890616
1989 0.40044684754025
1990 0.40085575823888
1991 0.401339644147454
1992 0.402000192154473
1993 0.402472781756152
1994 0.402862664234347
1995 0.403296056012855
1996 0.403636643271712
1997 0.404064321972795
1998 0.404564435300448
1999 0.405041420439694
2000 0.40556052338053
2001 0.406098809693025
2002 0.406549411003849
2003 0.406964314550394
2004 0.407400672938605
2005 0.40781345869268
2006 0.408156551982716
2007 0.408460711070566
2008 0.408791100154975
2009 0.409015920492069
2010 0.409343258289129
2011 0.409787569271824
2012 0.41020489316044
2013 0.410547867108603
2014 0.410852413269245
2015 0.411132551135236
2016 0.411308906632836
2017 0.411603613199638
2018 0.41194774231396
2019 0.412283504495673
2020 0.412684757021455
2021 0.413013296548013
2022 0.413324549524062
2023 0.413581644110262
2024 0.413754755772539
2025 0.413976428962143
2026 0.414244523169635
2027 0.414500697618697
2028 0.414759749933182
2029 0.415028095004383
2030 0.415239653457023
2031 0.415316437785656
2032 0.415543940037253
2033 0.415843947999049
2034 0.416126791897859
2035 0.416515111413499
2036 0.416787157536827
2037 0.416918334690293
2038 0.417163918224369
2039 0.417476284793156
2040 0.417733355135418
2041 0.417936419270124
2042 0.418148754660162
2043 0.418306305748503
2044 0.418284031596533
2045 0.418441749980412
2046 0.418705128023859
2047 0.418907308706996
2048 0.419138091087666
2049 0.419331586186726
2050 0.419523584278683
2051 0.419668680562428
2052 0.419682318314416
2053 0.419840412378406
2054 0.420012025472799
2055 0.42027140392789
2056 0.420542492243631
2057 0.420978875468398
2058 0.421223008090426
2059 0.421366436727794
2060 0.421575708646238
2061 0.421790112435021
2062 0.421942237549914
2063 0.422067025949558
2064 0.422218480169556
2065 0.422295952463786
2066 0.422404619147575
2067 0.42254134375005
2068 0.42275558191384
2069 0.422861410291539
2070 0.422973164394561
2071 0.423104392725537
2072 0.42323367129097
2073 0.423384354578655
2074 0.423581519487437
2075 0.423741275876773
2076 0.423895022193874
2077 0.424036159706019
2078 0.424146773835994
2079 0.424259314166135
2080 0.424364311802604
2081 0.424500239008935
2082 0.424663279216329
2083 0.424796076330654
2084 0.424973058055361
2085 0.425054967587524
2086 0.425155954728023
2087 0.425189442400057
2088 0.425322241238919
2089 0.425514544790445
2090 0.425649959765959
2091 0.425773207946034
2092 0.425950781135262
2093 0.426161322677594
2094 0.426309163151388
2095 0.426493287967545
2096 0.426643434545722
2097 0.426662138599132
2098 0.426763053483872
2099 0.426911928473622
2100 0.427106399228512
2101 0.427160504612234
2102 0.427316870744007
2103 0.427494177768027
2104 0.427698851949685
2105 0.427836846747301
2106 0.428003532090644
2107 0.428151169700651
2108 0.428183216673
2109 0.428340177477059
2110 0.428610969024371
2111 0.428827064336531
2112 0.429047248016979
2113 0.429264888442415
2114 0.429479347035516
2115 0.429698314699996
2116 0.429926785446341
2117 0.430154769356625
2118 0.430347410812489
2119 0.430522857986054
2120 0.430736554941374
2121 0.430925243359652
2122 0.431187186308546
2123 0.431575979490533
2124 0.431796132510707
2125 0.431921379537755
2126 0.432166303351987
2127 0.432400203249714
2128 0.432601728616587
2129 0.432973553528608
2130 0.433141591722585
2131 0.433089197218643
2132 0.433114103015317
2133 0.433041869764241
2134 0.433063604217907
2135 0.433218208566047
2136 0.433286785394752
2137 0.433328754418275
2138 0.433406741765239
2139 0.433379983743749
2140 0.433252606605112
2141 0.433149775509007
2142 0.433063654877765
2143 0.432868350085063
2144 0.432600156710389
2145 0.432318142070069
2146 0.43188742555242
2147 0.431590599874425
2148 0.431397034311318
2149 0.431098109050699
2150 0.430804589774645
2151 0.430489103819813
2152 0.430063740343841
2153 0.429708359789532
2154 0.429293624401151
2155 0.428973728335401
2156 0.428611361463044
2157 0.428229043536716
2158 0.427847534033969
2159 0.427486880832681
2160 0.427099138219486
2161 0.426691741175049
2162 0.426273408712956
2163 0.425859094519405
2164 0.425420682885783
2165 0.424918127509827
2166 0.424481029861895
2167 0.424071770639434
2168 0.42363167464777
2169 0.423138536566558
2170 0.422776346134433
2171 0.422549673474961
2172 0.422216215053018
2173 0.421993540781885
2174 0.421649297190243
2175 0.421175446564959
2176 0.420490226725255
2177 0.419899506027196
2178 0.419205062718337
2179 0.418680054857113
2180 0.41822436175392
2181 0.417771414410152
2182 0.417471486493437
2183 0.41701596801076
2184 0.416471129502159
2185 0.415942385722857
2186 0.415389141649706
2187 0.414785195962788
2188 0.414135121786253
2189 0.413522308799075
2190 0.412873589373486
2191 0.412227767587608
2192 0.411587428768342
2193 0.410981116996531
2194 0.410370178683456
2195 0.409752189210964
2196 0.409251766078472
2197 0.408794965690223
2198 0.408278975896989
2199 0.407803320940282
2200 0.407208369391373
2201 0.406483515563353
2202 0.405892983447459
2203 0.405225191669889
2204 0.404757964390362
2205 0.40439443745802
2206 0.404168512347516
2207 0.40404734925795
2208 0.404062323569199
2209 0.404325470317466
2210 0.404517634427189
2211 0.404674500018065
2212 0.405059434374275
2213 0.405506784300312
2214 0.406111672847114
2215 0.407241571784686
2216 0.407980580389029
2217 0.408603787445795
2218 0.409145626789516
2219 0.40969845376582
2220 0.409867101887744
2221 0.410221296408119
2222 0.410698532507636
2223 0.410933569646769
2224 0.410959490863348
2225 0.411200762990102
2226 0.411454229829007
2227 0.411664956993418
2228 0.41197368697513
2229 0.412186786305345
2230 0.412290964938574
2231 0.412402382610461
2232 0.412502959798247
2233 0.412607979941585
2234 0.412613783153895
2235 0.41276257593146
2236 0.41310574240455
2237 0.413239539095173
2238 0.41338418566442
2239 0.413386979384456
2240 0.413123332394543
2241 0.413001442598794
2242 0.412691508096962
2243 0.412720589805078
2244 0.413102749647327
2245 0.413360156457404
2246 0.413582811154821
2247 0.413788574747541
2248 0.413709147991681
2249 0.413475165547448
2250 0.413375559276975
2251 0.413342677992936
2252 0.413294011177482
2253 0.413150954454935
2254 0.413216806558512
2255 0.413402132954766
2256 0.413588445951459
2257 0.413955759218001
2258 0.414160886765355
2259 0.414308919364472
2260 0.414445948290879
2261 0.414485453292251
2262 0.414639721738691
2263 0.414868477263653
2264 0.415047498353176
2265 0.415275555766412
2266 0.415410111897461
2267 0.415564743899042
2268 0.415535270131505
2269 0.41523283663245
2270 0.41515478253245
2271 0.415096948624689
2272 0.4149774818996
2273 0.415012611311895
2274 0.414976886519922
2275 0.414658385997805
2276 0.414560409990564
2277 0.414661838852886
2278 0.414740184786834
2279 0.414674398348951
2280 0.414724451755769
2281 0.414721234103605
2282 0.414598555805371
2283 0.414617701724425
2284 0.414721657000608
2285 0.414640828088775
2286 0.414459621025825
2287 0.414308359153863
2288 0.414068254108352
2289 0.413832733438691
2290 0.413495093950357
2291 0.413372243952613
2292 0.413382676436972
2293 0.413324973335734
2294 0.413437279415576
2295 0.413424409115328
2296 0.4131712434213
2297 0.41309725962236
2298 0.413137252139737
2299 0.413148330882397
2300 0.413337428974758
2301 0.413296166153563
2302 0.412873607541237
2303 0.412959996501688
2304 0.413362707773579
2305 0.413401115863347
2306 0.413791312670535
2307 0.413751148272694
2308 0.41295365694502
2309 0.41256544310971
2310 0.412199136232662
2311 0.411957370375154
2312 0.411894517261997
2313 0.411851836768829
2314 0.412010047241068
2315 0.412069213614931
2316 0.411895427296447
2317 0.411979770912967
2318 0.412439959791129
2319 0.412523050037679
2320 0.412314602708197
2321 0.412670604482537
2322 0.412834386739139
2323 0.412344409603661
2324 0.412213294010329
2325 0.412200331646635
2326 0.411975743607658
2327 0.411676310055385
2328 0.411166485524356
2329 0.410794853009516
2330 0.410432468713517
2331 0.410161011583023
2332 0.410383599882751
2333 0.410476536621096
2334 0.409761288443517
2335 0.408996250024138
2336 0.408748545319255
2337 0.408421122640106
2338 0.408221121080159
2339 0.40867491233679
2340 0.408614759773722
2341 0.408014362562203
2342 0.407933927600874
2343 0.408322653379513
2344 0.408221521949733
2345 0.408099292654676
2346 0.407570256044115
2347 0.406576091392631
2348 0.405778686617586
2349 0.404422644885562
2350 0.404347564609122
2351 0.404904359520157
2352 0.405364410465017
2353 0.406986332600561
2354 0.407168978825449
2355 0.406468424838311
2356 0.40635148067574
2357 0.405901510868073
2358 0.405611366255472
2359 0.405770729929251
2360 0.405545009993543
2361 0.404565907931438
2362 0.404686129864766
2363 0.405783182457797
2364 0.405783702079875
2365 0.405838087426324
2366 0.405699790355865
2367 0.404624771443969
2368 0.403947877786504
2369 0.403595703811546
2370 0.403142832162284
2371 0.402137000232568
2372 0.402101605855506
2373 0.402989420269452
2374 0.403351107452128
2375 0.404243624779598
2376 0.404199397488757
2377 0.403083832135613
2378 0.402782518882847
2379 0.402377252715949
2380 0.402410475828277
2381 0.403405881271032
2382 0.40344066968574
2383 0.40309465621772
2384 0.402626542914075
2385 0.401228519640099
2386 0.401068112132525
2387 0.402123315524553
2388 0.401853074542109
2389 0.401222755025736
2390 0.400970220419035
2391 0.399529577023925
2392 0.399237257616359
2393 0.400716915664584
2394 0.401095817541532
2395 0.401454578272696
2396 0.400983844041803
2397 0.399152118529409
2398 0.398512057525629
2399 0.397931519281554
2400 0.397551389359054
2401 0.398128068271041
2402 0.398303036181258
2403 0.397994703097455
2404 0.397865425908442
2405 0.398343959803888
2406 0.398140847458193
2407 0.397061242645431
2408 0.396884678644195
2409 0.397359455332497
2410 0.396981054966943
2411 0.396280549831031
2412 0.396138409284563
2413 0.395498116074228
2414 0.395261216322452
2415 0.396348704523327
2416 0.396328305830387
2417 0.395487287552526
2418 0.394757247357093
2419 0.393697734581101
2420 0.392949183844177
2421 0.392370885852167
2422 0.391657921561866
2423 0.390989611366065
2424 0.390217597071874
2425 0.388879578147861
2426 0.388258776970174
2427 0.388608439185934
2428 0.387501229007549
2429 0.385612234498026
2430 0.385114979296533
2431 0.383943952143889
2432 0.383894625496289
2433 0.385779894304137
2434 0.386359046056032
2435 0.387001104855035
2436 0.386863455612856
2437 0.386822018936677
2438 0.384964583440834
2439 0.380389993438032
2440 0.379294814026479
2441 0.378184611158037
2442 0.380912648316438
2443 0.38456143764957
2444 0.385505910020646
2445 0.384058754165895
2446 0.382458625744167
2447 0.380433025388925
2448 0.379394276743935
2449 0.379304252868648
2450 0.377902973593586
2451 0.376866772878254
2452 0.375736587510951
2453 0.374882786019631
2454 0.374688247938136
2455 0.374049145143088
2456 0.374409299630543
2457 0.37533188128874
2458 0.375703912037677
2459 0.37697206527089
2460 0.378198230387438
2461 0.377873068546611
2462 0.37637847868428
2463 0.37408678691378
2464 0.368938267957286
2465 0.367883866064779
2466 0.37075376717973
2467 0.372351366189223
2468 0.377609912344202
2469 0.378449492171988
2470 0.375566781022056
2471 0.373846273104918
2472 0.369018544707389
2473 0.367215100694977
2474 0.367138543067776
2475 0.367682763806288
2476 0.3705878880771
2477 0.371847120274543
2478 0.373420813274707
2479 0.373813894052229
2480 0.373145845174469
2481 0.372215218137895
2482 0.371063575523554
2483 0.368826254651833
2484 0.363786520545162
2485 0.362934700245565
2486 0.363097765751788
2487 0.363815546726578
2488 0.368567034298593
2489 0.368452625042788
2490 0.365699252694832
2491 0.365983831381151
2492 0.365363227319596
2493 0.365276513567468
2494 0.366651039415839
2495 0.363388891516144
2496 0.360975132661206
2497 0.364443377040905
2498 0.362171749771272
2499 0.363601030173792
2500 0.36728534172562
