"Wavelength" "M062a_m3-w3"
350 0.075277708147302
351 0.0725611459266497
352 0.0700150945784067
353 0.0683050359898107
354 0.0668743415650151
355 0.0620043674017401
356 0.0634526543442238
357 0.071269844050505
358 0.0769166112755356
359 0.0740457179172023
360 0.0693196632778962
361 0.0688323027883808
362 0.0743226132772624
363 0.0733499347579929
364 0.0708620864111752
365 0.0726923679274295
366 0.0672397587454955
367 0.0690443926202241
368 0.0751119714009473
369 0.0735978551993321
370 0.0734425441898194
371 0.0739922635396969
372 0.0732445815466903
373 0.06883429434513
374 0.0703465095559841
375 0.0725699958132137
376 0.0710630251308789
377 0.071823863147335
378 0.07212102000927
379 0.0708434876240097
380 0.0685170737379738
381 0.0710345672686791
382 0.0718399945188168
383 0.0700930889399568
384 0.0707619411830302
385 0.0697124883748308
386 0.0706351548713492
387 0.0741415840153415
388 0.0716995079278553
389 0.0707820331559098
390 0.0714591562648556
391 0.0715517675218377
392 0.0707583885773502
393 0.0696248136136761
394 0.069073372518829
395 0.0700631240279596
396 0.0714519724459016
397 0.0712565369474742
398 0.0695926336532767
399 0.0705351667558959
400 0.0710720940663057
401 0.0710558800063886
402 0.0709985126354284
403 0.0702716257663739
404 0.0701118153708309
405 0.0704235851157723
406 0.0702144851347056
407 0.071370536195755
408 0.0719735655240809
409 0.0713113089352425
410 0.0718419534982337
411 0.0719743274279588
412 0.0718039749732345
413 0.0718838380653089
414 0.0725089962329297
415 0.0725926288733912
416 0.07230549171486
417 0.072757352087946
418 0.0722804209495332
419 0.0717980805536166
420 0.0721075053397966
421 0.0729768544933833
422 0.0738784572337327
423 0.0743827988402931
424 0.074301475652481
425 0.0742133576754182
426 0.0744509875368446
427 0.0748499770523888
428 0.0748169606785199
429 0.0745139115036111
430 0.0748498454979409
431 0.0760056891308194
432 0.0760447186904846
433 0.0758633697569607
434 0.0758209449141738
435 0.0760012089713862
436 0.0761679345944066
437 0.0765577500430421
438 0.0769329593072798
439 0.0764505185434309
440 0.076932224671508
441 0.077658156479115
442 0.0776685822807189
443 0.0772188055548641
444 0.0776731070628215
445 0.078506280919865
446 0.0782531507253498
447 0.0785660837776515
448 0.0789623107258196
449 0.0790095490815794
450 0.0787532354299137
451 0.0790619926088473
452 0.0793414512865435
453 0.0789713327000008
454 0.0794525842020532
455 0.0797611256705135
456 0.0797254026806061
457 0.079955024133023
458 0.0801157532069956
459 0.0803687950598364
460 0.0807303215546716
461 0.0806693094369873
462 0.0806709942854683
463 0.0808084400647889
464 0.0810051413186093
465 0.0814735095945005
466 0.0816924067894729
467 0.0815911233092054
468 0.0817090658169627
469 0.0817592683482306
470 0.0818732554326998
471 0.0821642606591561
472 0.0823656996473928
473 0.0825983014290423
474 0.0828301565038529
475 0.0829321035806907
476 0.0828897163544899
477 0.0829090837426972
478 0.0830974169025777
479 0.083358826728862
480 0.0832972400374133
481 0.0833023311862813
482 0.0838466746348936
483 0.0841559978812665
484 0.0844390067124904
485 0.0847385242182961
486 0.0848606220393324
487 0.0851099637220317
488 0.0852747335494911
489 0.0852363913069982
490 0.0855155354779264
491 0.0858447111982378
492 0.0860501148171878
493 0.0860664217349385
494 0.0862857157463701
495 0.0865885265356258
496 0.0868513213423636
497 0.0870562587151923
498 0.0874491010556354
499 0.0878125190050057
500 0.0878704071633515
501 0.0879509584789297
502 0.0881244003061067
503 0.0883909192406944
504 0.08869486203892
505 0.0889947967279357
506 0.0892983404869991
507 0.0895891705611809
508 0.0897194348738411
509 0.0898619715975045
510 0.0901219279137074
511 0.0905229209174585
512 0.090730805654915
513 0.0909139413209393
514 0.0911900853082374
515 0.0914362416159093
516 0.0916982661492996
517 0.0919308999567826
518 0.0920978256609509
519 0.0924088777716729
520 0.092739451107461
521 0.093013846839343
522 0.0932451158848752
523 0.0934372173004346
524 0.0937175029829813
525 0.0941361458770648
526 0.0943652409118032
527 0.0945921186967606
528 0.0948609694985881
529 0.0951034208573409
530 0.0953786759786747
531 0.0956881334565131
532 0.0960148568824504
533 0.0963290612388445
534 0.0965836738654165
535 0.0968609140069446
536 0.0972648613834901
537 0.0975660643289773
538 0.0977960606851818
539 0.0980513816770493
540 0.0984938406554688
541 0.098836697348035
542 0.0990957745807829
543 0.0993741868557007
544 0.0996991878419877
545 0.100006947177761
546 0.100291558198114
547 0.100606830226793
548 0.100913511143728
549 0.101268505413022
550 0.10168525424912
551 0.101972806305197
552 0.102330913006598
553 0.102750888776972
554 0.103094860889458
555 0.103447275377046
556 0.103781934064617
557 0.10408786194497
558 0.104409487624093
559 0.104793104916881
560 0.105205862686468
561 0.105574720442991
562 0.105829638279547
563 0.106083885543448
564 0.10639961483838
565 0.106750608927769
566 0.10706035320371
567 0.107320870885428
568 0.107556364725929
569 0.107809264739401
570 0.108110560848424
571 0.10845650157997
572 0.108811968577543
573 0.109184142862097
574 0.109538231932135
575 0.109859949258623
576 0.110219873045823
577 0.110514303558698
578 0.110768720624546
579 0.111073793271291
580 0.111334084924925
581 0.111580912514128
582 0.111840003496875
583 0.112095332104039
584 0.112367899932013
585 0.112643461740084
586 0.11290049702702
587 0.113144670030573
588 0.113431049003025
589 0.113770315996779
590 0.114117170165758
591 0.114369227255447
592 0.114629206010068
593 0.114979277894379
594 0.115187408328638
595 0.115432901164735
596 0.115695184592737
597 0.11580576047299
598 0.116116724715891
599 0.11648588620241
600 0.116771534019806
601 0.117071605220752
602 0.117349917696213
603 0.117581611865972
604 0.117764399633835
605 0.118031667817171
606 0.118341952338537
607 0.118625853611216
608 0.118789862228146
609 0.119063416311204
610 0.119372289020634
611 0.119575931143449
612 0.119780998897207
613 0.120051936639503
614 0.120380643857252
615 0.120682907626557
616 0.120960495601145
617 0.12122097161626
618 0.121472316528512
619 0.121697214000268
620 0.122014265029721
621 0.12238122517241
622 0.122643220057198
623 0.122839203517843
624 0.123086544875728
625 0.123418416998945
626 0.123635440096488
627 0.12387824239126
628 0.124166206800003
629 0.124464004619984
630 0.124768022347883
631 0.125046607161254
632 0.125314119720442
633 0.125660675866063
634 0.125967995458772
635 0.126213772805128
636 0.126429844682878
637 0.126735743829186
638 0.127048116334951
639 0.1273449185383
640 0.12767153554957
641 0.12796965383573
642 0.128258539675181
643 0.128561586039582
644 0.128874536060564
645 0.129095565055596
646 0.129300939727312
647 0.129652617932409
648 0.129949918434092
649 0.130270766458628
650 0.130643759246357
651 0.130922705418771
652 0.131236197333484
653 0.131569478858204
654 0.131865375915462
655 0.132150099568638
656 0.132441969663742
657 0.132753635501389
658 0.133090374034511
659 0.133439332587816
660 0.133780598572301
661 0.134100107422355
662 0.134407220305952
663 0.134730207475958
664 0.135078581420299
665 0.135442294720853
666 0.135761806770368
667 0.136068026558185
668 0.136390715357482
669 0.136722315083339
670 0.137037249475052
671 0.137357935243669
672 0.137715427157822
673 0.138029871141351
674 0.138343560015701
675 0.138691123326421
676 0.139083793112635
677 0.139399593175267
678 0.139696054077783
679 0.140049548181585
680 0.140380266900372
681 0.140753525618547
682 0.141145669966663
683 0.14146522572076
684 0.141818237586919
685 0.142186424868854
686 0.142542788576218
687 0.142895735795022
688 0.143238688230183
689 0.143591989201613
690 0.143973740967502
691 0.14429025731767
692 0.144622135819276
693 0.144996762084011
694 0.145343837108169
695 0.145686432618135
696 0.146051425423262
697 0.146457471066551
698 0.146894519332576
699 0.147268418886537
700 0.147604486062076
701 0.148021150509135
702 0.148451260766394
703 0.148847264399133
704 0.149208355793922
705 0.149644607842336
706 0.150010230191411
707 0.150348899119374
708 0.150761802125503
709 0.151126472482009
710 0.151503049997491
711 0.151925145210176
712 0.152374080222873
713 0.15274601803607
714 0.153095012963763
715 0.153496112281852
716 0.153927259852165
717 0.154397966502591
718 0.154859272898065
719 0.155233186632511
720 0.155618822570222
721 0.15602464712493
722 0.156441351621138
723 0.156851330146701
724 0.157290627287333
725 0.157738620076934
726 0.158159224921108
727 0.158557354312946
728 0.158956091304636
729 0.159365919337882
730 0.159781205165323
731 0.160166549944268
732 0.16054732510013
733 0.160946346016423
734 0.161335649479798
735 0.161787720714057
736 0.162268707621204
737 0.162693586186611
738 0.163039511236614
739 0.16345527006911
740 0.163966301445322
741 0.164408181434624
742 0.164822438797939
743 0.165237699799554
744 0.165676658851569
745 0.166148461952841
746 0.166559189593707
747 0.166940551142956
748 0.167392537942619
749 0.167748349299812
750 0.168110669903964
751 0.168551135008245
752 0.169030112949619
753 0.169490154695662
754 0.169904515294391
755 0.17028564335029
756 0.170751701276226
757 0.171172314794021
758 0.171560432322946
759 0.17203912768042
760 0.172447579907626
761 0.172880279942966
762 0.17336360004565
763 0.173689565383837
764 0.174096198872524
765 0.174577475855575
766 0.175048465116271
767 0.175516841058318
768 0.175967623917726
769 0.176392388325911
770 0.17679314262841
771 0.177217663463453
772 0.177679614911328
773 0.17815487315609
774 0.178548425329104
775 0.178975956127666
776 0.179404079521762
777 0.179777283149651
778 0.180217227176225
779 0.180735424759229
780 0.181253745771
781 0.181632689074329
782 0.182008429248478
783 0.182440371331526
784 0.182927575076586
785 0.183368257997579
786 0.183843283504258
787 0.184284333590141
788 0.184619439478213
789 0.185039391478041
790 0.185488496118035
791 0.18591842429734
792 0.186309196710684
793 0.186792759301075
794 0.187280206199229
795 0.187705429279141
796 0.188120005998309
797 0.188543527895299
798 0.188994057837073
799 0.189468528173003
800 0.189888889053936
801 0.190331170323057
802 0.190771582065042
803 0.191128160369696
804 0.191572436486531
805 0.192054714636504
806 0.192516966569798
807 0.192941780412782
808 0.193343657584508
809 0.1937495059679
810 0.194183350211754
811 0.194650749979173
812 0.19512465357782
813 0.195588888575252
814 0.196030964830373
815 0.196406814652347
816 0.1968047769614
817 0.197258003959244
818 0.197714940195831
819 0.198128101076225
820 0.198516731361496
821 0.198919640214118
822 0.19938033994291
823 0.199851499013797
824 0.20032062672498
825 0.20078570228265
826 0.201228773962667
827 0.201631893756263
828 0.202026360674376
829 0.202466175873157
830 0.202794377034033
831 0.203144318852118
832 0.2035903803993
833 0.204050566030258
834 0.204484262006465
835 0.204857825218154
836 0.205197696031545
837 0.205687033637186
838 0.206202705379498
839 0.206687697196177
840 0.207121618966707
841 0.207499428612897
842 0.207914360384485
843 0.208360317652286
844 0.208744129592856
845 0.209124988366358
846 0.209542973036681
847 0.209994668148124
848 0.210410931090996
849 0.210838935172108
850 0.211260862116996
851 0.211671843343279
852 0.212168581047232
853 0.212583118278961
854 0.212941603089444
855 0.213345780815272
856 0.213762415421229
857 0.214206407632307
858 0.214667429207343
859 0.215114847304713
860 0.215552484315172
861 0.215975066888619
862 0.216370198093144
863 0.216718550442189
864 0.217048219381334
865 0.217454285355369
866 0.217968301963684
867 0.218444528178334
868 0.218902435864513
869 0.219288651691026
870 0.219582898617318
871 0.219965885591637
872 0.220395243538781
873 0.220849736316327
874 0.221316000567303
875 0.221749837131306
876 0.222142069545118
877 0.222517708837998
878 0.222924944573789
879 0.223335071392174
880 0.223709483148242
881 0.224064128104728
882 0.224493184312097
883 0.224916171833334
884 0.225339973022611
885 0.22577711873351
886 0.226206501046124
887 0.226614597376051
888 0.227002703559275
889 0.227386966126891
890 0.227819969201172
891 0.228160905794177
892 0.228502623224659
893 0.22899260356328
894 0.229405292489924
895 0.229781689733936
896 0.230157343108627
897 0.230554450956388
898 0.231003444424011
899 0.231448558904176
900 0.231877447821917
901 0.23233007978266
902 0.232759242728479
903 0.233152963697657
904 0.233503409537749
905 0.233802734135357
906 0.234246900973564
907 0.234675139727067
908 0.235002513238157
909 0.235480704298538
910 0.235873014911213
911 0.236242012025416
912 0.236676864239073
913 0.237081974306928
914 0.237450117141155
915 0.237821444373466
916 0.23824510320578
917 0.238718967357609
918 0.239198213813704
919 0.239645385211445
920 0.240038945418629
921 0.240401207307879
922 0.240733616562814
923 0.241059882246542
924 0.241414563085862
925 0.241793622566931
926 0.242283076548553
927 0.242793966066697
928 0.243135689922386
929 0.243527209679816
930 0.243867426146272
931 0.244169633966213
932 0.244582592319529
933 0.245102169603514
934 0.24565024888098
935 0.2461371848386
936 0.24649403647914
937 0.246808631899744
938 0.247070926812944
939 0.247373249660502
940 0.247938751137253
941 0.248409424451829
942 0.248754016547033
943 0.249046887454905
944 0.249408110540043
945 0.249758729113537
946 0.2501330068021
947 0.250554139176427
948 0.250983515431472
949 0.251424063656057
950 0.251850266324472
951 0.252253180726765
952 0.252668094079977
953 0.253034218795011
954 0.253364555511954
955 0.253703054909477
956 0.254109304704863
957 0.25452831793674
958 0.254942019421616
959 0.255344071476985
960 0.255734110971607
961 0.25607305524007
962 0.256414361211443
963 0.256799286178542
964 0.257178760446701
965 0.257505654245887
966 0.257922818703417
967 0.258480019439783
968 0.258892739886119
969 0.259190229913092
970 0.259570645858666
971 0.260099586819276
972 0.260429022798119
973 0.260709909178901
974 0.261128311262191
975 0.26167672485281
976 0.261925599229247
977 0.262172561478068
978 0.262467291517779
979 0.262822587987815
980 0.263304629614757
981 0.263821501414131
982 0.264257170246578
983 0.264566008452914
984 0.264837388232115
985 0.265220001960709
986 0.265578069565182
987 0.265864569342993
988 0.266280277055019
989 0.26664478120911
990 0.267012218814383
991 0.26744082002538
992 0.267915055747659
993 0.268328114208572
994 0.268570607008711
995 0.268763683208149
996 0.269230447426481
997 0.269468345461339
998 0.269815623973234
999 0.270357098395526
1000 0.270797625583581
1001 0.269457860111887
1002 0.26987667161065
1003 0.270373417766896
1004 0.270751074400197
1005 0.271045174084092
1006 0.271353657537292
1007 0.271626533021598
1008 0.271891316825115
1009 0.272223562757079
1010 0.272492536880288
1011 0.272803709388983
1012 0.273208649950796
1013 0.273556774863108
1014 0.273965179572229
1015 0.27445329192283
1016 0.274796169195064
1017 0.275129409060094
1018 0.275416993219708
1019 0.275747941649072
1020 0.276035113786074
1021 0.276391183686728
1022 0.276748269729804
1023 0.27705971485583
1024 0.277364973521581
1025 0.277644436168084
1026 0.278010535618124
1027 0.278400166123415
1028 0.278756383715694
1029 0.279087387795568
1030 0.279365300803199
1031 0.27966851016465
1032 0.279992350631505
1033 0.280330211202052
1034 0.280687088301569
1035 0.281099601890242
1036 0.281427593952954
1037 0.281763502897894
1038 0.282120627011551
1039 0.282413344171909
1040 0.282711232582698
1041 0.283025949154621
1042 0.283299603185537
1043 0.283670484323336
1044 0.284110676281686
1045 0.284432132852884
1046 0.284753637606002
1047 0.285072071606354
1048 0.285343796266996
1049 0.285569707667905
1050 0.285917437269471
1051 0.286207278564704
1052 0.286488575043474
1053 0.286899470230408
1054 0.287287598464211
1055 0.287693929222843
1056 0.288066452820214
1057 0.288305644774662
1058 0.288553435672683
1059 0.288868039228531
1060 0.289190925935532
1061 0.289526300180375
1062 0.28985442573247
1063 0.290171329594394
1064 0.29046603788626
1065 0.290811105875653
1066 0.291129071820426
1067 0.291416691504974
1068 0.29172160245137
1069 0.291957725430614
1070 0.292194934483764
1071 0.29250259862595
1072 0.292806862072215
1073 0.293083573489351
1074 0.29340103460959
1075 0.293739978829916
1076 0.294038198926579
1077 0.294297280932604
1078 0.294591169203136
1079 0.294880907480806
1080 0.295150080711318
1081 0.295413223792604
1082 0.295672939644765
1083 0.296013952695548
1084 0.296329840613091
1085 0.296621347095794
1086 0.296942497128433
1087 0.297202621789492
1088 0.297431527879558
1089 0.297702214030254
1090 0.298004465978601
1091 0.29828511604274
1092 0.298560194181959
1093 0.298838054738391
1094 0.299114085555881
1095 0.299370982232021
1096 0.29964644901652
1097 0.299917826774609
1098 0.300191780520427
1099 0.300487022843925
1100 0.300794732584007
1101 0.301120344024909
1102 0.301446205987954
1103 0.301723392637268
1104 0.301977595395969
1105 0.302240604591299
1106 0.302499655859409
1107 0.302749623488197
1108 0.30301806901893
1109 0.303309890440635
1110 0.303547020655905
1111 0.303794004482215
1112 0.304079310558107
1113 0.304317558354162
1114 0.304583436847939
1115 0.304880181356453
1116 0.305115814362449
1117 0.305402927856924
1118 0.305691786770759
1119 0.305927586441965
1120 0.306165516281511
1121 0.30639112090614
1122 0.306569911150526
1123 0.306793024260976
1124 0.30703260380347
1125 0.307277576200206
1126 0.307539318174257
1127 0.307791566908839
1128 0.308052419296213
1129 0.308324582649236
1130 0.308572131345187
1131 0.308817072187895
1132 0.309083627566046
1133 0.309356217880578
1134 0.309654873867558
1135 0.309949541408138
1136 0.310211375870479
1137 0.310452984399121
1138 0.31069295023241
1139 0.310908451625649
1140 0.311127846904436
1141 0.311333105932874
1142 0.311564562347145
1143 0.311794169188363
1144 0.31204357628428
1145 0.312326117084431
1146 0.312594315050143
1147 0.312851239234902
1148 0.313080972078817
1149 0.313281019314632
1150 0.313501020151308
1151 0.31372160581321
1152 0.313950820632149
1153 0.314176353449469
1154 0.314400809194709
1155 0.31465094422375
1156 0.314915064205806
1157 0.315160376789408
1158 0.315434548092743
1159 0.315684893186943
1160 0.315902050612844
1161 0.316127910657494
1162 0.316362796225273
1163 0.316604441279329
1164 0.316832528685101
1165 0.317043842234544
1166 0.317289735389318
1167 0.317501914038522
1168 0.317702206568196
1169 0.317936259324107
1170 0.318159314211101
1171 0.318359065474264
1172 0.3186113070483
1173 0.318905794189839
1174 0.319164928347096
1175 0.319433903062411
1176 0.319694044568858
1177 0.319929226390659
1178 0.320177733782277
1179 0.320443336429313
1180 0.320714047818602
1181 0.32092532567419
1182 0.321106635053414
1183 0.321312682858895
1184 0.321506220350225
1185 0.321708007805733
1186 0.321958284798917
1187 0.322185653035152
1188 0.32239230405069
1189 0.322614638583455
1190 0.322876220645304
1191 0.323076600483189
1192 0.3232258464987
1193 0.323430231024278
1194 0.323624160277925
1195 0.323828549407509
1196 0.324100504719103
1197 0.324318227377382
1198 0.32448934773681
1199 0.324680495548656
1200 0.324869241603272
1201 0.325056786092176
1202 0.325263219911881
1203 0.325454954798602
1204 0.325629185164914
1205 0.325764361564792
1206 0.325954303309689
1207 0.32616060863664
1208 0.32635752127201
1209 0.326587109737108
1210 0.326794957831912
1211 0.32698528389441
1212 0.327173302359413
1213 0.32737162623669
1214 0.327550336844541
1215 0.327687191271707
1216 0.32785346659667
1217 0.328018386268389
1218 0.328208981737654
1219 0.328416452579574
1220 0.328600664698997
1221 0.328786302051054
1222 0.328973209974219
1223 0.329142251177488
1224 0.329290753009229
1225 0.329465094216532
1226 0.329644913314781
1227 0.329809009673561
1228 0.329983720715968
1229 0.330149636566443
1230 0.330293964119005
1231 0.330444084238209
1232 0.330584217250294
1233 0.330751922369031
1234 0.330915852647751
1235 0.331104704556016
1236 0.33132697576645
1237 0.331568189185597
1238 0.331803019410818
1239 0.332003695346105
1240 0.332181217079282
1241 0.33232430311513
1242 0.332483927304585
1243 0.332621153565881
1244 0.332778081669293
1245 0.332962609568611
1246 0.333110884517391
1247 0.333220014019026
1248 0.333377777966744
1249 0.333539197862075
1250 0.333709381051252
1251 0.333925125404816
1252 0.33412025117394
1253 0.334306446208283
1254 0.334490155486437
1255 0.334677766355932
1256 0.334855495131394
1257 0.335035646609358
1258 0.335185193600592
1259 0.335342152431894
1260 0.335484499913134
1261 0.335659216562946
1262 0.33584897236021
1263 0.336026485455677
1264 0.336221818375243
1265 0.336397669194822
1266 0.336553444046548
1267 0.336710964752493
1268 0.336864958073031
1269 0.337025363101145
1270 0.337162778739258
1271 0.337338786247801
1272 0.337551566208521
1273 0.337745970185024
1274 0.337944569352972
1275 0.338149112913104
1276 0.338356343471713
1277 0.338553509877335
1278 0.338737456038068
1279 0.338957999001367
1280 0.339159488253897
1281 0.339348510385102
1282 0.339538707269422
1283 0.339745177584467
1284 0.339917245039359
1285 0.340060490921619
1286 0.340217259536919
1287 0.3403638388604
1288 0.340516618679155
1289 0.3406785548676
1290 0.340828448531125
1291 0.34098551994052
1292 0.341114664189478
1293 0.341221204302565
1294 0.341330149225351
1295 0.341408622757794
1296 0.341508639469972
1297 0.341613516553302
1298 0.341731451293968
1299 0.341868481807355
1300 0.341991833688773
1301 0.342151208491497
1302 0.342329257512237
1303 0.342511655681706
1304 0.342727446052484
1305 0.342903874633014
1306 0.343071962089343
1307 0.343234072558905
1308 0.343390723940925
1309 0.34351938582226
1310 0.343639638609943
1311 0.343739758486795
1312 0.343789885890854
1313 0.343872887974838
1314 0.343963452498501
1315 0.344049959712901
1316 0.34414504939075
1317 0.344235631047875
1318 0.344306015565475
1319 0.344400837152886
1320 0.344497246122667
1321 0.344616338516595
1322 0.344767149508345
1323 0.344916672498001
1324 0.345059223501271
1325 0.345212408360948
1326 0.345354589932816
1327 0.345479869599455
1328 0.345624622302737
1329 0.345796417302789
1330 0.345918642789791
1331 0.346033921196718
1332 0.346124403013529
1333 0.346169146310361
1334 0.346232936945701
1335 0.346274076705022
1336 0.346355356412284
1337 0.346443960285168
1338 0.34655478225099
1339 0.346706645194304
1340 0.346847057836449
1341 0.347002654427751
1342 0.347146010433277
1343 0.347312163476675
1344 0.347432881005292
1345 0.347527001684109
1346 0.34760757859728
1347 0.347660744008308
1348 0.347687303242294
1349 0.347723312137066
1350 0.347749424214784
1351 0.347786947922443
1352 0.347824483802603
1353 0.34786324723826
1354 0.347918127462862
1355 0.347945641859818
1356 0.347940528006356
1357 0.34797785426268
1358 0.348032322866133
1359 0.348067018981423
1360 0.348098626764803
1361 0.348163468040555
1362 0.348203023980354
1363 0.348297295721772
1364 0.348476258862764
1365 0.348610331649611
1366 0.348737686323755
1367 0.348873272950923
1368 0.349004119191924
1369 0.349131927943613
1370 0.34930136301669
1371 0.349412296183216
1372 0.349494004428323
1373 0.349558293309716
1374 0.349561758945672
1375 0.349531154754794
1376 0.349457861750902
1377 0.349329249503805
1378 0.349208826720696
1379 0.349051363510161
1380 0.348902124982988
1381 0.348744736683494
1382 0.348593558240014
1383 0.348415458461804
1384 0.348286290635255
1385 0.348196009244356
1386 0.348082129728407
1387 0.34799826017034
1388 0.347877565151239
1389 0.347764741568791
1390 0.347581154178891
1391 0.347364865434288
1392 0.347112126145757
1393 0.346785386367777
1394 0.346458233210044
1395 0.346097670995515
1396 0.345744353113779
1397 0.34539620035002
1398 0.345015612513623
1399 0.344603752014392
1400 0.344213091017331
1401 0.343810682240083
1402 0.343399354748389
1403 0.343001190129764
1404 0.342635582889037
1405 0.342280165305874
1406 0.341917174249315
1407 0.341590875327237
1408 0.341297803801719
1409 0.341022955332498
1410 0.340743562648789
1411 0.340545670133433
1412 0.340373736450864
1413 0.340286072915974
1414 0.340248701069306
1415 0.340301435254302
1416 0.340416953339036
1417 0.340628738578627
1418 0.340949876465036
1419 0.341301138397782
1420 0.341775991367784
1421 0.342197600977182
1422 0.342656463664617
1423 0.343077065190586
1424 0.343484436398549
1425 0.343864877730261
1426 0.34421015599499
1427 0.344565470102085
1428 0.344897946038285
1429 0.345239683706271
1430 0.345584308235288
1431 0.345937569968977
1432 0.346308085666643
1433 0.346666442477397
1434 0.347009295478268
1435 0.347324922209403
1436 0.347606274233788
1437 0.347827961678584
1438 0.348094649818184
1439 0.348354291869163
1440 0.348632487212571
1441 0.348936356957993
1442 0.349213345319549
1443 0.349493651676989
1444 0.349744928595832
1445 0.349976476858058
1446 0.350204092946598
1447 0.35041025012143
1448 0.350622965201824
1449 0.350846024852119
1450 0.351038113854518
1451 0.351211868447643
1452 0.351383136447573
1453 0.351531611814469
1454 0.351683291952289
1455 0.351823853260347
1456 0.351988801342627
1457 0.35217389690525
1458 0.35233331394694
1459 0.352519251842726
1460 0.352654968334058
1461 0.352716871240094
1462 0.352827206055368
1463 0.352925656240142
1464 0.353050586131583
1465 0.353201404472269
1466 0.353375155942292
1467 0.353589698919911
1468 0.353783408808902
1469 0.35400199690309
1470 0.354201491366183
1471 0.354363197561586
1472 0.354512512278825
1473 0.354667828362767
1474 0.354809038766324
1475 0.354961433281359
1476 0.355104944293247
1477 0.355287982856659
1478 0.355492057048664
1479 0.35568805653148
1480 0.355906775548397
1481 0.356113760893167
1482 0.356328178327589
1483 0.356501969526175
1484 0.356678047934546
1485 0.356810418375185
1486 0.356856302615028
1487 0.356987211266588
1488 0.357117060421208
1489 0.357298728775067
1490 0.357567427092402
1491 0.357774705792423
1492 0.357990715284207
1493 0.358180496272132
1494 0.358334307401706
1495 0.358492596542921
1496 0.358641824879873
1497 0.35879377490998
1498 0.358949608290064
1499 0.35908469698777
1500 0.359192468986436
1501 0.35933072429465
1502 0.35945975133421
1503 0.359605905132933
1504 0.359802158824331
1505 0.359966903986288
1506 0.360131044775808
1507 0.360270677032253
1508 0.36037593169652
1509 0.360493933299326
1510 0.360582690655608
1511 0.360702830700256
1512 0.360841710716728
1513 0.360995108580802
1514 0.361194360475632
1515 0.361359177066336
1516 0.361506465589224
1517 0.361671610398615
1518 0.361792143218601
1519 0.361940149241738
1520 0.362135636639955
1521 0.362284567392605
1522 0.362435585597552
1523 0.36259018102181
1524 0.362726638270964
1525 0.362839838715918
1526 0.362958054119225
1527 0.363076704914172
1528 0.363180896618967
1529 0.363273824435107
1530 0.363363896673997
1531 0.36344490222185
1532 0.363523734769259
1533 0.363589914280739
1534 0.363673718398486
1535 0.363751341619441
1536 0.363857116892679
1537 0.363992676644352
1538 0.364110342760829
1539 0.364228176019432
1540 0.364361520939423
1541 0.364495934147214
1542 0.364631395846865
1543 0.364793462073785
1544 0.364931628939642
1545 0.36506731595037
1546 0.365170988067209
1547 0.365237648274533
1548 0.365335448154563
1549 0.365431777129006
1550 0.365513447083382
1551 0.365607207278834
1552 0.365697115254678
1553 0.365741009551134
1554 0.365836158141258
1555 0.365979255479147
1556 0.366099631332542
1557 0.366246932252792
1558 0.366352607705848
1559 0.366423348816331
1560 0.366508814361969
1561 0.366569198305407
1562 0.366651566647072
1563 0.366756420286748
1564 0.366851677423721
1565 0.36695634934922
1566 0.367044512182338
1567 0.367122857727963
1568 0.367200143178262
1569 0.367265863953833
1570 0.367332904921899
1571 0.367381626731403
1572 0.367461160527185
1573 0.367542090723883
1574 0.36765102279412
1575 0.367813075651309
1576 0.367950699749105
1577 0.368085517967711
1578 0.36822895330551
1579 0.368393081304973
1580 0.368516675708325
1581 0.368621229564354
1582 0.368729658803092
1583 0.368789634469963
1584 0.368880354555429
1585 0.369009942340674
1586 0.369122026736805
1587 0.369235338547288
1588 0.369341755392306
1589 0.369435998653792
1590 0.369532169476326
1591 0.369640740795232
1592 0.369724944206102
1593 0.369782378545369
1594 0.369854112808162
1595 0.369895124949738
1596 0.369971583555012
1597 0.370088515437917
1598 0.3701993096884
1599 0.370331088623732
1600 0.37046082596356
1601 0.370551215476419
1602 0.370655316552762
1603 0.370738088297392
1604 0.370824427303068
1605 0.370911390894208
1606 0.37100329988554
1607 0.371089504793876
1608 0.371172417966323
1609 0.371251668646021
1610 0.37133717485359
1611 0.371390203223196
1612 0.371421653710542
1613 0.371472683221794
1614 0.371514367697728
1615 0.371553174335444
1616 0.371593740593017
1617 0.371659286260433
1618 0.371711692168932
1619 0.371808141795826
1620 0.371953911713956
1621 0.372076190228061
1622 0.372201979850094
1623 0.372330278799672
1624 0.372471805830745
1625 0.372578331141452
1626 0.37268127306036
1627 0.372757107609488
1628 0.372805311445
1629 0.372844268670624
1630 0.372851921977614
1631 0.372905254259812
1632 0.372939084921206
1633 0.373054837709985
1634 0.373239367190719
1635 0.373387003863948
1636 0.373567879519826
1637 0.373717519742096
1638 0.373857023067493
1639 0.37395847472123
1640 0.374044844087745
1641 0.374116575839601
1642 0.374140888857429
1643 0.374203473647258
1644 0.374271183343471
1645 0.374364467540102
1646 0.374475410107188
1647 0.374572029611179
1648 0.374683193536455
1649 0.374785901777103
1650 0.374866888683986
1651 0.374978939945482
1652 0.37511933617663
1653 0.375229929854377
1654 0.375347679488777
1655 0.375426288608474
1656 0.37549309990585
1657 0.375535861202864
1658 0.375549835418034
1659 0.375570020654692
1660 0.375610811948888
1661 0.37568971719263
1662 0.375761132283986
1663 0.375841148328384
1664 0.375926394288145
1665 0.375986200880648
1666 0.376069979878152
1667 0.376169756983571
1668 0.376242589977355
1669 0.376344472462723
1670 0.376460736969974
1671 0.37656094669893
1672 0.376664291821955
1673 0.376700999268526
1674 0.376727922403671
1675 0.376759369428974
1676 0.376767321203943
1677 0.376808022781092
1678 0.376850290744857
1679 0.376933928588118
1680 0.377068922754824
1681 0.377211282166527
1682 0.377342042577325
1683 0.377439170233774
1684 0.377506683501627
1685 0.377592852312076
1686 0.377710709568385
1687 0.377827351424958
1688 0.377943955100837
1689 0.378051439587581
1690 0.378174772191728
1691 0.378307809620169
1692 0.378409834657158
1693 0.378475351068333
1694 0.378537592229241
1695 0.378617661447697
1696 0.378679642877098
1697 0.378721585780768
1698 0.378808245066073
1699 0.378910465027313
1700 0.3790067113821
1701 0.379190159382336
1702 0.379295711287284
1703 0.379309416753283
1704 0.379366692195548
1705 0.379448347212702
1706 0.379477299047037
1707 0.379499473683612
1708 0.379515059387901
1709 0.379423486894688
1710 0.379429054864421
1711 0.379516444547893
1712 0.379564869905512
1713 0.379631406330891
1714 0.379714745565539
1715 0.379815563154705
1716 0.37987315050894
1717 0.379959533257555
1718 0.379993735878114
1719 0.379930303553555
1720 0.37989794845496
1721 0.379857777644381
1722 0.379839232081152
1723 0.379798548552677
1724 0.37985823791009
1725 0.380009423194281
1726 0.380080533075192
1727 0.380207755754847
1728 0.380238957171105
1729 0.380149212612969
1730 0.3801316099272
1731 0.380101078726926
1732 0.380135265546834
1733 0.380220079988106
1734 0.380287030728036
1735 0.380401395747465
1736 0.380444804502945
1737 0.380432921888736
1738 0.380461872723897
1739 0.380490844112894
1740 0.380523541499471
1741 0.380573443526495
1742 0.380642072859806
1743 0.3806651265991
1744 0.380684952744133
1745 0.380694183002419
1746 0.380628161167945
1747 0.380577692663561
1748 0.380559911557382
1749 0.380558860602993
1750 0.380622311173711
1751 0.380702981191345
1752 0.380802323823181
1753 0.380882395413379
1754 0.380901623092067
1755 0.380915827621286
1756 0.380886503708091
1757 0.380831445257286
1758 0.380795344838718
1759 0.380765244594125
1760 0.380752647673819
1761 0.380765828870763
1762 0.380782570861069
1763 0.380741694885635
1764 0.380659140732797
1765 0.380594986396118
1766 0.380532085772831
1767 0.380513523741678
1768 0.380529625608899
1769 0.380565543866889
1770 0.380653464355369
1771 0.380719670626677
1772 0.380785643974567
1773 0.38086153142619
1774 0.380939825146201
1775 0.381021749773699
1776 0.381140180664536
1777 0.381213734587364
1778 0.381270955927143
1779 0.38127039605502
1780 0.381209332209314
1781 0.381162528453281
1782 0.381125259092044
1783 0.381107724509666
1784 0.381080160415795
1785 0.381045264822677
1786 0.380988716261774
1787 0.38097113718471
1788 0.381011047018
1789 0.381024031405835
1790 0.381051444945089
1791 0.38114142129248
1792 0.38120693240478
1793 0.381325837374031
1794 0.381499121723489
1795 0.3815768358122
1796 0.381654481547006
1797 0.381674628276452
1798 0.381650383213998
1799 0.3817038134972
1800 0.381693953011888
1801 0.381044494235453
1802 0.380987483810338
1803 0.38095476962142
1804 0.381094874328871
1805 0.381143279973672
1806 0.381133933056748
1807 0.381212889627296
1808 0.381357791872729
1809 0.381424582889794
1810 0.381484166602116
1811 0.381623964014426
1812 0.381590889024563
1813 0.381567059655535
1814 0.381578734286728
1815 0.381567363642386
1816 0.381612350092025
1817 0.381696236363568
1818 0.381796085244531
1819 0.38195721237296
1820 0.382073601713515
1821 0.382124571245911
1822 0.382178846449965
1823 0.382092821317334
1824 0.382039428723538
1825 0.382045942606881
1826 0.382121685516959
1827 0.382139397380897
1828 0.382213672189692
1829 0.382186058165461
1830 0.382072284153195
1831 0.38198130507918
1832 0.381877022655198
1833 0.381766243190089
1834 0.381833171192893
1835 0.381842837814
1836 0.38186765561352
1837 0.381937387031219
1838 0.38201055403548
1839 0.382066420802675
1840 0.382173986475297
1841 0.382261666231183
1842 0.382261877787135
1843 0.382255460267447
1844 0.382266498772382
1845 0.382329338286975
1846 0.382392465439262
1847 0.382443413562552
1848 0.382516672592501
1849 0.382544030738032
1850 0.382555562332665
1851 0.382590518549383
1852 0.382614287765093
1853 0.382572902213313
1854 0.38246856063922
1855 0.382382377793812
1856 0.382256728918534
1857 0.382118908646248
1858 0.382018578372954
1859 0.381965057791291
1860 0.381853852922535
1861 0.381689662035944
1862 0.381573805022987
1863 0.381408558205286
1864 0.381128972822545
1865 0.380878963347701
1866 0.380673168053562
1867 0.380354133721619
1868 0.379929756571548
1869 0.379536762621026
1870 0.379202789565657
1871 0.378782264678176
1872 0.378444717156341
1873 0.3782030021602
1874 0.377886395100912
1875 0.377504500694548
1876 0.377163432486323
1877 0.376764546977132
1878 0.376316963389612
1879 0.375844936999246
1880 0.37534636551077
1881 0.37472516557939
1882 0.374057037598544
1883 0.373312137462205
1884 0.37249190815126
1885 0.371615844278084
1886 0.370595122603211
1887 0.369493566858935
1888 0.368283893421302
1889 0.366976416130117
1890 0.365517687118381
1891 0.363968664606852
1892 0.362257894823131
1893 0.360456734617235
1894 0.358615773953584
1895 0.356684762944192
1896 0.354800103137852
1897 0.352886654960837
1898 0.35082643329054
1899 0.348907478833097
1900 0.346958623233472
1901 0.345184680551629
1902 0.343492513133978
1903 0.342027387368723
1904 0.340575045140409
1905 0.339267968779449
1906 0.338063112693434
1907 0.337021369139524
1908 0.336149846326474
1909 0.33548828170488
1910 0.334974792252661
1911 0.33465459726629
1912 0.334390217912385
1913 0.334328094822827
1914 0.334256994828201
1915 0.334170712722533
1916 0.334130012242676
1917 0.334053594154809
1918 0.334075996701321
1919 0.334186536625847
1920 0.334430521276273
1921 0.334776911367847
1922 0.335308909239434
1923 0.335771868027923
1924 0.336307361838008
1925 0.336855240698198
1926 0.337324675895096
1927 0.337860356126309
1928 0.338429373225134
1929 0.338918290249512
1930 0.339391905315275
1931 0.339864698223789
1932 0.340365930008807
1933 0.340919339774036
1934 0.341415821179939
1935 0.34192287246417
1936 0.342348147424032
1937 0.342803205331895
1938 0.343229496423457
1939 0.343745329257083
1940 0.344359661138979
1941 0.344957534163474
1942 0.345503073960935
1943 0.3459980810895
1944 0.346435582412958
1945 0.34688420672791
1946 0.347265253023196
1947 0.347694908087225
1948 0.348142733648934
1949 0.348610960903947
1950 0.34905149482016
1951 0.349416794654366
1952 0.349731672055669
1953 0.350031649347511
1954 0.350381140240307
1955 0.350727867858287
1956 0.351108169957422
1957 0.351562806603211
1958 0.351968329604458
1959 0.352337771284526
1960 0.35277480651955
1961 0.353170222086583
1962 0.353498110476494
1963 0.353922282207734
1964 0.354329190815083
1965 0.354726474707838
1966 0.355151783859723
1967 0.355559226200578
1968 0.35594352444841
1969 0.356308822108496
1970 0.356640221508841
1971 0.357033643668399
1972 0.357404461070631
1973 0.357831246215254
1974 0.358365504228276
1975 0.358858044663237
1976 0.359251975417895
1977 0.359644625057402
1978 0.359987188687676
1979 0.36020668168291
1980 0.360520915575943
1981 0.360827791829876
1982 0.3611919914714
1983 0.361657515041739
1984 0.362051891250447
1985 0.362450819485565
1986 0.362834488952509
1987 0.363153310049533
1988 0.363494907570054
1989 0.363967664060227
1990 0.364367383176881
1991 0.364788907871023
1992 0.365280364374991
1993 0.365676848801558
1994 0.366027238633906
1995 0.366367002178005
1996 0.36660622673801
1997 0.366926094094454
1998 0.367262222385198
1999 0.367630427654743
2000 0.368036661877637
2001 0.368332139608859
2002 0.368644645374688
2003 0.368863239929975
2004 0.369224403840408
2005 0.369701655286729
2006 0.370072314192118
2007 0.370484753130284
2008 0.370836491398941
2009 0.371070737426601
2010 0.37134610651434
2011 0.371664091211581
2012 0.371898069012306
2013 0.372186996402448
2014 0.372484617803476
2015 0.372720998482405
2016 0.372931250324358
2017 0.373183141259275
2018 0.373362583902735
2019 0.373640679937671
2020 0.374050859621424
2021 0.374360072646888
2022 0.374666137657004
2023 0.374942383163178
2024 0.375140519204458
2025 0.375394580779897
2026 0.375676824697188
2027 0.375859441930856
2028 0.376080791823986
2029 0.376323062039189
2030 0.376544011749059
2031 0.376784689442511
2032 0.37698039913885
2033 0.377113458053571
2034 0.37730341961743
2035 0.377507096321247
2036 0.37767452483135
2037 0.377855061940612
2038 0.378041795472778
2039 0.37817902912355
2040 0.378345173394461
2041 0.378639482197305
2042 0.378816122455491
2043 0.378940335251953
2044 0.379000513169662
2045 0.379113978135292
2046 0.379164406156657
2047 0.379269449941114
2048 0.379453623082253
2049 0.379559181020479
2050 0.37954347661841
2051 0.379666000190296
2052 0.379792127045474
2053 0.38002970860832
2054 0.380431279890433
2055 0.380867164010147
2056 0.381161783135762
2057 0.381489104347705
2058 0.381677601962495
2059 0.38165316683774
2060 0.381807815106637
2061 0.382023903227886
2062 0.382152472259888
2063 0.38227819446957
2064 0.38241128387409
2065 0.382476110629036
2066 0.382565141297831
2067 0.382694827000219
2068 0.382845213812615
2069 0.382919095121768
2070 0.382988888740734
2071 0.38309010118304
2072 0.383197033649538
2073 0.383356157599863
2074 0.383616767415625
2075 0.383708768693765
2076 0.383714043867748
2077 0.383799172273154
2078 0.383804074322343
2079 0.383864977940967
2080 0.38404215557335
2081 0.384172884089519
2082 0.384240308929534
2083 0.384346100036741
2084 0.384510242677173
2085 0.384688592300786
2086 0.384728996092234
2087 0.384660110019385
2088 0.384722715329983
2089 0.384719753222283
2090 0.384826856294038
2091 0.385097855113131
2092 0.385272587807537
2093 0.385460430509772
2094 0.385582423003656
2095 0.385722650466489
2096 0.385752465617623
2097 0.385520904583226
2098 0.385531805553236
2099 0.385595971774032
2100 0.385719539455673
2101 0.38589750872975
2102 0.386177475113975
2103 0.386330075368505
2104 0.386362923010805
2105 0.386483116616007
2106 0.386618677508755
2107 0.386762411968935
2108 0.386925712069342
2109 0.387053197159705
2110 0.387199169611369
2111 0.387309852798377
2112 0.387324067120112
2113 0.387449285828861
2114 0.38764136906278
2115 0.387807869720718
2116 0.38805928832743
2117 0.388241975906
2118 0.388385863814824
2119 0.388401487416456
2120 0.388500180964855
2121 0.388583113297268
2122 0.388687190345686
2123 0.388797943057864
2124 0.388955388164739
2125 0.389113839102238
2126 0.389319654855253
2127 0.389642051692726
2128 0.389860472657933
2129 0.390119477031141
2130 0.390250448707454
2131 0.390224811669593
2132 0.390262200961309
2133 0.390266937221589
2134 0.390235441338885
2135 0.390248147863132
2136 0.390342774336498
2137 0.390386365288001
2138 0.390426567922541
2139 0.390432067284611
2140 0.390457641269479
2141 0.390396318454466
2142 0.390322503856619
2143 0.390143521097343
2144 0.389819014811182
2145 0.389556956854898
2146 0.389233389186397
2147 0.388937510814236
2148 0.388731289922357
2149 0.388423145467663
2150 0.3880190668709
2151 0.387650673297733
2152 0.387145981023777
2153 0.386835334123928
2154 0.386666415517291
2155 0.386326475369527
2156 0.386092849093438
2157 0.385940797005231
2158 0.385731275975954
2159 0.385577424106807
2160 0.385261126760419
2161 0.384905743500832
2162 0.384448842336894
2163 0.383704730050196
2164 0.383231097742056
2165 0.382879032976217
2166 0.382449132384536
2167 0.382071459893937
2168 0.381710545061594
2169 0.381277783525545
2170 0.380905008495381
2171 0.380654885240416
2172 0.380377045856159
2173 0.380192145946907
2174 0.379792785086591
2175 0.379431827300367
2176 0.379065508180075
2177 0.37865448544939
2178 0.378172463983265
2179 0.377703406461669
2180 0.377183587464826
2181 0.376750211453008
2182 0.376338357713109
2183 0.375929472969979
2184 0.375632758032313
2185 0.375197342025672
2186 0.374694854220071
2187 0.374163362358819
2188 0.373568794981851
2189 0.372964017825293
2190 0.372253527934751
2191 0.37164428626488
2192 0.371108603268571
2193 0.370499196864062
2194 0.369886652755115
2195 0.369263802418393
2196 0.368771746867767
2197 0.368327021704053
2198 0.367885943439108
2199 0.367646658828781
2200 0.367224680800089
2201 0.366737534091907
2202 0.366139832586259
2203 0.365355184284309
2204 0.364815055215735
2205 0.364118860407879
2206 0.363779617871507
2207 0.363818874703395
2208 0.363798458323762
2209 0.363855600033265
2210 0.364037224427346
2211 0.364306786436272
2212 0.364676362673878
2213 0.365316851834834
2214 0.365814235045582
2215 0.366231895874669
2216 0.366762450287907
2217 0.367375915645457
2218 0.367880179520285
2219 0.368467409615784
2220 0.369090344820027
2221 0.369521619131658
2222 0.369864048591492
2223 0.369974876588488
2224 0.369804296053241
2225 0.369939206601886
2226 0.369943974262884
2227 0.370182025617037
2228 0.370763877319019
2229 0.371108116950248
2230 0.371455573007237
2231 0.371654000444215
2232 0.371805979244417
2233 0.371860159976271
2234 0.371603279726521
2235 0.371627567265234
2236 0.371779182751499
2237 0.371837148229466
2238 0.372107354874323
2239 0.372126648862807
2240 0.371844386829271
2241 0.371707610134336
2242 0.371328602647184
2243 0.371304805747083
2244 0.371615034347197
2245 0.371923546882977
2246 0.372016034895311
2247 0.372171425486377
2248 0.372083801936447
2249 0.371959405829753
2250 0.372019675169411
2251 0.372365884830242
2252 0.37243594386995
2253 0.372370356467861
2254 0.372429247204272
2255 0.372448743176588
2256 0.372529539998937
2257 0.372758636690255
2258 0.372826185826958
2259 0.372765653555675
2260 0.372838751699545
2261 0.372939776490716
2262 0.373038802823762
2263 0.3731691299506
2264 0.373347564970631
2265 0.373624994429642
2266 0.373728990637717
2267 0.373880829180022
2268 0.373880040595073
2269 0.373500555414101
2270 0.373362601366585
2271 0.373265175307284
2272 0.373273776999907
2273 0.373568216182636
2274 0.373677263285428
2275 0.373687039344895
2276 0.37375751793932
2277 0.373964322795164
2278 0.373770233486065
2279 0.373686068042783
2280 0.373587083693501
2281 0.373144763435757
2282 0.372970307319181
2283 0.373187061605773
2284 0.373325591057122
2285 0.373319147952384
2286 0.373412585685585
2287 0.373385051305475
2288 0.373115558706302
2289 0.372864405005034
2290 0.372571829340087
2291 0.372468040205971
2292 0.372328638007846
2293 0.372260952784092
2294 0.372537392956789
2295 0.372480564214278
2296 0.372108377152719
2297 0.371948538365012
2298 0.371883335558564
2299 0.371678665472666
2300 0.371381362493482
2301 0.37127943820165
2302 0.371130165883263
2303 0.371121870406336
2304 0.371502608806456
2305 0.371517462832745
2306 0.371291727755737
2307 0.371207330233615
2308 0.371038994055846
2309 0.370922774048631
2310 0.371037799796635
2311 0.370951094843041
2312 0.370737472970643
2313 0.370438746254816
2314 0.369821755688235
2315 0.369516107140619
2316 0.36917527531695
2317 0.369091997529645
2318 0.369667231640752
2319 0.369788707331392
2320 0.369662943316894
2321 0.369665823857818
2322 0.369805553056673
2323 0.369785880772923
2324 0.369872683408124
2325 0.370155591724554
2326 0.370274663502202
2327 0.369866254834203
2328 0.369510301135661
2329 0.369333302216435
2330 0.369109642865299
2331 0.369038843351393
2332 0.36890142693743
2333 0.368784728061814
2334 0.368495088165454
2335 0.368042005174192
2336 0.367831537783073
2337 0.367975478872461
2338 0.367477449428355
2339 0.366630345825462
2340 0.36622035555106
2341 0.365470464542473
2342 0.365346348211689
2343 0.366010257017046
2344 0.366009456489423
2345 0.365956742766161
2346 0.365770897358241
2347 0.365207209801212
2348 0.364996840021379
2349 0.364881652516187
2350 0.364767239162061
2351 0.36485834085162
2352 0.364744269597826
2353 0.36444030129424
2354 0.364375937241477
2355 0.364292006880912
2356 0.364399909243634
2357 0.364931797898399
2358 0.364984268545309
2359 0.364949621617009
2360 0.364793038286698
2361 0.364090165554596
2362 0.363903091058966
2363 0.364162494995153
2364 0.363862156537199
2365 0.363290935502199
2366 0.363147482124447
2367 0.362833029413557
2368 0.362689940739661
2369 0.363413101992681
2370 0.363233617186917
2371 0.362152021278589
2372 0.361959843886724
2373 0.361746327745325
2374 0.361654246043737
2375 0.36205111157561
2376 0.362455635746843
2377 0.3631127194237
2378 0.3633512228888
2379 0.363837753389722
2380 0.363911263417381
2381 0.363165536073777
2382 0.362575958462873
2383 0.36214530439449
2384 0.361456786065736
2385 0.359947814564881
2386 0.359757051877615
2387 0.360283708239731
2388 0.360530079787303
2389 0.361606056719094
2390 0.36201957378227
2391 0.362183694359116
2392 0.361795439122919
2393 0.360824039184155
2394 0.360176540379452
2395 0.359073243477343
2396 0.358352455181439
2397 0.357870475453194
2398 0.357712245289095
2399 0.357620926676432
2400 0.357477550890077
2401 0.357891700421199
2402 0.35815934764748
2403 0.358674667293277
2404 0.358443957092318
2405 0.357647429447952
2406 0.357131313540899
2407 0.35585702125996
2408 0.355497843004565
2409 0.356030470552164
2410 0.356257996382524
2411 0.356806696561084
2412 0.356769936769276
2413 0.35648535619018
2414 0.356218842334827
2415 0.355502728111169
2416 0.35500566642823
2417 0.354514597736684
2418 0.354161171687604
2419 0.35421047422943
2420 0.353511298152905
2421 0.352627630736543
2422 0.352116006216307
2423 0.350990248483651
2424 0.350353416752553
2425 0.350233833272483
2426 0.349602209189771
2427 0.348930690369951
2428 0.348242680348097
2429 0.347348193595386
2430 0.347301420655871
2431 0.347455854563438
2432 0.347430531391505
2433 0.348114903467895
2434 0.347957462093228
2435 0.347463855749408
2436 0.346621907926769
2437 0.34531287436714
2438 0.343925036617927
2439 0.341325508445647
2440 0.340808622532789
2441 0.341741662799299
2442 0.341062504551926
2443 0.341885253254784
2444 0.343674422420418
2445 0.342558057540269
2446 0.343321399881824
2447 0.34506837706494
2448 0.344240599760686
2449 0.344759738085054
2450 0.345014515027499
2451 0.343242412426401
2452 0.341639905856462
2453 0.340400103459143
2454 0.339732824180876
2455 0.339551653502395
2456 0.340297957510497
2457 0.341120298859642
2458 0.341472122577979
2459 0.34176463732588
2460 0.340925137408048
2461 0.338476033104257
2462 0.334947289185935
2463 0.332347838859171
2464 0.330841419223557
2465 0.331009833847403
2466 0.335243704210055
2467 0.337255825692323
2468 0.340649908918843
2469 0.340733186503269
2470 0.336117920709598
2471 0.334420036053179
2472 0.331649624761995
2473 0.330293557985604
2474 0.331306996292384
2475 0.331897100343408
2476 0.333906741561915
2477 0.333638740319758
2478 0.3325443686026
2479 0.332257461916249
2480 0.329768835082999
2481 0.328746923960708
2482 0.329523391237909
2483 0.329598143237782
2484 0.330054604631464
2485 0.3291177987764
2486 0.326652303611127
2487 0.327338820288241
2488 0.328626114142192
2489 0.329721304149528
2490 0.334098645047892
2491 0.33396062669554
2492 0.331055262872771
2493 0.328667477939257
2494 0.329385634424067
2495 0.331024946898904
2496 0.331146823436653
2497 0.331516808764446
2498 0.330598110341752
2499 0.32948847961726
2500 0.330292170280677
