"Wavelength" "M067a_m1-w3"
350 0.0802893465808487
351 0.0829682397556228
352 0.0815040200415646
353 0.0763652893792642
354 0.0710710408456985
355 0.0702019155953368
356 0.0754943467523007
357 0.0831561356247595
358 0.0859332268025825
359 0.0838605311343276
360 0.078907339300104
361 0.0754953934957822
362 0.0819951387392495
363 0.0805262533423398
364 0.0755899700341156
365 0.0755416746827813
366 0.0776760481838848
367 0.0780498182541736
368 0.0776556244484696
369 0.0796345377976211
370 0.0798637786141112
371 0.0760902410613155
372 0.0716059962222191
373 0.0755918869410684
374 0.0781102699262987
375 0.0777980439829014
376 0.0761066911568833
377 0.0757410963964303
378 0.0781558185822145
379 0.0794391770928756
380 0.0754727180526706
381 0.0735085368283448
382 0.0754320017790559
383 0.0789143769031301
384 0.078492017237611
385 0.0754917393116686
386 0.0735482615099717
387 0.0745118701348651
388 0.0759754789738438
389 0.0766587046387028
390 0.0769865627433396
391 0.0776237115816584
392 0.0770532951640394
393 0.0749945429031512
394 0.0731770080900715
395 0.0744040277414207
396 0.0761383789615132
397 0.0763458802713287
398 0.0753362691451511
399 0.0775477276955289
400 0.0786778849491165
401 0.0782089174346809
402 0.0770364816765503
403 0.0765828446244068
404 0.0766957846269272
405 0.076899759567247
406 0.0766603283042381
407 0.0772761863615896
408 0.0774559576496738
409 0.0768363291466854
410 0.0773876384616692
411 0.0782536169077491
412 0.0788211436948006
413 0.0787687438152055
414 0.0787835905492128
415 0.0789154254131052
416 0.0791696908118703
417 0.0795021115846944
418 0.0792311886893142
419 0.0787527155308435
420 0.0786382471899441
421 0.079539396712617
422 0.0803129219861828
423 0.0808518862109435
424 0.0813177568232925
425 0.0810434692348
426 0.0809480967233203
427 0.0811522626643418
428 0.0809629512979495
429 0.0813818886055908
430 0.0818721475099633
431 0.0820264185120784
432 0.0825637395744898
433 0.0827105693180377
434 0.0825311080936468
435 0.0825108063275538
436 0.0831650818816037
437 0.0837184008177822
438 0.0838567251344305
439 0.0839721443811628
440 0.0839830566985462
441 0.0839492593790989
442 0.0839201633722478
443 0.0837569201897918
444 0.0841277645198206
445 0.0847876734682447
446 0.0850096535571875
447 0.085307579357732
448 0.0856601957326677
449 0.0858795269225042
450 0.0855702326687063
451 0.0857442484923592
452 0.0860903132601804
453 0.0861099501453387
454 0.086537095528533
455 0.0866506346002399
456 0.0865398326603339
457 0.0869744392426827
458 0.087404391253181
459 0.087479066754238
460 0.0872717024489064
461 0.087779964039997
462 0.0881105134668047
463 0.0881791401816889
464 0.0882342795285626
465 0.0882755995651404
466 0.0884608290443387
467 0.0887204036771091
468 0.0887044007780603
469 0.0888955390027342
470 0.0891922482297808
471 0.0894025270108037
472 0.0895533748052066
473 0.0896542209334094
474 0.0897355702343065
475 0.0898246893865101
476 0.0897122440703043
477 0.089807430826755
478 0.0902255522641974
479 0.0903716690225353
480 0.0904836268830725
481 0.0908456602115278
482 0.0915391243909477
483 0.0913808218062475
484 0.0914308660388453
485 0.0918760623358297
486 0.0918398129631318
487 0.0921155736907919
488 0.0924931884644688
489 0.0926637837026625
490 0.0926841506236329
491 0.0928492264483331
492 0.0931560766308452
493 0.093424162021274
494 0.0937481965403168
495 0.0939848215164062
496 0.0940894709164133
497 0.0942214214025187
498 0.0945715067406023
499 0.094971121618936
500 0.0951711972262272
501 0.0952573453814384
502 0.0954478670384582
503 0.0957747074640673
504 0.0960667841129479
505 0.0963634283361103
506 0.096645429743688
507 0.096919214277768
508 0.0973215392339136
509 0.0975713118694794
510 0.0977322850045042
511 0.0980602546624655
512 0.0982863018535903
513 0.0984769676472615
514 0.0987259525651919
515 0.099122834810773
516 0.0993172361415758
517 0.0994227166124746
518 0.0996886378640398
519 0.100002531428541
520 0.100325201944021
521 0.10062813202674
522 0.100889797528158
523 0.101181349313309
524 0.10152211690661
525 0.101894731175523
526 0.1022144585175
527 0.102489086688935
528 0.10276357252251
529 0.103100700372368
530 0.103397155175672
531 0.103703354809482
532 0.104047834879785
533 0.104362993024653
534 0.104520697840434
535 0.104691475721234
536 0.1051189337061
537 0.105411589233211
538 0.105757972346113
539 0.106205043754495
540 0.106496948286211
541 0.106835069710018
542 0.10720798263744
543 0.107547638697988
544 0.107827318805016
545 0.108150288025809
546 0.108547737492542
547 0.108969674184731
548 0.109223609243514
549 0.109515148846398
550 0.109998422098146
551 0.11038621453063
552 0.110810571172299
553 0.111237252466584
554 0.111548659512786
555 0.111997974121971
556 0.112415600548862
557 0.112709448771351
558 0.113077582040008
559 0.113426697455648
560 0.113814804908895
561 0.114300188704796
562 0.114557663419856
563 0.114788486395104
564 0.115098029006615
565 0.115402796559323
566 0.115695382584284
567 0.115957610655191
568 0.116203975449155
569 0.116578076708006
570 0.116985976230975
571 0.117399064265308
572 0.117852700650292
573 0.118269820259712
574 0.118683337870183
575 0.119121334386166
576 0.119538581647495
577 0.119864271917647
578 0.120128663415989
579 0.120415972615237
580 0.120665435688035
581 0.120858044858024
582 0.12101580003816
583 0.121223006637524
584 0.121489452861305
585 0.121752163510422
586 0.121950173827969
587 0.122208327788449
588 0.122526006442299
589 0.12287903977201
590 0.123226253072755
591 0.123569586608719
592 0.123938252032841
593 0.124333627723483
594 0.12461413689902
595 0.124922547943618
596 0.125265113137215
597 0.125536405805091
598 0.125796926702505
599 0.126095804389382
600 0.126428472385336
601 0.126654685083355
602 0.126893665230505
603 0.127115250269019
604 0.127246757680072
605 0.127529527562818
606 0.12784223744502
607 0.128105544224365
608 0.128380997261003
609 0.128645498205759
610 0.128889566383594
611 0.129117432764855
612 0.129374687425529
613 0.129663256512738
614 0.129959449633217
615 0.130216708882053
616 0.130534216364906
617 0.130853562115886
618 0.131108187331806
619 0.131334173643167
620 0.131601384663189
621 0.131922763095277
622 0.132259339966798
623 0.132480088029557
624 0.132710305849824
625 0.133032641336579
626 0.133331082673951
627 0.133620770404645
628 0.133913101994542
629 0.134214624092308
630 0.134481652621302
631 0.134760711644828
632 0.135078641147731
633 0.135420437200522
634 0.135761401663894
635 0.136061558821433
636 0.136301708988909
637 0.136562326309353
638 0.136844148304917
639 0.13714764660605
640 0.137474821082049
641 0.137777666408528
642 0.13809389934094
643 0.138448994238297
644 0.138783067456975
645 0.139059749194577
646 0.139319623203319
647 0.139643470209983
648 0.13997926983439
649 0.140319853200001
650 0.140665107880451
651 0.141020698455664
652 0.141337205968724
653 0.141664124973487
654 0.142052019243747
655 0.142307385055941
656 0.142591278148615
657 0.142967764276222
658 0.143354045663827
659 0.143678069580861
660 0.143974222208467
661 0.144291834128555
662 0.144612342702581
663 0.144955230773179
664 0.145323832175002
665 0.145705237459547
666 0.146049352296861
667 0.146392849327267
668 0.14676524762436
669 0.147151788589486
670 0.147488914011161
671 0.147815945212868
672 0.148203620655181
673 0.148577170153635
674 0.14892722255097
675 0.149267950368057
676 0.149637141762742
677 0.150006181722836
678 0.150365427994242
679 0.150717864799131
680 0.151086752718827
681 0.151525147493957
682 0.151968567438593
683 0.152271160264238
684 0.152636524201181
685 0.153011091403211
686 0.153348782134235
687 0.153735330474642
688 0.154154685158176
689 0.154577212745159
690 0.154969925968173
691 0.155351542634437
692 0.155750941715977
693 0.156154727196383
694 0.15648778537723
695 0.156862927452814
696 0.157278002824997
697 0.157700800579948
698 0.15813586057196
699 0.15851622970977
700 0.158877066795489
701 0.159328959087766
702 0.15976379222583
703 0.160170122433322
704 0.160562085833056
705 0.160974612648563
706 0.161368643059496
707 0.161777082639868
708 0.162246478662618
709 0.162700548611178
710 0.163103494082933
711 0.163477863922421
712 0.163914956106516
713 0.16430628650528
714 0.164739181439715
715 0.165282919311968
716 0.16575902748438
717 0.166244289663085
718 0.166728485344386
719 0.167142827325985
720 0.167513376391934
721 0.167920470303191
722 0.168394311368498
723 0.168856729925822
724 0.169324662067778
725 0.169785796536258
726 0.170223934738788
727 0.17064534321675
728 0.171089861409119
729 0.171572562455103
730 0.17207830527486
731 0.172549325872329
732 0.17297221579257
733 0.173372174719481
734 0.173843672775097
735 0.17434573690248
736 0.17482231681391
737 0.175229483209461
738 0.175692214585288
739 0.176129143053944
740 0.176532528950713
741 0.177022094352272
742 0.177485017879335
743 0.177942714522688
744 0.178433949792451
745 0.178933411696352
746 0.179386388895183
747 0.179820222362949
748 0.180308673384201
749 0.180764927186612
750 0.181245376100901
751 0.181763793199293
752 0.182228166409598
753 0.182717551357902
754 0.183197826651133
755 0.183625257897482
756 0.184069841366792
757 0.184538680891605
758 0.185029788108711
759 0.18552947046702
760 0.1859465933707
761 0.186399822436226
762 0.186932454787622
763 0.187360377765598
764 0.187802727855588
765 0.188312645656471
766 0.188890135723528
767 0.189405077180712
768 0.189860210116595
769 0.190278418688003
770 0.190698050815207
771 0.191183930929423
772 0.19173598948322
773 0.192300502223753
774 0.192732589237573
775 0.193179528500002
776 0.193647834118526
777 0.194107342246845
778 0.194620329184333
779 0.195126196917434
780 0.195609480131307
781 0.196101002675244
782 0.196525871824558
783 0.197001514081107
784 0.197566325359558
785 0.198005816413642
786 0.198492822079523
787 0.199001847414475
788 0.199458281695484
789 0.199930161884342
790 0.20041118106046
791 0.200888172942927
792 0.201348786512747
793 0.201832992907543
794 0.202330807005137
795 0.202830190262177
796 0.203335120729014
797 0.203814582747547
798 0.204301402976916
799 0.204820900605957
800 0.205263643147579
801 0.205719635583605
802 0.206202677123005
803 0.206669387330744
804 0.207180070040321
805 0.207630727778038
806 0.208040566851016
807 0.208660337935652
808 0.209199770321446
809 0.209657714266887
810 0.210113580553908
811 0.210622830852323
812 0.211118237579135
813 0.211591306175057
814 0.212067262821741
815 0.21254681898854
816 0.212990658294869
817 0.213449941178837
818 0.214072448790865
819 0.214568184466661
820 0.214974553454939
821 0.215397986592611
822 0.215929537754283
823 0.216439495968903
824 0.216901976114364
825 0.21734546040577
826 0.217836777451134
827 0.218337526497369
828 0.218838390695355
829 0.219350899423444
830 0.219797836120634
831 0.220225348058758
832 0.220678829142766
833 0.221170806815354
834 0.221703723791036
835 0.222200360150845
836 0.222620825538767
837 0.223094545707068
838 0.223601465755171
839 0.22411331086304
840 0.224604656715113
841 0.225115826408855
842 0.225605520132707
843 0.226062185562321
844 0.226505759721264
845 0.226902898907045
846 0.227341722054052
847 0.227862209227187
848 0.228397212738605
849 0.228854579030948
850 0.229283701084674
851 0.229758561995936
852 0.230295332056579
853 0.230815047100125
854 0.231316005558923
855 0.231826661789113
856 0.232328766130672
857 0.232763493482928
858 0.233165754095556
859 0.233634499325501
860 0.234068317739091
861 0.234568654700976
862 0.235118030341244
863 0.235507684263584
864 0.235902969499439
865 0.236355260762065
866 0.236875218465297
867 0.237449612393271
868 0.237991941424767
869 0.238453728803813
870 0.2388439952084
871 0.239313119491937
872 0.239810177264631
873 0.240267143315666
874 0.240644147044585
875 0.241127442329336
876 0.241602009472271
877 0.242047685267586
878 0.242549076227145
879 0.243024925127595
880 0.243419263522086
881 0.243806610767916
882 0.244431266618719
883 0.244936068063984
884 0.245369130250566
885 0.245837549526202
886 0.246346109373514
887 0.246885334352834
888 0.247336498896755
889 0.247657319572017
890 0.248202795232967
891 0.248691477953562
892 0.249107908187617
893 0.249564487322754
894 0.250064413200941
895 0.250539254891287
896 0.25097894748404
897 0.251425230571362
898 0.251911060783457
899 0.252434128601792
900 0.252971225799064
901 0.253486804818749
902 0.254010855656441
903 0.25449758801658
904 0.254929032944306
905 0.255346577018847
906 0.255898779740128
907 0.256365395822166
908 0.256670816537522
909 0.257212181164457
910 0.257786637027742
911 0.258280807944447
912 0.258670731670801
913 0.259113034896042
914 0.259549755591617
915 0.260001938240426
916 0.260502409624284
917 0.26102011520109
918 0.261548172338531
919 0.262066078118505
920 0.262556092022462
921 0.263051780111047
922 0.263476865108092
923 0.263888665771477
924 0.264402474631464
925 0.26490301363893
926 0.265413164973567
927 0.265934384714528
928 0.26643407591089
929 0.266817217974489
930 0.26717706008619
931 0.267578865861025
932 0.268031643935896
933 0.268537375245659
934 0.269125736065255
935 0.269707227656789
936 0.270083039732588
937 0.270503380094718
938 0.270946071657621
939 0.271380587804772
940 0.271831489251788
941 0.272330339038432
942 0.272809585817327
943 0.27322134308078
944 0.273588775044159
945 0.274163633067483
946 0.274722648481035
947 0.275123809970266
948 0.2755721438695
949 0.276128453848345
950 0.276599232858069
951 0.276900357847191
952 0.277288857142437
953 0.277773511681372
954 0.278285717495697
955 0.278765954706172
956 0.279234909852589
957 0.279780354742223
958 0.280228943433171
959 0.280539315395053
960 0.28112514998318
961 0.281631643333932
962 0.281992529412527
963 0.282331159625968
964 0.282995377303512
965 0.283550003819701
966 0.284025175606733
967 0.284539593805285
968 0.285082837118531
969 0.285514615688926
970 0.285878947287639
971 0.286264938665023
972 0.286717846520483
973 0.28723113387004
974 0.287678977520402
975 0.288014724523785
976 0.288430466258997
977 0.288821070687492
978 0.289309076073679
979 0.289913367922956
980 0.290343524921334
981 0.290649148050317
982 0.291129198151549
983 0.291809306454463
984 0.292128423760215
985 0.292606579986448
986 0.293107690727596
987 0.293570919045654
988 0.294273336794113
989 0.294572000107297
990 0.294827721622913
991 0.295280221578928
992 0.295686899584418
993 0.296132470408583
994 0.296475785637716
995 0.296761535341358
996 0.297256795097505
997 0.297639412049023
998 0.298175086001519
999 0.298851473087449
1000 0.299327499835082
1001 0.291897695869369
1002 0.29231427490507
1003 0.292715702227275
1004 0.293086193666321
1005 0.293387758775359
1006 0.293772984270604
1007 0.294164722974623
1008 0.294600915981261
1009 0.295069317110257
1010 0.295456861879115
1011 0.295821735654545
1012 0.29622843015231
1013 0.296600085276863
1014 0.29702924430293
1015 0.29747744760911
1016 0.297818766534379
1017 0.298187232064207
1018 0.298539263063297
1019 0.298932068494954
1020 0.299314300788107
1021 0.299766099616542
1022 0.300201917568518
1023 0.300650158121846
1024 0.301071257183402
1025 0.301412516850658
1026 0.301791861288228
1027 0.302191316827561
1028 0.302616834186433
1029 0.303017216541409
1030 0.303379973802328
1031 0.303831140967348
1032 0.304253049797691
1033 0.304616130561046
1034 0.305061380669107
1035 0.30558174140469
1036 0.306049346414861
1037 0.306499599694624
1038 0.306956922118787
1039 0.307361453843463
1040 0.307756167650625
1041 0.308141237124552
1042 0.308502524977799
1043 0.308898261828183
1044 0.309268557746032
1045 0.309616017517637
1046 0.310019508018605
1047 0.310396118430544
1048 0.31076796874698
1049 0.311101141694233
1050 0.311486275427663
1051 0.311824829157436
1052 0.312162741496755
1053 0.312632686281796
1054 0.313022643852286
1055 0.313402369112858
1056 0.313847226835826
1057 0.314149877218838
1058 0.314467747342154
1059 0.314811034132344
1060 0.315081840335848
1061 0.315391998678395
1062 0.3156843569922
1063 0.315948760926992
1064 0.316221329564471
1065 0.316533378588473
1066 0.316815711873766
1067 0.317119617400749
1068 0.317413521959914
1069 0.317718882702289
1070 0.318012348020503
1071 0.318259859062441
1072 0.318485529145293
1073 0.318657475276336
1074 0.318882518011978
1075 0.319161401105861
1076 0.319400628393621
1077 0.319638231946033
1078 0.31991630804908
1079 0.320207260258269
1080 0.320443697247178
1081 0.320703386398847
1082 0.320980924079147
1083 0.321222614869275
1084 0.321494442591794
1085 0.321803511611721
1086 0.322105571029832
1087 0.322371458965481
1088 0.322599957762022
1089 0.322842454989002
1090 0.323109595213973
1091 0.323359573290896
1092 0.323613825022284
1093 0.323855229663866
1094 0.324071117450703
1095 0.324303669235936
1096 0.324590206878003
1097 0.32484974987007
1098 0.325109427600078
1099 0.325410889583392
1100 0.325682547763959
1101 0.325954671941663
1102 0.32626516958406
1103 0.326559213625688
1104 0.32684705192365
1105 0.32718197919404
1106 0.327499888488925
1107 0.327814967961578
1108 0.328138221864407
1109 0.328472663296845
1110 0.328780254587457
1111 0.329080702051021
1112 0.329420717170348
1113 0.329744031955879
1114 0.330050132676712
1115 0.330408757307396
1116 0.330789311700172
1117 0.331126608767176
1118 0.331459000822378
1119 0.331763999475704
1120 0.332037539697116
1121 0.332353771296764
1122 0.332688926170027
1123 0.333017742270405
1124 0.333364295709223
1125 0.333713424949444
1126 0.334048664987205
1127 0.334421555714865
1128 0.334791869474047
1129 0.335147901949711
1130 0.335476777861063
1131 0.33579967021829
1132 0.336154540654631
1133 0.336506256791687
1134 0.336873449079673
1135 0.337263158476004
1136 0.337652779256549
1137 0.338059637401961
1138 0.338432197703071
1139 0.338810447046561
1140 0.339157166240536
1141 0.339440869142915
1142 0.339782098334625
1143 0.340140103310906
1144 0.340504880789976
1145 0.340880859782984
1146 0.341247853541094
1147 0.341611360401705
1148 0.341941582720066
1149 0.342263797377038
1150 0.342602689723878
1151 0.342880248071536
1152 0.343151379923226
1153 0.343424933521877
1154 0.34365026967768
1155 0.343949219873679
1156 0.344277103673102
1157 0.344621852301528
1158 0.345036528801483
1159 0.345408400814089
1160 0.345779583912403
1161 0.346140121087445
1162 0.346449623780349
1163 0.346768095083555
1164 0.347094741868601
1165 0.347385629397159
1166 0.347702678333442
1167 0.348002455998495
1168 0.348281106034369
1169 0.348617666654176
1170 0.348943913756558
1171 0.349290396924748
1172 0.349623722322698
1173 0.34996930553553
1174 0.350280785663023
1175 0.350583511750262
1176 0.350866510030885
1177 0.351109408385957
1178 0.351373372947415
1179 0.351624775162903
1180 0.35189976631125
1181 0.352190123599192
1182 0.352448368532478
1183 0.352701491629235
1184 0.352950820393404
1185 0.353200382270283
1186 0.353500469959685
1187 0.353779794873195
1188 0.354077578736345
1189 0.354346102109109
1190 0.3546086464965
1191 0.35483867595841
1192 0.355027795150297
1193 0.355259273775478
1194 0.35547547382857
1195 0.355716236596982
1196 0.356013952701123
1197 0.356270484363464
1198 0.356509714841624
1199 0.356752457679101
1200 0.356985094775064
1201 0.357215680089784
1202 0.357459625989822
1203 0.357697081803781
1204 0.357913333784162
1205 0.358104987605074
1206 0.358318509335094
1207 0.358522184374887
1208 0.358737858714386
1209 0.358982874382386
1210 0.359196624964928
1211 0.359380563620089
1212 0.359603192933835
1213 0.359852076900414
1214 0.360066504821464
1215 0.360292566335289
1216 0.360491391846377
1217 0.360615396606297
1218 0.36079667018257
1219 0.361030784888159
1220 0.3612798594506
1221 0.361502566439905
1222 0.361755231836601
1223 0.361974791310183
1224 0.362133253873733
1225 0.362357616020566
1226 0.362618899756435
1227 0.362869343895798
1228 0.363144281693826
1229 0.363398271938574
1230 0.363671478190312
1231 0.363886931373641
1232 0.364040464963505
1233 0.36423847386297
1234 0.364391824480125
1235 0.364602189532981
1236 0.364871106641313
1237 0.365153936636885
1238 0.365433340323374
1239 0.365693125755363
1240 0.365928295536388
1241 0.366137362491836
1242 0.366347137123344
1243 0.366536097259094
1244 0.366732520781778
1245 0.366922918142516
1246 0.367122374599331
1247 0.367312813853619
1248 0.367525799076951
1249 0.367743889790066
1250 0.367981093309059
1251 0.368243232696832
1252 0.368506357406807
1253 0.368796200526883
1254 0.369069970949453
1255 0.369332194398539
1256 0.369606876795444
1257 0.369883014777782
1258 0.370160773053716
1259 0.370442167179961
1260 0.370734058581657
1261 0.371027982619578
1262 0.371327659159461
1263 0.371612432806258
1264 0.371902920151867
1265 0.372182043589404
1266 0.372455715644389
1267 0.372700951128011
1268 0.372921803474242
1269 0.373158992627052
1270 0.373388152569941
1271 0.373601975560684
1272 0.373829197593722
1273 0.374033725539823
1274 0.374193212371719
1275 0.374365772202548
1276 0.374561940197732
1277 0.374721661612028
1278 0.374832909922172
1279 0.374986611339183
1280 0.375116622322049
1281 0.375232994547349
1282 0.375332782497098
1283 0.375436234452363
1284 0.375511464646488
1285 0.375547095192704
1286 0.375598549818165
1287 0.375640573985542
1288 0.375695932762606
1289 0.375746790206252
1290 0.375811584287233
1291 0.375910173207079
1292 0.375970937504521
1293 0.376041954006428
1294 0.37606907036538
1295 0.376028773615532
1296 0.376027149236028
1297 0.376002181668461
1298 0.376007581307359
1299 0.376065768374507
1300 0.376096344257142
1301 0.376139694675962
1302 0.376185899029452
1303 0.376246386646856
1304 0.376304384121529
1305 0.376391041418927
1306 0.376512240871415
1307 0.37660509704995
1308 0.376714033368252
1309 0.376790903032348
1310 0.376841280176764
1311 0.376894322594838
1312 0.376920236241391
1313 0.376976093793454
1314 0.377035472152765
1315 0.377107415707888
1316 0.377188678921809
1317 0.377291713913392
1318 0.377408754656487
1319 0.377535637211935
1320 0.377666433077024
1321 0.377833668376337
1322 0.378008076582769
1323 0.37822582337012
1324 0.378449716122368
1325 0.378730727331465
1326 0.378940223678203
1327 0.379130957694857
1328 0.379323562339296
1329 0.379475758080933
1330 0.379672034172113
1331 0.379888903235153
1332 0.380105378045263
1333 0.380336601349904
1334 0.380562788218433
1335 0.380784718726846
1336 0.381022011042209
1337 0.381269720059365
1338 0.381514642745925
1339 0.381771646830599
1340 0.382023042345776
1341 0.382275588560417
1342 0.382518891355621
1343 0.38277633165291
1344 0.38300323567466
1345 0.383187679859933
1346 0.383396008384198
1347 0.383608186464849
1348 0.383800286207437
1349 0.384022336344803
1350 0.384276166029274
1351 0.384504969568169
1352 0.384734138924392
1353 0.384952951625105
1354 0.3851712791789
1355 0.385367044938363
1356 0.385548874506892
1357 0.385725548233067
1358 0.385880627374197
1359 0.386045759963828
1360 0.386193281071634
1361 0.386377012130299
1362 0.386557583673595
1363 0.386778849024636
1364 0.387054237977698
1365 0.387308779635766
1366 0.387584774551718
1367 0.387847484661521
1368 0.388110652001359
1369 0.388351025300714
1370 0.388628002539141
1371 0.388818118790986
1372 0.388950980713273
1373 0.389053529760602
1374 0.389098865437844
1375 0.389108895948777
1376 0.38912581702691
1377 0.389129732541623
1378 0.389126558661548
1379 0.389113566728481
1380 0.389088196599181
1381 0.389055108517553
1382 0.389008250185856
1383 0.388938274614005
1384 0.38887686726694
1385 0.388819708405611
1386 0.388740664665104
1387 0.388675736028086
1388 0.388557992247682
1389 0.38841970545583
1390 0.388234549886085
1391 0.388000380338371
1392 0.387750531164451
1393 0.387460292328355
1394 0.387159347116877
1395 0.386840152990358
1396 0.38650157168678
1397 0.386153875701714
1398 0.385770435602328
1399 0.385318410996819
1400 0.384915236640625
1401 0.384528156520972
1402 0.384115945860588
1403 0.383719685082821
1404 0.383356481510406
1405 0.382982775088057
1406 0.38258065151056
1407 0.382225506690939
1408 0.381892181844897
1409 0.381593591890686
1410 0.381300163773651
1411 0.381074610490142
1412 0.380866600473289
1413 0.380771643751403
1414 0.380729210387426
1415 0.380789364782309
1416 0.380944030191948
1417 0.381176797567291
1418 0.381510255578659
1419 0.381878389481639
1420 0.382381613330739
1421 0.382817212896042
1422 0.383276397925423
1423 0.383706789076748
1424 0.384091237707526
1425 0.384507060698998
1426 0.384937247004348
1427 0.385359366620243
1428 0.38580247224511
1429 0.386218912127191
1430 0.386600831909962
1431 0.387003610555149
1432 0.38742423824325
1433 0.387824799129015
1434 0.388199713597326
1435 0.388549583066372
1436 0.38887801691225
1437 0.389155819120088
1438 0.389448824353491
1439 0.389734953588041
1440 0.390033223143478
1441 0.390324756236978
1442 0.390608447233764
1443 0.390908864816221
1444 0.391182029765674
1445 0.39142672076777
1446 0.391682061362923
1447 0.391927124410658
1448 0.392192009594882
1449 0.392469386525109
1450 0.3927340998526
1451 0.393020144899464
1452 0.393271709677554
1453 0.393500333427167
1454 0.393716146317997
1455 0.393905308372803
1456 0.394107642724849
1457 0.394295008490588
1458 0.394498599947348
1459 0.394731898858561
1460 0.394930124722825
1461 0.39512664679429
1462 0.395301374936594
1463 0.395411796603328
1464 0.395577318831294
1465 0.39575965773722
1466 0.395948246853983
1467 0.396169668277889
1468 0.396393782919748
1469 0.396629191925411
1470 0.396848713870128
1471 0.397085170786071
1472 0.397336021120824
1473 0.397561570929404
1474 0.397792052005037
1475 0.397999981104028
1476 0.398179913281556
1477 0.398405583330562
1478 0.398641862069486
1479 0.398863040253522
1480 0.399108392089012
1481 0.399332698301214
1482 0.399525026416674
1483 0.399742458102611
1484 0.399981021362188
1485 0.400200195759285
1486 0.400400386113255
1487 0.40062818085199
1488 0.400857386150323
1489 0.401103195931151
1490 0.401380607735566
1491 0.40163908693792
1492 0.40188851954458
1493 0.40215804063097
1494 0.402464047963264
1495 0.402704149466212
1496 0.402929901073482
1497 0.403138777741646
1498 0.403300386095404
1499 0.403453976149875
1500 0.40358457128251
1501 0.403739034252983
1502 0.403862694122812
1503 0.404023970692308
1504 0.404238066154918
1505 0.404428754884988
1506 0.404623453194654
1507 0.404810508528423
1508 0.404991473994892
1509 0.405169322984839
1510 0.405330725098172
1511 0.405507218899359
1512 0.405697918878174
1513 0.405878966815382
1514 0.406060822942187
1515 0.406244425765843
1516 0.406410649549973
1517 0.406591730291171
1518 0.406795624738159
1519 0.407006737465716
1520 0.407221105986287
1521 0.407397159030422
1522 0.407565152189798
1523 0.407712253608224
1524 0.407854703921738
1525 0.407965501226158
1526 0.408131809398537
1527 0.408311320291672
1528 0.408489272431375
1529 0.408709625760094
1530 0.408886320505394
1531 0.409046384539498
1532 0.409184250612154
1533 0.40929493633013
1534 0.409427484907785
1535 0.409526338779825
1536 0.409683061837618
1537 0.409898567509181
1538 0.410065426394731
1539 0.410227839724095
1540 0.410398660151696
1541 0.410556784098285
1542 0.410712245325382
1543 0.410883360627405
1544 0.411043853731013
1545 0.411182711374815
1546 0.411328358582166
1547 0.411493598408426
1548 0.411629107439111
1549 0.411735523963645
1550 0.411861259587106
1551 0.411969897437294
1552 0.412107948536654
1553 0.412272372733113
1554 0.412428419504287
1555 0.412601063941686
1556 0.412761417318917
1557 0.412907748173755
1558 0.413068019805699
1559 0.413237407438074
1560 0.413397646892893
1561 0.413548262400112
1562 0.413721583702464
1563 0.413906337510504
1564 0.414081782203284
1565 0.41428168128841
1566 0.414458319551743
1567 0.414619101546944
1568 0.414766186394172
1569 0.414920837351877
1570 0.41503227994666
1571 0.415092582335138
1572 0.415167586868029
1573 0.415193125452324
1574 0.415271323956463
1575 0.415400855750818
1576 0.415504653059189
1577 0.415606393188948
1578 0.415729931984244
1579 0.41584013421497
1580 0.415974896217528
1581 0.416155551230151
1582 0.416325953447408
1583 0.416527497541878
1584 0.41668162496017
1585 0.416785149348531
1586 0.416925638824765
1587 0.417046598877876
1588 0.417184282114537
1589 0.417384536030047
1590 0.417547802496755
1591 0.417687852045014
1592 0.417824013898876
1593 0.417949191048537
1594 0.418063526532531
1595 0.418149541670793
1596 0.418258952395562
1597 0.41836533949001
1598 0.41848482344173
1599 0.418618224875908
1600 0.418779624775437
1601 0.418918989259737
1602 0.419062836706056
1603 0.419241761824205
1604 0.419417318364363
1605 0.419579219110405
1606 0.41976044052777
1607 0.419895285646029
1608 0.420001412577693
1609 0.420086108401468
1610 0.420138164904653
1611 0.420226184969442
1612 0.420293002346162
1613 0.420406946117805
1614 0.420567127689479
1615 0.420690662546074
1616 0.420813346510389
1617 0.420937876951283
1618 0.421039844014959
1619 0.421200513527264
1620 0.421391437095261
1621 0.421573179889535
1622 0.421801506301379
1623 0.42195190309351
1624 0.42206293841298
1625 0.42218657649537
1626 0.422292897972458
1627 0.422377921429244
1628 0.422454396669065
1629 0.422535309538324
1630 0.422573826539916
1631 0.42267085515507
1632 0.422805678091423
1633 0.42292769373876
1634 0.423058790515031
1635 0.423203228586593
1636 0.423350615792814
1637 0.423521081160949
1638 0.423729291797482
1639 0.423881536646492
1640 0.424014353857123
1641 0.42417004231562
1642 0.424317826445944
1643 0.424438744493081
1644 0.424572404422915
1645 0.424695747996964
1646 0.424758327087334
1647 0.424900488383723
1648 0.425087474475504
1649 0.425276573469691
1650 0.425498547844681
1651 0.425684850415922
1652 0.425870321738195
1653 0.426059256788216
1654 0.426249228703463
1655 0.426380838734596
1656 0.426516899305168
1657 0.42659207181904
1658 0.426665925152619
1659 0.426772693433059
1660 0.42687411384811
1661 0.427023869278418
1662 0.42717541368854
1663 0.427315767985164
1664 0.427463650174356
1665 0.427558385833986
1666 0.427611518181693
1667 0.427722855814955
1668 0.427843598773878
1669 0.427973909624972
1670 0.428152378121825
1671 0.428323000698029
1672 0.42847520165929
1673 0.428591369134845
1674 0.428732811658841
1675 0.428867130662009
1676 0.428960197724121
1677 0.429119884080985
1678 0.429252113345306
1679 0.429349552240077
1680 0.429521925882393
1681 0.429671978786464
1682 0.429793440700097
1683 0.429901337088692
1684 0.42999290309381
1685 0.430104443784886
1686 0.430224327986071
1687 0.430407100810909
1688 0.430614112791765
1689 0.430803806077256
1690 0.431008670036657
1691 0.431208832018959
1692 0.431390689491383
1693 0.431568290914415
1694 0.431715171734242
1695 0.431836078711471
1696 0.431953560508264
1697 0.432039556977866
1698 0.432166107663405
1699 0.432336590231619
1700 0.432472724529439
1701 0.432619261719466
1702 0.432762498820866
1703 0.432858543261842
1704 0.432994893307725
1705 0.433192744760116
1706 0.433343152700813
1707 0.433518187696067
1708 0.433619307555233
1709 0.433620076027071
1710 0.433666688849661
1711 0.433666697191426
1712 0.433724900458434
1713 0.433848822168775
1714 0.433944931307494
1715 0.43408029026998
1716 0.434162448675257
1717 0.434207958020617
1718 0.434268871781538
1719 0.434286250109765
1720 0.434335840462424
1721 0.43437914445772
1722 0.43448439237762
1723 0.434626302596967
1724 0.434789315892489
1725 0.435062160817064
1726 0.435212723158703
1727 0.435337644788
1728 0.43541988500788
1729 0.435391468347732
1730 0.435410875721606
1731 0.435400356032724
1732 0.435479266860097
1733 0.435615372785176
1734 0.435722540637483
1735 0.435900556214043
1736 0.435987468881172
1737 0.435986428126306
1738 0.436079902628806
1739 0.436201281828486
1740 0.436262158543256
1741 0.436336656792112
1742 0.43637749385604
1743 0.436427167691326
1744 0.436532558304616
1745 0.436627279311116
1746 0.436633880690871
1747 0.436622610275959
1748 0.436602312194913
1749 0.436595618361998
1750 0.436678261552699
1751 0.436783423099295
1752 0.436904168555338
1753 0.437069206753678
1754 0.437211862871641
1755 0.437339754446619
1756 0.437458774713116
1757 0.437474216435565
1758 0.437451916357027
1759 0.437489147945699
1760 0.437529826422216
1761 0.437607031166718
1762 0.437704143275159
1763 0.437703506869339
1764 0.437672303883671
1765 0.437707545109805
1766 0.437759190846055
1767 0.437839257439398
1768 0.437979463271285
1769 0.438057263624469
1770 0.438082076545428
1771 0.438200527843112
1772 0.4382693614876
1773 0.43838199536272
1774 0.43864058375178
1775 0.438748796724989
1776 0.438781467191381
1777 0.438821873992327
1778 0.438738053336818
1779 0.438744569769019
1780 0.438808382434788
1781 0.438916565049454
1782 0.439066292894396
1783 0.439249574512982
1784 0.439396976499164
1785 0.439557922171648
1786 0.439745674495992
1787 0.439887643924132
1788 0.439957802362306
1789 0.439965769370353
1790 0.439990252406114
1791 0.440055024387506
1792 0.440155203568055
1793 0.440313447047828
1794 0.440505099588236
1795 0.440677322020179
1796 0.44085778102076
1797 0.441022125847922
1798 0.441094271793218
1799 0.441173372181102
1800 0.441239337562511
1801 0.43977327706878
1802 0.439790728897789
1803 0.439781611617984
1804 0.439846137459925
1805 0.439889744289606
1806 0.439912470032652
1807 0.440011259616868
1808 0.440156249804698
1809 0.440262595929851
1810 0.440375582067916
1811 0.440595903166674
1812 0.440679669157056
1813 0.440735077388679
1814 0.44084351975566
1815 0.440972109712155
1816 0.441101894343815
1817 0.441281782984335
1818 0.44142197234134
1819 0.441574489987767
1820 0.441661528881741
1821 0.441729878078293
1822 0.441706987349462
1823 0.441594144304741
1824 0.441590556371238
1825 0.44163229115328
1826 0.441732799444998
1827 0.441827946973323
1828 0.442037298124035
1829 0.442060968167207
1830 0.441985132040539
1831 0.441945644218945
1832 0.441759101606931
1833 0.441739380082447
1834 0.441820188473359
1835 0.441813006619853
1836 0.44187815166039
1837 0.442004747023383
1838 0.442091452430108
1839 0.442166868938938
1840 0.442366335535972
1841 0.442415030628333
1842 0.442405407501289
1843 0.44236487096691
1844 0.442249360168335
1845 0.442231771257516
1846 0.442295189288012
1847 0.442317511995116
1848 0.442368123548327
1849 0.442398686696074
1850 0.44241005291428
1851 0.442413939188834
1852 0.442469134187321
1853 0.442511735609344
1854 0.44263319124624
1855 0.442784876238977
1856 0.442751761721506
1857 0.442692880952948
1858 0.442653649881932
1859 0.442562860123303
1860 0.44236177987761
1861 0.442249437181841
1862 0.442239011047269
1863 0.441995880304437
1864 0.441607460262157
1865 0.441281212667261
1866 0.440863231246438
1867 0.440444265833969
1868 0.439985736153856
1869 0.439611511823458
1870 0.439170939278982
1871 0.43870953709208
1872 0.43827983534652
1873 0.43788713263329
1874 0.43753441758966
1875 0.437100497277249
1876 0.436644719019925
1877 0.436114730318927
1878 0.435463108014738
1879 0.434699207818077
1880 0.433917520231787
1881 0.433007131510184
1882 0.432000170577782
1883 0.431013280872271
1884 0.429874451501073
1885 0.428621379672896
1886 0.427370166158516
1887 0.426046938388292
1888 0.424590622004492
1889 0.4230595343667
1890 0.421402129473742
1891 0.419608982069488
1892 0.417664206140542
1893 0.415662324739956
1894 0.413625141295467
1895 0.411430399976187
1896 0.409204785273372
1897 0.4069267346504
1898 0.404528047643039
1899 0.402263289477682
1900 0.400006955647473
1901 0.39786857139765
1902 0.395779158589543
1903 0.39385777806248
1904 0.392030225298375
1905 0.390411801945392
1906 0.388903122445955
1907 0.387703383459525
1908 0.386801394566069
1909 0.386038374190862
1910 0.385373708626538
1911 0.384916259653914
1912 0.384504958590987
1913 0.384210884865632
1914 0.383902598799411
1915 0.383702566745274
1916 0.383664244472648
1917 0.383668936535416
1918 0.383835414235948
1919 0.384096539379624
1920 0.384404947789789
1921 0.384750649369135
1922 0.385145733453956
1923 0.385555984411951
1924 0.386005749927886
1925 0.38649418573171
1926 0.387048368547546
1927 0.38757623265532
1928 0.388114508269665
1929 0.388633357226897
1930 0.389118820722147
1931 0.389657107808741
1932 0.390196587242902
1933 0.390800369352964
1934 0.391351533329424
1935 0.391875078695296
1936 0.392407619143814
1937 0.3929482966823
1938 0.393465594861946
1939 0.394111744748342
1940 0.394680258349382
1941 0.395182092220315
1942 0.395786013746348
1943 0.396322411820949
1944 0.396796340603636
1945 0.397278643888141
1946 0.397753411370046
1947 0.398221663579007
1948 0.398637910334734
1949 0.399119600782091
1950 0.399648046584237
1951 0.400142899326242
1952 0.40064882348463
1953 0.401167193020237
1954 0.401691444312867
1955 0.402184068098886
1956 0.40275139142711
1957 0.403436865033522
1958 0.403982802572101
1959 0.404514113324939
1960 0.405021422923432
1961 0.40535865092665
1962 0.405655622517046
1963 0.40600340762402
1964 0.406419962087037
1965 0.406887281867261
1966 0.407326006360424
1967 0.40784196605845
1968 0.408444832822457
1969 0.408957969148259
1970 0.409513237783162
1971 0.410037003137046
1972 0.410514592393818
1973 0.410907412187921
1974 0.41143234831419
1975 0.411944976712117
1976 0.412366062546023
1977 0.412909680286735
1978 0.413401073293139
1979 0.413858177299264
1980 0.414287582555342
1981 0.41468979438867
1982 0.415129492495165
1983 0.41556612894154
1984 0.416000402654784
1985 0.416464114430086
1986 0.416963585379537
1987 0.417351050515587
1988 0.417706006473795
1989 0.418116988977328
1990 0.418492501443934
1991 0.418894441639393
1992 0.419347716746154
1993 0.419746386986553
1994 0.420044642518019
1995 0.420494838843907
1996 0.420986392375073
1997 0.421488395506176
1998 0.422102084843237
1999 0.422718588846474
2000 0.423302089659787
2001 0.423842033213712
2002 0.42428128452979
2003 0.424638886736676
2004 0.425057521377846
2005 0.425417571546703
2006 0.425767482013876
2007 0.426105548772836
2008 0.42652230217921
2009 0.426979131864559
2010 0.427340881160115
2011 0.427715957298847
2012 0.428136130970754
2013 0.428374515793613
2014 0.428637633079776
2015 0.428994725445536
2016 0.42943421843895
2017 0.429847242021601
2018 0.430330179934283
2019 0.43072299436856
2020 0.431123790158332
2021 0.431470327558434
2022 0.431677375661365
2023 0.432000107343277
2024 0.432347651417245
2025 0.432706945344904
2026 0.433156168197313
2027 0.433552780566953
2028 0.433846885541506
2029 0.434137386280186
2030 0.434403955283676
2031 0.434545903105511
2032 0.434839523515672
2033 0.435247959224035
2034 0.435574856636118
2035 0.435958086951313
2036 0.436274863083359
2037 0.436504301938122
2038 0.436716227330925
2039 0.436874707138426
2040 0.437103175598077
2041 0.437274118660103
2042 0.437461504792102
2043 0.437595409461563
2044 0.437657454429801
2045 0.437845881985272
2046 0.438060485442337
2047 0.438268584268372
2048 0.438626049928668
2049 0.438822896782466
2050 0.438852884953003
2051 0.438990862511104
2052 0.439074064259295
2053 0.439255140416044
2054 0.43955003858248
2055 0.439858221076867
2056 0.440123622999387
2057 0.440434358828953
2058 0.440674067334191
2059 0.440815379099624
2060 0.441059513284546
2061 0.441328958668528
2062 0.441589455820331
2063 0.441938589737474
2064 0.442201933496952
2065 0.442399732567465
2066 0.442614606970073
2067 0.442852453749898
2068 0.442997145120286
2069 0.443109889068934
2070 0.443175854402155
2071 0.443336919755974
2072 0.443496388072302
2073 0.443645558660321
2074 0.443888092030959
2075 0.444061188040706
2076 0.444078715479647
2077 0.444285370675676
2078 0.444645344109517
2079 0.444877347263743
2080 0.445178487294399
2081 0.445397528456186
2082 0.445491274836288
2083 0.445617960579986
2084 0.445774539205054
2085 0.445815266885895
2086 0.445947437624329
2087 0.446080433582365
2088 0.446214456882524
2089 0.446401384760305
2090 0.446532402909573
2091 0.446645977510235
2092 0.446728305403731
2093 0.446799368289454
2094 0.446831566585411
2095 0.446775683294593
2096 0.446775852037658
2097 0.446698071858773
2098 0.44675710436303
2099 0.446878691292923
2100 0.447112892136475
2101 0.447329508720194
2102 0.447619731538273
2103 0.447824141646456
2104 0.44800762504955
2105 0.448115985635674
2106 0.448133949300439
2107 0.448262708033398
2108 0.448355925239296
2109 0.448498200402211
2110 0.448770514377134
2111 0.448945562604871
2112 0.449008167580768
2113 0.449199076581282
2114 0.449511750688476
2115 0.449715760652238
2116 0.449840105337316
2117 0.450129634695324
2118 0.450354771931456
2119 0.450425707808126
2120 0.450598735080469
2121 0.450829607309808
2122 0.451050610728663
2123 0.451274092261642
2124 0.451476425879265
2125 0.451711817313337
2126 0.451909696119812
2127 0.452019085179951
2128 0.452200254533307
2129 0.452542930454969
2130 0.452669838303632
2131 0.45266614361115
2132 0.452706106373129
2133 0.45265698822589
2134 0.452515691679948
2135 0.452601179126326
2136 0.452742376802455
2137 0.452775619098685
2138 0.452795858470551
2139 0.452804233452781
2140 0.452758713647624
2141 0.452728982727517
2142 0.452777648522533
2143 0.45267878690103
2144 0.452466086208705
2145 0.452257380019563
2146 0.451950717040087
2147 0.451703330119982
2148 0.4515240068999
2149 0.451256317782714
2150 0.450932021147481
2151 0.450616323840184
2152 0.450189386041937
2153 0.449860616535418
2154 0.44962349092159
2155 0.44937940667029
2156 0.449069208711923
2157 0.44878087766247
2158 0.448400286718177
2159 0.44791814741834
2160 0.447461478120569
2161 0.446987033336719
2162 0.44648791407776
2163 0.445913098190021
2164 0.445437349826599
2165 0.444958071569328
2166 0.444551869079616
2167 0.444279904561061
2168 0.44391847740774
2169 0.443570802717785
2170 0.443182291954606
2171 0.442699687826106
2172 0.442294516405924
2173 0.441998094704277
2174 0.441581176275849
2175 0.441074830181075
2176 0.440550668832094
2177 0.439917488888097
2178 0.439026679903033
2179 0.438434172021776
2180 0.43793585485979
2181 0.437429839830634
2182 0.437113673313236
2183 0.436599918132546
2184 0.435886456775653
2185 0.435390643177195
2186 0.434980911421985
2187 0.434494230538398
2188 0.43420926773514
2189 0.433688126921754
2190 0.432849604232752
2191 0.432192435961204
2192 0.431534485598336
2193 0.430875699584934
2194 0.430253193346238
2195 0.429767748874765
2196 0.429019827511825
2197 0.428317721953333
2198 0.427702598340794
2199 0.427072593325746
2200 0.426538072374959
2201 0.426177949880215
2202 0.425668020438264
2203 0.425113025807265
2204 0.424614945567634
2205 0.423980563473751
2206 0.423622430108321
2207 0.423372839080084
2208 0.423271386118847
2209 0.42337267033281
2210 0.423543533295605
2211 0.42379411115564
2212 0.424209869237182
2213 0.424910429141187
2214 0.425499788930164
2215 0.426281800281471
2216 0.426871470560358
2217 0.427292633659035
2218 0.427704792632006
2219 0.428136682443699
2220 0.428313954080449
2221 0.42869566587668
2222 0.429135115157492
2223 0.429462087603477
2224 0.429798877432699
2225 0.430186754642717
2226 0.430508692504193
2227 0.430875326312726
2228 0.431382307773856
2229 0.431708061548872
2230 0.431958080479121
2231 0.43215735985722
2232 0.432277147210213
2233 0.43235271348894
2234 0.432233384071342
2235 0.43234154933041
2236 0.432574334750893
2237 0.432723928731663
2238 0.432997960264118
2239 0.433154440200773
2240 0.433222347040418
2241 0.433232255096342
2242 0.433079887254868
2243 0.433102594859375
2244 0.433281310073155
2245 0.433207091850059
2246 0.433150549706455
2247 0.433183027588027
2248 0.433027726778015
2249 0.432782393123585
2250 0.432741525431411
2251 0.432872536637408
2252 0.432993094402885
2253 0.433138745683975
2254 0.433310133535863
2255 0.43356296089015
2256 0.433774803682344
2257 0.433990432473138
2258 0.434229131242968
2259 0.434548290594137
2260 0.434709770972238
2261 0.434649047108903
2262 0.434975558463777
2263 0.435560293155869
2264 0.435786842857371
2265 0.436254373499765
2266 0.436313948756432
2267 0.435644786127909
2268 0.435493561757722
2269 0.435446969542547
2270 0.435428617737542
2271 0.43571468299616
2272 0.435813600510897
2273 0.435797007935626
2274 0.435826706904098
2275 0.435776046923551
2276 0.435775168278264
2277 0.435829463532862
2278 0.435990249632342
2279 0.435699700950538
2280 0.435607550917555
2281 0.435255990050583
2282 0.434788393814148
2283 0.434878291484082
2284 0.434924218559851
2285 0.435002198727765
2286 0.435430515468168
2287 0.435293521339496
2288 0.434743678953364
2289 0.434515805680901
2290 0.434064051796896
2291 0.433964897312639
2292 0.434206502905747
2293 0.434448907180706
2294 0.434970203332328
2295 0.435027258804661
2296 0.435003778210265
2297 0.434876929481615
2298 0.434357882946723
2299 0.433956553730488
2300 0.433578145319832
2301 0.433249266655932
2302 0.432753722147991
2303 0.432552768192749
2304 0.432713916977952
2305 0.432581148899839
2306 0.432403626460383
2307 0.432269771535215
2308 0.432069700199643
2309 0.431828765789523
2310 0.431466897060723
2311 0.431344610736412
2312 0.431370465104051
2313 0.431271565634356
2314 0.431354969991106
2315 0.431351165613732
2316 0.430976044390587
2317 0.430831594487009
2318 0.430883682315605
2319 0.430998724793067
2320 0.431206329432652
2321 0.431561732027249
2322 0.431758821957852
2323 0.431892759955588
2324 0.431828577833838
2325 0.431452931389825
2326 0.431249042111185
2327 0.430853055190822
2328 0.430568825711383
2329 0.430630354280803
2330 0.430241716849371
2331 0.429733819011532
2332 0.429207942710208
2333 0.428494763916287
2334 0.428340089322464
2335 0.428442816066566
2336 0.42815321718652
2337 0.427892479455547
2338 0.427498565390303
2339 0.426538228566395
2340 0.426421768051292
2341 0.426790794152056
2342 0.426803579434922
2343 0.427171378830085
2344 0.427220371669174
2345 0.427088627366602
2346 0.426540890610025
2347 0.425601701693415
2348 0.425075725817482
2349 0.423949291004504
2350 0.42382697730622
2351 0.424774885233614
2352 0.425074937208766
2353 0.425608713325588
2354 0.425635138368871
2355 0.425221243908599
2356 0.425126217410213
2357 0.425139565457662
2358 0.424782305736065
2359 0.424006696251191
2360 0.423692975223399
2361 0.423063626549822
2362 0.423009320495023
2363 0.424211209679069
2364 0.424278962179128
2365 0.423849714926004
2366 0.423486578715508
2367 0.422625645399002
2368 0.421909193423253
2369 0.421100758637833
2370 0.42068089436824
2371 0.420207985666164
2372 0.420262282859919
2373 0.421260869586681
2374 0.421461087206775
2375 0.421435911803678
2376 0.42134386184119
2377 0.420710393322977
2378 0.420613117828801
2379 0.421039051378079
2380 0.421158583783953
2381 0.421238039705838
2382 0.421049069447091
2383 0.420676527061305
2384 0.4200748909511
2385 0.418852207446134
2386 0.418807721676104
2387 0.419551834863587
2388 0.419548522341117
2389 0.419975100305857
2390 0.41980115681215
2391 0.418325172307764
2392 0.417804387154307
2393 0.417994326286929
2394 0.41795491335955
2395 0.418179477797002
2396 0.417811633350299
2397 0.416985552151553
2398 0.416243831020568
2399 0.414896982464495
2400 0.41459617861409
2401 0.414869591535384
2402 0.415215930675994
2403 0.416363934604279
2404 0.416747146154524
2405 0.41755325693314
2406 0.416931539120904
2407 0.41438769880127
2408 0.413732887124983
2409 0.413004897708629
2410 0.412716751013428
2411 0.414257006186336
2412 0.414612427098372
2413 0.414086720395677
2414 0.413853778692981
2415 0.41420856383936
2416 0.413296185543993
2417 0.410852906487793
2418 0.410043477443108
2419 0.409564037392994
2420 0.408700372057313
2421 0.40865326816545
2422 0.408523452320712
2423 0.407690974808484
2424 0.407031172979145
2425 0.407126877365953
2426 0.407060216156814
2427 0.406221589849111
2428 0.405852916202028
2429 0.406545408344499
2430 0.406102290060317
2431 0.405166273405342
2432 0.403621754161904
2433 0.400844049240953
2434 0.399684624531593
2435 0.398433900222261
2436 0.398754374609959
2437 0.401293515130518
2438 0.401727567418991
2439 0.402063949236228
2440 0.401495592186255
2441 0.399184565334292
2442 0.399802341958058
2443 0.400324989247431
2444 0.400354631128455
2445 0.399337422393949
2446 0.398189850663225
2447 0.397302137944856
2448 0.394929371458349
2449 0.393736725772447
2450 0.393478480679719
2451 0.39241100725678
2452 0.394155728905897
2453 0.39763499528698
2454 0.396739049401132
2455 0.394277693130427
2456 0.394545824285666
2457 0.395194637360867
2458 0.396544698904992
2459 0.397151157587419
2460 0.39531833892887
2461 0.393909737915721
2462 0.391621259222296
2463 0.3908866296914
2464 0.389314676235023
2465 0.388665835075446
2466 0.391018004071187
2467 0.392119685583679
2468 0.394021384906485
2469 0.39349996934665
2470 0.389735392287921
2471 0.388395676197836
2472 0.386232088331336
2473 0.38565957124076
2474 0.388027612004493
2475 0.389040825842351
2476 0.390249716250444
2477 0.390338072771191
2478 0.389752856701683
2479 0.389379770711334
2480 0.387886910291469
2481 0.3867514335691
2482 0.386241386411508
2483 0.384678622520154
2484 0.382444224758602
2485 0.381264893129046
2486 0.37951732970173
2487 0.379584193934143
2488 0.381094717065529
2489 0.38185554774273
2490 0.383968667917822
2491 0.383831014697951
2492 0.381535295331291
2493 0.37747695378967
2494 0.376312390140131
2495 0.377476407496162
2496 0.379174768214779
2497 0.381251334680228
2498 0.380931169594076
2499 0.378779738738534
2500 0.377021982636485
