"Wavelength" "M069a_m4-w3"
350 0.0837120282348563
351 0.0795481920939259
352 0.0754439258787481
353 0.0750900998304327
354 0.0773821651936232
355 0.0759027201598728
356 0.0730452690930886
357 0.0722338552547791
358 0.0762303322140197
359 0.0768314793337732
360 0.0768668522448949
361 0.0790434762354776
362 0.0829979518077447
363 0.0836667358837823
364 0.0800736968138498
365 0.0740775884399904
366 0.0724280898817443
367 0.0720607250810916
368 0.0730295247862763
369 0.0767398125445884
370 0.0803657347031041
371 0.07959856853346
372 0.0753694316836258
373 0.0747614723759861
374 0.0771363142217198
375 0.0782156672201759
376 0.0758919167317402
377 0.0752428254772032
378 0.0753894141976788
379 0.0757113274126801
380 0.075829353276781
381 0.0765302924520517
382 0.0768008241779722
383 0.0771489793244999
384 0.079252899709138
385 0.0767795863324158
386 0.0748437371301995
387 0.0765561567419135
388 0.0767917369278198
389 0.0776989132421788
390 0.0784562117866936
391 0.0778031456997438
392 0.0765706211082106
393 0.0756440248686362
394 0.0751633656682287
395 0.0747560935209059
396 0.0761450975396206
397 0.0767286043664389
398 0.075734220491078
399 0.0768431907377267
400 0.0779716986765684
401 0.077800636489579
402 0.0761789856884952
403 0.0768451430873304
404 0.0774192858249868
405 0.0772049521938382
406 0.0770397614858321
407 0.0781632363995135
408 0.0785031358962369
409 0.0775135182202788
410 0.0783259197040756
411 0.0786149299977496
412 0.0786721501890435
413 0.0791953103371594
414 0.0789046392969777
415 0.0790138180883248
416 0.0797596086782482
417 0.0804380786934089
418 0.0796256429070009
419 0.0788790493939631
420 0.079308461219672
421 0.0801934111754754
422 0.0811772011945136
423 0.0817221142635042
424 0.0814809055322222
425 0.08106028429714
426 0.0811113467205435
427 0.0816320641684612
428 0.0820001823747373
429 0.0819198613795975
430 0.0820104132372415
431 0.0827396867185981
432 0.0839241071065188
433 0.0839326218702539
434 0.0832051285110922
435 0.0830889958861305
436 0.0837857121249698
437 0.0842621835042269
438 0.0842422973416624
439 0.0845060435307098
440 0.0850272658634939
441 0.0852773722360232
442 0.084953582108799
443 0.0848065098005329
444 0.0852978156153846
445 0.0859278698849089
446 0.0857997495989146
447 0.0863876730951591
448 0.0869261432395099
449 0.0869386154184237
450 0.0868572275827461
451 0.0870510734547617
452 0.0871329470974838
453 0.0868136931989063
454 0.0874533658600063
455 0.0877584568975937
456 0.0876975180015063
457 0.0883285382844009
458 0.0888349272929377
459 0.0889154345079474
460 0.088673220319017
461 0.0889232286226832
462 0.0891618036561353
463 0.0893216200369883
464 0.089509237245149
465 0.0897670187413456
466 0.0899849123902992
467 0.0900307592860681
468 0.0897611822960509
469 0.0899952250574803
470 0.090438824475285
471 0.0906977026363996
472 0.0911265248389642
473 0.0911166981315524
474 0.0909292614700877
475 0.0913072687244622
476 0.0914097133593233
477 0.0914817340617535
478 0.0917149745502699
479 0.0919181322147874
480 0.0920690324920124
481 0.0923613826762251
482 0.0928792976730074
483 0.0925921719652216
484 0.0927146031032557
485 0.0934252636660437
486 0.0936684349257626
487 0.0938970459420222
488 0.0940752499225234
489 0.0941622490086839
490 0.0943937914113966
491 0.0946201079972512
492 0.0947849380102581
493 0.0949137771525444
494 0.0952338894978764
495 0.0955990208181313
496 0.0958905744924371
497 0.0961235131373227
498 0.0964124464543229
499 0.096679537647568
500 0.096829638433475
501 0.0970559750760637
502 0.0973663510036804
503 0.0976956500859458
504 0.0979202033972975
505 0.0981419593241719
506 0.0984639767441206
507 0.0989028942844379
508 0.0992380907509082
509 0.0994245143715544
510 0.0995759118191074
511 0.0998828000154594
512 0.100152853444045
513 0.100451450159518
514 0.100807703962103
515 0.101113987198162
516 0.101406509157299
517 0.101640596479166
518 0.101796382026371
519 0.102159331498326
520 0.102571937221766
521 0.102897839803044
522 0.103066128996073
523 0.103296880031332
524 0.103608826811191
525 0.103956493629883
526 0.104274678434247
527 0.104641525849526
528 0.105013299513091
529 0.105268887708947
530 0.105627981617321
531 0.105999102506935
532 0.106296299158543
533 0.106567172620127
534 0.106811104528172
535 0.107115448130221
536 0.107565288312559
537 0.107913978180172
538 0.108259635870837
539 0.108645029412044
540 0.108977135094985
541 0.109248861855785
542 0.10957724076623
543 0.110042237996813
544 0.110361898680897
545 0.110673806355908
546 0.111037077110636
547 0.111413040525348
548 0.111734971890173
549 0.112108034771178
550 0.112601747254424
551 0.113065382394548
552 0.1135032421891
553 0.113900663338623
554 0.114244356435062
555 0.114663846534082
556 0.115073040215465
557 0.115424781951549
558 0.115815401648657
559 0.116264965215894
560 0.116705953554727
561 0.117055976034901
562 0.117432176929002
563 0.11779461117321
564 0.118113698634225
565 0.118390458129312
566 0.118637933806527
567 0.118918014519463
568 0.119274213470738
569 0.119615277884773
570 0.119981232870388
571 0.120386344938169
572 0.120818475480044
573 0.121304477837544
574 0.121772730525754
575 0.122158236457316
576 0.122461820676742
577 0.122761503183577
578 0.12306550451988
579 0.123349456052699
580 0.123730180551749
581 0.124045429433643
582 0.124228496039134
583 0.124446926745391
584 0.124737408937268
585 0.125026688444558
586 0.125234045770853
587 0.125523838785656
588 0.125834673756142
589 0.126148280432323
590 0.126517075082965
591 0.126867394413737
592 0.127219500179009
593 0.127583284850572
594 0.127816635543358
595 0.128106141488811
596 0.128467132296282
597 0.128773203315761
598 0.129092132852246
599 0.129408391592649
600 0.129701606231977
601 0.129974802325515
602 0.130193364370924
603 0.130386719862734
604 0.130616442178016
605 0.130899066562176
606 0.131195154268055
607 0.131479049919202
608 0.131760075919639
609 0.132022930921957
610 0.132302711646433
611 0.132629995053923
612 0.13290899247414
613 0.133216870017938
614 0.133539990248388
615 0.133756445147719
616 0.134077673089859
617 0.134422953037645
618 0.134689847741992
619 0.134960543805325
620 0.135224689678341
621 0.135496634852622
622 0.135805350477339
623 0.136111766410147
624 0.136417233798857
625 0.136734880227377
626 0.137099723173704
627 0.137396242738496
628 0.137641918373039
629 0.137919475893484
630 0.138280253016603
631 0.138619066126024
632 0.138889922994951
633 0.139156241798418
634 0.139501334816933
635 0.139841676833475
636 0.140083739313729
637 0.140355829616421
638 0.140683302014078
639 0.141043549860591
640 0.141372057019627
641 0.141663168759112
642 0.141966337344254
643 0.14231250789948
644 0.142642213498086
645 0.142960486230143
646 0.143279286598507
647 0.143612522417456
648 0.143937682752643
649 0.144281495417335
650 0.144646579179913
651 0.144974065706566
652 0.145309859743624
653 0.14566060229564
654 0.146008254574457
655 0.146274129505958
656 0.146570745039389
657 0.146941372302738
658 0.147329589599028
659 0.147654008361759
660 0.147958589328777
661 0.14830477481775
662 0.148689777665862
663 0.149037353613005
664 0.149364211000299
665 0.149750599972331
666 0.150110717311987
667 0.150472609553791
668 0.150852818825573
669 0.151197876620039
670 0.151536727794916
671 0.151879636059169
672 0.152231976168524
673 0.15261197282458
674 0.152990575963518
675 0.153346722706502
676 0.153673890124461
677 0.15406275294785
678 0.154466917837059
679 0.154830099139291
680 0.155229841657686
681 0.155633536077316
682 0.156013569365902
683 0.156353965941975
684 0.156710507660465
685 0.15708382561943
686 0.1574629386064
687 0.157836328416596
688 0.15821519076759
689 0.158605223002361
690 0.159006714410824
691 0.159406337832678
692 0.159814357676119
693 0.160223848907921
694 0.160601296489684
695 0.160966025083633
696 0.161347755295604
697 0.161764040348834
698 0.162177055481733
699 0.16257330782798
700 0.16296467838661
701 0.163382738734874
702 0.163829359528463
703 0.16425429585648
704 0.164639383488427
705 0.165064239100313
706 0.165469814034238
707 0.165875282366382
708 0.166320409008583
709 0.166752809261154
710 0.167135603710493
711 0.167500644720244
712 0.167964621755013
713 0.168389848901709
714 0.168816288570583
715 0.169295202042592
716 0.16974219215847
717 0.17020610195351
718 0.170666789557571
719 0.171064703195531
720 0.171503963950472
721 0.171950286662254
722 0.172379805777936
723 0.172829665215559
724 0.173292919105231
725 0.173765279390884
726 0.174230588107337
727 0.174609122380651
728 0.175037508538366
729 0.175538511044169
730 0.176007015720347
731 0.176453051353312
732 0.176910691932195
733 0.177385904724578
734 0.177777061627678
735 0.178255825230127
736 0.178777656073769
737 0.179204141955954
738 0.179607958133922
739 0.179996052186911
740 0.18041869756201
741 0.180992676641646
742 0.181463071336079
743 0.181920229256562
744 0.18247557938948
745 0.182971368277509
746 0.183376434583804
747 0.183759894145146
748 0.184242754647946
749 0.184716709487498
750 0.185166269107408
751 0.185604671999035
752 0.186072441671874
753 0.186589911196311
754 0.187083489070687
755 0.187488713216372
756 0.187912574678776
757 0.188404759718855
758 0.188920718367818
759 0.189350588010895
760 0.18977753742954
761 0.190254489567375
762 0.190774609697511
763 0.191221628211709
764 0.191637378652128
765 0.19208442247603
766 0.192604668340571
767 0.19309099299651
768 0.193558735495572
769 0.194026192314558
770 0.194507112763754
771 0.194970237366071
772 0.195458200231751
773 0.195975272326136
774 0.196409069035984
775 0.196861602555937
776 0.197330620630071
777 0.19778358282511
778 0.198239798970559
779 0.198670837748617
780 0.199099058171774
781 0.19959062871512
782 0.200072112395373
783 0.200550435638768
784 0.2010326043082
785 0.201486626879294
786 0.201990442632576
787 0.202506623345727
788 0.202975342651462
789 0.203473888436004
790 0.203945605284733
791 0.204394879112182
792 0.204878996945834
793 0.205328182600347
794 0.205777188151025
795 0.206252488425715
796 0.206730688666628
797 0.207222490808471
798 0.207726980165485
799 0.208231974408817
800 0.208691186293357
801 0.20918370235478
802 0.209663265738402
803 0.210017540713387
804 0.210511877026982
805 0.211016898141451
806 0.211467627988384
807 0.211993306819293
808 0.212482153889567
809 0.212955455151584
810 0.213446486707285
811 0.213898268474904
812 0.214356369815627
813 0.214818625541483
814 0.215259679555926
815 0.215704302020326
816 0.216161289251957
817 0.216647511600994
818 0.217185835932479
819 0.217712325186225
820 0.218150258565323
821 0.218510402105176
822 0.219015751212071
823 0.21951497375546
824 0.219979017746008
825 0.220430757763766
826 0.220906779834348
827 0.221395566708596
828 0.221879390538966
829 0.222339174137258
830 0.222771808431281
831 0.223194877305399
832 0.223643595382965
833 0.224173251032843
834 0.224657364426747
835 0.225069977780432
836 0.225442306657399
837 0.225877336687061
838 0.226324129968684
839 0.226821978500879
840 0.227406430876706
841 0.227859082942619
842 0.228318658280479
843 0.228782298546374
844 0.229122264629599
845 0.229573467817521
846 0.230084993746039
847 0.230587258979507
848 0.231058770010226
849 0.231584078656614
850 0.232065079966339
851 0.232436159749887
852 0.232876615550161
853 0.23335832911629
854 0.233831270959689
855 0.234260348349036
856 0.234777707784769
857 0.23519185482226
858 0.235538532557468
859 0.23603038524819
860 0.236526590063187
861 0.237010726046992
862 0.237461022421231
863 0.237831705050266
864 0.238227118930832
865 0.23868842078104
866 0.239205006047015
867 0.23968756542785
868 0.240181515000869
869 0.240651104567091
870 0.241054896272592
871 0.241436368489658
872 0.241830997026593
873 0.242276871855683
874 0.242789235034733
875 0.243257600525768
876 0.243697337288726
877 0.244135963624625
878 0.244599103049597
879 0.245090677536024
880 0.2454903390653
881 0.245816361627084
882 0.246307570465663
883 0.24678935668358
884 0.247245860608767
885 0.247708448769326
886 0.248237926628307
887 0.248688958921328
888 0.249068947380463
889 0.249460607166262
890 0.250015509501741
891 0.250465908609674
892 0.250828594581867
893 0.251257298779676
894 0.251777011457354
895 0.252262991599434
896 0.252683601996579
897 0.25309870639241
898 0.253622511879414
899 0.254109154752375
900 0.254509669752246
901 0.254914981854085
902 0.255406594232302
903 0.255903129647213
904 0.256347539750366
905 0.256765774652565
906 0.257183400972352
907 0.257559302555239
908 0.257936094330634
909 0.258564955866196
910 0.259049306954435
911 0.259455702891493
912 0.259919692189261
913 0.260347776728856
914 0.260746362825653
915 0.261154720478934
916 0.261608372822924
917 0.26207160580203
918 0.262506895084834
919 0.262981518933273
920 0.263557140987542
921 0.264010405356131
922 0.264425017745996
923 0.264880138794184
924 0.265403736742974
925 0.265795091985797
926 0.266247374855731
927 0.266774560273669
928 0.267230095233962
929 0.267648362914506
930 0.267988936085137
931 0.268307893132998
932 0.268738991200159
933 0.269152140945642
934 0.269652530798911
935 0.270232092991126
936 0.270724063265264
937 0.271178860109608
938 0.271568187120971
939 0.271959732813794
940 0.27254141137552
941 0.273023689436436
942 0.273408080451728
943 0.273753382002301
944 0.274108869479261
945 0.274615510259091
946 0.275155204548939
947 0.275626285660016
948 0.276075276565196
949 0.276507893554205
950 0.276984052062296
951 0.277494260416513
952 0.277877587320397
953 0.278306370460325
954 0.278745624922156
955 0.279146854545142
956 0.279551665460504
957 0.280000712822679
958 0.280450713448219
959 0.280895189551799
960 0.281472800025888
961 0.281893190152797
962 0.282177548074995
963 0.282481624748334
964 0.283027712407913
965 0.283582292583511
966 0.284118799877257
967 0.284616750216719
968 0.284929704240251
969 0.285201539922623
970 0.285556891972041
971 0.286015581248733
972 0.286381934034278
973 0.286865273345474
974 0.287385874983232
975 0.287824102520761
976 0.288162350175411
977 0.288584191866156
978 0.289133778794646
979 0.28972187448857
980 0.2901044355843
981 0.290367483437127
982 0.290751081074266
983 0.291312038722208
984 0.291712308088506
985 0.292058151297769
986 0.292445066502625
987 0.292945816412242
988 0.293571812304878
989 0.293948092910942
990 0.294300917512608
991 0.294752669996126
992 0.29510373762744
993 0.295608344628935
994 0.295959067398356
995 0.296145108759431
996 0.296578632230357
997 0.296829510977558
998 0.297342739406654
999 0.298094750371989
1000 0.298524929906245
1001 0.294232077905758
1002 0.294653348125054
1003 0.295012288861652
1004 0.295406849304505
1005 0.295856305729784
1006 0.296277747980651
1007 0.296694359171219
1008 0.297054095430544
1009 0.297469118247616
1010 0.297874664411936
1011 0.298221080080273
1012 0.298532584771602
1013 0.298890364550297
1014 0.299305269611286
1015 0.299716207741385
1016 0.300134890204214
1017 0.300536977604629
1018 0.300911585705006
1019 0.301264676815142
1020 0.301566552467014
1021 0.301978288520418
1022 0.302394163412547
1023 0.302747473451553
1024 0.303168182893251
1025 0.303558546495006
1026 0.303907059165159
1027 0.304290843950952
1028 0.304678243766163
1029 0.305086241016529
1030 0.30546235493284
1031 0.305787120705248
1032 0.306151415849379
1033 0.306508747580103
1034 0.306871114886545
1035 0.307231798246358
1036 0.307662358859702
1037 0.308118713235738
1038 0.308509349831349
1039 0.308911099766773
1040 0.309356706282223
1041 0.309739747093245
1042 0.310130803112939
1043 0.310588540593865
1044 0.310965216934424
1045 0.311289228965299
1046 0.311670972176623
1047 0.312063684235095
1048 0.312453306225958
1049 0.312886257473672
1050 0.313304356875677
1051 0.313653233847632
1052 0.314035192516996
1053 0.314385390068344
1054 0.314754137082372
1055 0.315209417331268
1056 0.315604339917696
1057 0.315948600940033
1058 0.316300808923233
1059 0.316622320049801
1060 0.316928911967638
1061 0.317265174186164
1062 0.317632581970567
1063 0.318053027682809
1064 0.318432498311025
1065 0.318753460046403
1066 0.319068025568475
1067 0.319304671177868
1068 0.319557666448876
1069 0.319875115260926
1070 0.320141267622572
1071 0.320418677523092
1072 0.320693071456069
1073 0.320903784243721
1074 0.321184317606671
1075 0.321510039571271
1076 0.321799578952653
1077 0.32207555988781
1078 0.322370816322396
1079 0.32268172046122
1080 0.322968334020244
1081 0.323233747528604
1082 0.32350850898514
1083 0.323772273587312
1084 0.324037714529686
1085 0.324312251634049
1086 0.324622675832894
1087 0.324928703001158
1088 0.32514633984417
1089 0.325369613088011
1090 0.325626362707432
1091 0.325875530586702
1092 0.326142824594775
1093 0.326377436026928
1094 0.326609190940828
1095 0.326794405026257
1096 0.326994453035414
1097 0.327191113803013
1098 0.327428311965141
1099 0.327750684254849
1100 0.328058314842553
1101 0.328337679231991
1102 0.328646670276117
1103 0.328925046761587
1104 0.329202122712912
1105 0.329524412344285
1106 0.329813861325697
1107 0.330092281689038
1108 0.330355713055833
1109 0.330591320929384
1110 0.330850898245764
1111 0.33113002572223
1112 0.331465991446939
1113 0.331785887279267
1114 0.332089749565961
1115 0.332421488308789
1116 0.332727870745755
1117 0.333080260887693
1118 0.333435889706596
1119 0.333735444542657
1120 0.334034254462648
1121 0.334328864839482
1122 0.334585534559776
1123 0.334891500350966
1124 0.335217758913737
1125 0.33555057583523
1126 0.335905178471781
1127 0.336272701766658
1128 0.336612934070706
1129 0.336950544357104
1130 0.337282789674321
1131 0.337568926029269
1132 0.337885667671311
1133 0.338239755164598
1134 0.338581206821356
1135 0.338935266893242
1136 0.339284850549792
1137 0.33961359238338
1138 0.339977248781305
1139 0.340388027079323
1140 0.340746672337156
1141 0.341099125473024
1142 0.341444294023196
1143 0.341752228198804
1144 0.342063697094673
1145 0.342435545438647
1146 0.342802619118913
1147 0.343172707080245
1148 0.343524178183059
1149 0.343830709127349
1150 0.344145539922137
1151 0.344427268254071
1152 0.344710952437812
1153 0.344996373610802
1154 0.345273447300458
1155 0.345560588113984
1156 0.345838069449937
1157 0.346143102783707
1158 0.34647758598293
1159 0.346799630421665
1160 0.347127443089084
1161 0.347467080371253
1162 0.347784458685445
1163 0.348127450490969
1164 0.348497483219915
1165 0.348815017453031
1166 0.349109894855468
1167 0.349373367032293
1168 0.349603933216777
1169 0.349888087340991
1170 0.350176453409469
1171 0.350489286490297
1172 0.350800368289358
1173 0.351144714585471
1174 0.351433053864814
1175 0.351718212100637
1176 0.351978121298415
1177 0.352170648119467
1178 0.352399836755354
1179 0.352642341129758
1180 0.352874759559764
1181 0.353094245768695
1182 0.353325626368303
1183 0.353557285657963
1184 0.353783420403635
1185 0.354035469005936
1186 0.354303122321763
1187 0.354548367196074
1188 0.354781558732793
1189 0.355020901920257
1190 0.355262086308718
1191 0.355485897548397
1192 0.355694589482821
1193 0.355923077436769
1194 0.356145633649082
1195 0.356368089666865
1196 0.356624244030513
1197 0.356850802444705
1198 0.357052912605337
1199 0.357255926288722
1200 0.357460707812218
1201 0.357634282045685
1202 0.357834739052058
1203 0.35806597337972
1204 0.358261573154514
1205 0.358442138809822
1206 0.3586539667081
1207 0.358861366868323
1208 0.35907086775501
1209 0.359314903245917
1210 0.359530563626789
1211 0.359720986690183
1212 0.359920469812387
1213 0.360138414390971
1214 0.360331110030737
1215 0.360479321718145
1216 0.360663061777265
1217 0.360835330010558
1218 0.361046340214536
1219 0.361276059067794
1220 0.361544286457713
1221 0.361776302002928
1222 0.362001653114408
1223 0.362218608096552
1224 0.362421508138339
1225 0.362632716662041
1226 0.362849955547751
1227 0.363055685058614
1228 0.363253792449741
1229 0.363455579948677
1230 0.363647068754403
1231 0.363845555810454
1232 0.364056549156403
1233 0.364253834848518
1234 0.364424152913403
1235 0.364632040390423
1236 0.364854094684608
1237 0.365089943516455
1238 0.365327419796208
1239 0.365561671055466
1240 0.365764585667631
1241 0.365930882717656
1242 0.36611006343897
1243 0.366277276462113
1244 0.366454998280348
1245 0.366637965443174
1246 0.366811284050692
1247 0.366978575411693
1248 0.367155944350194
1249 0.36730670495534
1250 0.367504749418931
1251 0.36774859855571
1252 0.367971381390593
1253 0.368230238720146
1254 0.368453235014425
1255 0.368625684767855
1256 0.368835264552093
1257 0.369058352143198
1258 0.369268655443554
1259 0.369495019569659
1260 0.369742705479883
1261 0.369993261289522
1262 0.370255361257645
1263 0.370494407986375
1264 0.370743032651648
1265 0.370972278937731
1266 0.371172209681691
1267 0.371375769911109
1268 0.371562761462894
1269 0.371781935064326
1270 0.372015159168938
1271 0.372235269496111
1272 0.372478091579234
1273 0.37270627992339
1274 0.372892656551951
1275 0.373107921426557
1276 0.3733642306616
1277 0.373588317254944
1278 0.373796776415652
1279 0.374019965016684
1280 0.374213003772869
1281 0.374368356819069
1282 0.374556974960021
1283 0.374752874983678
1284 0.374938204740434
1285 0.375140381562105
1286 0.375307537007779
1287 0.37546317026942
1288 0.375592713397156
1289 0.375694853612033
1290 0.37579088293233
1291 0.375852300700991
1292 0.375932607557025
1293 0.376029187347224
1294 0.376096020925782
1295 0.3761655077109
1296 0.376207186254959
1297 0.376189226285198
1298 0.376206357861729
1299 0.376240223678413
1300 0.376253651184797
1301 0.376277495889357
1302 0.376315288411209
1303 0.376351288918625
1304 0.376374083217756
1305 0.37641929820303
1306 0.376489226546264
1307 0.37654148106871
1308 0.376606329002976
1309 0.376637273642679
1310 0.376639646317724
1311 0.376661882189773
1312 0.376660596747829
1313 0.37668825465009
1314 0.376765111665867
1315 0.376794750170189
1316 0.376786874794476
1317 0.37681716527215
1318 0.376819480625981
1319 0.376869569499356
1320 0.376960587163736
1321 0.377074763460562
1322 0.377219172520662
1323 0.377376258795092
1324 0.377551752518232
1325 0.377770351811479
1326 0.377944668699027
1327 0.378118814867816
1328 0.378276283025958
1329 0.378414960601002
1330 0.378548793859429
1331 0.378660019313347
1332 0.37880302438659
1333 0.378939132491429
1334 0.379101247498206
1335 0.379292780504517
1336 0.379485885862144
1337 0.379678399476606
1338 0.379896004940376
1339 0.38015071750867
1340 0.380382779197162
1341 0.380621970313846
1342 0.380856710568513
1343 0.381091433595118
1344 0.381305297830398
1345 0.381521802322058
1346 0.381717641419811
1347 0.381891667581274
1348 0.382043124619192
1349 0.382196637365935
1350 0.382331386662965
1351 0.382496830214789
1352 0.382674020384934
1353 0.38283500985509
1354 0.383007424697033
1355 0.383170143418801
1356 0.383301684503641
1357 0.383468229859872
1358 0.383654434792887
1359 0.383843408087521
1360 0.384032466416021
1361 0.384248335046531
1362 0.38447616465074
1363 0.384721497954535
1364 0.385018169876973
1365 0.385270902268987
1366 0.385510214554654
1367 0.385752423481052
1368 0.385977914385878
1369 0.386197519011006
1370 0.386466843595692
1371 0.386655866047045
1372 0.386796596486989
1373 0.386906774685152
1374 0.386996072419503
1375 0.387038182701079
1376 0.38703996748436
1377 0.387008608000417
1378 0.386973067525699
1379 0.386881104541274
1380 0.386810924711813
1381 0.386751572162081
1382 0.386680798985626
1383 0.386581214206366
1384 0.386505745050239
1385 0.386456600771318
1386 0.386379312745059
1387 0.386315511882938
1388 0.386205262888287
1389 0.386090879805092
1390 0.385911666917409
1391 0.385677432125346
1392 0.385426397282219
1393 0.385135928781165
1394 0.384815506427752
1395 0.384457895105646
1396 0.384092318437206
1397 0.383687748113562
1398 0.383282798841716
1399 0.382866305692625
1400 0.382457353284621
1401 0.38206954739147
1402 0.381640313967394
1403 0.381165778643085
1404 0.380699863339577
1405 0.380240895540828
1406 0.379724755432254
1407 0.379302955279893
1408 0.378930291867687
1409 0.378586512682112
1410 0.378251427690499
1411 0.37801579280693
1412 0.377804781656856
1413 0.377729374046806
1414 0.37774729434591
1415 0.377854271635512
1416 0.378056555692543
1417 0.378351157593461
1418 0.378787080773196
1419 0.379197695171902
1420 0.379714800360305
1421 0.380174372233759
1422 0.380614145012025
1423 0.381055224093144
1424 0.381483030176939
1425 0.381928410000432
1426 0.382387426946861
1427 0.382830227086552
1428 0.383292406237619
1429 0.383725497413282
1430 0.384116654388253
1431 0.384526445215435
1432 0.384944290328603
1433 0.385351995306405
1434 0.385735789277605
1435 0.386102951701452
1436 0.386467853358038
1437 0.386807987940914
1438 0.387139977435686
1439 0.387470856530626
1440 0.387801313441903
1441 0.388118390224591
1442 0.388414187221999
1443 0.38871764958745
1444 0.388994180184786
1445 0.389225202333754
1446 0.389474489539048
1447 0.389725603203272
1448 0.389977974140379
1449 0.390233133171815
1450 0.390470632834541
1451 0.390711913015256
1452 0.390933689381337
1453 0.391117533228351
1454 0.391327082177117
1455 0.391539338450666
1456 0.391758209486184
1457 0.392018843597498
1458 0.392223515927722
1459 0.392403079159111
1460 0.392570885709827
1461 0.392689042901045
1462 0.39282644430487
1463 0.392976308970704
1464 0.39311323680151
1465 0.393222705929396
1466 0.393364610879716
1467 0.393505957921008
1468 0.393669844622506
1469 0.393868348780919
1470 0.394068467580144
1471 0.394288848511338
1472 0.39452793055079
1473 0.394791977310937
1474 0.39506160889216
1475 0.395314724600557
1476 0.395571333982657
1477 0.395813177482734
1478 0.396045394584078
1479 0.396260239407914
1480 0.39645550347629
1481 0.396665848203736
1482 0.396864451987998
1483 0.397075573348391
1484 0.397306924400402
1485 0.39751832520863
1486 0.397715368310574
1487 0.397923720513742
1488 0.398142168589334
1489 0.398338851501328
1490 0.398528644327677
1491 0.398716282029746
1492 0.398876564278291
1493 0.399065101027686
1494 0.39926588459355
1495 0.399473129583435
1496 0.39969061692012
1497 0.39991745780881
1498 0.400176585168904
1499 0.400395768417732
1500 0.400597081826453
1501 0.400803210033394
1502 0.400996216826418
1503 0.40117621630063
1504 0.401377601796858
1505 0.40153736920855
1506 0.40164235651725
1507 0.40176667983994
1508 0.401875759964853
1509 0.401991681866463
1510 0.402093986739086
1511 0.402230224649887
1512 0.402387637156883
1513 0.402548920569268
1514 0.402754125792884
1515 0.402938189922048
1516 0.4030946313625
1517 0.403279908986997
1518 0.403457320081212
1519 0.403611109344569
1520 0.403817673885404
1521 0.403984781677748
1522 0.404159296468196
1523 0.404349348146632
1524 0.404498563549113
1525 0.404621530964491
1526 0.404743905862292
1527 0.404830727371226
1528 0.404969888428001
1529 0.405122603404076
1530 0.405281215298772
1531 0.405484006473621
1532 0.405634207978735
1533 0.405758832175733
1534 0.405894246833049
1535 0.40599749096243
1536 0.406152150481748
1537 0.406352142703587
1538 0.406504333536988
1539 0.406662506497461
1540 0.406803183333316
1541 0.406897933490952
1542 0.407027167990171
1543 0.407181082674228
1544 0.407314045804769
1545 0.40744485051781
1546 0.407569236242853
1547 0.407671726819623
1548 0.407798296514635
1549 0.407937383712636
1550 0.408067847136599
1551 0.408211157933948
1552 0.408342251317829
1553 0.408433447138138
1554 0.408585013334216
1555 0.408775943333538
1556 0.408947272481457
1557 0.409173303798368
1558 0.409333557611614
1559 0.409437474879476
1560 0.409558682340568
1561 0.409653269780413
1562 0.409763717518409
1563 0.409888811993374
1564 0.410003844147931
1565 0.410106630535724
1566 0.410227062355811
1567 0.410357283957597
1568 0.410481055272513
1569 0.410627870218764
1570 0.41074629965131
1571 0.410842188434585
1572 0.410937801161744
1573 0.411020210628322
1574 0.411100140390806
1575 0.411174505622241
1576 0.411248378194506
1577 0.41129996509572
1578 0.411379071899083
1579 0.411454577497842
1580 0.411566904837953
1581 0.411721287063032
1582 0.41187479134528
1583 0.412066263289402
1584 0.412237414138199
1585 0.412413461313987
1586 0.41256688157329
1587 0.412704595398751
1588 0.412829896804164
1589 0.412927963435801
1590 0.413029016570793
1591 0.413097436993389
1592 0.413204426092868
1593 0.413349817754399
1594 0.413473026339403
1595 0.413612120100086
1596 0.413743680514544
1597 0.413846964899107
1598 0.413957892457354
1599 0.414058406928466
1600 0.414194879185163
1601 0.41431941579014
1602 0.414453588282737
1603 0.414610695188483
1604 0.414755940368906
1605 0.41487985637226
1606 0.414991905849064
1607 0.415102648108339
1608 0.415198080812329
1609 0.415284962937159
1610 0.415365015416629
1611 0.415461502418143
1612 0.415534776075448
1613 0.415668986908996
1614 0.415852687403738
1615 0.415992800869254
1616 0.416145723091615
1617 0.416278940878448
1618 0.416380357252482
1619 0.41651424108964
1620 0.416666283269154
1621 0.416796660135187
1622 0.416931344170879
1623 0.417042878834602
1624 0.417134497602347
1625 0.417229728068201
1626 0.417320855071013
1627 0.417396350003615
1628 0.417470018107673
1629 0.417518132098281
1630 0.417516626463005
1631 0.41760227441272
1632 0.417695372804602
1633 0.41783927706005
1634 0.41805854338591
1635 0.418249861332363
1636 0.418451553528144
1637 0.418650830653111
1638 0.418887703528076
1639 0.419023049915957
1640 0.419115871932196
1641 0.419208718665
1642 0.419226485993414
1643 0.41931318977296
1644 0.419422090099464
1645 0.419560353873313
1646 0.419723254655793
1647 0.419882229410795
1648 0.420077051580015
1649 0.420242268669641
1650 0.420398966089802
1651 0.420525194685043
1652 0.420632246688679
1653 0.42075447581427
1654 0.420863857931707
1655 0.420961582149109
1656 0.421067204595337
1657 0.421123140776985
1658 0.421180094726685
1659 0.421296981218888
1660 0.421434837355221
1661 0.421583083660362
1662 0.421713527753955
1663 0.421847672005896
1664 0.421969816461064
1665 0.422107736720518
1666 0.42225187793172
1667 0.422341881147998
1668 0.422440230558695
1669 0.422570821696424
1670 0.4227053060465
1671 0.422878119340399
1672 0.423048401402259
1673 0.423176156633737
1674 0.423334952963547
1675 0.423475201423022
1676 0.423571349141239
1677 0.423697327442843
1678 0.423787991130541
1679 0.423876430005871
1680 0.424028566083826
1681 0.424154788948748
1682 0.424275049201649
1683 0.424359412438922
1684 0.42443812991551
1685 0.424577807911614
1686 0.424672275936685
1687 0.424836050885156
1688 0.425076966172353
1689 0.425225264239581
1690 0.425378947666842
1691 0.425548647153514
1692 0.425663245602832
1693 0.425796457654397
1694 0.425935511587417
1695 0.426059073693693
1696 0.426172635164629
1697 0.426279169230265
1698 0.426413387442275
1699 0.426534374384528
1700 0.426654465518993
1701 0.426792324116675
1702 0.426913814702323
1703 0.427004559971945
1704 0.427132314224182
1705 0.427295663896748
1706 0.42741558650862
1707 0.42756039398523
1708 0.427646092417521
1709 0.427650287428454
1710 0.427669861894264
1711 0.427643521299763
1712 0.427687426049422
1713 0.427744851535269
1714 0.427838924438203
1715 0.428048046717642
1716 0.42814304184031
1717 0.428208411194168
1718 0.42826737239964
1719 0.428233937162887
1720 0.428247694576566
1721 0.428266546089147
1722 0.428328923237656
1723 0.428404792583644
1724 0.428543675954534
1725 0.428787147362687
1726 0.428919826406692
1727 0.429077337572621
1728 0.429138325079299
1729 0.429043922576495
1730 0.429088940365284
1731 0.429135175848971
1732 0.429236679222409
1733 0.429461316749822
1734 0.429570311003059
1735 0.42965415334209
1736 0.429704706176527
1737 0.429679924019058
1738 0.429717548630982
1739 0.429771131546533
1740 0.429825094697855
1741 0.429881944341663
1742 0.429959290379756
1743 0.430036522235981
1744 0.430131005536657
1745 0.430194178858886
1746 0.430170751717026
1747 0.430188355861853
1748 0.430230685389437
1749 0.430253376323448
1750 0.430331924763542
1751 0.430362055293186
1752 0.43033524636168
1753 0.430357739999504
1754 0.430372491695461
1755 0.430421386127191
1756 0.430564704625725
1757 0.430687799011203
1758 0.430777762125129
1759 0.430881668096623
1760 0.430948376680887
1761 0.431035404694261
1762 0.43113083339403
1763 0.431173832235141
1764 0.431208808003702
1765 0.431224641250937
1766 0.431276396998924
1767 0.431369822817686
1768 0.431406124193984
1769 0.431405142209649
1770 0.43146369993404
1771 0.431580525548812
1772 0.431743020744925
1773 0.431865404694927
1774 0.431964890531061
1775 0.43204492585003
1776 0.432140966791674
1777 0.432176937753855
1778 0.432132990932516
1779 0.432137173645976
1780 0.432087494816159
1781 0.432179409154406
1782 0.432323744654409
1783 0.432479932586098
1784 0.432656341489355
1785 0.432794674819283
1786 0.432870966483835
1787 0.432964120271711
1788 0.43300086162061
1789 0.432969595061746
1790 0.432971537462695
1791 0.432947991193676
1792 0.432992708836647
1793 0.433131342708642
1794 0.433237414616297
1795 0.433366376091025
1796 0.433517033801874
1797 0.433612849866428
1798 0.433776229188421
1799 0.433975124028405
1800 0.434019829025388
1801 0.429667860659878
1802 0.429709736635583
1803 0.429722216221505
1804 0.429908824306702
1805 0.430020476424147
1806 0.430051875893964
1807 0.430223007407978
1808 0.430507104539229
1809 0.430680511562435
1810 0.430848702664947
1811 0.431133906755478
1812 0.431157119291476
1813 0.431194818914431
1814 0.431321731883733
1815 0.431371114669919
1816 0.431463275391347
1817 0.431655558063895
1818 0.431750778108799
1819 0.431806327134955
1820 0.43180502292147
1821 0.431867058612983
1822 0.431905843099381
1823 0.431837090281205
1824 0.431931027844491
1825 0.431985953301125
1826 0.432032975834994
1827 0.432058439287592
1828 0.432094569942556
1829 0.432097475975295
1830 0.432084831421345
1831 0.432019129307723
1832 0.431932203573541
1833 0.431916699345744
1834 0.431917391304302
1835 0.432035835393062
1836 0.432138552936897
1837 0.432307433322643
1838 0.432457515661053
1839 0.432632037363109
1840 0.432749148167329
1841 0.432913411224736
1842 0.433034792160298
1843 0.432919643215555
1844 0.432805845419632
1845 0.432728907258598
1846 0.432720274229057
1847 0.432748641261938
1848 0.432920050820649
1849 0.433017523433422
1850 0.433106685738973
1851 0.433176098320571
1852 0.433164915349449
1853 0.433121308468363
1854 0.4330579796226
1855 0.432975802778081
1856 0.432879355378701
1857 0.432849784307413
1858 0.432760528420125
1859 0.43265401504341
1860 0.432408136950144
1861 0.432206937642946
1862 0.431990684353943
1863 0.431725841073063
1864 0.431456120023263
1865 0.431176687149708
1866 0.430913315496924
1867 0.430602548107755
1868 0.43023825593442
1869 0.429945673669374
1870 0.429653662046736
1871 0.42928825283911
1872 0.428890268808713
1873 0.42842464786213
1874 0.427992572071298
1875 0.427417786156627
1876 0.426932302595867
1877 0.426520510732693
1878 0.425934228925302
1879 0.425207910872254
1880 0.424582359727818
1881 0.423883652450514
1882 0.422992064223973
1883 0.422111168953444
1884 0.421066604121249
1885 0.419870386045755
1886 0.418603432678459
1887 0.41723124453461
1888 0.415778087536157
1889 0.414247385663464
1890 0.412602347072653
1891 0.410886263558105
1892 0.409085161275145
1893 0.407182543734854
1894 0.405147237645629
1895 0.402979707634288
1896 0.400825770990676
1897 0.398672372159965
1898 0.396438879229897
1899 0.394337211512747
1900 0.39227553065974
1901 0.390318349507553
1902 0.388419177511392
1903 0.386676686363175
1904 0.38499345777958
1905 0.383453353585088
1906 0.382099222687492
1907 0.38106651516941
1908 0.380295106424429
1909 0.379636227029079
1910 0.37912451769982
1911 0.378776242842353
1912 0.378550469598909
1913 0.378487832558619
1914 0.378546967050099
1915 0.378637655384111
1916 0.378750195049247
1917 0.378858432137435
1918 0.379056177812129
1919 0.379384738556127
1920 0.379848989618068
1921 0.380350950565121
1922 0.380998098306231
1923 0.381569602043816
1924 0.382158362082369
1925 0.382764879090683
1926 0.38337226948487
1927 0.38398630926097
1928 0.384573390294318
1929 0.38510860499462
1930 0.385663618176888
1931 0.386184493862459
1932 0.386722317259788
1933 0.387317393549518
1934 0.387879849797487
1935 0.388387002801531
1936 0.388936164980961
1937 0.389553650967917
1938 0.390196617304652
1939 0.390922395227361
1940 0.391629740949755
1941 0.392313932227951
1942 0.392955347055795
1943 0.393518686888489
1944 0.393964334426682
1945 0.394472567414229
1946 0.394936740442581
1947 0.395421054522659
1948 0.395917182822577
1949 0.396434285203813
1950 0.396952105604092
1951 0.397452449690303
1952 0.397877979700858
1953 0.398335166513796
1954 0.398779506767711
1955 0.399162719552482
1956 0.399586061061824
1957 0.40006339260421
1958 0.400479437892798
1959 0.400852867226807
1960 0.401278001955602
1961 0.401601426180819
1962 0.401931246353254
1963 0.402379589555274
1964 0.402860009475441
1965 0.403319892676325
1966 0.40384855103659
1967 0.404377649386024
1968 0.404900464445328
1969 0.40535528417114
1970 0.40583587626887
1971 0.406302621564076
1972 0.406681642470991
1973 0.40709368617668
1974 0.40755073031413
1975 0.407955706212729
1976 0.408371589040556
1977 0.408839738580463
1978 0.409255664735682
1979 0.409731341675554
1980 0.410074794733152
1981 0.410177444591788
1982 0.410563351286594
1983 0.41109660941788
1984 0.411547374032749
1985 0.412083588591545
1986 0.412664884085488
1987 0.413116125304799
1988 0.41351602950094
1989 0.414140610639566
1990 0.414662713829681
1991 0.415080000812908
1992 0.415394188680887
1993 0.415756663432459
1994 0.415969032854388
1995 0.416353193348586
1996 0.416883427108647
1997 0.417319429898301
1998 0.417756944945309
1999 0.418216969302571
2000 0.418680537139163
2001 0.419098683199908
2002 0.419492723071801
2003 0.419896300770143
2004 0.420294269192546
2005 0.4206295557708
2006 0.420995618327793
2007 0.42141294645819
2008 0.421781461666363
2009 0.42214489555878
2010 0.422455532617303
2011 0.422735227692111
2012 0.422992533439082
2013 0.423176042482803
2014 0.423376480007656
2015 0.423669720997287
2016 0.423997394121336
2017 0.424370004971341
2018 0.424869634636831
2019 0.425264906888755
2020 0.425670815818156
2021 0.426029959071693
2022 0.426299191834666
2023 0.426615892351677
2024 0.426894411565612
2025 0.427258484409839
2026 0.427654500775337
2027 0.428054021278291
2028 0.428341259653402
2029 0.428597137291747
2030 0.428835681085618
2031 0.428916042174783
2032 0.429171010280907
2033 0.429548396949511
2034 0.4298452234563
2035 0.43022534480937
2036 0.430502215258823
2037 0.43058254356377
2038 0.430822032034423
2039 0.431134614964097
2040 0.431411491034169
2041 0.431742464533889
2042 0.432197625408634
2043 0.432415530361829
2044 0.432453915602914
2045 0.432623045695103
2046 0.432709149468018
2047 0.43286903019893
2048 0.433108238136165
2049 0.43332861061896
2050 0.433618536708659
2051 0.4338003496553
2052 0.43389766678893
2053 0.434067718046006
2054 0.434170660250143
2055 0.434304481357269
2056 0.434541747431552
2057 0.43494082002001
2058 0.435198321019894
2059 0.435466297997126
2060 0.435670696882569
2061 0.435778374105634
2062 0.435946820253332
2063 0.436119811708476
2064 0.436297298016358
2065 0.436463652055165
2066 0.436663619295116
2067 0.436953222475623
2068 0.437123817506257
2069 0.437190847739736
2070 0.437359747110043
2071 0.437496757007916
2072 0.437546213476701
2073 0.437670465709255
2074 0.437893179641727
2075 0.438042597015679
2076 0.438094314940336
2077 0.438277751139863
2078 0.438570205950292
2079 0.438755087671911
2080 0.438971322110164
2081 0.439153179382353
2082 0.439271824226752
2083 0.439363206630727
2084 0.439420891854705
2085 0.439479693342497
2086 0.439587559627779
2087 0.439635460496045
2088 0.439793438110108
2089 0.440097429088226
2090 0.440284459529786
2091 0.440494420464788
2092 0.440610207292874
2093 0.440596684193547
2094 0.440694129977363
2095 0.440851418345921
2096 0.440895184421837
2097 0.440848690640363
2098 0.440924795530253
2099 0.44096345968806
2100 0.4410603416007
2101 0.44114024553441
2102 0.441375035720518
2103 0.441608068483454
2104 0.441843242214004
2105 0.442003081765758
2106 0.442258179089559
2107 0.442415276787092
2108 0.442378219462408
2109 0.442469055276744
2110 0.442595330030186
2111 0.442785594646118
2112 0.443040920326249
2113 0.443251838930579
2114 0.44355882569299
2115 0.443785617654101
2116 0.443835656112881
2117 0.444032308408459
2118 0.444343538815232
2119 0.44464155714796
2120 0.444942319386705
2121 0.44540737096298
2122 0.445612734214034
2123 0.445646518812396
2124 0.445759580817959
2125 0.445726225720096
2126 0.445856503580673
2127 0.446117235520952
2128 0.446306402084474
2129 0.446620773732864
2130 0.446760412728715
2131 0.446789720640992
2132 0.446785986190447
2133 0.446642469382009
2134 0.446490683611452
2135 0.446405347163136
2136 0.446453964557398
2137 0.446579212887671
2138 0.446941713860375
2139 0.446989475831996
2140 0.447028980319633
2141 0.446941944851273
2142 0.446618122414782
2143 0.446372495173416
2144 0.446078771900388
2145 0.445831135507682
2146 0.445645114863443
2147 0.445331281549873
2148 0.444973768614269
2149 0.444610626886756
2150 0.444100422795876
2151 0.443664257961449
2152 0.443180890963193
2153 0.442911347977166
2154 0.442705793092371
2155 0.4423333192586
2156 0.442023060161439
2157 0.44179149665105
2158 0.441448134510009
2159 0.441006978204092
2160 0.440624836932108
2161 0.440323402476826
2162 0.439827696551567
2163 0.439191116109958
2164 0.438655951322939
2165 0.437948500893213
2166 0.437439298361593
2167 0.437103399443232
2168 0.436761585573519
2169 0.436579268402365
2170 0.436258455267803
2171 0.435908600143219
2172 0.435540601753675
2173 0.43521511229106
2174 0.434628002944673
2175 0.434031790958005
2176 0.433379269509517
2177 0.432727327938784
2178 0.431909519647834
2179 0.431269798862066
2180 0.430749602012348
2181 0.430146542132665
2182 0.429533829594015
2183 0.428942920685022
2184 0.428334865585862
2185 0.42776418946209
2186 0.427226392819718
2187 0.426695148026983
2188 0.426296097783563
2189 0.425684437263265
2190 0.424935039055298
2191 0.424248537395392
2192 0.423427948936203
2193 0.42263382987652
2194 0.42197141983436
2195 0.421173322331902
2196 0.420318014457585
2197 0.419605079490851
2198 0.418880864989767
2199 0.418212816175622
2200 0.417540885941365
2201 0.416836464855509
2202 0.416272030323071
2203 0.415763026157437
2204 0.415320078357829
2205 0.414956204471325
2206 0.414700532022309
2207 0.414486501468771
2208 0.41441722480381
2209 0.41450150450252
2210 0.414668720375597
2211 0.414885355867639
2212 0.415301492094407
2213 0.415977215889756
2214 0.41660230799112
2215 0.417400687550982
2216 0.418132617876855
2217 0.418899729136012
2218 0.419545369227179
2219 0.420133979558817
2220 0.420674693512317
2221 0.421150844500413
2222 0.42147660282611
2223 0.421877877354877
2224 0.42234150112304
2225 0.422641092816395
2226 0.422841896447588
2227 0.42307830302698
2228 0.423133090018869
2229 0.423430109477446
2230 0.423985351069389
2231 0.424258780593229
2232 0.4244871249691
2233 0.424707059908768
2234 0.424722937017877
2235 0.424837419582312
2236 0.425171650653135
2237 0.42525988486078
2238 0.425144269421604
2239 0.425107847150743
2240 0.424953711353543
2241 0.424857775639414
2242 0.424720083781982
2243 0.424754852487455
2244 0.424946099550357
2245 0.425119634825342
2246 0.425177881973615
2247 0.425362538689744
2248 0.425163656128339
2249 0.425019820856712
2250 0.425217528217211
2251 0.4257206567716
2252 0.42595153311247
2253 0.426335309143391
2254 0.426542514413405
2255 0.426429132935882
2256 0.426577155221608
2257 0.426930392154553
2258 0.427090298894302
2259 0.427220363780124
2260 0.427329090848482
2261 0.427148993030676
2262 0.427426850190702
2263 0.428129009598126
2264 0.428418828848053
2265 0.428892252149538
2266 0.429023945020056
2267 0.428636950022979
2268 0.42842246275636
2269 0.428096146102742
2270 0.427940544135914
2271 0.42784095466371
2272 0.427725079841265
2273 0.427774001784884
2274 0.427747851011311
2275 0.427407403733539
2276 0.427484192043479
2277 0.428044006305232
2278 0.428242879956155
2279 0.42838895769977
2280 0.428634654935421
2281 0.428622688711418
2282 0.428339293847382
2283 0.42826323661317
2284 0.428286319794585
2285 0.428114643341814
2286 0.427810540019996
2287 0.427455548978432
2288 0.426969156952033
2289 0.42657447239389
2290 0.425951262571697
2291 0.425826280941201
2292 0.426111253978593
2293 0.426088759181117
2294 0.426265982859765
2295 0.426183348757585
2296 0.42564967621475
2297 0.42555832681266
2298 0.425634567215696
2299 0.425720259964932
2300 0.426064230382388
2301 0.426234655195778
2302 0.42639341462498
2303 0.426484365601608
2304 0.426464573007414
2305 0.426459660267938
2306 0.426526432598044
2307 0.42632405359151
2308 0.425838552975818
2309 0.425627173146458
2310 0.425286496088792
2311 0.425107710345658
2312 0.425392810297652
2313 0.425311721402651
2314 0.424916434332967
2315 0.42478421116077
2316 0.42471312055164
2317 0.424540839144474
2318 0.424470869732771
2319 0.4243856119049
2320 0.424091937227419
2321 0.423920402364267
2322 0.424074664466171
2323 0.424167095365136
2324 0.424344130751952
2325 0.424286146313714
2326 0.424144935252577
2327 0.423817702799283
2328 0.423188596607399
2329 0.422649341514628
2330 0.42213791766016
2331 0.421727008404705
2332 0.421742768624848
2333 0.42206038878287
2334 0.422197741456149
2335 0.422232193206568
2336 0.421894967239183
2337 0.421166354705867
2338 0.420490552273371
2339 0.419287567292497
2340 0.419052689477176
2341 0.419237176367824
2342 0.419218284625206
2343 0.419935197359461
2344 0.419782837542956
2345 0.418917085178698
2346 0.418479846013488
2347 0.418002340220221
2348 0.417506324302091
2349 0.417025695111911
2350 0.416722650042849
2351 0.416203420679711
2352 0.416228761351378
2353 0.416870458887102
2354 0.417083147634298
2355 0.417439589030919
2356 0.417727078505215
2357 0.417764304442449
2358 0.417898859882251
2359 0.418311703544748
2360 0.418332167796517
2361 0.417889466017546
2362 0.41786431276199
2363 0.417876700214139
2364 0.417888567206283
2365 0.418365564293082
2366 0.418202429663591
2367 0.417710784323429
2368 0.417112412776332
2369 0.415911080959676
2370 0.415357565841529
2371 0.414858328558343
2372 0.414676928499237
2373 0.415064467099982
2374 0.415068315196834
2375 0.415031195972029
2376 0.415172295505371
2377 0.415527183815155
2378 0.415364179983382
2379 0.415106769465263
2380 0.414917785404059
2381 0.414249949040764
2382 0.413742234450686
2383 0.41333195388072
2384 0.413004357687913
2385 0.41244744235407
2386 0.412495442848867
2387 0.413584584460811
2388 0.41363543778616
2389 0.412991095129307
2390 0.41294535631004
2391 0.413010139119634
2392 0.412529857819761
2393 0.412293736102227
2394 0.411866737323186
2395 0.410428822090528
2396 0.40970960070788
2397 0.409626831885966
2398 0.409141161181957
2399 0.408570278603065
2400 0.408056603143662
2401 0.407196566333005
2402 0.407098948583027
2403 0.407406590692217
2404 0.407679907183022
2405 0.40913241669038
2406 0.408777715520483
2407 0.406783336323113
2408 0.406492783679826
2409 0.405867195643801
2410 0.406380945624616
2411 0.409274569516957
2412 0.409863712063805
2413 0.409516235265873
2414 0.409104318502119
2415 0.407645727294304
2416 0.407074656629689
2417 0.407141901412035
2418 0.406124525848467
2419 0.404638702448118
2420 0.403565116258164
2421 0.401397447826623
2422 0.400803274382818
2423 0.401829720399902
2424 0.401516636535993
2425 0.40105276337865
2426 0.401161258668945
2427 0.401011031145154
2428 0.401081979482185
2429 0.402316742251125
2430 0.402103213283209
2431 0.400905441555922
2432 0.399499058285904
2433 0.396831135042629
2434 0.396155289018362
2435 0.396466178265407
2436 0.395872730662652
2437 0.396443232374201
2438 0.395230104906098
2439 0.391798345943648
2440 0.39073401534346
2441 0.390353066093738
2442 0.390821070227626
2443 0.39043200722412
2444 0.389255079629272
2445 0.387942836045557
2446 0.388407804633686
2447 0.38955749795643
2448 0.39011419865405
2449 0.391438009730626
2450 0.390910234712038
2451 0.389075202699174
2452 0.387208376596192
2453 0.386452283191078
2454 0.387214626834198
2455 0.386711139112763
2456 0.386799841579616
2457 0.387168329021525
2458 0.384881671125887
2459 0.383693476862208
2460 0.382889361627831
2461 0.379465768176418
2462 0.378422902856929
2463 0.380032905997175
2464 0.381076529933279
2465 0.382192333261955
2466 0.383210345901559
2467 0.383306530435002
2468 0.384667547809148
2469 0.383914826090611
2470 0.380177048592896
2471 0.377827008586728
2472 0.372824655156731
2473 0.371868553415214
2474 0.374643706051273
2475 0.376088834711747
2476 0.381324239126787
2477 0.382567360461519
2478 0.379412414376588
2479 0.379560373475614
2480 0.380143095421814
2481 0.379463967472845
2482 0.380928262745293
2483 0.378934420089694
2484 0.37169018387733
2485 0.370795925948614
2486 0.371623076329991
2487 0.372546675040543
2488 0.377570410391775
2489 0.379021289410939
2490 0.378721598223491
2491 0.380154700424194
2492 0.3792424741527
2493 0.378174004672629
2494 0.378115946321504
2495 0.376993491575228
2496 0.377596253256373
2497 0.381077797391508
2498 0.379068696162245
2499 0.376216820147582
2500 0.373054573417921
