"Wavelength" "M069a_m1-w2"
350 0.0913968634967741
351 0.0923460320867788
352 0.0936758546249792
353 0.0936758510348
354 0.0928056527264438
355 0.0903619478721506
356 0.0912907179608431
357 0.0947712924161001
358 0.0954922274425754
359 0.0965273034171298
360 0.0948580263340371
361 0.0913799404718418
362 0.0953875221410617
363 0.0936845870677848
364 0.0901825719673011
365 0.0910660142223154
366 0.0922065709523904
367 0.0900961076147848
368 0.0887959133176394
369 0.0947429956490643
370 0.0961155410611699
371 0.0930826722460576
372 0.0891630252991207
373 0.0899988266285939
374 0.092208415132166
375 0.0924226044318928
376 0.0904419779048695
377 0.0942845343805712
378 0.0937277246374089
379 0.0917404589270137
380 0.0945847606702819
381 0.0938374011180176
382 0.0928183379793639
383 0.0934531487607643
384 0.0953500806388051
385 0.0933692235599798
386 0.0929506570494859
387 0.096519280880424
388 0.096767761055884
389 0.0954076001078771
390 0.0947029469874717
391 0.095982659175664
392 0.0950697931181639
393 0.0933206329602101
394 0.0920115408423279
395 0.0920423882703432
396 0.0947888984786047
397 0.0960098529680851
398 0.0941906334119443
399 0.0938501576861134
400 0.0959319252758893
401 0.0974487079730144
402 0.095640708593288
403 0.0942831168614023
404 0.0945432818084775
405 0.0956622558579728
406 0.0957390490751748
407 0.0965155285631831
408 0.0970101447635465
409 0.0969214895493505
410 0.0979885807265483
411 0.0978484498904305
412 0.0976192570010701
413 0.0987487140567307
414 0.0990777432228658
415 0.0991576660689498
416 0.0993780281587869
417 0.0998471532946524
418 0.0998968976667743
419 0.0998345487762613
420 0.0999508659023945
421 0.100119531430099
422 0.100852427577094
423 0.101720093772787
424 0.102084815801535
425 0.102173173708468
426 0.102034080743554
427 0.101859753346613
428 0.101968421462749
429 0.102331905299537
430 0.102864694185203
431 0.103363838585894
432 0.103329636281043
433 0.103484994990294
434 0.103878497492864
435 0.104266178282221
436 0.104704338768352
437 0.105327262848178
438 0.10599840707193
439 0.106258985919783
440 0.106679948317716
441 0.107088111967111
442 0.10722523132398
443 0.107066460728051
444 0.10753106910858
445 0.10826458603325
446 0.108297594427544
447 0.10894580785947
448 0.109547542772635
449 0.109701808389436
450 0.109824649133298
451 0.110079652372533
452 0.1102076366005
453 0.110032983452958
454 0.110401988150879
455 0.110827298421143
456 0.111232878005327
457 0.111886002895599
458 0.111928542045854
459 0.111956237103845
460 0.112352984045345
461 0.112356441054038
462 0.112773289971519
463 0.113246046687369
464 0.113134819210437
465 0.113427340682724
466 0.113758290286139
467 0.113899733923083
468 0.113928287750952
469 0.114306205192088
470 0.114708419475678
471 0.11484383659731
472 0.115283059263276
473 0.115418758114801
474 0.115383147948092
475 0.115741545363144
476 0.115960016589567
477 0.116149260472751
478 0.116427863702328
479 0.116782464387169
480 0.116930873533487
481 0.117163555690313
482 0.117764900590979
483 0.117718902096095
484 0.118040573000546
485 0.118753637154643
486 0.118722639002327
487 0.118991754335146
488 0.119385147316619
489 0.119596491159485
490 0.11974216965749
491 0.120109870554134
492 0.120556468465711
493 0.120740147012822
494 0.121261731262414
495 0.121627323459883
496 0.121679841526343
497 0.122114397308646
498 0.122720220962696
499 0.123279256870318
500 0.123616232171576
501 0.123882816273329
502 0.124232352948011
503 0.124643644859231
504 0.12491828923133
505 0.125344997032723
506 0.125806443529835
507 0.126161722653185
508 0.126500223897407
509 0.126728276567603
510 0.12697116778433
511 0.127451749988518
512 0.127824303543998
513 0.128151904535695
514 0.128531054798727
515 0.129024789888441
516 0.129453883715388
517 0.129821753467383
518 0.130208737150967
519 0.130693390002601
520 0.131171733843918
521 0.131570850951875
522 0.131870187735977
523 0.132221110794232
524 0.132656661966266
525 0.133154195130433
526 0.133634883084686
527 0.134083808663532
528 0.134482703088805
529 0.134818642277029
530 0.135193334634396
531 0.135646819574162
532 0.13613933715801
533 0.136469733808204
534 0.136796556844084
535 0.137257919290945
536 0.137913272032952
537 0.138298146184011
538 0.138676330860145
539 0.139191312661217
540 0.139699487336017
541 0.140142504441225
542 0.140564229676595
543 0.141018603121069
544 0.141407347460017
545 0.141873411186372
546 0.142394294755525
547 0.142783181515443
548 0.143272580559526
549 0.143888182196664
550 0.1445637110715
551 0.145092834135617
552 0.145714581206117
553 0.146375715277922
554 0.146854764948723
555 0.147380500070344
556 0.147921936053492
557 0.148417447797209
558 0.148790422393703
559 0.149355009623263
560 0.150021481565063
561 0.150538445505729
562 0.150835116937738
563 0.151178330268853
564 0.151648478959949
565 0.152038086814794
566 0.152366442653394
567 0.152617550343832
568 0.152838217325279
569 0.153328518461971
570 0.153944016840619
571 0.154609442874498
572 0.155322161188898
573 0.155961060041082
574 0.156577772862744
575 0.15721000889356
576 0.157745301420701
577 0.158194681799454
578 0.15857033086162
579 0.158900636773714
580 0.159320925899618
581 0.15968286647106
582 0.159916046763069
583 0.160154671672533
584 0.160471715883601
585 0.160776108843831
586 0.160975931426709
587 0.161373635613865
588 0.161834427983041
589 0.162299431758381
590 0.162838907773959
591 0.163304363804833
592 0.163802196969909
593 0.164406786547117
594 0.164798369017895
595 0.165159801205523
596 0.165575322869523
597 0.166033339683199
598 0.166452714730257
599 0.166881709448261
600 0.167340121395366
601 0.167719112424339
602 0.167973143154196
603 0.168185670613596
604 0.168493659967137
605 0.168830990341951
606 0.169152647802608
607 0.16945541427204
608 0.169804080803394
609 0.170148710435655
610 0.17049114314237
611 0.170850305338686
612 0.171228910312348
613 0.171660595804888
614 0.172113967231484
615 0.172487470426146
616 0.172870947818351
617 0.173282535291363
618 0.173702824932431
619 0.174041797825388
620 0.174426496976856
621 0.174857179798869
622 0.175241200163635
623 0.175583954753396
624 0.175968655278501
625 0.176418459205025
626 0.176781373740444
627 0.177166797606607
628 0.177582104952586
629 0.177992580029966
630 0.178423620186383
631 0.178846685638304
632 0.179256423404162
633 0.179690141004814
634 0.180123646890666
635 0.180524561299267
636 0.180880117881832
637 0.181273372541345
638 0.181677509060202
639 0.182082314770588
640 0.182498229212917
641 0.182911821614442
642 0.18335299613939
643 0.183827247267298
644 0.184243047533968
645 0.184659456699735
646 0.18508222413053
647 0.185486933776269
648 0.185898694927765
649 0.186341474949955
650 0.186808429385667
651 0.187229734499172
652 0.187681313863765
653 0.188160178871485
654 0.188628112781865
655 0.189029922796774
656 0.189424814666388
657 0.189861488237874
658 0.190363920558111
659 0.19083349357591
660 0.191265368503707
661 0.191689241903914
662 0.192159238496836
663 0.192635362300274
664 0.193103252073075
665 0.193568076686037
666 0.194009563537388
667 0.19446401160598
668 0.194956380998704
669 0.195476923874078
670 0.195919278568369
671 0.196317885076847
672 0.196765556712861
673 0.197245644830913
674 0.197760091148395
675 0.198284129611817
676 0.198755126862148
677 0.199247026395641
678 0.199730856031211
679 0.200181711663076
680 0.200710066871755
681 0.201257825318832
682 0.201768895820796
683 0.202203016034614
684 0.202674558279459
685 0.203170226764365
686 0.203662415014978
687 0.204147114802184
688 0.204662017965303
689 0.20520164197781
690 0.205739043719494
691 0.206271262428147
692 0.206798395925475
693 0.207308213402049
694 0.207769630950758
695 0.208246735808905
696 0.208775552600613
697 0.209357423692793
698 0.209910803849402
699 0.210414178908292
700 0.210904443051814
701 0.211462178515599
702 0.212090369967448
703 0.21266048715907
704 0.213120511123823
705 0.213642851429437
706 0.21419313434783
707 0.214782772585163
708 0.215418405324451
709 0.215990075424819
710 0.216505044417715
711 0.217011095163216
712 0.217592439086725
713 0.218137504067375
714 0.218707088340844
715 0.219350262662637
716 0.219902736462584
717 0.22049155973263
718 0.221100041110819
719 0.221620768018287
720 0.222186962623294
721 0.222778934523894
722 0.223372555818458
723 0.223981897346883
724 0.224594211710572
725 0.225206732035136
726 0.225811475185514
727 0.226353478994398
728 0.226916000115951
729 0.227518814215715
730 0.228108419247377
731 0.228689679432896
732 0.229258240972426
733 0.229816346278763
734 0.230377063141663
735 0.231008374677723
736 0.231663317317738
737 0.23224491989561
738 0.232777909811851
739 0.233328551259282
740 0.233938740954545
741 0.234611319205943
742 0.23520880964633
743 0.235795076080279
744 0.236447665403196
745 0.237085589042281
746 0.237678196604401
747 0.238239108852765
748 0.238816134159239
749 0.239449735497757
750 0.240092803808228
751 0.240726985905206
752 0.241411021330317
753 0.242079302100452
754 0.242676772500312
755 0.243192824352159
756 0.243771725877085
757 0.244387989469767
758 0.245023648926124
759 0.245667735976328
760 0.246260426121802
761 0.246830514976922
762 0.247408435386208
763 0.247992629754829
764 0.248604525923249
765 0.249239585190574
766 0.249882228738837
767 0.250530641584858
768 0.251126090900628
769 0.251690947107134
770 0.252320094798248
771 0.252990395800729
772 0.253691561377279
773 0.254381657569114
774 0.254940551394543
775 0.255510827486066
776 0.2561282905048
777 0.256775081249493
778 0.257373114753238
779 0.257986775790767
780 0.258633018782045
781 0.259275626446785
782 0.259847910183562
783 0.260444856993135
784 0.26110564354999
785 0.261671969212496
786 0.262319721154252
787 0.26298404297939
788 0.263555848729906
789 0.264190663627935
790 0.264830780258739
791 0.265450536223155
792 0.266066000434387
793 0.26674224269459
794 0.267392366424275
795 0.26797827326776
796 0.268608200609709
797 0.269226673586586
798 0.269877052602156
799 0.270578921950487
800 0.271105013527373
801 0.271706357050711
802 0.272381441750384
803 0.272946817680251
804 0.273560214483476
805 0.274149658957816
806 0.274729594357612
807 0.275502028394594
808 0.276224597049186
809 0.276852853579106
810 0.277420395325345
811 0.278011376191373
812 0.278633501625428
813 0.279254259536429
814 0.279834890456156
815 0.280488200346162
816 0.281114874550994
817 0.281727340834791
818 0.282481370777183
819 0.283111758757026
820 0.283645171873677
821 0.284183816208675
822 0.284854734326389
823 0.285462732830318
824 0.286016666745059
825 0.286597059309958
826 0.287193353525229
827 0.287819020503649
828 0.288484652022449
829 0.289183214723653
830 0.289757544003479
831 0.290306747162669
832 0.290902983792422
833 0.291513391087705
834 0.292145484741215
835 0.292778434439211
836 0.293395649405107
837 0.294012217754605
838 0.294645379863341
839 0.295257998889419
840 0.295812828276173
841 0.29643178675133
842 0.297077557100709
843 0.29770030096026
844 0.298261407645816
845 0.298853297772462
846 0.299431204408288
847 0.299997577172865
848 0.300666222709038
849 0.301295978944848
850 0.301876182663571
851 0.302454495591772
852 0.303144489354401
853 0.303780680389209
854 0.304362620964484
855 0.304954453481529
856 0.305513873861
857 0.306043293177119
858 0.306597868061563
859 0.307251149116908
860 0.307841399804246
861 0.30842515941439
862 0.309044260138171
863 0.309675772662482
864 0.310240534177596
865 0.310841066383127
866 0.311541482845343
867 0.312215275634528
868 0.312855682294639
869 0.313409974632718
870 0.313873766233337
871 0.314464988020609
872 0.315091306772367
873 0.315709178508291
874 0.316313422533241
875 0.316935119341218
876 0.317471276023706
877 0.317981470583008
878 0.318654869771363
879 0.319205083875926
880 0.319669474524332
881 0.320185957907266
882 0.320947758072311
883 0.321625086924314
884 0.32223654032816
885 0.322864372539645
886 0.323540577154086
887 0.32407238923679
888 0.324568344961247
889 0.325182153182566
890 0.32584540764351
891 0.326402196040124
892 0.326897215822951
893 0.327469858765248
894 0.328156961093503
895 0.328808151691938
896 0.32938127338652
897 0.329940911814302
898 0.330607584631049
899 0.331250655999208
900 0.3318555772166
901 0.33254625614541
902 0.333168616115756
903 0.333733531256439
904 0.334252618929293
905 0.334699848276922
906 0.335272097898295
907 0.335917877881795
908 0.336565019990183
909 0.337233886025466
910 0.337892457324772
911 0.338488763050081
912 0.339002103737573
913 0.339503424537647
914 0.340000057741026
915 0.340570155859121
916 0.341261714571279
917 0.341924185130999
918 0.342577674737034
919 0.343235400372577
920 0.343893681874554
921 0.344492547900824
922 0.345022813667784
923 0.345587982730313
924 0.346299708697121
925 0.346863621324617
926 0.347514830042293
927 0.348228279610302
928 0.348772359879053
929 0.349324643918966
930 0.349844437792956
931 0.350320911600933
932 0.35081294069656
933 0.351575496965667
934 0.352346410463362
935 0.352962708463149
936 0.353492055850073
937 0.354079388539102
938 0.354587199977627
939 0.355062083687845
940 0.355838344544687
941 0.356502497086788
942 0.357006346846605
943 0.357445809895468
944 0.358008608323999
945 0.358658272322444
946 0.359310698998482
947 0.359971450354224
948 0.360823506667505
949 0.361470905053593
950 0.361969184381856
951 0.362437807256083
952 0.362873740652893
953 0.363480839808274
954 0.364128642913461
955 0.364712799857959
956 0.365392758988688
957 0.365970925000012
958 0.366475286173782
959 0.366999839412761
960 0.367634337849713
961 0.368168299775932
962 0.368666454313048
963 0.369262408279599
964 0.370051729965265
965 0.370715720205048
966 0.371300852379958
967 0.371909002298344
968 0.372497302867685
969 0.372953599539198
970 0.373498233130963
971 0.374237846634332
972 0.374806953957007
973 0.37528402606522
974 0.375784034106736
975 0.376358330364713
976 0.376885047307448
977 0.377464446654311
978 0.378080048322598
979 0.378714311954397
980 0.379412811853787
981 0.380015297888088
982 0.38059816376882
983 0.381184300084949
984 0.381593222091743
985 0.382200199897163
986 0.382728177728749
987 0.383145992185603
988 0.384021744977258
989 0.384663974033488
990 0.385192977333743
991 0.385751795878422
992 0.386265655931726
993 0.386751695602919
994 0.387226939242021
995 0.387766090608293
996 0.388466183398568
997 0.388945683069446
998 0.389422998388098
999 0.390073681707167
1000 0.390861133854757
1001 0.380145585633425
1002 0.380720444140008
1003 0.381307822446625
1004 0.381821848697353
1005 0.382212670347291
1006 0.382691394738386
1007 0.38318258850733
1008 0.383663469770967
1009 0.384215307268806
1010 0.384880924503016
1011 0.385433405667375
1012 0.385964032154787
1013 0.386473016850424
1014 0.386938814291287
1015 0.387453466099315
1016 0.387951026938512
1017 0.388463722145803
1018 0.389032849200876
1019 0.38950159546103
1020 0.389894761362954
1021 0.390356849386889
1022 0.390822366605508
1023 0.391348719483264
1024 0.39190059380865
1025 0.392449694337965
1026 0.392998270309572
1027 0.393452116756565
1028 0.393958883436264
1029 0.394500999946728
1030 0.395032087498625
1031 0.395591684883284
1032 0.396134727776434
1033 0.396645834028086
1034 0.397217384142393
1035 0.39781498261771
1036 0.398411820542689
1037 0.399054834144952
1038 0.399675027733933
1039 0.400171586238491
1040 0.400680636732825
1041 0.401165425942097
1042 0.401653990603315
1043 0.402226780420071
1044 0.402768145404619
1045 0.403318916674296
1046 0.40389283032834
1047 0.404420859422814
1048 0.404925236339588
1049 0.405419573944091
1050 0.405929842300425
1051 0.406409899350419
1052 0.406937547853958
1053 0.407492505406217
1054 0.407996867816039
1055 0.408509749151647
1056 0.408967708839407
1057 0.409431150284733
1058 0.409868894563735
1059 0.41024301868656
1060 0.410669212239976
1061 0.411021726849868
1062 0.411395759001564
1063 0.411771378635437
1064 0.412187624230266
1065 0.412539523035027
1066 0.412952433750523
1067 0.413280045708948
1068 0.41357113663635
1069 0.413936996235617
1070 0.414235422763662
1071 0.414566069886507
1072 0.414865492543358
1073 0.415046004465415
1074 0.415282629285822
1075 0.415582593464859
1076 0.41587655226122
1077 0.416200649384254
1078 0.416558700362262
1079 0.416871165357627
1080 0.417115813637197
1081 0.417345708983013
1082 0.417604010131785
1083 0.417912903192547
1084 0.41821272863645
1085 0.418500965641044
1086 0.418798847734486
1087 0.419031545852467
1088 0.419214505760801
1089 0.419473935707202
1090 0.419768977401491
1091 0.420022830155742
1092 0.420274685561816
1093 0.420544345145113
1094 0.420798203213877
1095 0.421030117777772
1096 0.421338659991344
1097 0.421648641457005
1098 0.421933874395007
1099 0.422239889048799
1100 0.422582952055687
1101 0.422926024098238
1102 0.423267174129086
1103 0.423611932646336
1104 0.423935934236922
1105 0.424303850847031
1106 0.424664288771866
1107 0.425033021029679
1108 0.425419165872667
1109 0.4258219800512
1110 0.426195962202721
1111 0.426587962723051
1112 0.427032090730684
1113 0.427463591305801
1114 0.427876183026109
1115 0.428317187690238
1116 0.428794840413521
1117 0.429258220335049
1118 0.42969172328639
1119 0.430118454362791
1120 0.430568382356977
1121 0.431030098370988
1122 0.431504673802098
1123 0.431972796688404
1124 0.432444087295025
1125 0.432923623735384
1126 0.433390148450231
1127 0.433894145079167
1128 0.434412030994345
1129 0.434917760184688
1130 0.435398172112391
1131 0.435882246715729
1132 0.436373597776457
1133 0.436875336297247
1134 0.437391583603541
1135 0.437913192220892
1136 0.438449687740104
1137 0.439014212544192
1138 0.439561373858615
1139 0.440140162444627
1140 0.440648625275378
1141 0.441093447940905
1142 0.441564043345877
1143 0.442001446353247
1144 0.442480531346509
1145 0.442977283735537
1146 0.443499160425716
1147 0.443998667068206
1148 0.444447792202349
1149 0.444896707526287
1150 0.445360447303978
1151 0.445766082911353
1152 0.446159479182266
1153 0.446566234906921
1154 0.446932142497422
1155 0.447350982377575
1156 0.447798647477617
1157 0.448266616632346
1158 0.448766176511705
1159 0.44926335912469
1160 0.449794504724472
1161 0.450303822889241
1162 0.450778867718032
1163 0.451258526155646
1164 0.451686507525842
1165 0.452069669429596
1166 0.452467860377354
1167 0.452864342523749
1168 0.453248154413621
1169 0.453690022385532
1170 0.454117542928124
1171 0.454544533259417
1172 0.45497784954155
1173 0.455442082346716
1174 0.45585921252838
1175 0.456277469385446
1176 0.456663339727496
1177 0.456998994620678
1178 0.457345960553066
1179 0.457680294846215
1180 0.45801650606238
1181 0.458352720323515
1182 0.458652014506105
1183 0.458954798091606
1184 0.459283109187328
1185 0.459617722846142
1186 0.459983514622333
1187 0.460319840811083
1188 0.460658890353398
1189 0.460974985310875
1190 0.461267567529316
1191 0.461554470754017
1192 0.461831769309636
1193 0.462119197691646
1194 0.462400023071194
1195 0.462679968586643
1196 0.462959617555718
1197 0.463239406799545
1198 0.463511152256876
1199 0.463785785151031
1200 0.464084479019475
1201 0.46438442470068
1202 0.464684397473857
1203 0.464998806643234
1204 0.465272535251632
1205 0.465519326123068
1206 0.465782824505074
1207 0.466027482516917
1208 0.466281680861826
1209 0.46656947770797
1210 0.466807977228903
1211 0.466990575445859
1212 0.467226071284934
1213 0.46746231461191
1214 0.467715409164523
1215 0.468009056320518
1216 0.468289828882002
1217 0.468568621757705
1218 0.468846992477002
1219 0.469115364175608
1220 0.46941653062814
1221 0.469691363076989
1222 0.469945565743567
1223 0.470222423163112
1224 0.470494057442492
1225 0.470795376170182
1226 0.471139247973263
1227 0.471441148223019
1228 0.471741915179525
1229 0.47202970088449
1230 0.472295615094924
1231 0.472557146078993
1232 0.472786262989591
1233 0.473065853957599
1234 0.473346577495855
1235 0.47365124185127
1236 0.474012781164152
1237 0.474381008992554
1238 0.4747009174044
1239 0.474991479721185
1240 0.475258157175059
1241 0.475477111218817
1242 0.475710946274661
1243 0.475920186224129
1244 0.476158988267194
1245 0.476398658734341
1246 0.476653429253997
1247 0.476926015976443
1248 0.477204244243669
1249 0.477484606310945
1250 0.477779228369667
1251 0.478100155667932
1252 0.478413711167536
1253 0.478726974153328
1254 0.479048810529191
1255 0.47936133702062
1256 0.479697784654455
1257 0.48005927618738
1258 0.480433755907816
1259 0.480782742140732
1260 0.481124851669155
1261 0.481502674043748
1262 0.481866426730114
1263 0.482274483374848
1264 0.48275239551792
1265 0.483174664417518
1266 0.483611030327099
1267 0.483990264732906
1268 0.484322534833817
1269 0.484665446817439
1270 0.484996941492376
1271 0.48529168885624
1272 0.485565432795236
1273 0.485833246446947
1274 0.486044977481076
1275 0.486277683541551
1276 0.486544883023673
1277 0.486777743700124
1278 0.486973269575256
1279 0.487196764364227
1280 0.48739439159319
1281 0.487581529751319
1282 0.487737112565539
1283 0.487894468356328
1284 0.487992986517574
1285 0.488035617666874
1286 0.488082710046253
1287 0.488102208073927
1288 0.488112224864191
1289 0.488103796603074
1290 0.488095123639464
1291 0.488072670007561
1292 0.488043876467175
1293 0.48803711080577
1294 0.48797862536928
1295 0.487861564375329
1296 0.487774236925988
1297 0.487649263566808
1298 0.48756258235222
1299 0.487521865776233
1300 0.487473366843254
1301 0.487426034460495
1302 0.48739299466002
1303 0.487339030500637
1304 0.487257259607503
1305 0.487230689258316
1306 0.487233947317605
1307 0.487204162855399
1308 0.487208862728278
1309 0.48716430176319
1310 0.487053790198951
1311 0.486990545975729
1312 0.486899356939097
1313 0.486885466282145
1314 0.486922768700196
1315 0.486962969796015
1316 0.487081028929338
1317 0.487147013577519
1318 0.487157106503417
1319 0.487224597016936
1320 0.487252902204843
1321 0.487375197701754
1322 0.487580282552331
1323 0.487817769133703
1324 0.488057116379209
1325 0.488360587285545
1326 0.488609075989083
1327 0.488828129549364
1328 0.489086445403547
1329 0.489357008284153
1330 0.489620055681575
1331 0.489894540536609
1332 0.490171157135119
1333 0.490427714425994
1334 0.490720834585914
1335 0.49102596907501
1336 0.491363942801451
1337 0.491735660558541
1338 0.492105954509643
1339 0.492502085064951
1340 0.492900196650001
1341 0.493323309077019
1342 0.49371317640908
1343 0.494091798503815
1344 0.494474838061538
1345 0.494844778723343
1346 0.495203507961088
1347 0.495581761320645
1348 0.495933923291522
1349 0.496260212302196
1350 0.496544506003971
1351 0.496868333602598
1352 0.49718745661115
1353 0.497518495037762
1354 0.497875132983114
1355 0.498207721565868
1356 0.498536661470209
1357 0.498852705763947
1358 0.499161769420587
1359 0.499465395163744
1360 0.499726124000355
1361 0.500047851138536
1362 0.500368311626187
1363 0.500742765841014
1364 0.501192162446401
1365 0.501614964355627
1366 0.502053575728319
1367 0.502496511736794
1368 0.50294952326771
1369 0.503382609653473
1370 0.503892301448005
1371 0.50427253447437
1372 0.504586931978115
1373 0.504848959917887
1374 0.505010582782256
1375 0.505101151382359
1376 0.505163748694237
1377 0.505165812122036
1378 0.505170060299724
1379 0.505127557552162
1380 0.505096175569875
1381 0.505058043522403
1382 0.505010417489949
1383 0.504922411880896
1384 0.504896859283921
1385 0.50491156249253
1386 0.504888546844823
1387 0.504924682048209
1388 0.504859315348794
1389 0.504750400154689
1390 0.504581676317069
1391 0.504341789113228
1392 0.504082107922069
1393 0.503761048428862
1394 0.503430955758504
1395 0.503102688926211
1396 0.502711355774754
1397 0.502277286342386
1398 0.501812777422585
1399 0.501252729977025
1400 0.500740232656473
1401 0.500256381370947
1402 0.49973504368678
1403 0.499176758228043
1404 0.498664067237367
1405 0.498164189115976
1406 0.49763174850228
1407 0.497166645363945
1408 0.49674355750868
1409 0.496380143245419
1410 0.496017964333294
1411 0.495774600655997
1412 0.495599963579459
1413 0.495539314834814
1414 0.495541669692936
1415 0.495686756530013
1416 0.495954676879165
1417 0.496315418875297
1418 0.496823862262875
1419 0.497351712275344
1420 0.498018103109937
1421 0.49862229439961
1422 0.49925409758648
1423 0.499859817282751
1424 0.500443610673403
1425 0.501028306599239
1426 0.501608337138215
1427 0.502186308933081
1428 0.502751874555232
1429 0.503326560337459
1430 0.503916250025123
1431 0.504489537760793
1432 0.505084988676566
1433 0.505640565693893
1434 0.506131659991906
1435 0.50660381738297
1436 0.507066629991294
1437 0.507474603049259
1438 0.507928637433113
1439 0.508404039166251
1440 0.508862788156215
1441 0.509342768402862
1442 0.509751405149686
1443 0.510137009682886
1444 0.510493482750087
1445 0.510789320742203
1446 0.511098201266422
1447 0.511385554888943
1448 0.511694197333337
1449 0.512007280201189
1450 0.512308253534419
1451 0.512635525218356
1452 0.512915210292581
1453 0.513144543056532
1454 0.513400514130225
1455 0.513619709829064
1456 0.513898987983048
1457 0.51423211960844
1458 0.514538514568193
1459 0.514902095551112
1460 0.515190973348968
1461 0.51541846329533
1462 0.51565959023321
1463 0.515861851141818
1464 0.516076649054899
1465 0.516276855529707
1466 0.516516503253706
1467 0.516770451521434
1468 0.517039595063837
1469 0.517349665416073
1470 0.517665024963555
1471 0.517973951734782
1472 0.518273830388206
1473 0.518600655490856
1474 0.518906241498975
1475 0.51920070069398
1476 0.519482946226693
1477 0.519785456342566
1478 0.520081601845049
1479 0.520378145674571
1480 0.520691727809724
1481 0.520992030247179
1482 0.521279759243982
1483 0.521566858291521
1484 0.521865459995435
1485 0.522136287265977
1486 0.522371804445624
1487 0.522641864304405
1488 0.522908361258765
1489 0.523196032293188
1490 0.523523759683931
1491 0.523816594854249
1492 0.524095730265695
1493 0.524386012628933
1494 0.524679198179698
1495 0.524951989517025
1496 0.525221996765222
1497 0.525492725812547
1498 0.525752269987196
1499 0.525995347273625
1500 0.526254561071619
1501 0.526475143618675
1502 0.526653264681528
1503 0.526831411516389
1504 0.526981838892194
1505 0.527143258943348
1506 0.52731098181568
1507 0.52746365702405
1508 0.527592699854918
1509 0.527751796489396
1510 0.527899980060218
1511 0.528072686995849
1512 0.528296024456761
1513 0.528504317198761
1514 0.528698738322985
1515 0.528918546563461
1516 0.529155197303178
1517 0.529386407941706
1518 0.52962829277763
1519 0.529911039934464
1520 0.530204174156824
1521 0.530485765701359
1522 0.530759181638292
1523 0.531051899745976
1524 0.531296642555435
1525 0.531523192650847
1526 0.531699433232258
1527 0.531831079923073
1528 0.531976916429666
1529 0.532063560934948
1530 0.532227916771713
1531 0.532452506484875
1532 0.532610909516708
1533 0.532760910431782
1534 0.532924414359781
1535 0.533050448002334
1536 0.533212799213925
1537 0.533430211260803
1538 0.533597554033124
1539 0.533718468496757
1540 0.533901668702611
1541 0.534096164536306
1542 0.534303362058723
1543 0.534555718009415
1544 0.534793727661709
1545 0.535022511498646
1546 0.535266935592229
1547 0.535523958376286
1548 0.535786073073918
1549 0.536081108710463
1550 0.536321712345383
1551 0.536554486475082
1552 0.536761314263975
1553 0.536898502818976
1554 0.53708317176753
1555 0.537298415710792
1556 0.537475534569967
1557 0.537678669504619
1558 0.537811454704848
1559 0.537864561391143
1560 0.537952508930516
1561 0.53798699584398
1562 0.538086802446051
1563 0.538200515694299
1564 0.538377057906443
1565 0.53864190260831
1566 0.538868375232878
1567 0.539155922336273
1568 0.539380583921445
1569 0.539567687457792
1570 0.539726230718117
1571 0.539804985966561
1572 0.539949639881322
1573 0.54009275135124
1574 0.540255736707961
1575 0.540509292355018
1576 0.540692931686496
1577 0.540820348620566
1578 0.540975342384429
1579 0.541113319430513
1580 0.541258022919821
1581 0.541422402373605
1582 0.541586141320888
1583 0.541749604460906
1584 0.541904575479637
1585 0.542052231027413
1586 0.542216179163421
1587 0.54236269781584
1588 0.542538630786066
1589 0.542765908525275
1590 0.542968363863168
1591 0.54317801413319
1592 0.543374853799009
1593 0.543556150286216
1594 0.543727899423257
1595 0.543875832821884
1596 0.544041856873277
1597 0.544203484665304
1598 0.544373621496378
1599 0.544527814897436
1600 0.544740082783016
1601 0.545015020033446
1602 0.545258389627378
1603 0.545510452886081
1604 0.545755240089238
1605 0.54592337485343
1606 0.54600990933073
1607 0.546129584249039
1608 0.546222417385074
1609 0.546337831215584
1610 0.546449359056848
1611 0.54658342254431
1612 0.546731218625171
1613 0.546883917452467
1614 0.547055063382039
1615 0.547207363214172
1616 0.547344073858735
1617 0.547530423927503
1618 0.547721179111545
1619 0.547951223779224
1620 0.548238348716876
1621 0.548483406480397
1622 0.548739150952285
1623 0.548959732629665
1624 0.549173115874699
1625 0.549334594675338
1626 0.549448778617585
1627 0.549593128256911
1628 0.549707664154895
1629 0.549851896007823
1630 0.550018681234436
1631 0.550189997811683
1632 0.550358985616137
1633 0.550544953336321
1634 0.550752196226582
1635 0.550961840629203
1636 0.551174959795539
1637 0.551395152857238
1638 0.551660229123452
1639 0.551826405180399
1640 0.55196555778469
1641 0.552050819785402
1642 0.552035453497591
1643 0.552121057314958
1644 0.552194123976957
1645 0.552354984294613
1646 0.552586847102958
1647 0.552814004719813
1648 0.553087575946657
1649 0.553344273499156
1650 0.553621365897292
1651 0.553841749396672
1652 0.554044567061864
1653 0.5542480072436
1654 0.554423435298174
1655 0.554634604886983
1656 0.554826161658817
1657 0.555044135516865
1658 0.555214794059989
1659 0.555367116853759
1660 0.555509499190926
1661 0.555655456303351
1662 0.555790362905376
1663 0.555934968672248
1664 0.556129798502563
1665 0.556305867919548
1666 0.55646659188621
1667 0.556699973338314
1668 0.556934745954401
1669 0.557141859575013
1670 0.557363245968389
1671 0.55758314948216
1672 0.557781855419489
1673 0.557972899182511
1674 0.558238020665257
1675 0.558481323932633
1676 0.558648016303354
1677 0.558838203824342
1678 0.559000596962633
1679 0.559170094805187
1680 0.559392404268706
1681 0.559619530033126
1682 0.559836170745918
1683 0.559991991714249
1684 0.56014508310476
1685 0.56031539053019
1686 0.560488748202551
1687 0.560740267433767
1688 0.561024796863704
1689 0.561292661451859
1690 0.561583732288559
1691 0.561887998493504
1692 0.562167492337246
1693 0.562451792255478
1694 0.562696613366514
1695 0.562881328862915
1696 0.563063449857213
1697 0.563245394143659
1698 0.563512480435462
1699 0.563818097686725
1700 0.564048226960444
1701 0.564280942802344
1702 0.564437912221011
1703 0.564482958246667
1704 0.564576324389016
1705 0.564652255125176
1706 0.564724423443555
1707 0.564824127786447
1708 0.564907011654391
1709 0.564914821508658
1710 0.565010822948674
1711 0.565144471733222
1712 0.565298059075384
1713 0.565517849525301
1714 0.565724812279958
1715 0.565989145684405
1716 0.566169313172548
1717 0.566327644845558
1718 0.566456966814696
1719 0.566483827487354
1720 0.566560557889034
1721 0.566659423646909
1722 0.56674483304401
1723 0.566799554108901
1724 0.566936053321977
1725 0.56712100893602
1726 0.567252060596994
1727 0.567460370301553
1728 0.567574271052747
1729 0.567557098482002
1730 0.567624674147583
1731 0.567674182802728
1732 0.567810884621851
1733 0.568036096581464
1734 0.568222263706574
1735 0.56846194170237
1736 0.568615052932068
1737 0.568693951097436
1738 0.568825332378568
1739 0.568951300704076
1740 0.569128397777886
1741 0.569301275726176
1742 0.569475224522394
1743 0.56962360761061
1744 0.569750095040591
1745 0.569834777449863
1746 0.569859219148096
1747 0.569896549118287
1748 0.569950335790927
1749 0.570015288061221
1750 0.570101911540234
1751 0.570208766472842
1752 0.570366760746315
1753 0.570529779024574
1754 0.570705283784026
1755 0.570869423583245
1756 0.570990166540958
1757 0.571105875422286
1758 0.571238700867434
1759 0.571394157281594
1760 0.571516692860378
1761 0.571612788752352
1762 0.571659396486049
1763 0.571695729352743
1764 0.571737095379144
1765 0.571817178969778
1766 0.571988032584018
1767 0.572152794384374
1768 0.572305190881466
1769 0.572430918976849
1770 0.572565386970688
1771 0.572765371349761
1772 0.573041993946612
1773 0.573284680834328
1774 0.573586977492443
1775 0.573775198428233
1776 0.573894010764367
1777 0.573954822037242
1778 0.57390508575057
1779 0.573889412020983
1780 0.573811727247299
1781 0.573922412244812
1782 0.574067262693777
1783 0.574260136149388
1784 0.57447208370679
1785 0.574644505485093
1786 0.574745707605471
1787 0.574874865856366
1788 0.575005780888211
1789 0.575094981689204
1790 0.575260373736991
1791 0.57545206658049
1792 0.575575277869124
1793 0.575749632974132
1794 0.576000054573808
1795 0.57621106776132
1796 0.57644697036502
1797 0.576666376220613
1798 0.57678070587888
1799 0.576943823377816
1800 0.577120256860512
1801 0.571691152298045
1802 0.571743923567358
1803 0.571835407390432
1804 0.571928619423027
1805 0.571962491839757
1806 0.571844751597893
1807 0.572001076457697
1808 0.572301039439213
1809 0.572498430447968
1810 0.572802179310046
1811 0.573109091762756
1812 0.573212444123711
1813 0.573267607835929
1814 0.573304309495718
1815 0.573388741005151
1816 0.573519633204204
1817 0.57367206892105
1818 0.573816506138637
1819 0.574053563172154
1820 0.574201839882467
1821 0.574254472512372
1822 0.574319699519444
1823 0.574169603565445
1824 0.57406280074929
1825 0.574080929594398
1826 0.574138399613982
1827 0.574187593708622
1828 0.574391476820731
1829 0.57445953825416
1830 0.57441475507489
1831 0.574413008760233
1832 0.574472089954837
1833 0.574599576896453
1834 0.574809232530132
1835 0.574924736273662
1836 0.575010731161463
1837 0.575032453091718
1838 0.575103247590461
1839 0.575151064374066
1840 0.575244958944195
1841 0.575385703602803
1842 0.575320409025235
1843 0.57517352358063
1844 0.575177880555853
1845 0.575242078386692
1846 0.575347134832751
1847 0.5754356296873
1848 0.575654165566355
1849 0.575703763771713
1850 0.575620705170464
1851 0.575622233582469
1852 0.575629229560638
1853 0.575549591051659
1854 0.575536885085901
1855 0.575619042319943
1856 0.575626916657251
1857 0.575603121769759
1858 0.575594260744892
1859 0.575624907715802
1860 0.575459465480131
1861 0.575300841062105
1862 0.575254928229909
1863 0.574942418667843
1864 0.574524949592469
1865 0.574161730829072
1866 0.57375431121238
1867 0.573303119355202
1868 0.572817568826514
1869 0.572408869448873
1870 0.571958300813131
1871 0.57144648740386
1872 0.57103677715806
1873 0.570605493579434
1874 0.57016829241221
1875 0.56959885623931
1876 0.569052593436787
1877 0.56853432804646
1878 0.567835810259047
1879 0.567029755341274
1880 0.566210220868512
1881 0.565166237913398
1882 0.563927341685154
1883 0.562646186517448
1884 0.561246434009378
1885 0.55976433757015
1886 0.558205882886002
1887 0.556547951825346
1888 0.554737166908726
1889 0.55280478741628
1890 0.550697646943092
1891 0.548445493946793
1892 0.546096858413616
1893 0.543661573603939
1894 0.541179213566608
1895 0.538710554731434
1896 0.536180168238167
1897 0.533580722877166
1898 0.530925736163761
1899 0.528357683538528
1900 0.52569894182388
1901 0.523248954206634
1902 0.520856361148602
1903 0.518699660402654
1904 0.516745351404149
1905 0.515082873230063
1906 0.513652324695292
1907 0.512618452798067
1908 0.51170214841978
1909 0.510890165660537
1910 0.510296737615641
1911 0.50988068291906
1912 0.509604586087521
1913 0.509541872535199
1914 0.5095994029876
1915 0.50975797038608
1916 0.509987725401327
1917 0.510212425351742
1918 0.510626952924173
1919 0.511094068730467
1920 0.511637074372831
1921 0.512300434430041
1922 0.513102985532862
1923 0.513901560963904
1924 0.514790341324409
1925 0.515732819759355
1926 0.516638389594368
1927 0.517634789631453
1928 0.518586717010248
1929 0.519422054582712
1930 0.520252834241307
1931 0.520990546913713
1932 0.521776339152054
1933 0.522610470524422
1934 0.523374142384367
1935 0.524092653979856
1936 0.524848461708442
1937 0.525540948820809
1938 0.526259298223338
1939 0.527113508974886
1940 0.527875776846625
1941 0.528677697396911
1942 0.529471077593874
1943 0.530177118840903
1944 0.530811193016067
1945 0.531465678158467
1946 0.532041263315546
1947 0.532661068465965
1948 0.533267741851142
1949 0.533939799432621
1950 0.534673873488845
1951 0.535305733130541
1952 0.535934818203947
1953 0.536579992235408
1954 0.537170123583806
1955 0.537670971498062
1956 0.538249520877714
1957 0.538828175325848
1958 0.53940940613622
1959 0.540016083100239
1960 0.540638639654432
1961 0.541145564162676
1962 0.54164327654599
1963 0.542159113007955
1964 0.542759600479374
1965 0.543354285947853
1966 0.543920037213197
1967 0.544550325205517
1968 0.545197648314937
1969 0.545779671946538
1970 0.546381824427261
1971 0.547023787318835
1972 0.547650812500217
1973 0.5482382877463
1974 0.54887142418552
1975 0.549521023014657
1976 0.549959210748967
1977 0.550416982470164
1978 0.550931252954493
1979 0.551452802800106
1980 0.551927540698277
1981 0.55240622175284
1982 0.55290885846787
1983 0.553366105728041
1984 0.553892192372322
1985 0.554474743514855
1986 0.555134311906273
1987 0.555659284684076
1988 0.55620073331311
1989 0.556893370654416
1990 0.557349430088227
1991 0.557866160156911
1992 0.558402976874408
1993 0.558945928315874
1994 0.559421525610793
1995 0.55998468927754
1996 0.560634775730187
1997 0.561227642513174
1998 0.561805378320861
1999 0.562401526512873
2000 0.563001498314522
2001 0.563559288199151
2002 0.564111593655898
2003 0.564637141073877
2004 0.565199627658026
2005 0.565834195633429
2006 0.566310282288987
2007 0.566697905328825
2008 0.567136393708066
2009 0.567479024913382
2010 0.567857126498371
2011 0.568308126261333
2012 0.568745592091695
2013 0.569058818760838
2014 0.569416244918968
2015 0.569852588233349
2016 0.570328944485209
2017 0.570841473370913
2018 0.571502305819822
2019 0.571976318562997
2020 0.572427711809461
2021 0.572807216467421
2022 0.57296938669981
2023 0.573300879337927
2024 0.573684256348523
2025 0.574067357143711
2026 0.574492110381865
2027 0.574929047271756
2028 0.575235140875898
2029 0.575488743898227
2030 0.575792036559056
2031 0.576039836943465
2032 0.576397128647363
2033 0.576826334939439
2034 0.577264942395777
2035 0.57784902657207
2036 0.57826140008735
2037 0.578607735935636
2038 0.578930460637924
2039 0.579101580039935
2040 0.579345768933144
2041 0.579671694680336
2042 0.580066747551046
2043 0.580333994124128
2044 0.580582303266146
2045 0.580811904655681
2046 0.580879571367427
2047 0.581116961042737
2048 0.58148806148282
2049 0.581781831256959
2050 0.582127762591592
2051 0.582420916889156
2052 0.582543007159493
2053 0.582832955090264
2054 0.583229749040345
2055 0.583641731124881
2056 0.583976747035452
2057 0.584430553467121
2058 0.584685970474021
2059 0.584714165715595
2060 0.5849080852114
2061 0.5851349055017
2062 0.585310920741294
2063 0.585498268560288
2064 0.58570466902456
2065 0.585790462851814
2066 0.586018906898539
2067 0.586408613365856
2068 0.586755334831733
2069 0.586975854748589
2070 0.5872644196387
2071 0.587443528664415
2072 0.587477143911068
2073 0.587581295973472
2074 0.587705254890576
2075 0.587812726148049
2076 0.587855828356571
2077 0.58797206703421
2078 0.588065457741865
2079 0.588264047001144
2080 0.588581976555879
2081 0.588871701068215
2082 0.589308358555549
2083 0.589602722772891
2084 0.589846992171283
2085 0.58997177436825
2086 0.590145322221771
2087 0.59025944521427
2088 0.590382670399018
2089 0.590514785168982
2090 0.590666699641558
2091 0.590773982684096
2092 0.590911780733742
2093 0.591164799490768
2094 0.591261930600411
2095 0.591303266584204
2096 0.591308632666
2097 0.591034892487842
2098 0.591057424124399
2099 0.591195978237082
2100 0.591413186148156
2101 0.591656266708259
2102 0.59206125085188
2103 0.592338351601139
2104 0.592542178661885
2105 0.592716759911985
2106 0.592840992069982
2107 0.593082047634199
2108 0.59325767199169
2109 0.593558292126928
2110 0.594184808217984
2111 0.594470723096362
2112 0.594548004263172
2113 0.594752464642831
2114 0.594800809430337
2115 0.594952195061239
2116 0.595156341931828
2117 0.595544817008319
2118 0.595868632603243
2119 0.596253115662854
2120 0.59656336640196
2121 0.59693197848511
2122 0.59719600156928
2123 0.597412179962698
2124 0.59750631117398
2125 0.597404044321311
2126 0.597521111858904
2127 0.597595744042331
2128 0.597749014591395
2129 0.598189248299478
2130 0.598429742574685
2131 0.598551722350379
2132 0.598695842933326
2133 0.598775106851422
2134 0.59884777147394
2135 0.599166459946651
2136 0.599353877628515
2137 0.599517760465758
2138 0.59983413282647
2139 0.599813610296933
2140 0.599522517293759
2141 0.599332988488212
2142 0.599097150516161
2143 0.598731549610169
2144 0.598280839551509
2145 0.59784712626843
2146 0.597252768278344
2147 0.596734813689922
2148 0.596293838240051
2149 0.595812798296982
2150 0.595208020141598
2151 0.594748162105248
2152 0.594327048911271
2153 0.594043817727767
2154 0.593853974846588
2155 0.593551970193884
2156 0.593035323060987
2157 0.592321940111902
2158 0.591720995783119
2159 0.590928532874729
2160 0.590344935625663
2161 0.589964449853381
2162 0.589439390841773
2163 0.588897230686054
2164 0.588328816719243
2165 0.587687603075565
2166 0.587118088073586
2167 0.58654592505274
2168 0.586001805551099
2169 0.585554160271146
2170 0.585015461626027
2171 0.584499549468172
2172 0.583896083378546
2173 0.583241051283061
2174 0.582500463335335
2175 0.581678786836816
2176 0.580718794527526
2177 0.579871082227637
2178 0.578956903536051
2179 0.578157034170811
2180 0.577449643174933
2181 0.576709664052588
2182 0.576088429756182
2183 0.575246344632813
2184 0.574242892750073
2185 0.573381799320165
2186 0.57245685368533
2187 0.571545029878868
2188 0.570794578652102
2189 0.569922241796606
2190 0.56881704135183
2191 0.567910222559118
2192 0.567087420302595
2193 0.566274336371459
2194 0.565612578228263
2195 0.564904534845586
2196 0.564051490218817
2197 0.563225349178025
2198 0.562422153925095
2199 0.561570620486161
2200 0.560801257222634
2201 0.560123026949847
2202 0.55936687230245
2203 0.55850378635571
2204 0.55785358598043
2205 0.55721503710439
2206 0.556775964210884
2207 0.55647746106689
2208 0.556356125370592
2209 0.556326998304856
2210 0.556578475312576
2211 0.557178845227229
2212 0.55777818793409
2213 0.558592022622163
2214 0.559414578558165
2215 0.560382065089212
2216 0.561261022981217
2217 0.562151517836662
2218 0.56308492440196
2219 0.563984381032005
2220 0.564552372265314
2221 0.565094815473922
2222 0.56553625451354
2223 0.565904605519782
2224 0.566085842586173
2225 0.566372577865631
2226 0.566578270398545
2227 0.56696292979722
2228 0.567532443036254
2229 0.56784738071976
2230 0.568187081288862
2231 0.568413892658698
2232 0.568315412659444
2233 0.568444592266275
2234 0.56869022940724
2235 0.568917206533853
2236 0.569208601710645
2237 0.569447841711369
2238 0.5697664039046
2239 0.569882974995503
2240 0.569916788899911
2241 0.56987337282958
2242 0.56940836088375
2243 0.569342985059379
2244 0.56947715821552
2245 0.569671113221564
2246 0.569751266416982
2247 0.569656230348799
2248 0.569673451660592
2249 0.569469669435006
2250 0.569595889910103
2251 0.570117653449657
2252 0.570453051533057
2253 0.570694779947547
2254 0.57108932833418
2255 0.571671139931847
2256 0.572082490215453
2257 0.572513876957509
2258 0.572810469993656
2259 0.572993956301784
2260 0.573118972690577
2261 0.573042020363509
2262 0.573261392359431
2263 0.573566281148256
2264 0.57382633137397
2265 0.57438264069826
2266 0.574564391461321
2267 0.574473222338958
2268 0.574456712496421
2269 0.574198747920127
2270 0.574172349586937
2271 0.574244367220105
2272 0.574344829659037
2273 0.574675410542585
2274 0.574838175308305
2275 0.574926894169769
2276 0.575040150595669
2277 0.575272566469866
2278 0.575116499589727
2279 0.574869107397518
2280 0.574847647516444
2281 0.574833332120302
2282 0.574769683912324
2283 0.574740242900041
2284 0.574457221206932
2285 0.574105296961975
2286 0.573414998453114
2287 0.572968660310417
2288 0.572539484920345
2289 0.572140594464255
2290 0.571669215796815
2291 0.571498030699507
2292 0.571418713723811
2293 0.571688297905269
2294 0.572460360560574
2295 0.572843138396143
2296 0.573429455762732
2297 0.573622106216158
2298 0.57339390087084
2299 0.573261230013189
2300 0.572929585105737
2301 0.572785772063352
2302 0.572671871273897
2303 0.572676936649588
2304 0.572961479190108
2305 0.57292584034158
2306 0.573004314644705
2307 0.572659997832863
2308 0.571619339230662
2309 0.57112319992943
2310 0.570523211334519
2311 0.570133064301253
2312 0.570299938644237
2313 0.570247807881994
2314 0.570023088366556
2315 0.570007749710887
2316 0.570138463773678
2317 0.57019956453409
2318 0.570412160343697
2319 0.570574650948248
2320 0.570645261821446
2321 0.570646523467385
2322 0.571204655039934
2323 0.571542753478949
2324 0.571206967579385
2325 0.571017387940256
2326 0.570598758296335
2327 0.569668824325419
2328 0.569132351343483
2329 0.568752842807852
2330 0.567971871287236
2331 0.5672645642331
2332 0.567349205234923
2333 0.567651452826292
2334 0.567559479963738
2335 0.567708480640865
2336 0.567435380614829
2337 0.566532147521755
2338 0.566043324464552
2339 0.565568178244689
2340 0.565375290646072
2341 0.565213692873708
2342 0.565451944619336
2343 0.566603924091651
2344 0.566292661855193
2345 0.565397224924169
2346 0.564831247362268
2347 0.563314823186288
2348 0.562707167737142
2349 0.562874435160146
2350 0.562828857825678
2351 0.562773918770577
2352 0.562898925324696
2353 0.563638864894711
2354 0.56350025721479
2355 0.562816389951098
2356 0.56264857578913
2357 0.562166074219226
2358 0.561930960268713
2359 0.562261116049121
2360 0.562150695701788
2361 0.561368475168623
2362 0.561623929729917
2363 0.562668430010017
2364 0.563106102198654
2365 0.564369941914105
2366 0.564141638003895
2367 0.5624135589023
2368 0.561463490558956
2369 0.559800989073439
2370 0.559138524028711
2371 0.559292571980294
2372 0.559364363833031
2373 0.560058018721594
2374 0.560132328009618
2375 0.560026549481652
2376 0.559829620678519
2377 0.55931666539581
2378 0.558728965760395
2379 0.557833457484862
2380 0.55769143227661
2381 0.557916364689432
2382 0.557764790233956
2383 0.558186679097016
2384 0.557744730862871
2385 0.555982998228036
2386 0.555579749376235
2387 0.556125483949546
2388 0.555744415220226
2389 0.555156001726556
2390 0.555031026281941
2391 0.554627305471904
2392 0.554101225492064
2393 0.554136251617048
2394 0.553951272914057
2395 0.553060512908989
2396 0.55256185801759
2397 0.552484477088532
2398 0.55273021311667
2399 0.552952736708988
2400 0.553029851605043
2401 0.553955956367797
2402 0.553855582542158
2403 0.553151797124429
2404 0.552255761022886
2405 0.550472702792767
2406 0.549532044744276
2407 0.54789390334849
2408 0.547895085316948
2409 0.549593075853436
2410 0.550524752191201
2411 0.552890380175422
2412 0.553457346249786
2413 0.552478063404893
2414 0.552140612112768
2415 0.551329949458376
2416 0.550451333791738
2417 0.549789578519479
2418 0.548739708111437
2419 0.546928255030676
2420 0.545968262038904
2421 0.545248469437696
2422 0.544755085001374
2423 0.545145096611394
2424 0.544114676269738
2425 0.542490443492999
2426 0.541222386900188
2427 0.538766947416344
2428 0.537969298125748
2429 0.538979503802266
2430 0.538370322013277
2431 0.537189470140643
2432 0.53680665693071
2433 0.535908515109
2434 0.53519013928477
2435 0.535839997045562
2436 0.535426502519621
2437 0.53377652727593
2438 0.533056698561791
2439 0.533044831024373
2440 0.531957284238858
2441 0.529769679194829
2442 0.530435655647363
2443 0.530705469357006
2444 0.530213146018306
2445 0.530334523966373
2446 0.528336819046042
2447 0.526822569110519
2448 0.526360470994133
2449 0.526599762628782
2450 0.525691137253528
2451 0.52339731695688
2452 0.52448737676615
2453 0.525911133874551
2454 0.525084793047945
2455 0.525068587647389
2456 0.525217148538604
2457 0.524681222374797
2458 0.527515797976322
2459 0.52869268144783
2460 0.525545015606242
2461 0.521252781711225
2462 0.515268711010276
2463 0.514525895742757
2464 0.513783543129089
2465 0.513840362634096
2466 0.515705544300397
2467 0.516214271043055
2468 0.518600778819366
2469 0.518223915452139
2470 0.514273292550941
2471 0.51347789875304
2472 0.512978455959643
2473 0.512078980572592
2474 0.512695698907389
2475 0.513392300484001
2476 0.513261924295439
2477 0.513265453911728
2478 0.514697248158812
2479 0.515544943621731
2480 0.515495984035271
2481 0.51543449237303
2482 0.516782516460329
2483 0.514876621495064
2484 0.509859743123041
2485 0.507061229857195
2486 0.502554982145238
2487 0.501751276829898
2488 0.50408941518186
2489 0.505302014854802
2490 0.508940899315446
2491 0.509939309805586
2492 0.505049262451074
2493 0.501134232543928
2494 0.50389230274412
2495 0.504857533774348
2496 0.507654195519028
2497 0.511884417912527
2498 0.506176334355062
2499 0.500955859128839
2500 0.502617822776315
