"Wavelength" "M074a_m3-w3"
350 0.0987843017122031
351 0.0973195222421977
352 0.0968807342071496
353 0.0961137268301513
354 0.0917681825269901
355 0.0896856459722745
356 0.0912579036021047
357 0.0952761153797142
358 0.0985609562881923
359 0.0964388967829726
360 0.0945075667183723
361 0.0961810845030569
362 0.0986821330976164
363 0.0969761793321263
364 0.0934029100179765
365 0.0919709407670282
366 0.0939393537787811
367 0.0966964353772404
368 0.0989251851873156
369 0.10024374073189
370 0.100652760751031
371 0.0986141734486544
372 0.0950975335396455
373 0.0941753620046553
374 0.0913857430646261
375 0.0902723942893289
376 0.0929294174155188
377 0.0939730634234726
378 0.0946223887408335
379 0.0945093383126826
380 0.0934055780634159
381 0.0951903546562522
382 0.0963553588681169
383 0.0961060239718119
384 0.0964327293466053
385 0.0939303661632179
386 0.0928204920500585
387 0.0948416708859048
388 0.0940775434373056
389 0.0937375578404034
390 0.0943630701709307
391 0.0952538486466772
392 0.0940770371094724
393 0.0932765293102175
394 0.0931186344647339
395 0.0922098192992765
396 0.0943136672765784
397 0.0950582529837241
398 0.0931041106487576
399 0.0948583011063767
400 0.0957842224736162
401 0.0957323919369316
402 0.0956296866071034
403 0.0948454907285992
404 0.0951011093843802
405 0.095903691155043
406 0.0953164348499895
407 0.096176400695298
408 0.0962628965109154
409 0.0949668145542199
410 0.0960384767069603
411 0.0961705810170737
412 0.0962027071992558
413 0.0974433509267195
414 0.0972553529143295
415 0.0974766672727632
416 0.0983273945494283
417 0.0985826696849644
418 0.0979139703864503
419 0.0978033768341206
420 0.0987033709054178
421 0.0982566020848069
422 0.0987297600227129
423 0.0997956234776149
424 0.100319541331013
425 0.100103423555637
426 0.100279703454238
427 0.100794662956075
428 0.10044969529857
429 0.100502595180086
430 0.100759862424184
431 0.101041391529347
432 0.102042095494407
433 0.102401308763839
434 0.102383139991822
435 0.102804387329765
436 0.102598368877202
437 0.102771553408655
438 0.103554398674447
439 0.104041945820141
440 0.104409446301532
441 0.104928907909182
442 0.105615015975979
443 0.105488789846168
444 0.105509378552732
445 0.10585946302423
446 0.106240811978575
447 0.106797363783355
448 0.107358727461191
449 0.107762911660004
450 0.107911005433966
451 0.108131499723252
452 0.108171273684009
453 0.107897200682317
454 0.108559438365498
455 0.109013354337634
456 0.109123932946769
457 0.109654844556762
458 0.110173949596987
459 0.110382565230101
460 0.110303350457157
461 0.110638561998637
462 0.111028764924275
463 0.111194194750489
464 0.111023650621998
465 0.111288440509572
466 0.11177981711584
467 0.112160384292085
468 0.112052756141255
469 0.112282108281209
470 0.112663645818655
471 0.112901537665748
472 0.11328369456035
473 0.113344243001162
474 0.113362860227133
475 0.11398655944358
476 0.113983224776287
477 0.114050011850556
478 0.114528598600511
479 0.114557919565283
480 0.11463296347683
481 0.114987101967937
482 0.115614329796273
483 0.115701138378621
484 0.115867538955528
485 0.116267919613929
486 0.116469780551021
487 0.116826215443877
488 0.117205008167066
489 0.117421158232127
490 0.117409511378334
491 0.117686326997371
492 0.118141924563193
493 0.118337469619033
494 0.118755262936827
495 0.119191334750624
496 0.119484267149036
497 0.11967477690068
498 0.120153288831557
499 0.120733831380555
500 0.121090547505895
501 0.121358400734663
502 0.121722631036307
503 0.122140839849463
504 0.12233540770154
505 0.122816452328837
506 0.123296113649693
507 0.123518060706744
508 0.123902701756814
509 0.124260765687313
510 0.124551428819732
511 0.124833833017093
512 0.125145270797201
513 0.125515668124305
514 0.125948419333699
515 0.126423255557929
516 0.126787219027963
517 0.127086881272336
518 0.127443109740116
519 0.127899242695319
520 0.128311318104808
521 0.128662634635941
522 0.129105141209368
523 0.129416437645676
524 0.129718853060949
525 0.130157080982871
526 0.13063573021566
527 0.131107055110474
528 0.131506424817211
529 0.131780947273202
530 0.132260152958025
531 0.132805291872184
532 0.133269584068796
533 0.133685907752909
534 0.134018502056242
535 0.134366741520564
536 0.134850667218552
537 0.135225364737553
538 0.135652287486911
539 0.136161646930965
540 0.136518435325315
541 0.136999805267419
542 0.137541344828173
543 0.13800296820177
544 0.138420203855587
545 0.138803370025278
546 0.139208146431423
547 0.139729126099661
548 0.140216409455226
549 0.140721286145842
550 0.141298642287749
551 0.141876726991551
552 0.142458089082178
553 0.143050491637279
554 0.143653030605103
555 0.144124432355575
556 0.144565353800146
557 0.145044434832822
558 0.145475689909464
559 0.145962138988145
560 0.146544734508838
561 0.147193038697151
562 0.147611974392737
563 0.148010768036921
564 0.148459570768658
565 0.148782038895474
566 0.149069138168109
567 0.149323566616634
568 0.149582239877059
569 0.150118819868291
570 0.150683160515401
571 0.151211254946729
572 0.151821404048072
573 0.152390513568442
574 0.153007874991938
575 0.153700312234317
576 0.154192705282061
577 0.154598900179379
578 0.154959532554671
579 0.1552815449907
580 0.155634294605484
581 0.155943426880798
582 0.156186202754857
583 0.156469928613777
584 0.156765124371813
585 0.157032020784195
586 0.15726551421393
587 0.157681369457538
588 0.158175354651859
589 0.158690014553115
590 0.159252624440556
591 0.159742818901281
592 0.16019923077208
593 0.160670561016891
594 0.161057828462156
595 0.161443801652032
596 0.161840657640601
597 0.162205299195557
598 0.162638333011717
599 0.163048777223896
600 0.163379003410889
601 0.163743805609702
602 0.164078146197585
603 0.164383109086411
604 0.164691613512527
605 0.165001756687279
606 0.165313960593089
607 0.165630802450609
608 0.165955010121847
609 0.166343523006977
610 0.166718212646842
611 0.16700132082285
612 0.167377342221403
613 0.167779363967917
614 0.168184369594378
615 0.168634440462088
616 0.168980099221771
617 0.169323908948067
618 0.169752895256628
619 0.170075464829291
620 0.170403054206127
621 0.170788367773764
622 0.171228469846689
623 0.171598565333318
624 0.17197763779961
625 0.172411915284275
626 0.172783337810558
627 0.173204017328179
628 0.173628724655661
629 0.173964182004784
630 0.174346687454515
631 0.174754372578024
632 0.175173616879948
633 0.175629325904532
634 0.176060847102904
635 0.17643689270985
636 0.176766471480356
637 0.177178130743761
638 0.177625704363327
639 0.178057833568439
640 0.178430581011138
641 0.178815348241514
642 0.179223294167747
643 0.179650744531859
644 0.180106942850886
645 0.180491634080784
646 0.180859134623699
647 0.181336277065074
648 0.181714097825405
649 0.182113682581666
650 0.182601183571155
651 0.183053222162027
652 0.183483928446059
653 0.183908477621322
654 0.184342991598115
655 0.18477816921393
656 0.185209418351079
657 0.185653383353159
658 0.18615161966043
659 0.186521785939057
660 0.186901122785152
661 0.18741640651279
662 0.187846552594954
663 0.188270055175105
664 0.188705055960375
665 0.189126584763619
666 0.189620840723707
667 0.19012702476877
668 0.190594999439007
669 0.191054298388865
670 0.191487657357112
671 0.191956551623192
672 0.192518964155325
673 0.192942175564654
674 0.193405298888884
675 0.193956796656698
676 0.194413929807214
677 0.194877888726685
678 0.195366875913
679 0.195869760468878
680 0.19635209535512
681 0.196818151020254
682 0.197300369990569
683 0.197844377549248
684 0.198290975342633
685 0.198748831840415
686 0.199291488988279
687 0.199788259556425
688 0.200290941483242
689 0.200825555150771
690 0.201388437597294
691 0.201838454582726
692 0.202321223956079
693 0.202878627943143
694 0.203365692979882
695 0.203912693656209
696 0.204471747208045
697 0.204977125030473
698 0.205503641723745
699 0.206047390770035
700 0.20659502066424
701 0.207128001133401
702 0.207656859960076
703 0.208202430662616
704 0.208769861260628
705 0.209326443270031
706 0.209869286625201
707 0.21040196281299
708 0.210933080566355
709 0.211474064345925
710 0.212042403346036
711 0.212623174118341
712 0.213160520513094
713 0.21374156212941
714 0.214355216210152
715 0.214969218788414
716 0.215583478543952
717 0.216133350520741
718 0.216657475816
719 0.217253327605882
720 0.217788754898635
721 0.218339751433518
722 0.218963449852323
723 0.219629322821313
724 0.220275355027673
725 0.220872063935127
726 0.221421782864661
727 0.221996304988166
728 0.222635657946417
729 0.223284553328631
730 0.22380195519009
731 0.22437250003651
732 0.224980532323102
733 0.225578538602257
734 0.226151220591149
735 0.226734931117827
736 0.227329887491074
737 0.227917122842955
738 0.228487534332589
739 0.229048176052875
740 0.229618561425053
741 0.230231919537892
742 0.230875532135679
743 0.231519882659242
744 0.232139705489729
745 0.232749050160154
746 0.233361350286759
747 0.233967222760888
748 0.234547144359755
749 0.235137049037816
750 0.235745145839679
751 0.236369262277023
752 0.236998902705932
753 0.237640155460136
754 0.238262426526938
755 0.238837303503381
756 0.239383109883677
757 0.240012685718671
758 0.240698464678014
759 0.241303042546849
760 0.241912931890544
761 0.242545390092996
762 0.243177809505397
763 0.243722905943578
764 0.244321256742203
765 0.24494866454451
766 0.245546738408887
767 0.246225033470699
768 0.246844726522203
769 0.247404660980363
770 0.248033927438344
771 0.24863762434765
772 0.249305508960969
773 0.250052179341264
774 0.250658623816619
775 0.251231832981978
776 0.251781049675584
777 0.25231362001317
778 0.252971194208476
779 0.253699832174878
780 0.254406522445316
781 0.254985099916058
782 0.255480097056454
783 0.256029913074096
784 0.256691612006258
785 0.257311111297368
786 0.257932699231753
787 0.25858766820884
788 0.259279047379216
789 0.259883666081251
790 0.260468863675505
791 0.261105047522675
792 0.261834185903037
793 0.262378617320882
794 0.262943622198923
795 0.263656778619491
796 0.26433601327976
797 0.264937631635859
798 0.265563901262388
799 0.266304022622147
800 0.266938212532936
801 0.267535212294233
802 0.268135360950046
803 0.26874786951661
804 0.269363493556494
805 0.269972158774258
806 0.270573115170428
807 0.271179166759658
808 0.271851287360652
809 0.272566587464803
810 0.2732707635793
811 0.27391920699353
812 0.274468342465386
813 0.2749895961661
814 0.275602456467862
815 0.276235442896061
816 0.276840488436789
817 0.277465735593738
818 0.278254399716146
819 0.278851130354278
820 0.279326255022083
821 0.27984412147947
822 0.280556230187333
823 0.281295686251877
824 0.281947287699632
825 0.282467749743249
826 0.2830469266452
827 0.283646818411599
828 0.284263573328451
829 0.284925102312148
830 0.285615663237963
831 0.286255920475059
832 0.28682669630024
833 0.28741219126036
834 0.288095145576057
835 0.28880442810394
836 0.289446224504084
837 0.290001034778648
838 0.290513298315308
839 0.29100806320256
840 0.291524688020912
841 0.292243786356775
842 0.292959378910511
843 0.29360094276486
844 0.294245034645682
845 0.294808157269349
846 0.295380089433893
847 0.296026035091225
848 0.296726150442467
849 0.297380276440417
850 0.298031081609309
851 0.298700835531093
852 0.299212019054084
853 0.299730829364374
854 0.300280949183037
855 0.300839139877494
856 0.301519652154821
857 0.302207331128129
858 0.30284323039882
859 0.303432642755693
860 0.303983952556659
861 0.304571576267027
862 0.305226510328607
863 0.305907372498821
864 0.30647840482272
865 0.307041408832099
866 0.307686210255195
867 0.308334930856268
868 0.308942569480079
869 0.30951965371944
870 0.310096392498353
871 0.310669424254294
872 0.311328995866292
873 0.311979617824842
874 0.312471590583244
875 0.313065073752645
876 0.313718498091593
877 0.314361988897656
878 0.314929455644925
879 0.315418752701675
880 0.316015782479425
881 0.316766477501091
882 0.317472273145719
883 0.318141702717897
884 0.318749155603104
885 0.319310122185285
886 0.319941206174201
887 0.320525172271217
888 0.321064278615655
889 0.321616524295484
890 0.322290620113355
891 0.322922326389946
892 0.323504014037376
893 0.324105220555523
894 0.324737848708822
895 0.32535636102159
896 0.325889149056932
897 0.326308938469027
898 0.32702926366233
899 0.327843485089943
900 0.328555863592552
901 0.329088412046707
902 0.329618122880596
903 0.330202924083933
904 0.330821406740481
905 0.331371906381818
906 0.331905360232505
907 0.332468457847388
908 0.333107263389576
909 0.333871658908803
910 0.334500829330758
911 0.33509276077404
912 0.335759421289652
913 0.33631537087803
914 0.336833633600139
915 0.33734435261218
916 0.337890009437649
917 0.338611215731245
918 0.339350630447808
919 0.339973850450175
920 0.34044589480409
921 0.341087647566753
922 0.34174851400123
923 0.342338556145981
924 0.342854822596938
925 0.343440141832994
926 0.34413582033817
927 0.344880619943906
928 0.345555290355438
929 0.346214359196202
930 0.346806069466491
931 0.347356650849929
932 0.347963514660679
933 0.348554610605517
934 0.349130599642829
935 0.349713211894303
936 0.350335542911661
937 0.350996884193297
938 0.351605256302609
939 0.352174216999813
940 0.352869216671642
941 0.353531634008765
942 0.354141061763856
943 0.354689313271835
944 0.355150081229359
945 0.355759019809496
946 0.356412663943581
947 0.356998216813465
948 0.357538024522367
949 0.358083416738237
950 0.35876079292604
951 0.359569148486177
952 0.360243775030296
953 0.360762852090216
954 0.36122105436056
955 0.361743221979613
956 0.362421214750027
957 0.363114806133689
958 0.363746548281716
959 0.36431615359392
960 0.364950661942713
961 0.365506759088462
962 0.366068257939632
963 0.366682785876083
964 0.36716014201311
965 0.367736147145141
966 0.368415518964358
967 0.369082032345957
968 0.369518820909287
969 0.370056354772943
970 0.370708454530405
971 0.371388835140029
972 0.372021548658716
973 0.372545170729
974 0.373055231177476
975 0.373623355339182
976 0.374163834494376
977 0.374651811064104
978 0.375281450507341
979 0.37607276748186
980 0.376594801490774
981 0.377125896755245
982 0.377815060235535
983 0.378587528560414
984 0.379052405896884
985 0.379661044801296
986 0.380278416995427
987 0.380794156948216
988 0.38135620667638
989 0.381751865914428
990 0.382311337019752
991 0.383137738100072
992 0.383864138103893
993 0.384479469785485
994 0.385039748551677
995 0.385603921379894
996 0.386181614393929
997 0.386542836682648
998 0.386838326030704
999 0.387315931973644
1000 0.388162992103243
1001 0.378573215331086
1002 0.379067339078971
1003 0.379481794813081
1004 0.379971551496597
1005 0.380403187836386
1006 0.380885573725951
1007 0.381426992872258
1008 0.381936123597879
1009 0.382504776455456
1010 0.383046910417884
1011 0.383613412705998
1012 0.384189619329577
1013 0.384633520753195
1014 0.385113609722694
1015 0.385619245407826
1016 0.386026211831513
1017 0.386517822407702
1018 0.387070520462133
1019 0.387606016432525
1020 0.388154210128615
1021 0.388726029040697
1022 0.389264705926265
1023 0.38972649341215
1024 0.390257369368856
1025 0.390825587041535
1026 0.391324691731802
1027 0.391839529960715
1028 0.392369956333039
1029 0.392865443407395
1030 0.393343698968276
1031 0.393850610662108
1032 0.394399226776728
1033 0.394949718044343
1034 0.395477276146954
1035 0.396034612821394
1036 0.396648298704793
1037 0.397153870223428
1038 0.397655827733167
1039 0.398245550791422
1040 0.398792233039734
1041 0.39939240481407
1042 0.400004388291521
1043 0.400568969989813
1044 0.40113413062206
1045 0.401621870994704
1046 0.402154823532932
1047 0.402699620951607
1048 0.403274763049751
1049 0.403822232907178
1050 0.404385610312227
1051 0.404849197567493
1052 0.405233605803307
1053 0.405640251451552
1054 0.406098733833848
1055 0.406615222677866
1056 0.40719764229829
1057 0.407776520137416
1058 0.408269242870542
1059 0.408673809970503
1060 0.409102326328053
1061 0.409628706717957
1062 0.410094962929307
1063 0.410567932266631
1064 0.411034794253725
1065 0.41147258278063
1066 0.411819193338881
1067 0.412145465786668
1068 0.412501221024223
1069 0.412834174867302
1070 0.413119914037459
1071 0.413486044507877
1072 0.413883453569465
1073 0.414258933561151
1074 0.414610949418755
1075 0.414912276959851
1076 0.415240839250896
1077 0.415554343390001
1078 0.415869679912053
1079 0.416217526796369
1080 0.416599151788086
1081 0.416949345381688
1082 0.417333259113398
1083 0.417739533901159
1084 0.418107959677787
1085 0.418489579314203
1086 0.418827158844888
1087 0.41908097942256
1088 0.419359529940007
1089 0.419601430656858
1090 0.419839764728015
1091 0.420123489615033
1092 0.420454495472241
1093 0.420731055534866
1094 0.420999313451578
1095 0.421297352395077
1096 0.421583533012387
1097 0.421952957533856
1098 0.422333546385612
1099 0.422668464380489
1100 0.423001202992263
1101 0.423315636345447
1102 0.423621058886277
1103 0.424001805591752
1104 0.424438840398492
1105 0.424873993780007
1106 0.42529300097845
1107 0.425725335172817
1108 0.426170718370184
1109 0.42661860981232
1110 0.427028921628722
1111 0.427426810934958
1112 0.427871761369166
1113 0.428264491357356
1114 0.428628555248347
1115 0.429063940269814
1116 0.42951669147429
1117 0.429943392005007
1118 0.430405758689749
1119 0.430848390773916
1120 0.431268600039223
1121 0.43170369497043
1122 0.432093316333167
1123 0.432544664188481
1124 0.433058805259362
1125 0.433543255943309
1126 0.434022777713615
1127 0.434554580253104
1128 0.435037421874264
1129 0.435502978396039
1130 0.436046074389943
1131 0.436561043758542
1132 0.437048027641251
1133 0.437574651312073
1134 0.438058729079899
1135 0.438542342221026
1136 0.43904996603722
1137 0.439597390599562
1138 0.44011013241325
1139 0.440632276193429
1140 0.441107292419153
1141 0.44155289889519
1142 0.44199842440245
1143 0.442401881974123
1144 0.442841068834841
1145 0.443292053319092
1146 0.443758284320258
1147 0.44422747353763
1148 0.444673180189419
1149 0.445122904210705
1150 0.445564993523023
1151 0.44599934191755
1152 0.446450264376045
1153 0.446905518736758
1154 0.447361284604089
1155 0.447827186119213
1156 0.448321706690188
1157 0.448778573528581
1158 0.449232875786295
1159 0.449680783084821
1160 0.450102272411609
1161 0.450529738788465
1162 0.450969805352068
1163 0.451389751942357
1164 0.451838586156902
1165 0.452282928447184
1166 0.452747719487815
1167 0.453193346538475
1168 0.453615109336355
1169 0.45407312824534
1170 0.454476811893213
1171 0.45482553236409
1172 0.455232140235668
1173 0.455640807071116
1174 0.456041123791894
1175 0.456483672193889
1176 0.456889096272646
1177 0.457264810559725
1178 0.457634512335107
1179 0.458003783056619
1180 0.458358094127134
1181 0.458655956006014
1182 0.458966199734653
1183 0.459283304071841
1184 0.459605091073431
1185 0.459934769444466
1186 0.4602928442581
1187 0.46064998371881
1188 0.461015882562093
1189 0.46135809297314
1190 0.461707777048121
1191 0.462030618727962
1192 0.462317267649673
1193 0.462614073074287
1194 0.462922560449472
1195 0.463217165706798
1196 0.463490995688407
1197 0.463770396337427
1198 0.464045828323534
1199 0.464313105060874
1200 0.464606776588422
1201 0.464901536620111
1202 0.465202302878354
1203 0.465509754813232
1204 0.465808994618884
1205 0.466104235572144
1206 0.466396540225266
1207 0.466705153050725
1208 0.466971986961925
1209 0.467205586940666
1210 0.467459439463075
1211 0.467685022535071
1212 0.467935319677619
1213 0.468198601940366
1214 0.468479828991975
1215 0.468776261680077
1216 0.469075854018073
1217 0.469383667745056
1218 0.46972465104941
1219 0.470065177009371
1220 0.470382744236312
1221 0.470695024007191
1222 0.471012074141279
1223 0.471308033061178
1224 0.471573728614628
1225 0.471864683930464
1226 0.472163225564065
1227 0.472456538177886
1228 0.472754200071412
1229 0.473047211536323
1230 0.473316037372896
1231 0.473619775142336
1232 0.47394935488938
1233 0.474264368524191
1234 0.474605998798329
1235 0.474928140551866
1236 0.475227641724994
1237 0.475532223046531
1238 0.475829450842583
1239 0.476120894668025
1240 0.476393631637949
1241 0.476643864445011
1242 0.476907949380034
1243 0.477162306767607
1244 0.477419045921637
1245 0.47766240950454
1246 0.47795302075648
1247 0.47826868334691
1248 0.478575849536384
1249 0.478927302221234
1250 0.479241499615496
1251 0.479526509293357
1252 0.479818799308255
1253 0.480087682961436
1254 0.480389822905594
1255 0.480685165590426
1256 0.481016465649481
1257 0.481384911268287
1258 0.481788195883939
1259 0.482163832069721
1260 0.482561107072307
1261 0.482927594239392
1262 0.483269952338527
1263 0.483621942224337
1264 0.483970059970402
1265 0.484316006028044
1266 0.484656521038168
1267 0.485002219035996
1268 0.485324646007128
1269 0.485693009411098
1270 0.486120606749065
1271 0.486485617374608
1272 0.486868865231126
1273 0.487202754156719
1274 0.48745279463439
1275 0.487728849797248
1276 0.488017997044042
1277 0.48827374507361
1278 0.48850899403689
1279 0.488724129553551
1280 0.488977856394312
1281 0.489225332416283
1282 0.489473943244946
1283 0.489783051574951
1284 0.489993788147479
1285 0.490143153380811
1286 0.49029981405227
1287 0.490431652247279
1288 0.490540467921751
1289 0.490636528582105
1290 0.490709919920076
1291 0.490728590571768
1292 0.490777654975284
1293 0.490844339116611
1294 0.490881352984574
1295 0.490896613543225
1296 0.490929953033443
1297 0.490957146447323
1298 0.490977840724309
1299 0.491020238272581
1300 0.491040923466341
1301 0.4910698864779
1302 0.491091165502406
1303 0.491094463297018
1304 0.491090565284395
1305 0.491101663554844
1306 0.491087707272875
1307 0.491104329664867
1308 0.491171476864413
1309 0.491187019886476
1310 0.491193183070622
1311 0.491176950840457
1312 0.491118822862411
1313 0.491087643576267
1314 0.491034125628952
1315 0.491019186868135
1316 0.491001534573103
1317 0.491043634378597
1318 0.49113691995326
1319 0.491236852817886
1320 0.491391560215898
1321 0.491535957600272
1322 0.491682631003212
1323 0.491818407654989
1324 0.492003824915355
1325 0.492209367542678
1326 0.492427142281572
1327 0.492676031734567
1328 0.492926832648709
1329 0.493185577125394
1330 0.493450965691071
1331 0.493732556064734
1332 0.494014595813373
1333 0.494301191990069
1334 0.494588367500449
1335 0.494878294074752
1336 0.495178493040354
1337 0.495470940049441
1338 0.495787931891574
1339 0.496134748310667
1340 0.496470910377279
1341 0.496808333131112
1342 0.497158570381481
1343 0.497498342182564
1344 0.497866274605991
1345 0.498311059324806
1346 0.498683089505934
1347 0.499021202883853
1348 0.499372207816883
1349 0.49968287310166
1350 0.499929317491896
1351 0.500215094350425
1352 0.500511284989236
1353 0.500799135743352
1354 0.501089085965172
1355 0.501359379422196
1356 0.501603046812886
1357 0.501889501195951
1358 0.502177389382384
1359 0.502480043253236
1360 0.50281058977242
1361 0.503151424238204
1362 0.503499344643257
1363 0.503846778006898
1364 0.504210063684388
1365 0.50458034973893
1366 0.504948433206563
1367 0.505317559455421
1368 0.505726557394737
1369 0.506093310386119
1370 0.506447150888678
1371 0.506767851444651
1372 0.507090516615709
1373 0.507340297616041
1374 0.507519401348863
1375 0.507717133465246
1376 0.507822671227304
1377 0.507846319549582
1378 0.507882308202385
1379 0.507865961538112
1380 0.507874982716324
1381 0.507877430473639
1382 0.507883419653848
1383 0.507893937197688
1384 0.507894469376364
1385 0.507905225174835
1386 0.507880008237929
1387 0.507892266022072
1388 0.507776268510978
1389 0.507602384123026
1390 0.50736555881141
1391 0.506988102619451
1392 0.506661170892311
1393 0.50633091113914
1394 0.505960974148483
1395 0.505568259968001
1396 0.505174685618266
1397 0.504772201425779
1398 0.504328074537271
1399 0.50384338732399
1400 0.503384591459746
1401 0.502916486327774
1402 0.502421502615107
1403 0.501930165825229
1404 0.501460707431237
1405 0.50095537838304
1406 0.50038847634941
1407 0.499887442139809
1408 0.499390130690728
1409 0.498955874447182
1410 0.49851427341176
1411 0.498210665862587
1412 0.4979514754357
1413 0.497847838015075
1414 0.497847783723493
1415 0.497976423134121
1416 0.498232251189845
1417 0.498592768826056
1418 0.499106217025535
1419 0.499646922339957
1420 0.500334972521396
1421 0.500968932432451
1422 0.501665248388911
1423 0.502292869021854
1424 0.502915920278295
1425 0.503477117945051
1426 0.503952410449627
1427 0.50445727843986
1428 0.504922746788986
1429 0.505409780499443
1430 0.505938992913378
1431 0.506435258803328
1432 0.506916425119563
1433 0.507395866952455
1434 0.507841336635889
1435 0.508299354065097
1436 0.508754210363898
1437 0.509204291883493
1438 0.509661588556558
1439 0.510125563294627
1440 0.510576485775063
1441 0.511041729714642
1442 0.511461627783987
1443 0.511867041788929
1444 0.512242967023755
1445 0.512585158843179
1446 0.512911767536115
1447 0.513219379750991
1448 0.513505678320217
1449 0.513743986192354
1450 0.514022836787882
1451 0.514305855131045
1452 0.514579676007665
1453 0.514869135819839
1454 0.51514996545754
1455 0.515404800537507
1456 0.515681920599269
1457 0.516003920277629
1458 0.516270962841513
1459 0.516502515975804
1460 0.516755145300752
1461 0.516986079264639
1462 0.517222842236489
1463 0.517450406073013
1464 0.517723147874433
1465 0.518037126502444
1466 0.518316886025088
1467 0.518637520020288
1468 0.518922605971783
1469 0.51913993739762
1470 0.519363598953385
1471 0.519665976347917
1472 0.519956683341825
1473 0.520288834841437
1474 0.520663862729338
1475 0.520982553672702
1476 0.521275812221054
1477 0.521589565769416
1478 0.521904136437672
1479 0.522187642846392
1480 0.522464379687009
1481 0.522746710079089
1482 0.522998186095366
1483 0.523267222751135
1484 0.523573764383704
1485 0.523833440625737
1486 0.524054837109531
1487 0.5243016516951
1488 0.524538754470321
1489 0.524792437483366
1490 0.52504326730209
1491 0.525330979575759
1492 0.52565287100607
1493 0.525956245599859
1494 0.526304477011299
1495 0.526599526838975
1496 0.526847035127533
1497 0.527108865288887
1498 0.527351762430319
1499 0.527605212531713
1500 0.527878126727565
1501 0.52812521351769
1502 0.528351966373128
1503 0.52858917163707
1504 0.528805281012754
1505 0.529043807826673
1506 0.529321763020843
1507 0.529568071248527
1508 0.529815050945301
1509 0.530042004006832
1510 0.530234493143192
1511 0.530431206578999
1512 0.530597103043868
1513 0.530799875954111
1514 0.531026000789184
1515 0.531250046846103
1516 0.531513772801423
1517 0.531758613599835
1518 0.531952218688795
1519 0.532117521866636
1520 0.532239740639988
1521 0.532371369657442
1522 0.532541296584446
1523 0.532722015317614
1524 0.532933630570239
1525 0.533191800365624
1526 0.533414392637033
1527 0.533647299083662
1528 0.533862609848082
1529 0.534058756726074
1530 0.534263627816556
1531 0.534461563695122
1532 0.534676782378698
1533 0.534902395437674
1534 0.535117571698052
1535 0.535339798604826
1536 0.53555569951176
1537 0.535773819853695
1538 0.535960993515398
1539 0.536137184196675
1540 0.536309296074444
1541 0.536447353803381
1542 0.536605267325552
1543 0.536762196574862
1544 0.536943107929244
1545 0.537120482723142
1546 0.537331953816472
1547 0.53760295051374
1548 0.537825077908899
1549 0.538045905439755
1550 0.538255511910928
1551 0.53844256686591
1552 0.53862262292274
1553 0.538780664351103
1554 0.538970475004268
1555 0.539156668183951
1556 0.539357670614404
1557 0.539591205700968
1558 0.539820064806595
1559 0.540054841497216
1560 0.540275644701872
1561 0.540516018001701
1562 0.540721054728198
1563 0.540925547660856
1564 0.541068962652507
1565 0.541122989233285
1566 0.541244280760099
1567 0.541340493123288
1568 0.541467508091148
1569 0.541645651281439
1570 0.541835776987347
1571 0.542040849315623
1572 0.542241665692107
1573 0.54248792472976
1574 0.542699877417081
1575 0.542892257532643
1576 0.543066106080152
1577 0.543203594001467
1578 0.543364695503371
1579 0.543497898307251
1580 0.543670405861254
1581 0.543903495418437
1582 0.544103441754882
1583 0.54431361669369
1584 0.544504319562166
1585 0.544657184274957
1586 0.544824387929534
1587 0.544980110767389
1588 0.545155940384951
1589 0.545374468460781
1590 0.54555112979202
1591 0.545699641188734
1592 0.545869196238544
1593 0.546012498767898
1594 0.546173316900376
1595 0.546348639911104
1596 0.546554044583498
1597 0.546814821956721
1598 0.547024914334113
1599 0.547250550599159
1600 0.54744749562509
1601 0.547564604578964
1602 0.547666856816888
1603 0.547806152766588
1604 0.547926149043494
1605 0.54804785140558
1606 0.548172234538413
1607 0.548312610948478
1608 0.548460453442996
1609 0.548564606312091
1610 0.548663304223734
1611 0.548783444100552
1612 0.548846803708135
1613 0.549030483746591
1614 0.549283688654012
1615 0.549559406327658
1616 0.549894988135259
1617 0.550203861844996
1618 0.550583500795345
1619 0.550796527479802
1620 0.55094528136727
1621 0.551063711009829
1622 0.55105812408176
1623 0.551164427065248
1624 0.551295644862722
1625 0.551431296469345
1626 0.551588065091385
1627 0.551757400394662
1628 0.551936102977183
1629 0.552123884672784
1630 0.552334073456371
1631 0.552535592277842
1632 0.552742599083835
1633 0.552934993183432
1634 0.553126237975758
1635 0.553319611287455
1636 0.553505984605703
1637 0.553679289015499
1638 0.553857695558795
1639 0.554019669182411
1640 0.554140269501046
1641 0.554326197190741
1642 0.554536776583241
1643 0.554752338189943
1644 0.555027284425462
1645 0.555197771114756
1646 0.555319867230792
1647 0.555469909825772
1648 0.555563952812228
1649 0.555730901020081
1650 0.555941681159984
1651 0.55615896768297
1652 0.556397316001394
1653 0.556630912185478
1654 0.556903248404786
1655 0.557083019831305
1656 0.557289872482426
1657 0.557461856613735
1658 0.557596131774181
1659 0.557779689997481
1660 0.557924080337547
1661 0.558059911415664
1662 0.558196701257529
1663 0.558287899707287
1664 0.558364112123675
1665 0.558507638746768
1666 0.558641746853327
1667 0.558764962182083
1668 0.558947740945465
1669 0.559070011251172
1670 0.559215940419517
1671 0.559414712402591
1672 0.559602324370993
1673 0.559837615359461
1674 0.560056787628844
1675 0.56024959211498
1676 0.560464301516308
1677 0.560660041365125
1678 0.560829897115034
1679 0.561012774946488
1680 0.561170903417472
1681 0.561307223211989
1682 0.561541673662853
1683 0.561828772389779
1684 0.562126464154829
1685 0.562479669038013
1686 0.562767299968687
1687 0.56304013331194
1688 0.563291032858609
1689 0.563403811873728
1690 0.563505999283871
1691 0.563599670061929
1692 0.563651918177948
1693 0.563792495346109
1694 0.563982774700361
1695 0.564173747712002
1696 0.564423944416895
1697 0.564635926430486
1698 0.564811941330328
1699 0.564960609623786
1700 0.565125240303627
1701 0.565323707472016
1702 0.565528595451215
1703 0.565774248974849
1704 0.565941928785556
1705 0.566034249446272
1706 0.566186875200147
1707 0.566345122663085
1708 0.566455233281982
1709 0.566596448555709
1710 0.566715265732943
1711 0.566748797241117
1712 0.566814146669284
1713 0.566897959582095
1714 0.567017369290171
1715 0.567158514051382
1716 0.56726617035386
1717 0.567434805513629
1718 0.5675093703149
1719 0.567454270531425
1720 0.567510785248643
1721 0.567536047844341
1722 0.567658552951024
1723 0.567932317572735
1724 0.568101669960315
1725 0.568278378592351
1726 0.568449870992027
1727 0.568569019607234
1728 0.568706748127575
1729 0.568890276562157
1730 0.56900096744678
1731 0.569004586187057
1732 0.569137405636425
1733 0.569291280193331
1734 0.569497137141799
1735 0.569862560642241
1736 0.570069097503497
1737 0.570226120400862
1738 0.570337482156735
1739 0.570351920285691
1740 0.57042064970039
1741 0.570485612602195
1742 0.570567835109326
1743 0.57064330758668
1744 0.570725439017546
1745 0.570830023486572
1746 0.570951800714902
1747 0.571087837081302
1748 0.571191052441782
1749 0.571307315185357
1750 0.571466589473631
1751 0.571575746444601
1752 0.57173086237736
1753 0.571941908870336
1754 0.572132891018833
1755 0.572318602129641
1756 0.57245020371727
1757 0.572547970628633
1758 0.572585842396576
1759 0.572600135009407
1760 0.572632344182757
1761 0.572627862479638
1762 0.572708424125655
1763 0.572893191762152
1764 0.57311389512278
1765 0.573363201603318
1766 0.573552682897585
1767 0.573717510868245
1768 0.573922683629927
1769 0.574119493741627
1770 0.574289270177709
1771 0.574368436728579
1772 0.574256585212549
1773 0.574187213126052
1774 0.574024695400207
1775 0.573962283528144
1776 0.573898080386618
1777 0.573952830316426
1778 0.574111867991575
1779 0.57426701644397
1780 0.574547197770288
1781 0.574825558080049
1782 0.575027115065373
1783 0.575250235013318
1784 0.575427572497618
1785 0.575559576352281
1786 0.575688578786793
1787 0.575791486283108
1788 0.575896894770702
1789 0.576023067103934
1790 0.576133584367777
1791 0.5762101149262
1792 0.576309674732907
1793 0.576547471662874
1794 0.576847234109343
1795 0.577136543436533
1796 0.577468178034627
1797 0.577672417881075
1798 0.577769887947339
1799 0.578013813035918
1800 0.578241258067159
1801 0.575418081386778
1802 0.575600984231142
1803 0.5758065607739
1804 0.576136623401599
1805 0.576280236329806
1806 0.576314792091159
1807 0.576320191644702
1808 0.576171017660318
1809 0.576164982188234
1810 0.576148651390739
1811 0.576302885646096
1812 0.576368812866199
1813 0.57642385289093
1814 0.576515008030895
1815 0.576553938703914
1816 0.576650279658061
1817 0.576895300364588
1818 0.576985797539735
1819 0.57702477654715
1820 0.576982752367236
1821 0.577029994761178
1822 0.577113706296698
1823 0.577143467683898
1824 0.577250937020902
1825 0.577254998424089
1826 0.577007872563627
1827 0.577015993123185
1828 0.577180755614274
1829 0.577293497747404
1830 0.577477878545904
1831 0.577745878326352
1832 0.577831085116096
1833 0.577724137076385
1834 0.57762862482729
1835 0.577560203718386
1836 0.577608610352276
1837 0.577803933032061
1838 0.577911635240728
1839 0.578075271173352
1840 0.578187532578067
1841 0.578204208344669
1842 0.57820967352336
1843 0.578249822055598
1844 0.578388574409878
1845 0.57860172778581
1846 0.578772347431308
1847 0.578860677390207
1848 0.578922168242676
1849 0.578896726411722
1850 0.5788644493766
1851 0.578879396151295
1852 0.578858988555158
1853 0.578811696871492
1854 0.578712995846517
1855 0.578618762849151
1856 0.578642064694889
1857 0.578713235026919
1858 0.578666527523112
1859 0.578642292242242
1860 0.578421652088676
1861 0.578071219488749
1862 0.577795891340761
1863 0.577548806623011
1864 0.577280208055891
1865 0.576983372479839
1866 0.576541756156622
1867 0.576010514391026
1868 0.575296719905442
1869 0.574670736396523
1870 0.574120815114657
1871 0.57364768020078
1872 0.573361325055379
1873 0.572997806608869
1874 0.572652144755169
1875 0.572216273227595
1876 0.571538006889763
1877 0.570892440691597
1878 0.570201876015149
1879 0.569454082580005
1880 0.568561032504795
1881 0.567597849661916
1882 0.566531451538652
1883 0.565155003592943
1884 0.563646787648874
1885 0.562211655830485
1886 0.560571615806279
1887 0.558894525321762
1888 0.557086831409146
1889 0.555233299558021
1890 0.55303343817584
1891 0.550780642423262
1892 0.548471167540947
1893 0.546039970913705
1894 0.54354629302695
1895 0.540895688754922
1896 0.53815587176198
1897 0.535364242044623
1898 0.532531711336853
1899 0.529897637088276
1900 0.527374141820137
1901 0.524954001362772
1902 0.522582254314771
1903 0.52049150356993
1904 0.518538983119229
1905 0.516825800500605
1906 0.515362922261851
1907 0.514087692757286
1908 0.512963360785881
1909 0.512069251374021
1910 0.511343157436284
1911 0.510754999271144
1912 0.510400721633916
1913 0.51031548048799
1914 0.510314015586426
1915 0.510400351743294
1916 0.510711933674885
1917 0.511048562810097
1918 0.511405823151552
1919 0.512017584305423
1920 0.512615958263602
1921 0.513198313865757
1922 0.513799089028088
1923 0.5145146541366
1924 0.515237953252975
1925 0.516035854561624
1926 0.516939112589068
1927 0.517700453527597
1928 0.518415551098117
1929 0.519205991431491
1930 0.519961555790635
1931 0.520683798270518
1932 0.521483467220897
1933 0.522361845619409
1934 0.523098649924007
1935 0.523750480361894
1936 0.524593730748571
1937 0.525279817476473
1938 0.525965519787782
1939 0.526892783573312
1940 0.527666289924027
1941 0.528336998153768
1942 0.529045730484257
1943 0.529714534303884
1944 0.530242522269804
1945 0.530911151525485
1946 0.531680511072859
1947 0.532364263478195
1948 0.533080177043082
1949 0.53371837484298
1950 0.534208097215334
1951 0.534823004714274
1952 0.535368562588748
1953 0.535927198111945
1954 0.536576537217117
1955 0.537342349516981
1956 0.538019669646449
1957 0.538705193011018
1958 0.539402799495203
1959 0.540110174187213
1960 0.540789599827757
1961 0.541454795418253
1962 0.542068912343308
1963 0.54260063793683
1964 0.543164471431422
1965 0.543761441535401
1966 0.544342220507121
1967 0.544867454167891
1968 0.545367029588269
1969 0.54581821482969
1970 0.546142415215252
1971 0.546607576811345
1972 0.547084637437923
1973 0.547613582498642
1974 0.548323815599049
1975 0.549054990541157
1976 0.549759699855436
1977 0.550495056904815
1978 0.551125848777651
1979 0.551665157659063
1980 0.552191278402753
1981 0.552604895994667
1982 0.553159166892093
1983 0.553777646925001
1984 0.554318151302673
1985 0.554822695629555
1986 0.555469024208711
1987 0.556091788234105
1988 0.556652060129755
1989 0.557361231471998
1990 0.557991292157256
1991 0.558592625573603
1992 0.559139972119089
1993 0.559687681325261
1994 0.560207865037126
1995 0.560734366703721
1996 0.561182039977451
1997 0.56169663570308
1998 0.562286706792117
1999 0.562848384954284
2000 0.563332863634675
2001 0.563833064694214
2002 0.564312990486845
2003 0.564693838772485
2004 0.565220311033399
2005 0.565891383369258
2006 0.566379346411231
2007 0.566839290277512
2008 0.567282574953334
2009 0.567587841273361
2010 0.567960025837303
2011 0.568385035228837
2012 0.568790764952445
2013 0.569191115038964
2014 0.56957118787347
2015 0.569966289445142
2016 0.570394956053717
2017 0.570791237069584
2018 0.571148058150787
2019 0.57156133400326
2020 0.572017702182575
2021 0.572393456691846
2022 0.572774324863745
2023 0.573149251575662
2024 0.573490832064388
2025 0.573771732386409
2026 0.574128690676532
2027 0.574430913526292
2028 0.574647172973577
2029 0.574973159159718
2030 0.575344345673988
2031 0.57574282294387
2032 0.576194135148207
2033 0.576788786489905
2034 0.577267053922338
2035 0.577780989037445
2036 0.578202663561489
2037 0.578574863773937
2038 0.578873358339664
2039 0.579036127227591
2040 0.5792136830315
2041 0.57957202553393
2042 0.579827604668495
2043 0.580108612348671
2044 0.580559421433957
2045 0.580794416813711
2046 0.580844245345431
2047 0.580985693330774
2048 0.581038982832961
2049 0.581230124922765
2050 0.581550066987214
2051 0.581759578463216
2052 0.58199040294931
2053 0.582210344476606
2054 0.582331077576828
2055 0.582496424098855
2056 0.582687969976836
2057 0.58292225233252
2058 0.583169821534414
2059 0.583447239601586
2060 0.583690181060628
2061 0.583990356956925
2062 0.584219031304226
2063 0.58436664924172
2064 0.584540065885051
2065 0.584604977730954
2066 0.584823703070434
2067 0.58513772834655
2068 0.585488419267133
2069 0.585738561691902
2070 0.586059525920616
2071 0.586312474704574
2072 0.586451232796795
2073 0.586628362443182
2074 0.586903953841329
2075 0.587031868252982
2076 0.58698329091906
2077 0.587052769422341
2078 0.587081434951157
2079 0.587198652653322
2080 0.587392135758733
2081 0.58761322519511
2082 0.587919024913623
2083 0.588187343853652
2084 0.588452854121823
2085 0.58877818240127
2086 0.589015883571429
2087 0.589226535686291
2088 0.589385242687408
2089 0.58949633007302
2090 0.589582142736453
2091 0.58956151156575
2092 0.589654293918288
2093 0.589761565149626
2094 0.589895631101164
2095 0.590094958562486
2096 0.590312463196834
2097 0.590527244098267
2098 0.59077426057614
2099 0.591187164953474
2100 0.591435925721999
2101 0.591562933298139
2102 0.591616861668601
2103 0.591654018959303
2104 0.591450772335958
2105 0.591569412964249
2106 0.591819912296837
2107 0.592094526088846
2108 0.592579130981749
2109 0.592879030539585
2110 0.593079441407731
2111 0.593384731077206
2112 0.593666829523221
2113 0.593993977664698
2114 0.594488582346383
2115 0.594850219175629
2116 0.595192045955155
2117 0.595412074806231
2118 0.59556967330186
2119 0.595757479588151
2120 0.596015278475141
2121 0.596320062274486
2122 0.596581593996001
2123 0.596997365485761
2124 0.597117050229173
2125 0.596957864612712
2126 0.597009609037132
2127 0.59698258131386
2128 0.59703575009083
2129 0.597206094904934
2130 0.59742478147676
2131 0.597751744259216
2132 0.59795083517089
2133 0.59828900094647
2134 0.598412976525659
2135 0.598290898594226
2136 0.598037536536976
2137 0.598000505559085
2138 0.597958454257498
2139 0.597970864473724
2140 0.598211332166116
2141 0.598183681083323
2142 0.598011132387336
2143 0.597858622226336
2144 0.597634976663222
2145 0.597392252141286
2146 0.597185772865305
2147 0.596843485526406
2148 0.596411103753364
2149 0.595928160513033
2150 0.595230077937986
2151 0.594694471545535
2152 0.594274220468775
2153 0.593689892779191
2154 0.593284636657656
2155 0.592876449659494
2156 0.592373956723104
2157 0.591781050587558
2158 0.591251263067121
2159 0.590710221242906
2160 0.590152129555788
2161 0.589566064602349
2162 0.589068827045471
2163 0.588609807435132
2164 0.588128501318353
2165 0.587771613711804
2166 0.587256268761598
2167 0.586624108642712
2168 0.58597821447615
2169 0.585162024101527
2170 0.584534391667573
2171 0.584047182116895
2172 0.583467701299197
2173 0.582974465727394
2174 0.582401883620994
2175 0.581804521741412
2176 0.581125639701737
2177 0.580402650307982
2178 0.579697011192921
2179 0.578853562928735
2180 0.577762783602194
2181 0.576925599944875
2182 0.576200336229882
2183 0.575379524852606
2184 0.574630687786018
2185 0.573818927474003
2186 0.572890164443534
2187 0.571987232517456
2188 0.571114450568536
2189 0.570240497250607
2190 0.569306873398051
2191 0.5684003469897
2192 0.567472429425117
2193 0.566645040921983
2194 0.565836569836026
2195 0.565141236007752
2196 0.564508782478244
2197 0.563859598862722
2198 0.56302044534047
2199 0.561986937012806
2200 0.561149264279143
2201 0.560216692568169
2202 0.559478521517463
2203 0.558998502558572
2204 0.558344127384705
2205 0.557514389891973
2206 0.557023067749112
2207 0.556524559606245
2208 0.556356927903365
2209 0.556508223595912
2210 0.556822244121158
2211 0.557461621883577
2212 0.558059428702878
2213 0.558895402449246
2214 0.559659791719376
2215 0.560409644910122
2216 0.561163890062167
2217 0.562005741305208
2218 0.562721121884933
2219 0.56349695829229
2220 0.56421487999567
2221 0.5647979596014
2222 0.565302281476718
2223 0.565784688117658
2224 0.566147734359108
2225 0.5664992228592
2226 0.566873188617685
2227 0.56712519209026
2228 0.567288377400904
2229 0.567341572344078
2230 0.567125086080314
2231 0.567259077538516
2232 0.567554682949937
2233 0.567681349466771
2234 0.567938685976569
2235 0.568141794067797
2236 0.568185922857777
2237 0.568176692949487
2238 0.568207720246691
2239 0.568221655622171
2240 0.568074163916933
2241 0.567985047302481
2242 0.568007552669453
2243 0.567985073043407
2244 0.567918801253194
2245 0.567699156129193
2246 0.567839585929315
2247 0.568159564310567
2248 0.568456950371545
2249 0.568822535969353
2250 0.568928687998249
2251 0.568834172488922
2252 0.56872053479699
2253 0.568321584687321
2254 0.568443354455872
2255 0.568906726237109
2256 0.568932505098695
2257 0.568976520171549
2258 0.56908295038551
2259 0.568722546917416
2260 0.568897288511733
2261 0.569688418399666
2262 0.570133580123664
2263 0.570555664224123
2264 0.570906609878742
2265 0.571220049158679
2266 0.571449232163776
2267 0.571552314179645
2268 0.571729878380545
2269 0.572005670754543
2270 0.572015008212854
2271 0.571783908065905
2272 0.571740710101881
2273 0.571502402917056
2274 0.571462096130768
2275 0.571989615529838
2276 0.572076855002933
2277 0.572071516002727
2278 0.571700333290946
2279 0.571393627699599
2280 0.570538338937678
2281 0.570313675001004
2282 0.570456772152422
2283 0.57007843360209
2284 0.569938063835575
2285 0.569779283601115
2286 0.56927391100032
2287 0.569269243733872
2288 0.569674810326941
2289 0.570015629637297
2290 0.570567520508527
2291 0.570807316304666
2292 0.571301319983825
2293 0.571060520041884
2294 0.569949557590911
2295 0.569705032304993
2296 0.569432139250165
2297 0.569293354714862
2298 0.569791363066819
2299 0.569893059973456
2300 0.569669213914442
2301 0.569604092419217
2302 0.569777847606921
2303 0.569686975455781
2304 0.569351712426483
2305 0.569112487561053
2306 0.568629567157453
2307 0.568491695473945
2308 0.568693005584406
2309 0.56868653224385
2310 0.568678542085861
2311 0.568801346317183
2312 0.568831865822328
2313 0.568995368027337
2314 0.569789555128752
2315 0.569980340960617
2316 0.569831095684658
2317 0.569511137793634
2318 0.568279466342551
2319 0.567803081023414
2320 0.567436037042485
2321 0.567732439196521
2322 0.568170280832436
2323 0.568140919392555
2324 0.567768771373143
2325 0.567525134936613
2326 0.567335284822166
2327 0.567293199145987
2328 0.566911611548126
2329 0.566080896310978
2330 0.565350394183073
2331 0.564837418107519
2332 0.564699232638205
2333 0.564780682520145
2334 0.564769900711552
2335 0.564608601039584
2336 0.564848178405467
2337 0.565372882031203
2338 0.565503165886108
2339 0.566088501814853
2340 0.565698866077885
2341 0.564187262923233
2342 0.563766092386907
2343 0.563224904505184
2344 0.563048252101292
2345 0.563896041949592
2346 0.563906876246351
2347 0.563448777533798
2348 0.563385542101756
2349 0.563276324808711
2350 0.563103470300808
2351 0.563082790076795
2352 0.562868271619345
2353 0.562389604174435
2354 0.562390986847286
2355 0.562747239911667
2356 0.562574886969312
2357 0.562397158904288
2358 0.561938672794965
2359 0.560720030446898
2360 0.560469850135765
2361 0.560725774181846
2362 0.560894597947185
2363 0.561540092400825
2364 0.561765927219709
2365 0.561942107505289
2366 0.561554047199693
2367 0.560648239704301
2368 0.560295044923107
2369 0.559939976969846
2370 0.559285616205985
2371 0.558498323379915
2372 0.558188079675635
2373 0.557569144067893
2374 0.557475559954731
2375 0.558479362994901
2376 0.558796523896627
2377 0.558961458937896
2378 0.558833283186303
2379 0.558592000653106
2380 0.558107657435568
2381 0.556946481711875
2382 0.55632222190686
2383 0.555977339466625
2384 0.555379222138145
2385 0.55434726019389
2386 0.554227045629254
2387 0.55479404838154
2388 0.554655366443938
2389 0.555085996071146
2390 0.554934344430629
2391 0.553516610268026
2392 0.552972906937239
2393 0.552749928133759
2394 0.552731585544168
2395 0.553352989842177
2396 0.553461278891855
2397 0.553399219827698
2398 0.55331534556683
2399 0.553072188127743
2400 0.552477700495692
2401 0.551624756262175
2402 0.551591313503137
2403 0.551795922476523
2404 0.551204996993023
2405 0.550750328532988
2406 0.550354023910916
2407 0.548954862392249
2408 0.548689092492201
2409 0.549561969940447
2410 0.549754666333018
2411 0.550222388692275
2412 0.549670717844038
2413 0.548449909022489
2414 0.547702269263561
2415 0.54624052496776
2416 0.545454973240762
2417 0.545593742766456
2418 0.544975045642975
2419 0.543994507418112
2420 0.543020152749455
2421 0.541855922556107
2422 0.540916868537125
2423 0.539792674877045
2424 0.538943660201424
2425 0.537822663766222
2426 0.538079146502875
2427 0.539450755357201
2428 0.540241835906614
2429 0.542554780707044
2430 0.542581517581278
2431 0.541451512955049
2432 0.539919805680768
2433 0.536432062579944
2434 0.534595424105441
2435 0.53266592210634
2436 0.531054667338119
2437 0.530401824883804
2438 0.530009281410893
2439 0.529320531331121
2440 0.530318246408173
2441 0.533206440545947
2442 0.532519519652596
2443 0.533867090498121
2444 0.531999182803509
2445 0.529243099955303
2446 0.529551275123908
2447 0.528343870347083
2448 0.524283012089105
2449 0.523408463097639
2450 0.523814423304335
2451 0.521662664159685
2452 0.522105510431673
2453 0.523335174640662
2454 0.522962115145734
2455 0.522775942290357
2456 0.523247334763128
2457 0.523623042803159
2458 0.522295589401918
2459 0.520785168178864
2460 0.518389362469007
2461 0.516229695819211
2462 0.517798477899795
2463 0.51906996452793
2464 0.522843135279843
2465 0.524184846276248
2466 0.5222158005181
2467 0.522446694201881
2468 0.524396019184178
2469 0.523555401495288
2470 0.521272061595186
2471 0.51941190127397
2472 0.514816488781251
2473 0.512423955005712
2474 0.512803477020938
2475 0.512220324315079
2476 0.511429933841365
2477 0.510031151669155
2478 0.508222627698528
2479 0.506918857391766
2480 0.50477528608905
2481 0.504796821584971
2482 0.506024845461024
2483 0.508476828579048
2484 0.514322258037364
2485 0.51439630433806
2486 0.512448308663216
2487 0.511383479374548
2488 0.506707303677526
2489 0.505240773287496
2490 0.507634938325858
2491 0.502980510422659
2492 0.49990996209195
2493 0.502777797337236
2494 0.502801766455036
2495 0.503138161680008
2496 0.50656743944307
2497 0.504445040750511
2498 0.50380442495813
2499 0.505873207299603
2500 0.503414532508882
