"Wavelength" "M076a_m2-w1"
350 0.0951195185604532
351 0.0894191493029683
352 0.0908430580831306
353 0.0942715513051874
354 0.0893167314711885
355 0.0893847461232941
356 0.0896084781420523
357 0.0882542448590627
358 0.0871734015740326
359 0.0885804427713724
360 0.0885402930462508
361 0.0864454457455043
362 0.0889911679018263
363 0.0927617710825716
364 0.0938911038412506
365 0.0906368263492028
366 0.0900783289435573
367 0.0841960863922534
368 0.0793516425303759
369 0.0871929542626585
370 0.091415218347494
371 0.0893351303482886
372 0.0839734583074578
373 0.0832468975850699
374 0.0876447951797587
375 0.0901843303088813
376 0.0868165331187767
377 0.0839618625612366
378 0.0852229328736306
379 0.0875079248370775
380 0.0861546168992448
381 0.0862909886918882
382 0.0861477336569788
383 0.0851976654270398
384 0.0844353948109095
385 0.0832535217153408
386 0.0832493221864218
387 0.0850218452483845
388 0.0868657888690348
389 0.0861923292007429
390 0.0840693457498102
391 0.08272212721418
392 0.0827055443876114
393 0.0834333971795674
394 0.0843641649931673
395 0.0850817698788075
396 0.0852879370654146
397 0.0850543769774373
398 0.0846384170968012
399 0.0844649669029766
400 0.0846017583038421
401 0.0849841707907146
402 0.0853120827375749
403 0.0845434720993876
404 0.0836239565839225
405 0.0833769535032129
406 0.0842859322619675
407 0.0850072521372037
408 0.0851653786612949
409 0.084975575275483
410 0.0854268265767228
411 0.0855797658716016
412 0.0859205525102469
413 0.086897260060336
414 0.0867940678682588
415 0.0865134457759521
416 0.0868085386263858
417 0.0880346367631707
418 0.0877727709250787
419 0.087102419549423
420 0.0870518675357226
421 0.0873706525415412
422 0.0876456315587364
423 0.0878660351244588
424 0.0881637325514144
425 0.0885763479508794
426 0.088534279703154
427 0.0884733823259603
428 0.0896920998204004
429 0.0893958153550262
430 0.089175072166026
431 0.0902070631679255
432 0.0905410581084124
433 0.090391613012051
434 0.0903912545404638
435 0.09112306593968
436 0.0911954411476745
437 0.0910062079408865
438 0.0910208274437116
439 0.0915790620987268
440 0.0919203173136018
441 0.0920727630436243
442 0.0922554800857996
443 0.0926007748576949
444 0.0930515787458339
445 0.0934246406384559
446 0.0935374003723386
447 0.0939851948830794
448 0.0943228214670004
449 0.0943959295451226
450 0.0947455319956103
451 0.0950995410196499
452 0.0952159957492702
453 0.0950667908414608
454 0.0955207066818761
455 0.0959119023142389
456 0.0960488119765271
457 0.0962099726769829
458 0.0967419700720781
459 0.0969451569070738
460 0.096615205243266
461 0.0971777881692863
462 0.0973351513221579
463 0.0972943949170416
464 0.0977407952764219
465 0.0980236880464585
466 0.0983855568540701
467 0.0987545751937109
468 0.0985986515781427
469 0.0987127486674966
470 0.0987999543107002
471 0.098646675479255
472 0.0993326139659323
473 0.0996350505045453
474 0.0995796748638519
475 0.0999638355791161
476 0.100032011029266
477 0.100251890654045
478 0.1007570516247
479 0.100709190663295
480 0.100735940438433
481 0.101138099467289
482 0.101885651050502
483 0.101801235807824
484 0.10193430919194
485 0.102509848495453
486 0.10273508533529
487 0.102945984741727
488 0.103169625349071
489 0.103378710816384
490 0.103549181728025
491 0.10383828061261
492 0.104205454228161
493 0.104489421690597
494 0.104637356042484
495 0.104839536647523
496 0.10513409205038
497 0.10519710607185
498 0.105549445354736
499 0.10601047924443
500 0.106243691932793
501 0.106475622504501
502 0.106864636192379
503 0.10732471771348
504 0.107526710951557
505 0.107865664346946
506 0.108282122345907
507 0.108624867268783
508 0.108770457976266
509 0.109015757310069
510 0.109378063239857
511 0.109698061704708
512 0.110027812882916
513 0.11041091165077
514 0.110805940121513
515 0.110987044289048
516 0.11123254169128
517 0.111553292309051
518 0.111863565578079
519 0.112135258559128
520 0.112508851474682
521 0.112948299149748
522 0.113193233880174
523 0.113535061677736
524 0.113923944042237
525 0.114263425951458
526 0.114611533544842
527 0.115006619233701
528 0.115405655884694
529 0.115713846406256
530 0.11603714427357
531 0.11642970795633
532 0.116872800478478
533 0.117205646476608
534 0.117485333346566
535 0.117816647731464
536 0.118287828149815
537 0.118648481455762
538 0.119059687438052
539 0.11954924944423
540 0.119880368350422
541 0.120223936164395
542 0.120575933419408
543 0.120900706349229
544 0.121262167487003
545 0.121654733222519
546 0.122065787190357
547 0.122479596956004
548 0.122886654835382
549 0.123345779630021
550 0.123858221187992
551 0.124182365878995
552 0.124627362556797
553 0.125220204311117
554 0.125789471810239
555 0.126208575726816
556 0.126609941785214
557 0.12710014657628
558 0.127660401140345
559 0.128138854532698
560 0.128543006449902
561 0.128938738093483
562 0.129256929260292
563 0.129624871992302
564 0.130048140997589
565 0.130347102702837
566 0.130697687726048
567 0.131091048883125
568 0.131462140575313
569 0.131732030392077
570 0.13204082250328
571 0.132432111476656
572 0.132853325779673
573 0.133312042980484
574 0.133784357301546
575 0.134237388387538
576 0.134633462059772
577 0.134901582117123
578 0.135165649415435
579 0.135615896341514
580 0.135846867730898
581 0.136000345254026
582 0.136223360440303
583 0.136525022322588
584 0.137030795505033
585 0.137559553556566
586 0.137887322209739
587 0.138259671531028
588 0.138666605795757
589 0.139083933647046
590 0.139491760493768
591 0.139755096910222
592 0.140016080555622
593 0.140417930179288
594 0.140810400090667
595 0.141158639320376
596 0.141461783601814
597 0.141751371685246
598 0.14210892688877
599 0.142468252502767
600 0.142784039265622
601 0.143144932947588
602 0.143430327036747
603 0.143671945028736
604 0.143971789649155
605 0.14429788072731
606 0.144621217826361
607 0.144930900536714
608 0.145243689072262
609 0.14558725119574
610 0.145939241610108
611 0.146263330502051
612 0.146549943702096
613 0.146844525109172
614 0.147173019465674
615 0.147535705016737
616 0.147932534830503
617 0.148305671305323
618 0.148603856371479
619 0.148820869696504
620 0.149171241575097
621 0.149606444250038
622 0.1498970594453
623 0.150202728201117
624 0.150560074448139
625 0.15095487686925
626 0.151306775186287
627 0.151609444473928
628 0.151896072859993
629 0.152217304652815
630 0.152565022600012
631 0.152965205686249
632 0.153382498160019
633 0.153680469510749
634 0.153999832318625
635 0.154334216778736
636 0.154653017887142
637 0.155040850399175
638 0.155404807652664
639 0.155738208340881
640 0.156123037834638
641 0.156446429853578
642 0.156776342490326
643 0.157171348554595
644 0.157552820082602
645 0.157897265123319
646 0.158251074044336
647 0.15868675568312
648 0.159052222900098
649 0.159404306859159
650 0.159782084669252
651 0.16013514158356
652 0.160456884389636
653 0.160767696310907
654 0.161105032724768
655 0.161529143940345
656 0.161936164091859
657 0.162305449296968
658 0.162730000302683
659 0.163079732175635
660 0.163407843694649
661 0.163782379836149
662 0.164144404729274
663 0.164519676007562
664 0.164925717999475
665 0.165364773311816
666 0.165735407973848
667 0.166118935152335
668 0.16655688822814
669 0.166927231484764
670 0.167299070743341
671 0.167720138206531
672 0.168203238016302
673 0.168566281810162
674 0.168959033415605
675 0.169410127380733
676 0.169737767615937
677 0.170122523062723
678 0.17054898128792
679 0.170956130617853
680 0.171337168142458
681 0.171719031999374
682 0.172113622913081
683 0.172518577243856
684 0.172912521391085
685 0.173299326671566
686 0.173699505359941
687 0.174163464740084
688 0.174651780157743
689 0.175126847289677
690 0.17555149832503
691 0.175889418534537
692 0.176279274874042
693 0.176746852277855
694 0.177135311859195
695 0.177567554720409
696 0.178049337620798
697 0.178538301084441
698 0.178938986100078
699 0.179365505105852
700 0.179848871175648
701 0.180341263177876
702 0.180758072132645
703 0.181188498933496
704 0.181687716665967
705 0.182161430263217
706 0.182617722964064
707 0.183053089511472
708 0.18347323405534
709 0.183960173538644
710 0.184445404462473
711 0.184883935631042
712 0.185278043296093
713 0.185737730763431
714 0.186264587294706
715 0.186812010281413
716 0.187288137727496
717 0.187730511762183
718 0.188203489656313
719 0.188766223831728
720 0.189208165859307
721 0.189627769384276
722 0.190104611191732
723 0.190593087019657
724 0.191071402909198
725 0.19154081382573
726 0.192014538950549
727 0.192507574138696
728 0.193028878115981
729 0.193548657598003
730 0.1940016442979
731 0.1944529412732
732 0.194920738363858
733 0.195412189365456
734 0.195944926601221
735 0.196402742879645
736 0.196838368120626
737 0.197368675616753
738 0.197877408293874
739 0.198341087217091
740 0.198782900130098
741 0.199275900308997
742 0.199771530235886
743 0.200278099902428
744 0.200811679354151
745 0.201378164885823
746 0.20189486550556
747 0.202379875544713
748 0.202910423264733
749 0.203393928834913
750 0.203853437628719
751 0.204313201489154
752 0.204768775329948
753 0.205311620595656
754 0.205861564559653
755 0.206318893284962
756 0.20674782696311
757 0.207311654920983
758 0.207920625900548
759 0.208305870571816
760 0.208795352490086
761 0.20932715243187
762 0.209821182127375
763 0.210293398532006
764 0.210751651974796
765 0.211232951448903
766 0.211761067519915
767 0.212249823777414
768 0.212733678923445
769 0.213228732714277
770 0.213729124017092
771 0.214220817030974
772 0.214757038507318
773 0.215329869542233
774 0.215766321382835
775 0.216193445341513
776 0.216661632993258
777 0.21718887146555
778 0.217768394519524
779 0.218334536774629
780 0.218846570432732
781 0.219298695570524
782 0.219745980163116
783 0.220240219259873
784 0.220783016957961
785 0.221272265078188
786 0.221755880933905
787 0.22225623204628
788 0.222776327720154
789 0.223266563905075
790 0.223744575381325
791 0.224257474583388
792 0.224855725879418
793 0.22530238033701
794 0.225740544236356
795 0.226271480883614
796 0.226788265633454
797 0.227252421725798
798 0.227728302976697
799 0.228274456825328
800 0.228737271546296
801 0.229259534697762
802 0.229827748320164
803 0.230317001327498
804 0.230824498592693
805 0.231300333591037
806 0.231756538784561
807 0.23233414911083
808 0.232858769538212
809 0.233379727418662
810 0.233965775457348
811 0.2345521205997
812 0.2349580771088
813 0.235315911845286
814 0.235886725169232
815 0.236417815486647
816 0.236883120123758
817 0.237340067265965
818 0.237908542576472
819 0.238395185845701
820 0.238830010038444
821 0.239293981375796
822 0.239867311468813
823 0.240468135975918
824 0.241003972748861
825 0.241424286753039
826 0.241903559913455
827 0.24233186971517
828 0.242727699127035
829 0.243218772821385
830 0.243829847920422
831 0.244401972471238
832 0.244858550777223
833 0.245292661316736
834 0.245804972412515
835 0.246309151208692
836 0.246732242366675
837 0.2472090815685
838 0.247692002442613
839 0.248147249457837
840 0.248571267216174
841 0.249093257018021
842 0.249656603123338
843 0.250199282727661
844 0.250677485746765
845 0.251135870822452
846 0.251584205765305
847 0.252061899412129
848 0.252664051061232
849 0.253192434686821
850 0.253650560549545
851 0.254097588133546
852 0.254571755980626
853 0.255036965616545
854 0.255473473078142
855 0.255896628100244
856 0.256466661214234
857 0.25698925278374
858 0.257448102429763
859 0.257976977708244
860 0.258473831461012
861 0.258936082916821
862 0.259390224624651
863 0.259883065888478
864 0.260402812377064
865 0.260882737414257
866 0.261307580929571
867 0.261819488236427
868 0.262272676118828
869 0.262711890086403
870 0.263207613418025
871 0.26364914046359
872 0.264114709338781
873 0.264605656055942
874 0.265075256701062
875 0.265499192225883
876 0.265972027560882
877 0.266492964048499
878 0.266965017085878
879 0.267401133629716
880 0.26786060275448
881 0.268378865778234
882 0.268940950823442
883 0.269424749362264
884 0.269864095886985
885 0.270306724298153
886 0.270727358776958
887 0.271249019439057
888 0.271727503505761
889 0.272055140843771
890 0.272588863356685
891 0.273139859728949
892 0.273607519354559
893 0.273982802211445
894 0.274457944998732
895 0.274971910681805
896 0.27542057650573
897 0.275737077781072
898 0.276280203285159
899 0.276969785953062
900 0.277602218588502
901 0.277945024109631
902 0.278334721777235
903 0.278778947987927
904 0.279219706222929
905 0.279592509295083
906 0.280089700233048
907 0.280637010862321
908 0.281153438887811
909 0.281680385435678
910 0.282179806627864
911 0.282617061965254
912 0.282993916995117
913 0.283384569013261
914 0.283963632159155
915 0.284541377070484
916 0.284915891813896
917 0.285413227279611
918 0.285917322503283
919 0.286422060309423
920 0.286953454892889
921 0.287414844742872
922 0.287810839291629
923 0.288166998007578
924 0.288526765387068
925 0.288955258747755
926 0.289451520937181
927 0.289960354262898
928 0.29041224126944
929 0.290926192471678
930 0.291466553542079
931 0.291999824233423
932 0.292510743123656
933 0.292976175386803
934 0.293382524130364
935 0.293754570544196
936 0.294162568480886
937 0.29473935311021
938 0.29522994965431
939 0.295576379227899
940 0.296074639323283
941 0.296636856924571
942 0.29716561824739
943 0.297601460616124
944 0.297961576274425
945 0.298387723281894
946 0.298805861662357
947 0.299211805853225
948 0.299808437813455
949 0.300294885876559
950 0.300769134589682
951 0.301325505643681
952 0.301850164316485
953 0.302355416308983
954 0.302761689543866
955 0.303053626664773
956 0.303383245776451
957 0.30382080324614
958 0.304291700936769
959 0.304756908346564
960 0.305372121089927
961 0.30582678948097
962 0.306197050804435
963 0.306607315632349
964 0.307007117375557
965 0.307486631848996
966 0.307999517627586
967 0.30848010992973
968 0.308925806591685
969 0.309268244988685
970 0.30967831897242
971 0.310227763613488
972 0.310609170260101
973 0.311047870241519
974 0.311476422944179
975 0.311836098000248
976 0.312263578317941
977 0.312600576154992
978 0.313059448094954
979 0.313723156524446
980 0.314225108837539
981 0.314765587738193
982 0.315379103317609
983 0.315926808676403
984 0.316064302133451
985 0.316379665010245
986 0.316863849903355
987 0.31737196167275
988 0.317798485012936
989 0.318213814048065
990 0.318630761432217
991 0.319082831039187
992 0.319632025716637
993 0.320141460755724
994 0.320580992040175
995 0.320951175556097
996 0.321265671112414
997 0.32153022546721
998 0.321934818284552
999 0.322518286359766
1000 0.323120919749222
1001 0.314783519393484
1002 0.315148300206501
1003 0.315520445071687
1004 0.315924230762893
1005 0.316299257657705
1006 0.316680941790768
1007 0.317107136872917
1008 0.317508683986009
1009 0.317841493911086
1010 0.318169292539253
1011 0.318635302762645
1012 0.319165018152299
1013 0.319537604653389
1014 0.319910894994779
1015 0.320308694762908
1016 0.320541228762345
1017 0.320897247801494
1018 0.321425553476449
1019 0.321829682157909
1020 0.322173993658307
1021 0.322550906150971
1022 0.322974790622907
1023 0.323271817043207
1024 0.32361051543201
1025 0.324037762346804
1026 0.324377672066018
1027 0.324726670183884
1028 0.325166340078776
1029 0.325519542688383
1030 0.325839696989191
1031 0.326312643429138
1032 0.326764046746906
1033 0.327271495891587
1034 0.327704857610238
1035 0.328167368579126
1036 0.328474990424075
1037 0.328837207600667
1038 0.329164410837846
1039 0.329458013664329
1040 0.32986037416477
1041 0.330251609955881
1042 0.330664230093324
1043 0.331104646207614
1044 0.331516465208063
1045 0.331895735655774
1046 0.332279406868356
1047 0.332643867951122
1048 0.333018951042157
1049 0.333363065879275
1050 0.333723892201172
1051 0.334052808293347
1052 0.33433749539168
1053 0.334721510225419
1054 0.335085880070369
1055 0.335383586349957
1056 0.335782237277014
1057 0.336144632463261
1058 0.336439470708103
1059 0.336782872515559
1060 0.337106722380925
1061 0.337479997739519
1062 0.337860333099212
1063 0.338302381185274
1064 0.338649191567859
1065 0.338963494446541
1066 0.339263044596821
1067 0.339471554855453
1068 0.339712465697765
1069 0.340014515468876
1070 0.340263918318003
1071 0.340541068077212
1072 0.340898691193367
1073 0.341191615056284
1074 0.34140817757331
1075 0.341660793556028
1076 0.341950302932899
1077 0.342223918633647
1078 0.342541796339976
1079 0.342888576650675
1080 0.343157201157024
1081 0.3433899496507
1082 0.343588000060188
1083 0.343797664642331
1084 0.34409232009334
1085 0.344385216867267
1086 0.344674889091017
1087 0.344949998541843
1088 0.345204834825784
1089 0.345453786638861
1090 0.34566211017773
1091 0.345915423348792
1092 0.346221777762451
1093 0.346498047568733
1094 0.346774091883829
1095 0.347049524190731
1096 0.347307799195174
1097 0.347533474666475
1098 0.347732379498862
1099 0.347945595015717
1100 0.348190244556397
1101 0.348442750350474
1102 0.348715033963662
1103 0.349036752933799
1104 0.349360199704783
1105 0.349710650936367
1106 0.35004497562675
1107 0.350402717723159
1108 0.350719898960534
1109 0.351024536443813
1110 0.351285042805946
1111 0.351546956015978
1112 0.35181532842474
1113 0.352122356798213
1114 0.35247751852909
1115 0.352797286404784
1116 0.353150944713037
1117 0.353524488941262
1118 0.353830156061139
1119 0.354130443626722
1120 0.354460873807198
1121 0.354792954863485
1122 0.355085313886914
1123 0.35541782343048
1124 0.355819617339361
1125 0.356171537922312
1126 0.356488996595869
1127 0.356843909517643
1128 0.357200652449595
1129 0.357536995669424
1130 0.357924302599723
1131 0.358291868171014
1132 0.358621714092467
1133 0.358949563441275
1134 0.359256790619144
1135 0.359590504070932
1136 0.359932869091931
1137 0.360314195830462
1138 0.360661112115375
1139 0.360992975898014
1140 0.361317434320575
1141 0.36162470205298
1142 0.361947816282025
1143 0.362263874753145
1144 0.362617794921674
1145 0.362944189420644
1146 0.363250226651497
1147 0.363562337227074
1148 0.36385915315015
1149 0.364177935360195
1150 0.364542516121205
1151 0.364895843818758
1152 0.365244117785596
1153 0.365568275934399
1154 0.365870038738019
1155 0.366167607185567
1156 0.366448472469746
1157 0.366735580567854
1158 0.36701912150227
1159 0.36731957361294
1160 0.367635162705782
1161 0.367920237326972
1162 0.36822567896863
1163 0.368510558181297
1164 0.368796710005624
1165 0.369113926392764
1166 0.369405939685677
1167 0.369702313089795
1168 0.370013049610007
1169 0.370299288377968
1170 0.370577658391679
1171 0.370847919202879
1172 0.371141439480668
1173 0.371425760016386
1174 0.371711458911558
1175 0.372022992079583
1176 0.372321605187039
1177 0.372612729957025
1178 0.372892400724958
1179 0.373177196721395
1180 0.373446466030081
1181 0.373679896252641
1182 0.373923616566073
1183 0.374184053802786
1184 0.374452537433563
1185 0.374717314960361
1186 0.374990249237673
1187 0.375257900615806
1188 0.375516129095814
1189 0.375780166289143
1190 0.376062599929179
1191 0.3763094566619
1192 0.376535400866438
1193 0.376760825087197
1194 0.376977383600236
1195 0.377187318148094
1196 0.377380312884701
1197 0.377586103982195
1198 0.377795313002575
1199 0.377981867452046
1200 0.378192080942713
1201 0.378427118833849
1202 0.378670219939317
1203 0.378921890347887
1204 0.379160401848005
1205 0.379405858143771
1206 0.379641224424038
1207 0.379867879147544
1208 0.380087759265125
1209 0.38030712255605
1210 0.380515374876479
1211 0.380697702805655
1212 0.380901857209683
1213 0.381109199101344
1214 0.381324828846022
1215 0.381548323620982
1216 0.381775619641903
1217 0.381994106476242
1218 0.382249937969413
1219 0.382505388664968
1220 0.382776672734353
1221 0.38301314172802
1222 0.383238464441879
1223 0.38345460794146
1224 0.383646388096913
1225 0.383848767276828
1226 0.384056003331609
1227 0.384255619626721
1228 0.384442141791689
1229 0.384638737738249
1230 0.38484531223447
1231 0.385039444252656
1232 0.385204470128494
1233 0.385412881543496
1234 0.385671646814617
1235 0.385877881276581
1236 0.386084013420765
1237 0.386286930190317
1238 0.386444044007753
1239 0.386585502679734
1240 0.386768526969395
1241 0.386981291147048
1242 0.387191760905876
1243 0.387415145163572
1244 0.387630738716311
1245 0.387837649496594
1246 0.388079449794237
1247 0.38834621137648
1248 0.388596415839333
1249 0.388883231323557
1250 0.3891238301716
1251 0.389331471026908
1252 0.389534782491396
1253 0.389698691599312
1254 0.389897865140521
1255 0.390088865871975
1256 0.390305548255792
1257 0.390537521905397
1258 0.390821189581156
1259 0.391082944366626
1260 0.391359906823973
1261 0.391623155435928
1262 0.391891101906403
1263 0.392135835838553
1264 0.392374110792227
1265 0.392597402313831
1266 0.392791353655091
1267 0.393003972531149
1268 0.393203839695823
1269 0.393423143121022
1270 0.393683105806571
1271 0.393893251056581
1272 0.39408541738222
1273 0.394276717528381
1274 0.394422363603086
1275 0.394593973922968
1276 0.394797685671187
1277 0.394977874170849
1278 0.395155639386076
1279 0.395312207034984
1280 0.395486382367582
1281 0.39565222564676
1282 0.39582038402632
1283 0.396007665468813
1284 0.396169600170888
1285 0.396305143298105
1286 0.39646136498927
1287 0.396632028638183
1288 0.396773886242728
1289 0.396924218068718
1290 0.397039082690866
1291 0.397111051364276
1292 0.397194270533767
1293 0.397262502978079
1294 0.397333272741069
1295 0.397412757021525
1296 0.397474281625349
1297 0.397535746907543
1298 0.397574289647099
1299 0.39758384800032
1300 0.397592087389838
1301 0.397611302012215
1302 0.397614728924818
1303 0.397645690306035
1304 0.397688963675914
1305 0.397753610906347
1306 0.397835643745184
1307 0.39791830006347
1308 0.398032276370631
1309 0.398118200619733
1310 0.398202772456756
1311 0.398265900793066
1312 0.398309592415594
1313 0.398355597632219
1314 0.398390811456006
1315 0.39841913600206
1316 0.398412776011467
1317 0.398459268972128
1318 0.398518944293531
1319 0.398591325972458
1320 0.39870786547424
1321 0.398823613752757
1322 0.398932963992415
1323 0.39905117070023
1324 0.399206004710665
1325 0.399400265556547
1326 0.399557480017239
1327 0.399724073150371
1328 0.399883784934716
1329 0.400020037308687
1330 0.400174192794967
1331 0.400327458237861
1332 0.400513900744604
1333 0.40071127822717
1334 0.400920087983381
1335 0.401166171380842
1336 0.401399467843359
1337 0.401634530912732
1338 0.401862911730008
1339 0.402093685388885
1340 0.402322492150311
1341 0.402541102850054
1342 0.402765418902235
1343 0.40298531111029
1344 0.403223068946641
1345 0.403507596850403
1346 0.40373529881584
1347 0.40394575971404
1348 0.404148808517106
1349 0.404325640532402
1350 0.404441130298699
1351 0.404608557677236
1352 0.404779246870299
1353 0.404981701052864
1354 0.405226614093798
1355 0.405417905177374
1356 0.40559317952663
1357 0.405802537760394
1358 0.406000174833167
1359 0.406199685169809
1360 0.406427176604926
1361 0.406658986863469
1362 0.406863026885471
1363 0.407095977907327
1364 0.40739288109638
1365 0.407638284792206
1366 0.40785650107736
1367 0.408079068998146
1368 0.40828557032328
1369 0.408490166410737
1370 0.408689959692405
1371 0.408890258854229
1372 0.409078208875985
1373 0.409292739808948
1374 0.409482359923055
1375 0.409640368101437
1376 0.409720823999794
1377 0.409736736336119
1378 0.409747496138005
1379 0.40970197741665
1380 0.40965399080078
1381 0.409593564493795
1382 0.409513132953723
1383 0.409382229692892
1384 0.409293531122181
1385 0.409232399742781
1386 0.409129958951156
1387 0.409056495838504
1388 0.40890270973292
1389 0.408681755117163
1390 0.408460565668055
1391 0.408192583193865
1392 0.407932887898454
1393 0.407684320345248
1394 0.407393823972152
1395 0.407076962522667
1396 0.406745449910404
1397 0.406384835773903
1398 0.406013900397537
1399 0.405630979197474
1400 0.405234536827552
1401 0.404835018174543
1402 0.404400091726291
1403 0.403914620112498
1404 0.40344859863947
1405 0.402996728445632
1406 0.402527686713979
1407 0.402081300020046
1408 0.401651487179237
1409 0.4012617021505
1410 0.400841215272019
1411 0.400545804933717
1412 0.400306116589041
1413 0.40016884671501
1414 0.400094967296725
1415 0.400139994823156
1416 0.400299145044462
1417 0.400518252479565
1418 0.400860469082194
1419 0.401209205197804
1420 0.40163902125926
1421 0.402050132852345
1422 0.402517570901488
1423 0.402928972616728
1424 0.40332613939647
1425 0.403707112270824
1426 0.4040396147399
1427 0.404394294871312
1428 0.404746746960489
1429 0.405107107611687
1430 0.405485025368939
1431 0.405850349632448
1432 0.406216702040137
1433 0.406580658904902
1434 0.406919278302068
1435 0.407256718115109
1436 0.407568994981285
1437 0.407850215827808
1438 0.408165387048377
1439 0.408478393930277
1440 0.408792556112171
1441 0.409133923808988
1442 0.409442632799814
1443 0.409735559871153
1444 0.410017748328212
1445 0.410288691701503
1446 0.410552419031928
1447 0.410808264376687
1448 0.411042544235028
1449 0.411255247590237
1450 0.411480691194511
1451 0.411683550125595
1452 0.41191040589931
1453 0.412183149396769
1454 0.412398802775262
1455 0.41257575431216
1456 0.412778902785599
1457 0.412978341487414
1458 0.413158015544525
1459 0.41333989552005
1460 0.413530164513856
1461 0.413691039454951
1462 0.413868166642434
1463 0.414077357383298
1464 0.414274645560099
1465 0.414466733727797
1466 0.414653163974777
1467 0.414842812777762
1468 0.415024605849682
1469 0.415187056263669
1470 0.415347603212532
1471 0.415543221922458
1472 0.415755743989735
1473 0.416017771916631
1474 0.416303457435974
1475 0.416547883361537
1476 0.416791055466053
1477 0.417029677743141
1478 0.41724746585096
1479 0.41746195628242
1480 0.41767849444012
1481 0.41790060516219
1482 0.418098087398041
1483 0.418323615234582
1484 0.418590113875354
1485 0.418814369790574
1486 0.419017740017241
1487 0.419236171606117
1488 0.419440780962948
1489 0.419661159841126
1490 0.419894032011262
1491 0.420132319329285
1492 0.420370932718234
1493 0.420622859870083
1494 0.420902472779699
1495 0.421158276359387
1496 0.421413970528909
1497 0.421659648828739
1498 0.42189243377032
1499 0.422118482669142
1500 0.422344479653123
1501 0.422554864569721
1502 0.422738784883827
1503 0.422935010462024
1504 0.423125814287725
1505 0.423320478674046
1506 0.423532788320117
1507 0.423729206889284
1508 0.423911119428173
1509 0.424098815305892
1510 0.424297466878135
1511 0.424465702548011
1512 0.42460986751439
1513 0.424768868414038
1514 0.424886427857757
1515 0.425048915134601
1516 0.425248872442274
1517 0.425456310275296
1518 0.425703784848541
1519 0.425951467986913
1520 0.426178861722276
1521 0.426415349696208
1522 0.426636117833894
1523 0.426842495706109
1524 0.427037314170765
1525 0.427240670900487
1526 0.427389021413254
1527 0.427496247932476
1528 0.427611229998462
1529 0.42769779524498
1530 0.427793958990442
1531 0.427876432748098
1532 0.427998878216275
1533 0.428125419594091
1534 0.428271773592718
1535 0.428457619299848
1536 0.428626905203747
1537 0.428802489241104
1538 0.428964219725204
1539 0.429128463108391
1540 0.42928580636769
1541 0.429430388067512
1542 0.42957158272178
1543 0.429713109743465
1544 0.429846359466325
1545 0.429942095967355
1546 0.430094872864071
1547 0.43029412953987
1548 0.430448738091556
1549 0.430603449152151
1550 0.430773095275154
1551 0.430911065731846
1552 0.431077616601074
1553 0.431304744007171
1554 0.431481935073567
1555 0.431624237709291
1556 0.431786668781644
1557 0.431946770287247
1558 0.432103668946862
1559 0.432275819217827
1560 0.432426245084043
1561 0.43253882907813
1562 0.432689170727048
1563 0.432862993914656
1564 0.433015350245321
1565 0.43315763429298
1566 0.433333131916879
1567 0.433533465681171
1568 0.433694971768824
1569 0.433854231541596
1570 0.434029788671284
1571 0.434191729928683
1572 0.434333330111622
1573 0.434492173515591
1574 0.434643501177838
1575 0.434775354459883
1576 0.434875759062884
1577 0.434952816949777
1578 0.435053831089123
1579 0.435096647983825
1580 0.435199798189992
1581 0.435402346017317
1582 0.435547251258712
1583 0.43566478384323
1584 0.435807454039497
1585 0.435925582290676
1586 0.436068271729449
1587 0.436280426756327
1588 0.436442416330413
1589 0.436576818830356
1590 0.436711679092577
1591 0.436814333224747
1592 0.436926641792657
1593 0.437032907531217
1594 0.43716038915713
1595 0.437277969084165
1596 0.437434137033163
1597 0.437651409869618
1598 0.437844627791195
1599 0.438065157661704
1600 0.438262391677452
1601 0.438401236055174
1602 0.438559798644202
1603 0.438657983450177
1604 0.43872559371558
1605 0.438823802836049
1606 0.438895536249978
1607 0.439027716650062
1608 0.439209545760598
1609 0.43934368217828
1610 0.43949436471477
1611 0.439594274858646
1612 0.439641350953507
1613 0.439750809147098
1614 0.43985598911063
1615 0.439998730696126
1616 0.440179867402346
1617 0.440362874858539
1618 0.440560638921609
1619 0.440762127483117
1620 0.440999026462102
1621 0.441169517553899
1622 0.441315418196831
1623 0.441460314348262
1624 0.441577954306002
1625 0.441686612767651
1626 0.441782807747174
1627 0.44191247000109
1628 0.442024227652901
1629 0.442169677196542
1630 0.44235342445963
1631 0.442543346968618
1632 0.442740499552775
1633 0.442938151855561
1634 0.443176934336341
1635 0.443354829386579
1636 0.443510561589384
1637 0.443633616964114
1638 0.443715063417214
1639 0.443821790972049
1640 0.44390702059578
1641 0.444004448511486
1642 0.444107220222792
1643 0.444244488452036
1644 0.444398120930533
1645 0.444523684887977
1646 0.444670661016457
1647 0.444808647887441
1648 0.444916030054157
1649 0.445035525530081
1650 0.445171499188295
1651 0.445315267096502
1652 0.445441243710574
1653 0.445586385402065
1654 0.445770296373145
1655 0.445882991486112
1656 0.44604703869926
1657 0.446228912196948
1658 0.446405181009322
1659 0.446579065351833
1660 0.446690211133357
1661 0.446751778245667
1662 0.446797008582956
1663 0.446814104816566
1664 0.446828936349017
1665 0.446927593511907
1666 0.447074694209268
1667 0.447298454516195
1668 0.447577652744713
1669 0.44782549527369
1670 0.448066957174515
1671 0.448244829200265
1672 0.448398420976589
1673 0.448555318608789
1674 0.448653408578093
1675 0.448742687299817
1676 0.448870018940312
1677 0.448998346929246
1678 0.449110500605628
1679 0.449242912637281
1680 0.449365313520734
1681 0.449498054460493
1682 0.449708342226465
1683 0.449973731460934
1684 0.450234493069285
1685 0.450436202931214
1686 0.45059329528546
1687 0.450749167444418
1688 0.450902243382114
1689 0.451013852661534
1690 0.451079691114
1691 0.451120259340242
1692 0.451126881133077
1693 0.45120327555089
1694 0.451367434328885
1695 0.451504128721763
1696 0.451665886846883
1697 0.451805027033133
1698 0.451843186558481
1699 0.451909963600292
1700 0.452006208408187
1701 0.452149429568879
1702 0.452280508258734
1703 0.452399600594177
1704 0.452524352141712
1705 0.452659298042724
1706 0.452768275890732
1707 0.452882977268425
1708 0.45298475015334
1709 0.45305116899346
1710 0.453134588139349
1711 0.453210154607009
1712 0.453304406651812
1713 0.453412470204653
1714 0.453534755492472
1715 0.453701545362968
1716 0.453806854648861
1717 0.453897527579939
1718 0.453942283699487
1719 0.453906641531674
1720 0.453939744350752
1721 0.453947022879751
1722 0.454044647619409
1723 0.454261318042318
1724 0.454381746630978
1725 0.454490898886657
1726 0.454607993557096
1727 0.454674950615538
1728 0.454765186080271
1729 0.454915415650356
1730 0.455018508984871
1731 0.45505429117147
1732 0.45513525635606
1733 0.455243117368813
1734 0.455349373850198
1735 0.455494554919122
1736 0.455581992087691
1737 0.455625941474779
1738 0.455667817661305
1739 0.455680078316843
1740 0.455667659343296
1741 0.455726732930963
1742 0.455822854791328
1743 0.45587308553375
1744 0.456005660257094
1745 0.456151169844776
1746 0.456277141800223
1747 0.456420455428208
1748 0.456488925758119
1749 0.456635222203041
1750 0.456798329500883
1751 0.456869518528058
1752 0.457042036410001
1753 0.457154406371488
1754 0.457218505150357
1755 0.457367629804136
1756 0.457384818972488
1757 0.457377147417493
1758 0.457339111724863
1759 0.457166448038601
1760 0.457105387566304
1761 0.457114558105193
1762 0.457135642720874
1763 0.457297645502582
1764 0.457487007770426
1765 0.457607801022573
1766 0.457702668404829
1767 0.45781349882076
1768 0.457930948672654
1769 0.45805433183877
1770 0.458157817402462
1771 0.45822309250259
1772 0.45827062846127
1773 0.458311064468465
1774 0.458392587322523
1775 0.458412408252791
1776 0.458351726552921
1777 0.458336593566282
1778 0.458266326954294
1779 0.45827583184661
1780 0.458370245222778
1781 0.458460463811976
1782 0.4586269669956
1783 0.458837025310854
1784 0.458942625526952
1785 0.459073588817107
1786 0.459198883997907
1787 0.459253949764896
1788 0.459435598175788
1789 0.459638715823214
1790 0.459805818266924
1791 0.460018873715864
1792 0.460110095773276
1793 0.460239407066044
1794 0.460368254434696
1795 0.460376051312965
1796 0.46046158183582
1797 0.460487060072855
1798 0.460444696506329
1799 0.460574645161106
1800 0.460759599081154
1801 0.456461650304535
1802 0.456520052464487
1803 0.456655331277128
1804 0.456791396537155
1805 0.456858705441957
1806 0.456841185914493
1807 0.456911562304685
1808 0.457023576627777
1809 0.457078369410018
1810 0.457127079978351
1811 0.457190291088699
1812 0.457272813133385
1813 0.45734154033006
1814 0.457543679654179
1815 0.457756389156116
1816 0.457893328234263
1817 0.45800414447239
1818 0.458083445471249
1819 0.458105436356677
1820 0.458093825673993
1821 0.458210031729542
1822 0.458320591504542
1823 0.458372543184233
1824 0.458533155740597
1825 0.458657388893324
1826 0.458748303018486
1827 0.458806530248589
1828 0.458889993544755
1829 0.458962244582156
1830 0.459039660260007
1831 0.458961056469494
1832 0.458953717888463
1833 0.458958135855239
1834 0.45880891115941
1835 0.458830039092964
1836 0.45889376924056
1837 0.459024765865301
1838 0.459115528604123
1839 0.459256285573873
1840 0.459406291660101
1841 0.459511194318956
1842 0.459590363446322
1843 0.459751434670841
1844 0.459975770899747
1845 0.460118337289273
1846 0.46016807712245
1847 0.460212390875974
1848 0.460232604612219
1849 0.460137458296124
1850 0.460004869628972
1851 0.459995941088575
1852 0.459984215820431
1853 0.459948225013702
1854 0.459915044458925
1855 0.459925477497028
1856 0.459909811356265
1857 0.459857030676623
1858 0.459762636863214
1859 0.459675753864752
1860 0.459458264356768
1861 0.459271281119181
1862 0.459047757472737
1863 0.458696078801969
1864 0.458465697874268
1865 0.458215842035808
1866 0.45779890617274
1867 0.457381155841937
1868 0.456962597376681
1869 0.456527429479046
1870 0.455944787795441
1871 0.455494780308438
1872 0.4551758162377
1873 0.454693889402355
1874 0.454329914157645
1875 0.453940768658111
1876 0.453325456725615
1877 0.452719094250122
1878 0.452077757290827
1879 0.451396031882884
1880 0.450522275792641
1881 0.449629482461568
1882 0.448738635722185
1883 0.447608671823628
1884 0.446492312061001
1885 0.445398875539794
1886 0.444107273085708
1887 0.442740175195001
1888 0.441245661761309
1889 0.439649795448319
1890 0.437837381238117
1891 0.435922449068149
1892 0.433931873740136
1893 0.431784905315597
1894 0.429450416750208
1895 0.427061248795771
1896 0.424650143074421
1897 0.422187743598279
1898 0.419760529936241
1899 0.417482754992317
1900 0.415298966285405
1901 0.41320773564293
1902 0.411208690919252
1903 0.409340257976557
1904 0.407574983561421
1905 0.40587695483779
1906 0.404381409684503
1907 0.403147885650345
1908 0.402050529902575
1909 0.401167677989031
1910 0.400401120247624
1911 0.399763007605161
1912 0.399284276468056
1913 0.39901485304842
1914 0.398752140864345
1915 0.398605817573329
1916 0.398611096056991
1917 0.398682843188776
1918 0.39886378206132
1919 0.399177327925374
1920 0.39947680501424
1921 0.399804503626748
1922 0.400136940969716
1923 0.400571366315764
1924 0.401043795148438
1925 0.401614036908705
1926 0.402257161555723
1927 0.402838464199177
1928 0.403391886656471
1929 0.403865389504843
1930 0.404334660933305
1931 0.404900636752951
1932 0.405466975409552
1933 0.406115066835888
1934 0.406694721448317
1935 0.407236830134858
1936 0.407798790031422
1937 0.408443963056084
1938 0.409116827759545
1939 0.409826541289978
1940 0.410463706917476
1941 0.411046962851311
1942 0.411562326659824
1943 0.412084584558716
1944 0.412564634337968
1945 0.413140914825854
1946 0.413759196934216
1947 0.414329735060546
1948 0.414984038973401
1949 0.415517190247599
1950 0.415940804661419
1951 0.41645604240917
1952 0.416962288192002
1953 0.417487630750192
1954 0.418051880794021
1955 0.418680704489329
1956 0.419251259197818
1957 0.419846070612341
1958 0.42041912020085
1959 0.421012156070936
1960 0.421483525600839
1961 0.421948354504221
1962 0.422384547601273
1963 0.422751759289978
1964 0.423214539760125
1965 0.423737783283734
1966 0.424159552194146
1967 0.424652873803956
1968 0.425223800716484
1969 0.425691167341733
1970 0.426124197121937
1971 0.426600978331677
1972 0.426995812402644
1973 0.427483616671316
1974 0.428121238147371
1975 0.428680093653898
1976 0.429287617480947
1977 0.429839471648087
1978 0.430413870107721
1979 0.430984195838917
1980 0.431532937816791
1981 0.432106525694573
1982 0.432642593141171
1983 0.433099435951541
1984 0.433579530989995
1985 0.434070337460611
1986 0.434554682201139
1987 0.435001369557408
1988 0.435496880749121
1989 0.435965233458747
1990 0.436376747124144
1991 0.43686531508018
1992 0.437394805088452
1993 0.437888653620134
1994 0.438438881650277
1995 0.438941429948624
1996 0.439368046101599
1997 0.439812182917781
1998 0.440263524769826
1999 0.440704130057846
2000 0.441083667480237
2001 0.441625193301523
2002 0.442109165810058
2003 0.442603584932242
2004 0.443089246064676
2005 0.443611001525785
2006 0.444061170268905
2007 0.444494549974997
2008 0.444873249714819
2009 0.445126281653761
2010 0.445455370601665
2011 0.445737418084774
2012 0.446176710851515
2013 0.446537219970657
2014 0.446938431704632
2015 0.447339682904299
2016 0.447757544529585
2017 0.448074581302897
2018 0.448340412526194
2019 0.448711905086705
2020 0.449068680341411
2021 0.44939169120014
2022 0.449803444452739
2023 0.450156169187099
2024 0.450426390673318
2025 0.450687749830596
2026 0.450900670082755
2027 0.451196746042591
2028 0.451480933895594
2029 0.451694100640223
2030 0.451950281481839
2031 0.452263127998242
2032 0.452543239634394
2033 0.45277755652045
2034 0.453067726500525
2035 0.453420699091126
2036 0.453750931398443
2037 0.454149773671631
2038 0.454410465908232
2039 0.454537605976384
2040 0.454755154087378
2041 0.454992964731755
2042 0.455141607069892
2043 0.455363934404735
2044 0.455741674745968
2045 0.455940870238448
2046 0.456031279075814
2047 0.456181118881366
2048 0.456242593548266
2049 0.456416064620356
2050 0.456705516238673
2051 0.456895639108154
2052 0.457059815139886
2053 0.457274167942851
2054 0.457480726118859
2055 0.457665666065642
2056 0.457843373575743
2057 0.458069794529377
2058 0.458272182821189
2059 0.458440462299735
2060 0.458592422596883
2061 0.458755076602076
2062 0.458934743420754
2063 0.458999351267531
2064 0.459186813540844
2065 0.459542895827723
2066 0.459784194196856
2067 0.459960857191393
2068 0.460282257811947
2069 0.460371874027251
2070 0.46049417579149
2071 0.460673754310293
2072 0.460872033780463
2073 0.461022437129627
2074 0.461224167375663
2075 0.461359832460305
2076 0.46136279860802
2077 0.461506289958076
2078 0.461693874347173
2079 0.461912430075194
2080 0.462271491039882
2081 0.462508546712005
2082 0.46276936310103
2083 0.462922045364226
2084 0.462939566443139
2085 0.462918410050254
2086 0.463002634229278
2087 0.463073555195587
2088 0.463169299066405
2089 0.463384676052596
2090 0.463466163430441
2091 0.463420728664786
2092 0.463506565908159
2093 0.463592657645967
2094 0.463732435153572
2095 0.463978031679246
2096 0.464187748361289
2097 0.464421390166889
2098 0.464630362548496
2099 0.464879479533885
2100 0.465023240337555
2101 0.465227379789668
2102 0.465385429790949
2103 0.465461581251386
2104 0.465461803756747
2105 0.465545247561947
2106 0.465518074675419
2107 0.465651544673683
2108 0.465915492206097
2109 0.466157215660997
2110 0.46650146474883
2111 0.466766793754434
2112 0.466959018259628
2113 0.467257762904601
2114 0.467636049048718
2115 0.467906429455118
2116 0.468192926997666
2117 0.468463536577107
2118 0.468672582995559
2119 0.468911970550275
2120 0.469158722301353
2121 0.469504365800238
2122 0.469762451197292
2123 0.470009957144564
2124 0.470136413598703
2125 0.47018805014861
2126 0.47023809382167
2127 0.470154138499383
2128 0.470135644328079
2129 0.470085582067202
2130 0.470171500424691
2131 0.47034140595201
2132 0.470496731119157
2133 0.470827189938898
2134 0.471058688343262
2135 0.471083055317079
2136 0.470928103845815
2137 0.470931699588429
2138 0.470821017801737
2139 0.470874239141428
2140 0.471192757797203
2141 0.471202717154333
2142 0.471069358427393
2143 0.471003198741996
2144 0.470802656513018
2145 0.470695737234937
2146 0.47092875551935
2147 0.470657108788567
2148 0.469986124557211
2149 0.4695193055236
2150 0.468675119527807
2151 0.46817928786253
2152 0.46796360357672
2153 0.467928718151966
2154 0.46784281221463
2155 0.467499028258558
2156 0.467242084616519
2157 0.466914416735958
2158 0.466590169271142
2159 0.466309003625447
2160 0.465940646660537
2161 0.465400096841747
2162 0.465062670680702
2163 0.46486429444641
2164 0.464508974437205
2165 0.464214120413944
2166 0.463819326286911
2167 0.463165357221014
2168 0.462698033212899
2169 0.462366865248712
2170 0.461963836872352
2171 0.461609821955183
2172 0.461202161590661
2173 0.46086293590582
2174 0.460211804336575
2175 0.459702742569201
2176 0.45917426889203
2177 0.458689535398017
2178 0.458261048211721
2179 0.457723963403663
2180 0.457146008292477
2181 0.456594529018845
2182 0.456003848656141
2183 0.455367263229971
2184 0.454672722015165
2185 0.454106437387676
2186 0.453532710854816
2187 0.452974863458225
2188 0.452641196415129
2189 0.452109236909803
2190 0.451435656580043
2191 0.450756839804664
2192 0.449857334542399
2193 0.449184290627334
2194 0.448646388181982
2195 0.44807355174253
2196 0.447549287882549
2197 0.447242950414097
2198 0.446651818094372
2199 0.445882809723304
2200 0.445206645328044
2201 0.44447660704119
2202 0.44375084933919
2203 0.442918019424741
2204 0.442384652438323
2205 0.441927029509354
2206 0.441582761552504
2207 0.44141090159783
2208 0.441423528137026
2209 0.441473484910802
2210 0.44176758219205
2211 0.442536530315647
2212 0.443118075403845
2213 0.443750808066083
2214 0.444380521371497
2215 0.445067986584557
2216 0.445607194659552
2217 0.446028204027543
2218 0.446521062958209
2219 0.447027985598287
2220 0.44751244027055
2221 0.44792075522651
2222 0.448397951545453
2223 0.448767807752383
2224 0.448955093376222
2225 0.449262733316454
2226 0.44973502337837
2227 0.449914104236078
2228 0.44991671063711
2229 0.4499681989296
2230 0.449731734841575
2231 0.449854414392901
2232 0.450312051505124
2233 0.450488707833504
2234 0.450681430001926
2235 0.450874896872559
2236 0.450981688551661
2237 0.450967297363972
2238 0.450871075394365
2239 0.45087221856994
2240 0.450721941840001
2241 0.450685404949239
2242 0.450861769265498
2243 0.450975306722717
2244 0.451143460315996
2245 0.451146479597457
2246 0.451024063003056
2247 0.45102352869888
2248 0.451064772525762
2249 0.451005766346292
2250 0.451148900590997
2251 0.451522016685253
2252 0.451757492343866
2253 0.452042404651509
2254 0.452220733516765
2255 0.452407410976896
2256 0.452444126670723
2257 0.452281436678763
2258 0.452232770342922
2259 0.451986333920597
2260 0.452128145142774
2261 0.452544962988411
2262 0.452897156124472
2263 0.453547931216592
2264 0.453905513673978
2265 0.45420669344873
2266 0.454329163045962
2267 0.45423763122803
2268 0.454156722807054
2269 0.453956351541332
2270 0.453639778701762
2271 0.453019720242824
2272 0.452791978828269
2273 0.452633258626834
2274 0.452604137821812
2275 0.453181464694924
2276 0.453325527845664
2277 0.453393606660887
2278 0.452999898912755
2279 0.45292505345339
2280 0.452690508089001
2281 0.452413657881075
2282 0.452616144902245
2283 0.452291355178947
2284 0.451861821176401
2285 0.451798570680176
2286 0.451931525386678
2287 0.451877231575165
2288 0.451848742118682
2289 0.452147132987897
2290 0.452553776623523
2291 0.45267600033512
2292 0.453226483321862
2293 0.453142983990394
2294 0.452163232023025
2295 0.45200918177504
2296 0.452262843508813
2297 0.45207298741771
2298 0.451799449639227
2299 0.451774907186559
2300 0.451546731063635
2301 0.451472612079984
2302 0.452004226389183
2303 0.452080171184252
2304 0.451910607396679
2305 0.451573769231655
2306 0.450834359779782
2307 0.45046444102291
2308 0.449869342250244
2309 0.449688638620119
2310 0.450201482745901
2311 0.45032393769171
2312 0.450259314992475
2313 0.450498059588139
2314 0.450996456269321
2315 0.45116431495184
2316 0.451514289429158
2317 0.451606726590626
2318 0.451066258161894
2319 0.450736682304813
2320 0.450549080579109
2321 0.450189149019781
2322 0.449759626320021
2323 0.449611212090703
2324 0.449129712410577
2325 0.448794935008018
2326 0.448737020010212
2327 0.448786540774583
2328 0.449040565760025
2329 0.448760063729964
2330 0.448205779613719
2331 0.44777473071996
2332 0.447508675921871
2333 0.447704997660853
2334 0.448117108874452
2335 0.448173057340257
2336 0.448173800189709
2337 0.448109827694044
2338 0.447951183477391
2339 0.447619087853118
2340 0.447384715162922
2341 0.447138849247111
2342 0.446608194313734
2343 0.445652005372112
2344 0.445441250034997
2345 0.445570495555772
2346 0.445506227331589
2347 0.44590451785347
2348 0.445992165066559
2349 0.445744955353313
2350 0.445231001804417
2351 0.444471528941862
2352 0.444293872618219
2353 0.444146762776608
2354 0.443874947547677
2355 0.443998573348043
2356 0.444034422380253
2357 0.443629650052555
2358 0.443355530806889
2359 0.443512916228133
2360 0.443430875712899
2361 0.443052446995606
2362 0.44278659985245
2363 0.442773885373066
2364 0.442544924058211
2365 0.441704658217943
2366 0.441613599892801
2367 0.442062057893507
2368 0.442174922919921
2369 0.442659641365027
2370 0.442782672237591
2371 0.442564083702268
2372 0.442277284679514
2373 0.441794564259849
2374 0.441378535192039
2375 0.44077666273613
2376 0.440265956648511
2377 0.439909435647986
2378 0.439574987246338
2379 0.439165810093417
2380 0.438811774032885
2381 0.438461652446422
2382 0.438314565207254
2383 0.438360239198412
2384 0.438223273157261
2385 0.438084038453039
2386 0.438184307653982
2387 0.438763916622511
2388 0.438331989423578
2389 0.43717878379438
2390 0.436816609378694
2391 0.435901916511734
2392 0.435531585009783
2393 0.436189651720495
2394 0.43667429603494
2395 0.436874891023298
2396 0.43744865418464
2397 0.43916609091765
2398 0.43969104416672
2399 0.439454338619373
2400 0.439452631459744
2401 0.439049265422854
2402 0.438672049565868
2403 0.438546334200611
2404 0.437917714071223
2405 0.436626095813549
2406 0.435716099287081
2407 0.434847931127287
2408 0.433939890661217
2409 0.43264060479426
2410 0.432575011792704
2411 0.433278399200333
2412 0.43346477151091
2413 0.434779316976209
2414 0.434755432799281
2415 0.433412464793835
2416 0.432599023117996
2417 0.431522641740525
2418 0.430971929836488
2419 0.430871761383217
2420 0.429939513879786
2421 0.428779627805526
2422 0.427966989893461
2423 0.426041848799898
2424 0.426085506004254
2425 0.42813553243146
2426 0.428579220865706
2427 0.429446819414822
2428 0.429145363235001
2429 0.427718278558554
2430 0.426357465791216
2431 0.424473254465969
2432 0.423295299371725
2433 0.421523032017463
2434 0.420606897414429
2435 0.420752367628337
2436 0.419954421307964
2437 0.418844016703452
2438 0.418553063370029
2439 0.418200010087595
2440 0.418385437065425
2441 0.420086238883109
2442 0.419839494513131
2443 0.418704523773904
2444 0.417156007293078
2445 0.415131124290114
2446 0.415196388045898
2447 0.415260699856493
2448 0.413213110096976
2449 0.413359533103671
2450 0.41219021078592
2451 0.40892105963291
2452 0.408829367514617
2453 0.409303032146675
2454 0.409262822129602
2455 0.410235806668771
2456 0.411747581984631
2457 0.411322783596606
2458 0.410686872851663
2459 0.412108992412078
2460 0.411600162321373
2461 0.40913031922895
2462 0.408190649747107
2463 0.407254659017194
2464 0.40875601673532
2465 0.408919922726219
2466 0.40786369346631
2467 0.407864624473941
2468 0.407884832171076
2469 0.407732112833798
2470 0.408688767861702
2471 0.4085442095267
2472 0.40766825354092
2473 0.406142866501737
2474 0.403627027854932
2475 0.401933462249374
2476 0.398976468811935
2477 0.398216683231997
2478 0.40009179390977
2479 0.399370936596422
2480 0.397791279241392
2481 0.397163263742874
2482 0.395004452461957
2483 0.396418953266722
2484 0.402832029575242
2485 0.402295571604539
2486 0.398896498655712
2487 0.397224345570706
2488 0.392113355831342
2489 0.390421466901844
2490 0.392510754673113
2491 0.391721791460552
2492 0.391420631312338
2493 0.39345041565994
2494 0.395251037666343
2495 0.396978655381033
2496 0.398733827043842
2497 0.399974849859617
2498 0.400986538036843
2499 0.399303866845573
2500 0.394888684774113
