"Wavelength" "M078a_m3-w3"
350 0.0904351297088171
351 0.0901162967257294
352 0.0901075139558362
353 0.0892663956228862
354 0.0861036509707829
355 0.0878072503270724
356 0.0908855260256534
357 0.0931859946154842
358 0.0945667581598526
359 0.0968338282139419
360 0.0980949116904744
361 0.096385347036175
362 0.089970844493308
363 0.0928430396683748
364 0.0966083377405363
365 0.0918098653277368
366 0.0891643502030826
367 0.0910336365479791
368 0.0944081117184878
369 0.09374543430484
370 0.0903324911831744
371 0.089163644218781
372 0.0907016793734342
373 0.0895925513917836
374 0.0929259347955187
375 0.0955414645505463
376 0.0936241698617987
377 0.092800431677029
378 0.0934215994117655
379 0.0946326211383908
380 0.0949567997621727
381 0.0933445250808544
382 0.0922246937200828
383 0.0924484723517601
384 0.0931333569968538
385 0.0922056111677121
386 0.0931547315307752
387 0.09627330538617
388 0.0928995293390387
389 0.092005400136579
390 0.0932419363165271
391 0.0935089330542453
392 0.0924860186725261
393 0.0918093778976033
394 0.0917153327275644
395 0.0913463962989645
396 0.0922873794807373
397 0.0926482097646464
398 0.0918287870291292
399 0.0924742852437127
400 0.0931508743395877
401 0.0935459864964549
402 0.0936001695629943
403 0.092646948320782
404 0.0930346242466091
405 0.0941380748956054
406 0.0933654134851624
407 0.0940812868333362
408 0.094074980100176
409 0.092695054149853
410 0.0936336341908562
411 0.0943360600991476
412 0.0951067986469892
413 0.0963605848535243
414 0.09482872071952
415 0.0943475174491266
416 0.0957958685010947
417 0.0972761502626844
418 0.0959770743017167
419 0.0950217712327429
420 0.0961956531773528
421 0.0965793435694556
422 0.0969668761206315
423 0.0974190554504556
424 0.0978286516379936
425 0.098331930712195
426 0.0986570909206821
427 0.0986099402568135
428 0.0981436032257816
429 0.098524214820213
430 0.099067211369963
431 0.0992406438293014
432 0.0999881158004486
433 0.100103309067218
434 0.0999713030343372
435 0.100496967377143
436 0.100744966728432
437 0.101043585398846
438 0.101538631430243
439 0.102027354549823
440 0.102441978598833
441 0.102825962649202
442 0.103161589001627
443 0.103023035433612
444 0.103488165288261
445 0.104294351772589
446 0.104471432166361
447 0.104879750747215
448 0.105262524744689
449 0.105449960691871
450 0.105634005008763
451 0.105833952012964
452 0.105918118933471
453 0.105866017381949
454 0.106362917486782
455 0.106924560756794
456 0.107345176603367
457 0.107683832138945
458 0.107578966663595
459 0.107467446274071
460 0.107711909275519
461 0.108223393658077
462 0.108656217898252
463 0.108863887712795
464 0.108880656982526
465 0.10917014292339
466 0.109598257889007
467 0.109921474994262
468 0.10983758234436
469 0.109963171347899
470 0.110196758254822
471 0.110377767280788
472 0.110815899572384
473 0.111229182201015
474 0.111529504556265
475 0.111757061954768
476 0.111736128626379
477 0.111820464874339
478 0.112147879424161
479 0.112322792207408
480 0.112410424441393
481 0.112755184662039
482 0.113546600026045
483 0.113513473770631
484 0.113619108874545
485 0.11409809774397
486 0.114268012282281
487 0.114550127794047
488 0.114893774675962
489 0.115177423280085
490 0.115370229496855
491 0.115598301939134
492 0.115865117646829
493 0.116118405046203
494 0.116607461690134
495 0.116977614200314
496 0.117135268914874
497 0.117590272818585
498 0.11820760528513
499 0.118722920607284
500 0.118926808685545
501 0.119200661179147
502 0.119547513822683
503 0.119928365579576
504 0.120287888494053
505 0.120687303709353
506 0.121064470745605
507 0.121382989939043
508 0.121774901579008
509 0.122123490317601
510 0.122389890050927
511 0.122607186358577
512 0.122997388625797
513 0.123479312064867
514 0.123936124084797
515 0.124264914807528
516 0.124583280455353
517 0.124970569374002
518 0.125448704812281
519 0.125779601121821
520 0.126195171923285
521 0.126707723469097
522 0.127027975438396
523 0.127359496390811
524 0.12771924203331
525 0.128094019812615
526 0.128540481126625
527 0.128954735078166
528 0.129361517058706
529 0.129871930489661
530 0.130315449190781
531 0.130741028035811
532 0.131195314921467
533 0.131637876649677
534 0.132009964213268
535 0.132385255236598
536 0.132865915018436
537 0.133249408437854
538 0.133613035637448
539 0.134039196127377
540 0.134581461857145
541 0.135085986835137
542 0.13554361006174
543 0.13598278423376
544 0.13636087226514
545 0.136775905939701
546 0.137248891100857
547 0.13772050089022
548 0.138212966329188
549 0.138736796657014
550 0.139300948490032
551 0.139914851921887
552 0.140586966351695
553 0.141245250447056
554 0.141784364333994
555 0.142394171691835
556 0.142930066678719
557 0.143327344461618
558 0.14377248426784
559 0.144305584163249
560 0.144865993162344
561 0.145350815649302
562 0.145750981956668
563 0.146175358311548
564 0.146624747440993
565 0.146939399449707
566 0.147265862463671
567 0.147624205761851
568 0.148008930951211
569 0.148452157552006
570 0.148981840320895
571 0.14961690489799
572 0.150358803270022
573 0.151025779898663
574 0.151585757158564
575 0.152068450436759
576 0.152564163088928
577 0.15302725900107
578 0.153415563599241
579 0.153697306425747
580 0.153921113634133
581 0.15413069833403
582 0.154372713175625
583 0.15470229349098
584 0.155117273312429
585 0.155511631452762
586 0.155803567041298
587 0.156292299468349
588 0.156753912484355
589 0.157140070206553
590 0.157656211244212
591 0.158077115904126
592 0.158500959947746
593 0.159030632003692
594 0.159454701669306
595 0.159827526946532
596 0.16019484936244
597 0.160592452998727
598 0.161073697259046
599 0.161516579496316
600 0.16183915523747
601 0.162125672050478
602 0.162461800153224
603 0.162811366144954
604 0.163087372835297
605 0.163371920980668
606 0.163710762309823
607 0.164091185574243
608 0.16440545177227
609 0.164777618637487
610 0.165154167968731
611 0.165458139913418
612 0.165817232252225
613 0.166237302361954
614 0.166661310503616
615 0.166974910441179
616 0.167370631975932
617 0.167821690212183
618 0.168248762977329
619 0.168587445395982
620 0.168948324678476
621 0.169321535061657
622 0.169619959513466
623 0.170002459593984
624 0.170447501890855
625 0.17090091789943
626 0.171310661448323
627 0.171672115426265
628 0.172036211415605
629 0.172460735101375
630 0.172815311429694
631 0.17321581355203
632 0.173688792677661
633 0.174087206790925
634 0.174494719145033
635 0.174867291720955
636 0.175168490894519
637 0.175567602598814
638 0.17599823287857
639 0.176417828287093
640 0.176819141353662
641 0.177194119774318
642 0.177608209995458
643 0.178085490587583
644 0.178487333963838
645 0.178871673345421
646 0.179274486781011
647 0.179710920605594
648 0.180116359995774
649 0.180546260986898
650 0.181009864428827
651 0.181384528531957
652 0.181836900498616
653 0.182308582772248
654 0.182691129707898
655 0.183131500537725
656 0.183556817237434
657 0.183946012670698
658 0.184357694610948
659 0.184773337221414
660 0.185220538648226
661 0.185714128979612
662 0.186188980272595
663 0.186679544805057
664 0.187146075735563
665 0.187507402251559
666 0.187941949451857
667 0.188422265340148
668 0.188908037560675
669 0.189419263972023
670 0.189894614043546
671 0.190341070271591
672 0.19079319350779
673 0.191221440140943
674 0.19168739992812
675 0.19218692536153
676 0.192612383372952
677 0.193130906913962
678 0.193670586318115
679 0.194133860682351
680 0.194607798409166
681 0.195102215175426
682 0.195607580903415
683 0.196101014086438
684 0.196577028632112
685 0.197048963445292
686 0.197534909661345
687 0.198060217295425
688 0.198556915493077
689 0.199072468345813
690 0.19967345239078
691 0.200136661132382
692 0.200623686855289
693 0.201186020922326
694 0.201666312254567
695 0.202184888373763
696 0.20271075173723
697 0.203198747315516
698 0.203725335539421
699 0.20425867434805
700 0.204803592616339
701 0.205388577819315
702 0.205890814595401
703 0.206377674234563
704 0.206920677313701
705 0.207529485883087
706 0.208123694966432
707 0.208645805266122
708 0.209084290351201
709 0.209632567475884
710 0.210251355372382
711 0.210870104571807
712 0.211408645384237
713 0.211937217392057
714 0.212508066586938
715 0.21312838977062
716 0.213662546287727
717 0.214218593772152
718 0.214813817049617
719 0.21539554721635
720 0.215919392111019
721 0.216472393160396
722 0.217094181232647
723 0.217697060674023
724 0.218290030908654
725 0.218876465876041
726 0.219457272573656
727 0.220008290331225
728 0.22062357692532
729 0.221277647998857
730 0.221822259659756
731 0.222360203177818
732 0.222922704451341
733 0.223512024125411
734 0.224092800132317
735 0.224688185742004
736 0.225288494374977
737 0.225871712809486
738 0.226461687451311
739 0.2270042101679
740 0.227510594499089
741 0.228088890472707
742 0.228752064092694
743 0.229420895023641
744 0.23002229930863
745 0.230614728112324
746 0.231192864739796
747 0.231786123271326
748 0.232434526256169
749 0.233033482221645
750 0.233608292121671
751 0.234187560955223
752 0.234774579765416
753 0.235366110688481
754 0.235958968129166
755 0.236548140242103
756 0.23711003865606
757 0.237767613425915
758 0.238463745964368
759 0.239006625143789
760 0.239553760862001
761 0.240159659572676
762 0.240818859490981
763 0.241445150978795
764 0.242051458662977
765 0.242641439533862
766 0.243228305179654
767 0.24388475496891
768 0.244456738238933
769 0.244959962894085
770 0.245568073280285
771 0.246209286421594
772 0.246876990902282
773 0.247550122042452
774 0.248152576307212
775 0.248745929632164
776 0.249321175577075
777 0.249871538906325
778 0.250520877722932
779 0.251183823759617
780 0.251815397094356
781 0.252421398828256
782 0.252955997225518
783 0.253525724134198
784 0.254184657081308
785 0.254817082411798
786 0.255427516447591
787 0.256033658246906
788 0.256648906397776
789 0.257215945534204
790 0.257799471633864
791 0.258445994141646
792 0.259163553296413
793 0.259737890314155
794 0.260297977700109
795 0.26092999854644
796 0.261515333849811
797 0.262097292506598
798 0.262743611349902
799 0.263478659431372
800 0.264101389067444
801 0.264709486505615
802 0.265340535037892
803 0.265975316543857
804 0.266586730018998
805 0.267170784817518
806 0.267751733479184
807 0.268390393784931
808 0.269071451296756
809 0.269789051957306
810 0.270511604558336
811 0.271145098367683
812 0.271623807106929
813 0.272075306765589
814 0.272700690619709
815 0.273336479256522
816 0.273974086095308
817 0.274628604826478
818 0.275320195873463
819 0.275916368318237
820 0.276455738958678
821 0.277016545782945
822 0.277669924058957
823 0.278367328181569
824 0.27902150360737
825 0.279562652564456
826 0.280081767826166
827 0.280642222158624
828 0.281255418586784
829 0.281890960436445
830 0.282566624571476
831 0.283204007504567
832 0.283768804665528
833 0.284313484287753
834 0.284904350162303
835 0.285561108767445
836 0.286249272871462
837 0.286835134083791
838 0.287321197987797
839 0.2877982430215
840 0.288376171559253
841 0.288996162665416
842 0.289654929335396
843 0.290326475720145
844 0.290970501162319
845 0.291624033910495
846 0.292207296192671
847 0.292718697184196
848 0.293307109465554
849 0.293937466961095
850 0.294583058143855
851 0.295202749934805
852 0.295706475758057
853 0.296253270054037
854 0.296839490327049
855 0.297406364408733
856 0.298058367428341
857 0.29867802408772
858 0.299238672592391
859 0.299809835328073
860 0.300515339858004
861 0.301200195417684
862 0.301794134936122
863 0.302401496192027
864 0.302948834587916
865 0.303499654987317
866 0.304105938892317
867 0.304722082096292
868 0.305306833919512
869 0.305887023476897
870 0.306491614796958
871 0.30704214349373
872 0.307635768142004
873 0.308243423967635
874 0.308786607199776
875 0.309405330069792
876 0.310036130692245
877 0.310642986923089
878 0.311229513096633
879 0.311744639718909
880 0.312290916906255
881 0.312902623023368
882 0.313480102136856
883 0.314104114281578
884 0.314719832739956
885 0.315286516513302
886 0.315864722707005
887 0.316510008375664
888 0.317113176142012
889 0.317596274582175
890 0.318198955908884
891 0.318846938780801
892 0.319462318090666
893 0.31999679021177
894 0.320563723268421
895 0.321172499796906
896 0.321764909305997
897 0.322274346708089
898 0.322940882727641
899 0.323662022256605
900 0.324330189819755
901 0.32488822642086
902 0.325390442766433
903 0.325926753137522
904 0.326517598560521
905 0.327074687590797
906 0.32769202429572
907 0.328311745042807
908 0.328899865395805
909 0.329543736174896
910 0.330118995968344
911 0.33071871397118
912 0.33140582591537
913 0.33195725675725
914 0.332591130065358
915 0.333124733323162
916 0.333416255827829
917 0.334051170129021
918 0.334774200036328
919 0.335409222413385
920 0.335912373841706
921 0.336627588692987
922 0.337285417391579
923 0.337820489555353
924 0.338331992053551
925 0.338901240098099
926 0.339455224904489
927 0.340056273054155
928 0.34083581701505
929 0.341489040494237
930 0.342081994758381
931 0.342700783980994
932 0.343381465442476
933 0.343931733089705
934 0.344389288930692
935 0.344859548377361
936 0.345468410772903
937 0.346151618043132
938 0.346739468403003
939 0.347266301896777
940 0.348041068614414
941 0.348670553687406
942 0.349263459002023
943 0.349869021284525
944 0.350292597482346
945 0.350791024680914
946 0.351381185992597
947 0.352022765514635
948 0.352678584272325
949 0.353256268082244
950 0.353892953806632
951 0.354628957285072
952 0.355207050432225
953 0.355719910722066
954 0.356170464221296
955 0.35662252274337
956 0.357297171329161
957 0.357941885637375
958 0.35851268960259
959 0.359048231943663
960 0.359628179463719
961 0.360274141937837
962 0.360933871994172
963 0.361544943927605
964 0.362080712551524
965 0.362657861694829
966 0.363264028548716
967 0.363826025401086
968 0.364231463814023
969 0.36470611012345
970 0.365355029544192
971 0.366104745755917
972 0.366591123190185
973 0.367160326798694
974 0.367731686347994
975 0.368208284080097
976 0.368721876744839
977 0.369293305368468
978 0.369816993518008
979 0.370262746236711
980 0.370818039782322
981 0.371417256090908
982 0.372194859541735
983 0.373071700891592
984 0.373538558234913
985 0.374109972923754
986 0.374652378833465
987 0.375099349062639
988 0.375717383057056
989 0.376200310519116
990 0.376704869833546
991 0.377325579994305
992 0.377926612709669
993 0.378410909811884
994 0.378927164693705
995 0.379541971627409
996 0.380152482743978
997 0.380655750385961
998 0.381148672438178
999 0.381713778750129
1000 0.382372378730274
1001 0.36891226504902
1002 0.369373253359804
1003 0.369663374197268
1004 0.370142039775713
1005 0.370679415711361
1006 0.371175764220832
1007 0.371700283061199
1008 0.37229468140182
1009 0.372890636151075
1010 0.373331000731053
1011 0.373822304833958
1012 0.374391238993401
1013 0.374771659894111
1014 0.375127605686026
1015 0.375647438644389
1016 0.3761190526518
1017 0.376588401445058
1018 0.377123278814618
1019 0.377644462844247
1020 0.378150707694896
1021 0.378582601768175
1022 0.379107540221704
1023 0.379552060775395
1024 0.379942297558482
1025 0.380443942222746
1026 0.380935142666741
1027 0.381416591247669
1028 0.381969580063304
1029 0.382528169149956
1030 0.382998728085178
1031 0.383528958197433
1032 0.38409365700504
1033 0.384678510121798
1034 0.385197490044303
1035 0.385734897542332
1036 0.386272825430194
1037 0.386763970054079
1038 0.387310890231225
1039 0.387830823333634
1040 0.388372149630705
1041 0.388947496649309
1042 0.38946006975795
1043 0.39005413469191
1044 0.390691024994673
1045 0.391261404961519
1046 0.391793991156042
1047 0.392339494764645
1048 0.392898002633307
1049 0.393436866355941
1050 0.393881582336523
1051 0.394338673116247
1052 0.394780840140183
1053 0.395202526123961
1054 0.395707237161238
1055 0.396255577139708
1056 0.396762320969221
1057 0.397230183089477
1058 0.397696221143965
1059 0.39810663601515
1060 0.398519901042917
1061 0.398990982313943
1062 0.399414983080623
1063 0.399811264056452
1064 0.400208559670731
1065 0.400613953387521
1066 0.400930616907134
1067 0.401243645503537
1068 0.401562389071713
1069 0.401848804193162
1070 0.402186498950738
1071 0.402514677099551
1072 0.402789539146802
1073 0.40306718905496
1074 0.403285798600047
1075 0.403462839418412
1076 0.403677399299191
1077 0.403897319632708
1078 0.404143873904113
1079 0.404439995159046
1080 0.404729577089112
1081 0.405033437062201
1082 0.405368628519589
1083 0.405648333053779
1084 0.405949166934929
1085 0.406217136021431
1086 0.406353784878658
1087 0.406502321869312
1088 0.406675387627646
1089 0.406818986251706
1090 0.406997264284626
1091 0.407215134476049
1092 0.407450270382104
1093 0.407673380670232
1094 0.407926044238182
1095 0.408194173742015
1096 0.408425499451502
1097 0.40870142128932
1098 0.408922634168136
1099 0.409132757000886
1100 0.409408753667597
1101 0.409629998781482
1102 0.409869292694805
1103 0.410223547236593
1104 0.410575827198883
1105 0.410946287456944
1106 0.411337137588964
1107 0.411788344116819
1108 0.412200905192259
1109 0.412625441746517
1110 0.412990245527158
1111 0.413329716263439
1112 0.41373085103414
1113 0.414099391418123
1114 0.414459892853991
1115 0.414813461398126
1116 0.415156664870471
1117 0.415546033806393
1118 0.415981652047723
1119 0.416465525771313
1120 0.416998902683788
1121 0.417486932183779
1122 0.417935387797331
1123 0.418392048845423
1124 0.418852614889708
1125 0.419297817304766
1126 0.419699910046009
1127 0.420196246041675
1128 0.420677479505938
1129 0.421155229474363
1130 0.421725261437195
1131 0.422242788162607
1132 0.422726654059945
1133 0.423256138807526
1134 0.423767050527144
1135 0.424311110491214
1136 0.42483641701348
1137 0.42539518153059
1138 0.425904821629166
1139 0.426360805471525
1140 0.426839999230994
1141 0.427339199586994
1142 0.427819011247249
1143 0.428283672233931
1144 0.42876165821037
1145 0.429230479331315
1146 0.429699368570816
1147 0.430178303427054
1148 0.430622348368614
1149 0.431050785268699
1150 0.431474941491822
1151 0.431911463273526
1152 0.432409812183143
1153 0.432869764820389
1154 0.433319772063543
1155 0.433785270543822
1156 0.434240893848475
1157 0.434699311852787
1158 0.43520654313207
1159 0.435685229307975
1160 0.436139246969228
1161 0.436597789370177
1162 0.437045827003365
1163 0.437441418528154
1164 0.437873340005436
1165 0.438278721356952
1166 0.438687608460181
1167 0.43911654861803
1168 0.439526441808628
1169 0.439947314064604
1170 0.440343112990333
1171 0.440727625866965
1172 0.441118456110265
1173 0.441506366371536
1174 0.441868310471216
1175 0.442213538393375
1176 0.442570679198424
1177 0.44292997847339
1178 0.443252730043416
1179 0.443557207189745
1180 0.443888806557219
1181 0.444175760863923
1182 0.444451846752141
1183 0.444751296320526
1184 0.445049398831535
1185 0.445314881978187
1186 0.445586042734644
1187 0.445869897820386
1188 0.446170368400627
1189 0.446442215069802
1190 0.446714646196847
1191 0.446973126114332
1192 0.447184806616616
1193 0.447443460935285
1194 0.447729789432522
1195 0.448003284710079
1196 0.448315171544218
1197 0.448588243236372
1198 0.448847461996406
1199 0.449072623193715
1200 0.449288148894642
1201 0.44947629579448
1202 0.449656257462913
1203 0.449879974381831
1204 0.450130789649149
1205 0.45041904318896
1206 0.450687973642567
1207 0.450990549121009
1208 0.451266134270282
1209 0.451540471924075
1210 0.451780905983758
1211 0.45197937507689
1212 0.452212837308852
1213 0.452432670301046
1214 0.452663658959615
1215 0.452921011177113
1216 0.453184544815839
1217 0.453438565026752
1218 0.453710162536357
1219 0.454007615293561
1220 0.45429848268912
1221 0.454583689848538
1222 0.454849619272588
1223 0.455156155742471
1224 0.455489515912624
1225 0.455795304482533
1226 0.45611585143858
1227 0.456426720828313
1228 0.456712025687284
1229 0.457006412579818
1230 0.457335853411081
1231 0.45761498328101
1232 0.457845493611746
1233 0.458101003126082
1234 0.458343275308507
1235 0.458590722032742
1236 0.458831292071067
1237 0.459113755896234
1238 0.45939787264962
1239 0.459655140588197
1240 0.45992665064679
1241 0.460213556099208
1242 0.460487763986882
1243 0.46074592912926
1244 0.461025315961753
1245 0.461310320527932
1246 0.461607560471245
1247 0.46193612826269
1248 0.462228018717655
1249 0.462514618139347
1250 0.462790741346518
1251 0.46302282126019
1252 0.463290390669547
1253 0.46354366399394
1254 0.463853975965614
1255 0.46421050593023
1256 0.464573625759552
1257 0.464978298964368
1258 0.465393638132592
1259 0.465811306222065
1260 0.466246393215084
1261 0.466644928765872
1262 0.467057890789975
1263 0.467419265586908
1264 0.467729420036514
1265 0.468053740141933
1266 0.468347816983043
1267 0.468669994125831
1268 0.468985258630124
1269 0.469325410871012
1270 0.469696054535996
1271 0.470053561637298
1272 0.470448322367949
1273 0.470791682316819
1274 0.471105529623144
1275 0.471407109693111
1276 0.47168339827756
1277 0.471938021245798
1278 0.472159413222756
1279 0.472400371492887
1280 0.472608213683293
1281 0.472796814319627
1282 0.472949538716232
1283 0.473083144682893
1284 0.473195048363437
1285 0.473250498812119
1286 0.473337868403508
1287 0.473439151598313
1288 0.473511372325787
1289 0.473582503718586
1290 0.473628258286957
1291 0.473661960299846
1292 0.473658332945393
1293 0.473638820912578
1294 0.473581762610421
1295 0.473454367232019
1296 0.47335413540958
1297 0.473254185130271
1298 0.473134139229883
1299 0.473014985592744
1300 0.472876672284165
1301 0.472757696533033
1302 0.472622104470007
1303 0.472500718053267
1304 0.472409376773342
1305 0.472286717652692
1306 0.47212036370236
1307 0.472021510274248
1308 0.471945448712475
1309 0.47187506833462
1310 0.47186973765177
1311 0.471797532401566
1312 0.471689827908009
1313 0.471594670319886
1314 0.471459269105654
1315 0.471367263725154
1316 0.471275082539374
1317 0.471231970679854
1318 0.471210378589244
1319 0.471232621144655
1320 0.471310673502895
1321 0.471401410658503
1322 0.471502085409125
1323 0.471656647737729
1324 0.471838259525515
1325 0.472042934823693
1326 0.47228326384646
1327 0.472569542246175
1328 0.472866885844997
1329 0.473204721430437
1330 0.473514670158193
1331 0.473840638629373
1332 0.474151473884998
1333 0.47444381677272
1334 0.474742230056256
1335 0.475023768751038
1336 0.475346208704482
1337 0.475674746968279
1338 0.476025864772467
1339 0.476413941090385
1340 0.476807554430094
1341 0.477207406677574
1342 0.477623951778406
1343 0.478068639521361
1344 0.478512632229779
1345 0.478994297749342
1346 0.479435645454789
1347 0.479876483548816
1348 0.480281439641063
1349 0.480673678846772
1350 0.481034223221623
1351 0.481390565513291
1352 0.481723287721486
1353 0.482084269494014
1354 0.482436983382828
1355 0.48280609586442
1356 0.483192871835641
1357 0.483590003381788
1358 0.484002936502413
1359 0.484400929758231
1360 0.484802727510118
1361 0.485213305554892
1362 0.485595081725361
1363 0.486021684060857
1364 0.486515688615395
1365 0.486949801288726
1366 0.487374075704879
1367 0.48778700728014
1368 0.488166034597032
1369 0.488539232937303
1370 0.488931803148816
1371 0.489279587009221
1372 0.489610798618584
1373 0.489900323798496
1374 0.490114689103805
1375 0.490334204657256
1376 0.490486020816427
1377 0.490569738871944
1378 0.490661070467662
1379 0.490712889692333
1380 0.490778157547494
1381 0.490829043618606
1382 0.490891016170386
1383 0.490961435518622
1384 0.491016916095294
1385 0.491101037087562
1386 0.491103857295972
1387 0.491106148340775
1388 0.491006734572779
1389 0.490823244248785
1390 0.490604525207801
1391 0.490292270276966
1392 0.489993184979165
1393 0.489682524638604
1394 0.489326399423933
1395 0.48893523659632
1396 0.488530547735963
1397 0.4880882632344
1398 0.487630359191111
1399 0.487134738263052
1400 0.486666554351669
1401 0.486207381396447
1402 0.485729889536817
1403 0.485214475190084
1404 0.48474288491194
1405 0.484219337235398
1406 0.483635349715002
1407 0.48308915691971
1408 0.482527965281249
1409 0.482034106730718
1410 0.481503026480514
1411 0.481151307632826
1412 0.480874340897415
1413 0.480726468469348
1414 0.480675725943804
1415 0.480775754889662
1416 0.481012556145082
1417 0.481332072997148
1418 0.481825264800013
1419 0.48231536176412
1420 0.482906512302766
1421 0.483464166998134
1422 0.484073325802959
1423 0.484642094520008
1424 0.485213553410073
1425 0.485736669528622
1426 0.48623189427858
1427 0.486704665907865
1428 0.487112963758492
1429 0.487545914515725
1430 0.48796324050516
1431 0.488399921408672
1432 0.488843641396055
1433 0.489320196509569
1434 0.489773244373742
1435 0.490217962696097
1436 0.490655171350673
1437 0.491072492638675
1438 0.491499547859999
1439 0.491934965531738
1440 0.492352828524897
1441 0.492770152592627
1442 0.49316530350926
1443 0.493554834359413
1444 0.493908311474977
1445 0.494227731729804
1446 0.494556276977158
1447 0.494866136937667
1448 0.495172926453146
1449 0.495480667449758
1450 0.495781796289305
1451 0.496066263500868
1452 0.496352119201163
1453 0.496652297182567
1454 0.496922228451256
1455 0.4971613365416
1456 0.497420074652216
1457 0.497689127445989
1458 0.497924426119023
1459 0.498122903319578
1460 0.498371480186826
1461 0.498616869598407
1462 0.498876611647867
1463 0.499201741205341
1464 0.499491812020859
1465 0.499770690727092
1466 0.500025570664362
1467 0.500253471682395
1468 0.500492595879439
1469 0.500700684742307
1470 0.500925145196115
1471 0.501199432501735
1472 0.501478957380242
1473 0.50180526857566
1474 0.502170110120403
1475 0.502525000071589
1476 0.502911543634279
1477 0.503265534042402
1478 0.503624610315841
1479 0.503930827024564
1480 0.504194702597552
1481 0.504496171405276
1482 0.504778788221951
1483 0.505070666999917
1484 0.505399381036971
1485 0.505690412806096
1486 0.505940116607167
1487 0.506220710412604
1488 0.506503511106921
1489 0.506800033878675
1490 0.507104780292251
1491 0.507424976754941
1492 0.507771484021852
1493 0.508100665458828
1494 0.508454856621075
1495 0.508760956907402
1496 0.509036104230202
1497 0.509307630523645
1498 0.509548629270901
1499 0.509794336538254
1500 0.510055805307303
1501 0.510275000999684
1502 0.510457090765453
1503 0.510650508762915
1504 0.510794101152403
1505 0.510992233693513
1506 0.511226086422739
1507 0.511463823924216
1508 0.51172747021905
1509 0.51199763739334
1510 0.512288068842857
1511 0.512562488175806
1512 0.512846240085144
1513 0.513117155750316
1514 0.513368123152236
1515 0.513620936312231
1516 0.513875742485797
1517 0.514126223195956
1518 0.514349938156472
1519 0.514577308372286
1520 0.514752281675881
1521 0.514916529029955
1522 0.515114171176062
1523 0.515306482120934
1524 0.515516124910424
1525 0.515767885782441
1526 0.515971270717496
1527 0.516147288618286
1528 0.516351869289534
1529 0.51655395200509
1530 0.516765472955269
1531 0.516985091974331
1532 0.517224522273889
1533 0.517487729434957
1534 0.51770539852722
1535 0.517923145592454
1536 0.518139737483772
1537 0.51832204306492
1538 0.518517975289625
1539 0.51874923184116
1540 0.518932618161174
1541 0.519082232918504
1542 0.519230348926206
1543 0.519332876633289
1544 0.519502607384846
1545 0.519665581129141
1546 0.519893831029445
1547 0.52023971876919
1548 0.520481883990792
1549 0.520708630329313
1550 0.520931147017198
1551 0.521094284967929
1552 0.521284560706734
1553 0.521507944869629
1554 0.521704946072558
1555 0.521879152699039
1556 0.522057863029809
1557 0.522217369200075
1558 0.522407997807818
1559 0.522616021423336
1560 0.52281561581195
1561 0.523044169793705
1562 0.523247459000336
1563 0.523424057690101
1564 0.523611920225771
1565 0.523782576966243
1566 0.523981576055521
1567 0.524197205671597
1568 0.524414583276824
1569 0.524654345993824
1570 0.524890017618627
1571 0.525155031677798
1572 0.52536628410502
1573 0.525530392897161
1574 0.525725528676457
1575 0.525909851769224
1576 0.526080107351596
1577 0.526269775377818
1578 0.526449859232802
1579 0.526570192875057
1580 0.526740745274836
1581 0.526957564009951
1582 0.527162767729186
1583 0.527395035689672
1584 0.527607024008826
1585 0.527815970167393
1586 0.528003249715242
1587 0.528160491457564
1588 0.528328483038793
1589 0.528487736353485
1590 0.528643413275877
1591 0.528790129914905
1592 0.528957408270949
1593 0.529099382398757
1594 0.529292542497308
1595 0.529544017492813
1596 0.529790861829503
1597 0.53010407854413
1598 0.530361512733109
1599 0.530591592852616
1600 0.5308047383682
1601 0.53099897572987
1602 0.53113112134914
1603 0.531251539415337
1604 0.531370869857299
1605 0.531489002748422
1606 0.531568493531138
1607 0.531733411668163
1608 0.531944856376535
1609 0.532119178677331
1610 0.532319110590951
1611 0.532511730097448
1612 0.532674026751013
1613 0.532872480759277
1614 0.533097642648667
1615 0.533339509461771
1616 0.533595969336828
1617 0.533834984921661
1618 0.534119788628356
1619 0.534301956367889
1620 0.534417485647571
1621 0.534558602160221
1622 0.534639725696604
1623 0.534829569720442
1624 0.535070152980494
1625 0.535296074146364
1626 0.535580548002795
1627 0.535793352999957
1628 0.535971455639391
1629 0.536156079105257
1630 0.536309472241135
1631 0.536517998362924
1632 0.536750744161457
1633 0.536958490653376
1634 0.537186298110606
1635 0.537395093442782
1636 0.537578537966236
1637 0.537767422623597
1638 0.537970925023539
1639 0.538150921728649
1640 0.538288383042686
1641 0.53849020472882
1642 0.538721890488143
1643 0.538926806620416
1644 0.539185305719303
1645 0.53932003570565
1646 0.539360854250526
1647 0.539495771892195
1648 0.539586206233162
1649 0.539771958134614
1650 0.540047920035765
1651 0.540298045972552
1652 0.540558689468161
1653 0.540837831874286
1654 0.541160077398579
1655 0.54140691542901
1656 0.541683771480365
1657 0.541939533350714
1658 0.542147872340444
1659 0.542353270961743
1660 0.542544410743672
1661 0.542776580632214
1662 0.542969550455439
1663 0.543120910516335
1664 0.54328967468707
1665 0.543442104221029
1666 0.543575386826694
1667 0.543777159782267
1668 0.544009291724837
1669 0.544151444751211
1670 0.544303756319174
1671 0.544463439158372
1672 0.544593284807548
1673 0.544741829748122
1674 0.544942962975914
1675 0.54518262270097
1676 0.545428600831059
1677 0.545729080815658
1678 0.545999261374464
1679 0.546215554828551
1680 0.546430470293291
1681 0.546580999282337
1682 0.546779250406461
1683 0.547037188421014
1684 0.547250826095479
1685 0.547552158748287
1686 0.547869400091782
1687 0.548163186721363
1688 0.548508524477669
1689 0.548748129447501
1690 0.548915979799537
1691 0.549126206018718
1692 0.549278797888164
1693 0.549443524992395
1694 0.549696449911711
1695 0.549877610174208
1696 0.550069079376631
1697 0.550290845567227
1698 0.550431220226947
1699 0.550546273473643
1700 0.550681638875797
1701 0.550814446217854
1702 0.550997568934905
1703 0.55122555339955
1704 0.551428114469212
1705 0.55164675883617
1706 0.551848123546725
1707 0.552021733119925
1708 0.552203088291127
1709 0.552389584385667
1710 0.552581709237017
1711 0.55279855095035
1712 0.552956936569923
1713 0.553098095162899
1714 0.553245019805492
1715 0.553342632942059
1716 0.55344390956875
1717 0.553561506393434
1718 0.553647885984829
1719 0.55366815651703
1720 0.553768003160781
1721 0.55387945687868
1722 0.554045619219123
1723 0.554304433287299
1724 0.554528197377793
1725 0.554764261480875
1726 0.555003703289089
1727 0.55527464414032
1728 0.555441323808618
1729 0.555583244152747
1730 0.555699416756131
1731 0.555685793277103
1732 0.555772542699498
1733 0.555886612103529
1734 0.556044394568764
1735 0.556278484625337
1736 0.556449238160435
1737 0.556663653537965
1738 0.556781054064384
1739 0.556775183833674
1740 0.556919881331611
1741 0.557007553325015
1742 0.557141702665111
1743 0.557344575382749
1744 0.557476038127365
1745 0.557602675895226
1746 0.557793171359658
1747 0.557964601135212
1748 0.558083607283881
1749 0.558270840780303
1750 0.558454208943207
1751 0.558574346742757
1752 0.558801737168754
1753 0.559033480648818
1754 0.559260242620746
1755 0.559553445869279
1756 0.559746643418665
1757 0.55993115351189
1758 0.560064693554827
1759 0.560101995498385
1760 0.560217954864172
1761 0.560244987308884
1762 0.560240800379532
1763 0.560309949302152
1764 0.560381268586639
1765 0.560556711642964
1766 0.560755390050447
1767 0.561003459070525
1768 0.56125271949587
1769 0.561459612951134
1770 0.561760997608415
1771 0.561973971817606
1772 0.562015851732178
1773 0.562060549679681
1774 0.561927222927318
1775 0.561912512719705
1776 0.561951980471356
1777 0.562032472255891
1778 0.562154180200324
1779 0.562301842589626
1780 0.562529929514311
1781 0.562674336923975
1782 0.562874824202561
1783 0.56309328463736
1784 0.56326700062216
1785 0.563517554612159
1786 0.563782986463149
1787 0.564002447223586
1788 0.56427518628813
1789 0.56456700035359
1790 0.564794277043591
1791 0.565037779557789
1792 0.565274283460549
1793 0.565527164832022
1794 0.565783184930455
1795 0.565958292632657
1796 0.566178433020901
1797 0.566318491334177
1798 0.566368596161583
1799 0.566529512343194
1800 0.566684347565041
1801 0.55849612494414
1802 0.558735086918966
1803 0.558802802754519
1804 0.559045143555316
1805 0.559161984771549
1806 0.559176248272722
1807 0.559233644988771
1808 0.559246331973767
1809 0.559301035080662
1810 0.559346793407201
1811 0.559497425896514
1812 0.559662524901029
1813 0.559802808917618
1814 0.55984712818756
1815 0.559993743113876
1816 0.560081099817451
1817 0.560084698230353
1818 0.560164748140119
1819 0.560301781882102
1820 0.560350684455587
1821 0.560514632673871
1822 0.560742463444642
1823 0.560817978217242
1824 0.560912760301037
1825 0.56099277502728
1826 0.560978838992699
1827 0.561011631785999
1828 0.561104824395386
1829 0.561165325965617
1830 0.561211009447941
1831 0.561220526945194
1832 0.561248489515061
1833 0.561280650555087
1834 0.561225318243894
1835 0.561173628642302
1836 0.561248131403263
1837 0.561418782487681
1838 0.561526100331939
1839 0.561665241357481
1840 0.561880425669478
1841 0.562035445773491
1842 0.56216513638466
1843 0.562357142209168
1844 0.56262250141231
1845 0.562952714395667
1846 0.563205573104112
1847 0.563360217068648
1848 0.563511608996102
1849 0.563537965942921
1850 0.563386334902173
1851 0.563287201881487
1852 0.563207505333766
1853 0.563132805855944
1854 0.56307016352211
1855 0.562989921184136
1856 0.563019752484659
1857 0.563016158552866
1858 0.562933095071242
1859 0.562853626909841
1860 0.562717962640171
1861 0.562373612646146
1862 0.562037296633632
1863 0.561729068334262
1864 0.561414299576506
1865 0.561147353502027
1866 0.560808994979287
1867 0.560397787988751
1868 0.559908190495943
1869 0.559424246573455
1870 0.558926195388355
1871 0.55850076681067
1872 0.558186675085688
1873 0.557736249373996
1874 0.55736056599344
1875 0.556913207433595
1876 0.556261599548479
1877 0.555623509595579
1878 0.554822872803085
1879 0.553858124749941
1880 0.552781814487541
1881 0.55165852448105
1882 0.550390936749833
1883 0.549026145892095
1884 0.54760042513148
1885 0.546133916285019
1886 0.544527021241144
1887 0.542780747338207
1888 0.54087778754426
1889 0.538811349453385
1890 0.536559797943373
1891 0.534268832528886
1892 0.531864750070467
1893 0.529379445859917
1894 0.526752709675317
1895 0.523936254669
1896 0.521172842437625
1897 0.518376387977697
1898 0.515467387207697
1899 0.512756283902478
1900 0.510111164298258
1901 0.507609288022042
1902 0.505178295446414
1903 0.503002520470334
1904 0.500985361784225
1905 0.499086398965216
1906 0.497396592949573
1907 0.495977283912085
1908 0.494755434758256
1909 0.493799731506742
1910 0.492986147961628
1911 0.492348788074701
1912 0.491934436334723
1913 0.491808748323609
1914 0.491627793979125
1915 0.491580462760351
1916 0.491726920655554
1917 0.491816009636053
1918 0.492103056135068
1919 0.492634153477847
1920 0.493086995252819
1921 0.493613549989494
1922 0.494215419985957
1923 0.494882418721781
1924 0.495575433086952
1925 0.496373427527268
1926 0.49726119687124
1927 0.498016590471345
1928 0.498737585605308
1929 0.499535408700947
1930 0.500290321272677
1931 0.501026924851131
1932 0.501794263449294
1933 0.502616910994951
1934 0.503350378490976
1935 0.504041137997705
1936 0.504769582160678
1937 0.505399982703726
1938 0.506069239427495
1939 0.506933075272272
1940 0.507699195996634
1941 0.508408461190391
1942 0.509099284815867
1943 0.5097404340283
1944 0.510187914152944
1945 0.510831004834218
1946 0.511580391922666
1947 0.512264717257292
1948 0.513025527387139
1949 0.513680829893955
1950 0.514153642953459
1951 0.514740920206641
1952 0.515336746558773
1953 0.515899100232609
1954 0.516557253084586
1955 0.517416203100144
1956 0.518075825786023
1957 0.518630569488492
1958 0.519280298945039
1959 0.519960834049083
1960 0.520515232452681
1961 0.521179849812044
1962 0.521791448510384
1963 0.522193139884482
1964 0.522703226437364
1965 0.523257855593448
1966 0.523735543061506
1967 0.524319633715897
1968 0.525039831512763
1969 0.525641872641066
1970 0.526257991451251
1971 0.526874417714884
1972 0.527434417228039
1973 0.527972065463522
1974 0.528729602697683
1975 0.529427423880273
1976 0.530120918600725
1977 0.530833948215416
1978 0.531461021634519
1979 0.531957113938179
1980 0.532504179202787
1981 0.533036934032254
1982 0.533604372305169
1983 0.534139339709045
1984 0.534730946276062
1985 0.535342104247652
1986 0.536032436602025
1987 0.536774946184395
1988 0.537469650592125
1989 0.538096279761198
1990 0.53863093380134
1991 0.539218186938284
1992 0.53977154209763
1993 0.540314557802546
1994 0.540922004944439
1995 0.54144079378348
1996 0.541801985628827
1997 0.542258092038702
1998 0.542742564524382
1999 0.543224800855415
2000 0.543688253816882
2001 0.54427261033824
2002 0.54484046156607
2003 0.545427323620479
2004 0.546013461275177
2005 0.54667313704944
2006 0.547233302303053
2007 0.547724597555423
2008 0.548219011128052
2009 0.548709514013755
2010 0.549133345782639
2011 0.549428428638539
2012 0.54991255790879
2013 0.550285496721701
2014 0.550689199831673
2015 0.551170117426863
2016 0.551777576718582
2017 0.552208407671608
2018 0.552605159869361
2019 0.553034569113653
2020 0.553344340144604
2021 0.553756017236347
2022 0.554260502795117
2023 0.554754919053472
2024 0.555240273524875
2025 0.555816485805188
2026 0.556316091776501
2027 0.556735618198694
2028 0.557084227456369
2029 0.557356672042704
2030 0.557729272201648
2031 0.558140491587488
2032 0.558534258860783
2033 0.55896088168236
2034 0.559389790552204
2035 0.559847403149453
2036 0.56024904082044
2037 0.560700893166635
2038 0.561024218482582
2039 0.561203127586928
2040 0.561388440123869
2041 0.561635540679732
2042 0.561953931283373
2043 0.562298245858431
2044 0.562813473397304
2045 0.563168238269997
2046 0.563446849316781
2047 0.563754345221401
2048 0.56404962548096
2049 0.56432360375445
2050 0.564624517469971
2051 0.56484748215005
2052 0.564909187094865
2053 0.565104556000783
2054 0.565288519897048
2055 0.565589739811395
2056 0.56586658555064
2057 0.566260935401177
2058 0.566565617477274
2059 0.566841566020202
2060 0.567090843673486
2061 0.567310682322795
2062 0.567538990788945
2063 0.567693137986813
2064 0.567917672443802
2065 0.568189859680042
2066 0.568485899257688
2067 0.568917475136853
2068 0.569194168381315
2069 0.569359239389758
2070 0.569493043354969
2071 0.569638215826612
2072 0.569641713012133
2073 0.5698131135574
2074 0.570102451205939
2075 0.570326165662966
2076 0.570604137361062
2077 0.570773030469108
2078 0.570827782932465
2079 0.571002178033977
2080 0.571137440380646
2081 0.571341527593644
2082 0.571710884079453
2083 0.571996161767375
2084 0.572215940657393
2085 0.572524750717699
2086 0.572761484724864
2087 0.572937512713677
2088 0.573194352402562
2089 0.573539665202403
2090 0.573675401953813
2091 0.573708269405741
2092 0.573845942884914
2093 0.573808371060091
2094 0.57399251161685
2095 0.574427060213819
2096 0.574743118382939
2097 0.575077308977026
2098 0.575382658517677
2099 0.575615888189485
2100 0.575971673052697
2101 0.576264239229032
2102 0.576471517025017
2103 0.576596788004217
2104 0.576614475710055
2105 0.57667119990417
2106 0.576574350044885
2107 0.576710121951088
2108 0.57700989957278
2109 0.577189657796692
2110 0.577424049559004
2111 0.577641332158348
2112 0.577698768077059
2113 0.577937547646173
2114 0.578395760170918
2115 0.578726985045498
2116 0.57907265762857
2117 0.579395467668106
2118 0.57966313287186
2119 0.579813796587595
2120 0.580120994990222
2121 0.5804769796051
2122 0.580870611612918
2123 0.581472981701333
2124 0.58175867404458
2125 0.5818969137934
2126 0.58208051655531
2127 0.58210938226363
2128 0.582169472755703
2129 0.582250697313429
2130 0.582371649708199
2131 0.582476870473848
2132 0.582549913120216
2133 0.582715168441173
2134 0.582835487995068
2135 0.582685408833521
2136 0.582400534914409
2137 0.58241406484555
2138 0.58246312981938
2139 0.582533681068679
2140 0.582912330573108
2141 0.582980684779669
2142 0.582886392038183
2143 0.582737986920037
2144 0.58245064050785
2145 0.582225588424609
2146 0.582028689433379
2147 0.581654389367641
2148 0.581236080861854
2149 0.580761047341561
2150 0.579915821299722
2151 0.579374465068648
2152 0.579011226659727
2153 0.578621567898614
2154 0.578411398418082
2155 0.578264208790968
2156 0.577964445402247
2157 0.577660564621965
2158 0.577206492689162
2159 0.576614739334522
2160 0.576021527430373
2161 0.575206909594131
2162 0.574703159848078
2163 0.574412883538246
2164 0.573922691137307
2165 0.573530071776808
2166 0.573027989753249
2167 0.572235073578225
2168 0.571628983936474
2169 0.571161506252716
2170 0.570658842588481
2171 0.57017017998973
2172 0.569695271452514
2173 0.569322055414254
2174 0.568752120717517
2175 0.568265946313186
2176 0.567861463441617
2177 0.567236476480462
2178 0.56652994085578
2179 0.565759826153879
2180 0.56471835975563
2181 0.563984437491257
2182 0.563408135558735
2183 0.562687242738646
2184 0.562063306435133
2185 0.561326598868418
2186 0.560457872383996
2187 0.559567802421161
2188 0.55857846473685
2189 0.55771995812219
2190 0.556817759914744
2191 0.555990419877203
2192 0.555399827590058
2193 0.554661402677904
2194 0.553784702011239
2195 0.553013950852465
2196 0.552200449005372
2197 0.551464872712869
2198 0.550657948874908
2199 0.549871772355403
2200 0.549051737624819
2201 0.548147155030712
2202 0.54732463665421
2203 0.546462767980207
2204 0.545836763950228
2205 0.545233563229444
2206 0.544890216915824
2207 0.544792401371212
2208 0.544808340045555
2209 0.544961377690483
2210 0.545289380896378
2211 0.54592021846298
2212 0.546497832124846
2213 0.547185854102309
2214 0.547931892499561
2215 0.548765601924274
2216 0.549546230413403
2217 0.550399198232186
2218 0.551243085467055
2219 0.552040605880385
2220 0.552733424895819
2221 0.5532146806551
2222 0.553559954851399
2223 0.553872172555125
2224 0.553895477729707
2225 0.554195450107931
2226 0.554615416069164
2227 0.554975847654609
2228 0.555395032747838
2229 0.555730680321976
2230 0.556093019394244
2231 0.556303217964398
2232 0.55644473234021
2233 0.556522976550668
2234 0.556255952626427
2235 0.556362373794514
2236 0.556794619356479
2237 0.556892360885413
2238 0.556961240888277
2239 0.557088845564688
2240 0.557012464586323
2241 0.556994512907591
2242 0.557040817848325
2243 0.557221177486656
2244 0.55746137093944
2245 0.557589106035069
2246 0.558007897683174
2247 0.558504842782288
2248 0.558627684041356
2249 0.558628832133215
2250 0.558676243018127
2251 0.558541478609278
2252 0.558581818435126
2253 0.558809415838086
2254 0.558797841160856
2255 0.558650777553045
2256 0.558698212776196
2257 0.558619087502083
2258 0.558778159937197
2259 0.559224312380061
2260 0.559555766366812
2261 0.560048633067651
2262 0.560272114237898
2263 0.560326335689396
2264 0.5604615425887
2265 0.560492598372873
2266 0.560519902555149
2267 0.560591656392656
2268 0.560624960502207
2269 0.560616142498325
2270 0.56051984408434
2271 0.560477001668227
2272 0.560303414742802
2273 0.559721261572662
2274 0.559510229809272
2275 0.559455378190166
2276 0.55942786386606
2277 0.559761730408307
2278 0.559842624449634
2279 0.560024477015764
2280 0.559906873087447
2281 0.559856903966866
2282 0.56000695882695
2283 0.559337025896045
2284 0.558813186105809
2285 0.558603539612478
2286 0.558229960705913
2287 0.558179289790289
2288 0.558703423520623
2289 0.559037878465159
2290 0.559323819343057
2291 0.559575973719764
2292 0.560171764794379
2293 0.560134440577386
2294 0.559465845226923
2295 0.559421413737125
2296 0.559457923650986
2297 0.559383198185315
2298 0.55958361080249
2299 0.559619390195014
2300 0.559331487091469
2301 0.559174825025868
2302 0.559344392271214
2303 0.559139355480325
2304 0.558571167773332
2305 0.558216477717372
2306 0.557696291923289
2307 0.557416174310589
2308 0.557206865579668
2309 0.557264640494603
2310 0.557852416445478
2311 0.557958098609812
2312 0.557801708834509
2313 0.558083284905584
2314 0.558474634706296
2315 0.558614954909742
2316 0.559418362013696
2317 0.559388931182426
2318 0.557860740313289
2319 0.557465758545334
2320 0.557475831342629
2321 0.557458113087055
2322 0.557743477246313
2323 0.557784395793006
2324 0.557182895260493
2325 0.556905603767061
2326 0.556682331579219
2327 0.556271326590815
2328 0.555691836066592
2329 0.554390831306359
2330 0.553339517451342
2331 0.553049256933419
2332 0.552715257924267
2333 0.55284335302937
2334 0.55356500366579
2335 0.553962413939442
2336 0.554039841876905
2337 0.554079491062263
2338 0.553983654117557
2339 0.553592524382661
2340 0.552885465304941
2341 0.55187858967476
2342 0.551430666722268
2343 0.550512138392628
2344 0.550296736540669
2345 0.55134485219631
2346 0.551343846956842
2347 0.550785639223875
2348 0.550682053735455
2349 0.550510940392814
2350 0.550224230164391
2351 0.550160058268629
2352 0.549935961662255
2353 0.549314261879809
2354 0.549107451389095
2355 0.549164803238469
2356 0.549170908043269
2357 0.549416022833838
2358 0.549345471996659
2359 0.548944780609888
2360 0.548966599928299
2361 0.549174682934124
2362 0.549122522756204
2363 0.549301801438101
2364 0.549339667390962
2365 0.549005504682181
2366 0.54866538916578
2367 0.548385239265525
2368 0.548063166553433
2369 0.547656074091426
2370 0.547109961665988
2371 0.546548797926263
2372 0.546064736275086
2373 0.544813354476822
2374 0.544742323496353
2375 0.545786284559316
2376 0.54601386097554
2377 0.546684348328586
2378 0.546922112781164
2379 0.546476724462811
2380 0.546096406438454
2381 0.545725528705217
2382 0.545348273494572
2383 0.545005730023699
2384 0.544159729771007
2385 0.54256862644134
2386 0.542005076039053
2387 0.541678735461613
2388 0.540940880360647
2389 0.540557879408389
2390 0.54054916118856
2391 0.540355471515991
2392 0.540231210506762
2393 0.541044858786878
2394 0.541410310304423
2395 0.540922336032597
2396 0.540745186064254
2397 0.541032428156233
2398 0.540884419649875
2399 0.540155698458891
2400 0.540026015593611
2401 0.540460564977835
2402 0.540491323711203
2403 0.541114264492247
2404 0.540439040920336
2405 0.538114486065532
2406 0.537050052013003
2407 0.535507228060082
2408 0.534855179648776
2409 0.535539402966101
2410 0.536109510525278
2411 0.537566661539236
2412 0.53745131046731
2413 0.536623993745593
2414 0.536185364181389
2415 0.534416772895477
2416 0.53390639301462
2417 0.534998005841407
2418 0.534676529486726
2419 0.533777614889592
2420 0.533039772601483
2421 0.532130082824205
2422 0.531263659824361
2423 0.530253021051495
2424 0.529487398464621
2425 0.528374771280473
2426 0.527748768660852
2427 0.527474325626008
2428 0.527274135925999
2429 0.527854186577406
2430 0.527679544588941
2431 0.527418245234808
2432 0.52706726599313
2433 0.526295205012536
2434 0.524888056137854
2435 0.522915252553583
2436 0.52145105505244
2437 0.519652931046166
2438 0.518508655199799
2439 0.517869832321005
2440 0.517301539130352
2441 0.516858806982779
2442 0.515937589469214
2443 0.515842099934587
2444 0.515394061748179
2445 0.514780639939541
2446 0.514525970744839
2447 0.515457765331677
2448 0.513920290956141
2449 0.511499217640545
2450 0.510445190978108
2451 0.507581581245434
2452 0.504936289611859
2453 0.504987290994276
2454 0.504939694835734
2455 0.503760081675922
2456 0.504840753036438
2457 0.506331350089565
2458 0.506402061548453
2459 0.507261977560299
2460 0.507762336143616
2461 0.506932390055485
2462 0.507095054307094
2463 0.506731194141632
2464 0.506329863751049
2465 0.50609332565419
2466 0.505001738444251
2467 0.504895205896642
2468 0.506802236683232
2469 0.506350922527906
2470 0.504430728113462
2471 0.502958899793179
2472 0.499996789496865
2473 0.498101366961898
2474 0.496888923126432
2475 0.496352668610022
2476 0.496248992367735
2477 0.495422573513583
2478 0.495545311421948
2479 0.494264146394409
2480 0.49102422953904
2481 0.491023710937498
2482 0.491945782078189
2483 0.493977656194723
2484 0.499669283800369
2485 0.499625772921119
2486 0.49716144565701
2487 0.495571733946802
2488 0.490887285620822
2489 0.489424587690223
2490 0.490559848651646
2491 0.489038667175072
2492 0.488105334195465
2493 0.489537123768658
2494 0.489883689603996
2495 0.491535103972495
2496 0.494496179085418
2497 0.493174100931602
2498 0.492209930982674
2499 0.490013006549753
2500 0.484571164616524
