"Wavelength" "M078a_m4-w3"
350 0.0941888526540675
351 0.102066370466125
352 0.10379805639658
353 0.0985466274302293
354 0.0920477202565502
355 0.0922910574102735
356 0.0965157203577774
357 0.099470334914126
358 0.0959589872576095
359 0.0979950605345482
360 0.0997727130847882
361 0.0979152518219029
362 0.097993260939215
363 0.0949129254351762
364 0.0935070721273478
365 0.097416050899416
366 0.0957151391018356
367 0.0939767664153029
368 0.0942965944209226
369 0.0961654498021792
370 0.0982103660489401
371 0.0983200365305957
372 0.0964820576248548
373 0.0952221456074828
374 0.0962221504409913
375 0.0967648190688916
376 0.0953650998490249
377 0.0961057616132261
378 0.0971761562524119
379 0.0980872093936652
380 0.098612290229837
381 0.0967720125809022
382 0.0951017310015373
383 0.0950838581497086
384 0.0966595064519216
385 0.0929711780113193
386 0.0925540595786544
387 0.0983482131126912
388 0.0962299108508734
389 0.095834108581433
390 0.0974158543352683
391 0.0981772460694497
392 0.0959953274584709
393 0.0953826491580492
394 0.0960908562955347
395 0.0944063831227989
396 0.0971497225476413
397 0.0979704884399096
398 0.0947918893070034
399 0.0969248411654653
400 0.0978739089747374
401 0.0972440815778667
402 0.0965330122195214
403 0.0969605465454724
404 0.097581258795833
405 0.0979905258188123
406 0.0982804694647598
407 0.0983435479657718
408 0.0976987379686983
409 0.0969630680749563
410 0.0990764616471239
411 0.0996964256752057
412 0.0996737088539618
413 0.100688792168526
414 0.100177706907202
415 0.100192387716029
416 0.101020072587528
417 0.101378423187789
418 0.101017797826471
419 0.100757101211508
420 0.1010619282993
421 0.101262546514152
422 0.102094810717754
423 0.10301345111272
424 0.103251757070644
425 0.103503830089806
426 0.103491839377091
427 0.103314364811661
428 0.103466672953317
429 0.104012619488721
430 0.104668532251441
431 0.105194999435305
432 0.105667299682651
433 0.105969565389972
434 0.106301941722392
435 0.10685371889351
436 0.106639161325163
437 0.10685001414583
438 0.107682885578493
439 0.107920461225041
440 0.108222782086027
441 0.108602102755552
442 0.108975938259013
443 0.109420843490939
444 0.11001893505274
445 0.110443809493755
446 0.110290127545985
447 0.110889209618507
448 0.111573199608177
449 0.111780816534279
450 0.111505431521591
451 0.111658136080184
452 0.11215677429735
453 0.112621677383047
454 0.112991697542142
455 0.113289855303586
456 0.113570096525391
457 0.113896440722844
458 0.11418795733822
459 0.114129010216096
460 0.113806121164719
461 0.114327243785854
462 0.115027297551408
463 0.115450439849577
464 0.115374903873003
465 0.11552361564947
466 0.115930353241101
467 0.116391176911367
468 0.116501171139552
469 0.11667838885544
470 0.116816474307313
471 0.116830466243299
472 0.117158241254541
473 0.117444998617559
474 0.117640393023807
475 0.117881162143979
476 0.117861250284988
477 0.118032673924834
478 0.118547087613458
479 0.118813422613816
480 0.118910346576007
481 0.119104066683204
482 0.119609194503035
483 0.119867634455335
484 0.120171518534762
485 0.120619978373724
486 0.121047983264005
487 0.121187254993144
488 0.121256202605412
489 0.121473110779679
490 0.121660637547487
491 0.122102983429613
492 0.122629548064631
493 0.122846928524525
494 0.12311826518117
495 0.123556620715115
496 0.12408951090754
497 0.12436193327875
498 0.124723368099402
499 0.125178336731757
500 0.125600610586385
501 0.125834094053146
502 0.12612600414919
503 0.126548162669206
504 0.126961147979804
505 0.127412206960311
506 0.127877021759146
507 0.128290303487153
508 0.12847795373665
509 0.128738082202065
510 0.129139777353644
511 0.129591329184667
512 0.130019109926266
513 0.130437456662935
514 0.130848440178334
515 0.131180958841496
516 0.131681749176997
517 0.132153638837142
518 0.132343309810522
519 0.132728413793671
520 0.133279764899267
521 0.133839563832198
522 0.134146344145712
523 0.134481974075108
524 0.134917285769183
525 0.135435765645687
526 0.135935710063169
527 0.136347014657544
528 0.136745529783685
529 0.137297221159036
530 0.13776668987521
531 0.138219221083298
532 0.138690305312845
533 0.139023072050513
534 0.139272694609229
535 0.13961834574383
536 0.140228699918918
537 0.14071271346559
538 0.141166780298089
539 0.141656567364138
540 0.142121891409076
541 0.142628953590129
542 0.143137978689978
543 0.143592506439207
544 0.144016025349085
545 0.144446621617592
546 0.144918726419134
547 0.145459455549729
548 0.145976700270519
549 0.146552700836707
550 0.147241540054891
551 0.147889594374503
552 0.148588648918919
553 0.149304238470337
554 0.149924905160306
555 0.150484343078948
556 0.150980980958134
557 0.151449536513116
558 0.152015536673124
559 0.152523998299112
560 0.153014767122152
561 0.153570236851621
562 0.153994884812963
563 0.154410692160579
564 0.154850554773163
565 0.155190693057233
566 0.155532111429517
567 0.15587194067185
568 0.156214241671111
569 0.156703371794823
570 0.15728229655608
571 0.157963156147897
572 0.158817047898678
573 0.159655499678804
574 0.160425753282813
575 0.161116524518639
576 0.161746151067108
577 0.162172584535571
578 0.162506212111203
579 0.162971587978597
580 0.163298605004799
581 0.163482810169146
582 0.163597394337724
583 0.163781212678047
584 0.164084671708308
585 0.164442401201486
586 0.164776444002504
587 0.165247708899252
588 0.165753765697798
589 0.166279968662989
590 0.166939478198194
591 0.167461553645826
592 0.167952448109589
593 0.168541578745897
594 0.169028509041098
595 0.169518306311747
596 0.170018332864775
597 0.170461442964072
598 0.171026975448397
599 0.171523633399586
600 0.171820711771754
601 0.1720989470501
602 0.172355796891169
603 0.172584307891943
604 0.172782744278501
605 0.173043427857592
606 0.17337014992333
607 0.173727134009524
608 0.174022304942222
609 0.174440709167706
610 0.174886818104569
611 0.175212725930747
612 0.1755350490287
613 0.175929480226374
614 0.176405878918103
615 0.17690404186707
616 0.177300194705256
617 0.177668803754498
618 0.178085337698722
619 0.178434200616403
620 0.178811963954767
621 0.179251441992425
622 0.179727762194285
623 0.18011956747633
624 0.180521002931502
625 0.180977791300287
626 0.181327540922214
627 0.181713968044364
628 0.182142031386032
629 0.182556530881785
630 0.182961180341086
631 0.183425480956338
632 0.183938687680278
633 0.184355681173334
634 0.184788608429331
635 0.185197693268419
636 0.185542435540434
637 0.185995134312141
638 0.186467610355351
639 0.186898842143967
640 0.187270295882253
641 0.187646669652319
642 0.188054765075828
643 0.188507180219519
644 0.189019282407945
645 0.189488381733028
646 0.189936163901044
647 0.19044390603212
648 0.190833951490445
649 0.191239453746068
650 0.191723860215948
651 0.192126451355095
652 0.192602664262676
653 0.193096108527572
654 0.19350511329897
655 0.193960379465864
656 0.194460293431438
657 0.194969197717162
658 0.195423223547724
659 0.195811303442971
660 0.19624598795684
661 0.196802670946598
662 0.197315276368211
663 0.19778494572157
664 0.198242885566241
665 0.198735777248764
666 0.199205522686192
667 0.199694012177395
668 0.200221344645142
669 0.200724431924689
670 0.201206887577507
671 0.201696283320161
672 0.20221925513918
673 0.20268725927285
674 0.203173551513247
675 0.203702643538952
676 0.204210364162582
677 0.204766341222318
678 0.205309018405965
679 0.205783631620442
680 0.206313867483912
681 0.206854578733535
682 0.207383474626157
683 0.207902211637903
684 0.208394450129933
685 0.208889388205138
686 0.20941420224605
687 0.209977452051427
688 0.210515236936877
689 0.211068990424184
690 0.211697638200031
691 0.212194789913621
692 0.212696760633401
693 0.21326868821069
694 0.21382899492
695 0.214371549715554
696 0.214919576776711
697 0.215493594573315
698 0.216064235788501
699 0.216615888233996
700 0.217167746311522
701 0.217762989217153
702 0.218367242574774
703 0.218938969350781
704 0.219480287536859
705 0.2201005216018
706 0.2207059370906
707 0.221273156311772
708 0.221820466725294
709 0.222431388999903
710 0.223043185270507
711 0.223628090214225
712 0.224220730084919
713 0.224795590716759
714 0.225418742485459
715 0.22612145005605
716 0.226730105636591
717 0.227345581135599
718 0.227986844823568
719 0.228608298542893
720 0.229155411404863
721 0.229711118377119
722 0.230331601395896
723 0.230982898585842
724 0.231661374888832
725 0.232350015240503
726 0.233013932451529
727 0.233541189564349
728 0.234147253415979
729 0.234846705107997
730 0.23543643481222
731 0.236061716119999
732 0.236708821452892
733 0.237343094517229
734 0.237961520215952
735 0.238571400849505
736 0.239206244749765
737 0.23989687484113
738 0.240558983183487
739 0.241169346117599
740 0.24173855689286
741 0.242311179353902
742 0.242990186995136
743 0.243702362979069
744 0.244356212078
745 0.244991930944604
746 0.245649052945622
747 0.246327608270511
748 0.246998750070819
749 0.247634557742292
750 0.248285225667456
751 0.248967980767595
752 0.249626950109415
753 0.250276130744803
754 0.250911905361526
755 0.251527794397932
756 0.252110077425081
757 0.252780005615192
758 0.253493706547803
759 0.254086702559133
760 0.254778155277059
761 0.255460793320622
762 0.256073853829291
763 0.256763391695419
764 0.257449656010425
765 0.258094115968
766 0.25869834353843
767 0.259403959911585
768 0.260042172512607
769 0.260603035442083
770 0.261233311530788
771 0.261906455216161
772 0.262668070727609
773 0.263490690946545
774 0.264169938654864
775 0.264763125538576
776 0.265331377482341
777 0.265950825539052
778 0.266706167542056
779 0.267483087651983
780 0.268189380041494
781 0.268781593052439
782 0.269401016152822
783 0.270041672416414
784 0.270690636930499
785 0.271382658468724
786 0.272092864934438
787 0.272797217523676
788 0.273473359763973
789 0.274106262626903
790 0.274775296230925
791 0.275487496136683
792 0.276180638930246
793 0.276812308969019
794 0.277442031989307
795 0.27810880759662
796 0.278772765881665
797 0.279435896896344
798 0.28016540003249
799 0.280981881149754
800 0.281606514593576
801 0.28224738010575
802 0.282933934368322
803 0.283558396568121
804 0.284200382308953
805 0.284842238023274
806 0.285482027766093
807 0.286162857784742
808 0.286861333001849
809 0.287618415222428
810 0.288426847523367
811 0.289081592327315
812 0.289615271999719
813 0.29015372405902
814 0.290842730062256
815 0.291536445564659
816 0.292224084783839
817 0.292963160453187
818 0.293858909942657
819 0.294507429482375
820 0.295002387209316
821 0.295542721370958
822 0.296298774531486
823 0.297065231706762
824 0.297737232757079
825 0.298290412406961
826 0.298872040532302
827 0.299480946756605
828 0.300130106351239
829 0.300840859143553
830 0.301565570335582
831 0.302214643037798
832 0.30278991195114
833 0.303438086140546
834 0.304081717713545
835 0.304758620864146
836 0.305479634162186
837 0.306097440768777
838 0.306608702668621
839 0.307132109574275
840 0.307808842569271
841 0.308542796786401
842 0.309269702518679
843 0.309968430219133
844 0.310657783050726
845 0.311282673133724
846 0.311910804910333
847 0.312577857312708
848 0.313234192977574
849 0.313879857094908
850 0.314558405216859
851 0.315283820924669
852 0.315945480866263
853 0.3165710299289
854 0.317185868135361
855 0.317812908597207
856 0.318457753418669
857 0.319122639724377
858 0.319787663463639
859 0.320427670904386
860 0.321151227361563
861 0.321841098010868
862 0.322462309850519
863 0.323135514293558
864 0.323755716033956
865 0.324357879175323
866 0.324999626971913
867 0.32572252257138
868 0.32637868874053
869 0.327008300625579
870 0.32768683158525
871 0.328336299648965
872 0.328985247708683
873 0.329619857328387
874 0.330216349664459
875 0.330856971064489
876 0.331556357423437
877 0.332249725737669
878 0.332823537372412
879 0.333429146966288
880 0.334129549405048
881 0.334862965022538
882 0.335418400991855
883 0.336074278153325
884 0.336769425940114
885 0.337424221745085
886 0.338117872333441
887 0.338739437106643
888 0.339326415106687
889 0.339958165427547
890 0.340676695203202
891 0.341355461777025
892 0.341961574185751
893 0.342524826473401
894 0.343105755549426
895 0.343722268821473
896 0.344339759101429
897 0.34492164879981
898 0.345721411679679
899 0.346572082383743
900 0.347340397292584
901 0.347987720850145
902 0.348442013287172
903 0.348932124096338
904 0.349572875187072
905 0.350231627548991
906 0.350865973752519
907 0.351533776670343
908 0.352267081858008
909 0.352992553977773
910 0.353627888270996
911 0.354223856706955
912 0.354859915704149
913 0.355564884443109
914 0.356263443159678
915 0.356836503358715
916 0.357278958958773
917 0.358040871356555
918 0.358874675740218
919 0.359630381717956
920 0.36027217519086
921 0.361023266170174
922 0.361646846332607
923 0.362201725134612
924 0.36288931857592
925 0.363417608387099
926 0.364060198254775
927 0.364834924741023
928 0.365536021083455
929 0.366232706163618
930 0.366900345975806
931 0.367568678961281
932 0.368311115756935
933 0.369042298161176
934 0.369682256480798
935 0.370271039119499
936 0.370973204504008
937 0.371696294085621
938 0.372322595354567
939 0.372883405916146
940 0.3736023839769
941 0.374286446841563
942 0.374962308648208
943 0.375644358341902
944 0.376264310233376
945 0.376922946284388
946 0.377552113745592
947 0.378148345125459
948 0.378881785744999
949 0.379534785700461
950 0.380242339955152
951 0.381061419592143
952 0.381732173680558
953 0.382317837517447
954 0.382890181855917
955 0.383534731202547
956 0.384342956065281
957 0.385132748705357
958 0.385707053242389
959 0.386092849826761
960 0.386793855934081
961 0.387466451248586
962 0.388166295105188
963 0.38893627103962
964 0.389539831515552
965 0.390089898727378
966 0.390731663783291
967 0.391469715263316
968 0.391972013745708
969 0.392486438200558
970 0.393168301024116
971 0.394007213265943
972 0.394700149358728
973 0.395294681727577
974 0.395947679209524
975 0.396681238056314
976 0.397159910750237
977 0.397665675791245
978 0.398291785603914
979 0.399017705144114
980 0.399709483350682
981 0.400304555350839
982 0.401017594255464
983 0.401905009832325
984 0.40261533285835
985 0.403222314325369
986 0.403837701422466
987 0.404528746585575
988 0.40525401850109
989 0.405848497826855
990 0.406478920718955
991 0.407254471126995
992 0.408077949649424
993 0.408664404777327
994 0.409078075154464
995 0.409525805744168
996 0.410237423417651
997 0.410903323000646
998 0.411636910305672
999 0.412365236521151
1000 0.41283899994888
1001 0.397664931590617
1002 0.398181963445433
1003 0.398646437283756
1004 0.39918335764111
1005 0.39971370810742
1006 0.400261516319101
1007 0.400826139112916
1008 0.401421817126438
1009 0.402061462366134
1010 0.402624015027251
1011 0.403196507400977
1012 0.403819325354951
1013 0.404262915913394
1014 0.404701210431977
1015 0.405276595794505
1016 0.405751781564002
1017 0.406270705347633
1018 0.40690674692765
1019 0.407457448709764
1020 0.407913226029964
1021 0.408449700137336
1022 0.409093775957072
1023 0.409674694087003
1024 0.410281455431499
1025 0.41088515075364
1026 0.411394156249281
1027 0.411979830411087
1028 0.412555664999506
1029 0.413065841943312
1030 0.413654905032423
1031 0.414228879342535
1032 0.414841951885832
1033 0.415556806406428
1034 0.416190500617618
1035 0.416788790669331
1036 0.417400396838123
1037 0.418049974477534
1038 0.418683476088161
1039 0.419312195262174
1040 0.419973486034945
1041 0.420680869965201
1042 0.421399509911168
1043 0.422128226717441
1044 0.422793314137876
1045 0.423392406363329
1046 0.423976798095596
1047 0.424584514248088
1048 0.425201396759073
1049 0.425906507335371
1050 0.426592986955707
1051 0.427192218807571
1052 0.427784458081834
1053 0.428352049551199
1054 0.428896265760362
1055 0.429488969998287
1056 0.430086255203649
1057 0.430693266892749
1058 0.431285190234475
1059 0.431771410691644
1060 0.432220104630062
1061 0.43267611299204
1062 0.433099224135256
1063 0.433468702638465
1064 0.433859290685993
1065 0.434269858534792
1066 0.434630797849631
1067 0.434934545895695
1068 0.435193980947551
1069 0.435466412617427
1070 0.435734741047406
1071 0.436008378379468
1072 0.43631358275888
1073 0.436529181079859
1074 0.436636452120055
1075 0.436737358543146
1076 0.43687030447594
1077 0.436976313826525
1078 0.437142403061943
1079 0.437348827332959
1080 0.437511924902241
1081 0.437691448230668
1082 0.437854502592339
1083 0.437974308285251
1084 0.438138879867523
1085 0.438259547564008
1086 0.438342920132214
1087 0.438427193875682
1088 0.43849126431753
1089 0.438588075165363
1090 0.438640601328467
1091 0.438714549971092
1092 0.438814215179903
1093 0.438907706016612
1094 0.438974418765707
1095 0.439090080268915
1096 0.439260300826093
1097 0.439467498479135
1098 0.439666904282279
1099 0.439870611559184
1100 0.440092179461331
1101 0.44028123024552
1102 0.440481351475191
1103 0.440786492435523
1104 0.441117949702152
1105 0.44144173288908
1106 0.441816125495333
1107 0.442258869549967
1108 0.442676729269848
1109 0.443097638157605
1110 0.443553567530083
1111 0.443978141452375
1112 0.444424829092071
1113 0.444867076313723
1114 0.445289350968045
1115 0.445779747871356
1116 0.446276628927985
1117 0.446788573879422
1118 0.447362174567306
1119 0.447907413815259
1120 0.448490998196334
1121 0.449098467917871
1122 0.449726536299491
1123 0.450340295597175
1124 0.450977885190055
1125 0.451618019789767
1126 0.452236018091525
1127 0.452903502484699
1128 0.453600691137889
1129 0.45430092014704
1130 0.45500396583508
1131 0.455685938174102
1132 0.456330396161927
1133 0.456985281963873
1134 0.457663268347797
1135 0.458371072092593
1136 0.45908320161668
1137 0.459859253845929
1138 0.460559041891696
1139 0.461221474799805
1140 0.46187803039775
1141 0.462502810950432
1142 0.463160638048326
1143 0.463818500573776
1144 0.464492883831658
1145 0.465182272111633
1146 0.465828143568236
1147 0.466446381474917
1148 0.467050556185563
1149 0.467655764771253
1150 0.468259570715738
1151 0.46885769298765
1152 0.469498329943439
1153 0.470130641848766
1154 0.470766814990728
1155 0.471398158358024
1156 0.472051590785996
1157 0.472666881230721
1158 0.47328018416428
1159 0.473866132581299
1160 0.474420098078295
1161 0.474967670384156
1162 0.475513696434509
1163 0.476039753254717
1164 0.476570588115589
1165 0.477099642585664
1166 0.47763298175782
1167 0.478138471800021
1168 0.478666093929684
1169 0.479203967724974
1170 0.479686126396314
1171 0.480125400156206
1172 0.480597135923616
1173 0.481048293151317
1174 0.481495886836161
1175 0.481981057734802
1176 0.482415097423512
1177 0.482818522843106
1178 0.483197224102518
1179 0.483556430546939
1180 0.483883903885827
1181 0.484171805215448
1182 0.484479904898177
1183 0.48480502285113
1184 0.485130156043964
1185 0.485477274868259
1186 0.485802775406645
1187 0.48608758325629
1188 0.486333596768042
1189 0.486586461824446
1190 0.486805827558179
1191 0.487039427162571
1192 0.48727894210962
1193 0.487496869708455
1194 0.487691730959257
1195 0.487909038207846
1196 0.488125959856867
1197 0.488356529625334
1198 0.488621224960625
1199 0.488860584683569
1200 0.489081316578046
1201 0.489259390363329
1202 0.489476315763326
1203 0.48974077685775
1204 0.489995986980296
1205 0.490292503722808
1206 0.490571674403148
1207 0.490841111010237
1208 0.491104252992693
1209 0.491389556903381
1210 0.491642060103725
1211 0.491850409500499
1212 0.492093317015783
1213 0.492346799687373
1214 0.49258792990021
1215 0.492817958570667
1216 0.493074932815274
1217 0.493318281202825
1218 0.493600450875724
1219 0.493920037383253
1220 0.494252535157341
1221 0.49458764130065
1222 0.494939739170786
1223 0.4952774372806
1224 0.495620596589545
1225 0.495960955327182
1226 0.496290278903918
1227 0.496634339471174
1228 0.49700769420937
1229 0.49733258880994
1230 0.497624852046118
1231 0.497942997066127
1232 0.498240390785982
1233 0.49855094930754
1234 0.498917985079308
1235 0.499237978092784
1236 0.499513729262886
1237 0.499797675249413
1238 0.500126278994255
1239 0.500402507216825
1240 0.500722622614477
1241 0.501087045151023
1242 0.501416418744019
1243 0.50173035782025
1244 0.502057369491819
1245 0.502369499080805
1246 0.502718050075883
1247 0.503112363271938
1248 0.50345910936096
1249 0.503814810774832
1250 0.504140066187068
1251 0.504397659033123
1252 0.504705168124205
1253 0.504995798028854
1254 0.505347710652878
1255 0.505726258254885
1256 0.50615005519459
1257 0.506613069530374
1258 0.507145281861827
1259 0.507690999322343
1260 0.508308546082385
1261 0.508854973860574
1262 0.509421362273134
1263 0.509933321979828
1264 0.510396275964486
1265 0.510854905673208
1266 0.5112893807621
1267 0.511723288181746
1268 0.512104248219511
1269 0.512545163572837
1270 0.513046980537101
1271 0.513483074457093
1272 0.513951248748935
1273 0.514345151030934
1274 0.514647039068048
1275 0.514957214237092
1276 0.515252498719141
1277 0.515513653587188
1278 0.515748970350648
1279 0.515968929631758
1280 0.516158977158707
1281 0.516305517707885
1282 0.516457272468234
1283 0.516613073950697
1284 0.516710076804607
1285 0.516764806361986
1286 0.516824444703165
1287 0.516876071834792
1288 0.516864499259914
1289 0.516852153048173
1290 0.51676643523884
1291 0.516580337775493
1292 0.516408357339362
1293 0.516225756043743
1294 0.515999481549491
1295 0.515746736738154
1296 0.515462703485345
1297 0.51512302009084
1298 0.51478260471121
1299 0.514425099295457
1300 0.514057112737097
1301 0.513664179027529
1302 0.51324696513184
1303 0.512844110542987
1304 0.512416336246015
1305 0.512021522739305
1306 0.511640818559468
1307 0.511273620259009
1308 0.510915449357633
1309 0.510573921777511
1310 0.510279269252678
1311 0.509932293962878
1312 0.509557633178516
1313 0.509211830155795
1314 0.508795065114583
1315 0.508498246773904
1316 0.508261106278812
1317 0.508073505989971
1318 0.507969322563283
1319 0.50788247721863
1320 0.507808782476879
1321 0.507805564994878
1322 0.50785237652052
1323 0.507945336176041
1324 0.508073331756244
1325 0.508257712805682
1326 0.508469898876328
1327 0.508699641046206
1328 0.508996769922518
1329 0.509363435030498
1330 0.509727923688432
1331 0.510130432423319
1332 0.510542965910223
1333 0.510959599784888
1334 0.511418065740597
1335 0.511895209358146
1336 0.512421826617478
1337 0.512995930426132
1338 0.513581348394339
1339 0.514205070938971
1340 0.514842537634516
1341 0.515515599576422
1342 0.516174056484932
1343 0.516832094646944
1344 0.517514993563422
1345 0.518223967936641
1346 0.518906100912479
1347 0.519604866846033
1348 0.520302173236578
1349 0.520950201497673
1350 0.521556104374088
1351 0.522162979609354
1352 0.522731556219626
1353 0.523352825484086
1354 0.523990490510496
1355 0.524611265083145
1356 0.525238874541706
1357 0.52589379628205
1358 0.526543773533859
1359 0.527207372117455
1360 0.527902897052454
1361 0.528606443046028
1362 0.529293572723096
1363 0.530013685595101
1364 0.530797029729282
1365 0.531532090995281
1366 0.532261941915642
1367 0.532969705137087
1368 0.533672054189294
1369 0.534326966851024
1370 0.534961405832865
1371 0.535552465774173
1372 0.536109693674177
1373 0.536619573674315
1374 0.537055313281946
1375 0.537483521792431
1376 0.537822272807809
1377 0.538064609435222
1378 0.538340547638332
1379 0.538571271853726
1380 0.538819931366981
1381 0.539071205707503
1382 0.539321009456609
1383 0.539585635231921
1384 0.539795763537584
1385 0.540014377697709
1386 0.540153597764208
1387 0.540269637697426
1388 0.540268758338285
1389 0.540176359131112
1390 0.540051039773908
1391 0.539823432518977
1392 0.539587587215611
1393 0.539345504957272
1394 0.539037758070196
1395 0.538653292301016
1396 0.538263059370791
1397 0.537827771521079
1398 0.537385962141044
1399 0.536927234904015
1400 0.536459301841056
1401 0.535997531761977
1402 0.535492944679922
1403 0.534927370513841
1404 0.534390811418039
1405 0.533827621516632
1406 0.533217507290237
1407 0.532641521656094
1408 0.5320603832326
1409 0.531532157626776
1410 0.530966735297297
1411 0.530572184233347
1412 0.530230630417857
1413 0.530042645102987
1414 0.529964203252383
1415 0.530020008130655
1416 0.530208144956313
1417 0.530498265722122
1418 0.530956845774583
1419 0.531423888310361
1420 0.532008722235643
1421 0.532570631701415
1422 0.533186724843459
1423 0.533768884722934
1424 0.53437510383124
1425 0.53493141880161
1426 0.535447321106338
1427 0.535964964192842
1428 0.536448603578489
1429 0.53693983425038
1430 0.537434657272126
1431 0.537922964400418
1432 0.538391719099167
1433 0.538890922506582
1434 0.539374958517505
1435 0.539850365470441
1436 0.540316014193154
1437 0.540774776913531
1438 0.54122519621281
1439 0.541663843439927
1440 0.542099941247946
1441 0.542539500560861
1442 0.542951223664457
1443 0.543360570689624
1444 0.543735727974229
1445 0.544065005837699
1446 0.544425680662457
1447 0.544783379108932
1448 0.545125052106238
1449 0.54548398438854
1450 0.545813569912593
1451 0.546096042318165
1452 0.546412345044898
1453 0.546748619628788
1454 0.547056250633765
1455 0.547345621891508
1456 0.547659564397405
1457 0.547986235358436
1458 0.548281618804046
1459 0.548567998522094
1460 0.54887777066239
1461 0.549170508594987
1462 0.549465982915591
1463 0.549791611881406
1464 0.550109572519508
1465 0.550406411497353
1466 0.550711683964117
1467 0.551038247468686
1468 0.551357487442527
1469 0.551658969384832
1470 0.551971244388872
1471 0.552309177459183
1472 0.552615018744865
1473 0.552998760522652
1474 0.553410121854192
1475 0.55377941976031
1476 0.554161229817156
1477 0.554545289803358
1478 0.554910275276569
1479 0.555253391941106
1480 0.55560931972592
1481 0.555950523053103
1482 0.556243928245316
1483 0.556561861326632
1484 0.55692183274577
1485 0.557226492412133
1486 0.557471580815356
1487 0.557772378767733
1488 0.558067227393519
1489 0.558400176012499
1490 0.558772323310698
1491 0.559146736901267
1492 0.559553910766611
1493 0.559933024959578
1494 0.560335994377687
1495 0.56069027196204
1496 0.561022781753202
1497 0.561319347128304
1498 0.561550369851598
1499 0.561818337604797
1500 0.562082656391457
1501 0.562333085243566
1502 0.562605393546011
1503 0.562847336441902
1504 0.563021179570855
1505 0.563254625127047
1506 0.563522658348613
1507 0.56377667962057
1508 0.564042286193432
1509 0.564322043894768
1510 0.56460922878743
1511 0.564878817536131
1512 0.565164636463628
1513 0.565442535078777
1514 0.565665032485437
1515 0.5659376478211
1516 0.566265500660704
1517 0.566562159565787
1518 0.566865402774387
1519 0.567180516853027
1520 0.567452524471769
1521 0.567712807167632
1522 0.567984286498731
1523 0.568255803789597
1524 0.568530278927719
1525 0.568814343422873
1526 0.569073159014114
1527 0.56931355024991
1528 0.569584472944192
1529 0.569851941085291
1530 0.570127058829537
1531 0.570437212117487
1532 0.570709742811923
1533 0.570974769851189
1534 0.571201482340355
1535 0.571393279911804
1536 0.571607569916782
1537 0.571804287508752
1538 0.571998168867779
1539 0.572218361082696
1540 0.572396334884754
1541 0.57251817562567
1542 0.572688755178922
1543 0.572845934357053
1544 0.573057653118822
1545 0.573305917075083
1546 0.573572318844461
1547 0.573904183334333
1548 0.574182752422414
1549 0.574452646220281
1550 0.574724701273151
1551 0.574981827492559
1552 0.575227543046645
1553 0.57548504971836
1554 0.575718479820072
1555 0.575916588159636
1556 0.576121574122292
1557 0.576303784932724
1558 0.576521236671081
1559 0.576748285283315
1560 0.576984407667091
1561 0.577265564823942
1562 0.577511330669139
1563 0.577735125167684
1564 0.577969987599329
1565 0.578178860201797
1566 0.578426700133344
1567 0.578710462749754
1568 0.578975637093373
1569 0.579251414359401
1570 0.579528854066668
1571 0.579822963263714
1572 0.580074059557782
1573 0.580300731642847
1574 0.580536577325443
1575 0.580752433000354
1576 0.580951228425806
1577 0.581147433601388
1578 0.581348598896922
1579 0.581494808618515
1580 0.581695796616197
1581 0.581957269891044
1582 0.582198062222472
1583 0.58248773430876
1584 0.582715641296273
1585 0.582859271747626
1586 0.583063427484613
1587 0.583260472288292
1588 0.583474619719518
1589 0.583767603526062
1590 0.584016746889229
1591 0.584227707409522
1592 0.584451640675259
1593 0.58464673054876
1594 0.584877163666034
1595 0.585120065788344
1596 0.585392016826126
1597 0.58574231232178
1598 0.586037163331828
1599 0.586324916688645
1600 0.586606213480137
1601 0.586800338138767
1602 0.586986492170355
1603 0.587193021338161
1604 0.58737728156866
1605 0.58759730997561
1606 0.587836374454397
1607 0.588082553267737
1608 0.588354957484957
1609 0.588579245773997
1610 0.588795186051146
1611 0.589013726658293
1612 0.589183720496595
1613 0.589446872541571
1614 0.589753786352402
1615 0.59006560034292
1616 0.590434381127571
1617 0.590737936204036
1618 0.591051297027399
1619 0.591278425598869
1620 0.591449634526229
1621 0.591610084959213
1622 0.591683795376025
1623 0.591881623584437
1624 0.592122195595373
1625 0.592338371108645
1626 0.592613305080967
1627 0.592822120413797
1628 0.592968179207286
1629 0.593178287953074
1630 0.593397212345987
1631 0.593646337470685
1632 0.593935781445606
1633 0.594189579851503
1634 0.594448230388806
1635 0.594705970875496
1636 0.594951751801061
1637 0.595188527159356
1638 0.595429780318887
1639 0.595672846191613
1640 0.595883711254427
1641 0.59615452132408
1642 0.596490539730218
1643 0.59672524103356
1644 0.596945486760341
1645 0.597132261209248
1646 0.597230725723572
1647 0.597426450082283
1648 0.597649014959456
1649 0.597902345502246
1650 0.598176410024442
1651 0.598509672721784
1652 0.598905650455354
1653 0.599233082008588
1654 0.599597544584666
1655 0.599840827787599
1656 0.600127529755827
1657 0.600427155270777
1658 0.600722366270874
1659 0.601045302087261
1660 0.601317748004043
1661 0.601620199998512
1662 0.601901918534745
1663 0.602159106732915
1664 0.602427760965885
1665 0.602675002758448
1666 0.602930727276227
1667 0.603196176204774
1668 0.603509180058447
1669 0.603789780531415
1670 0.60402408800646
1671 0.604290722124764
1672 0.604532761538971
1673 0.604771998998095
1674 0.605078497861204
1675 0.605403569364284
1676 0.605731775760104
1677 0.606116807671164
1678 0.606469739592988
1679 0.606786531177069
1680 0.607106828089142
1681 0.607418816520143
1682 0.607817143439545
1683 0.608210232138659
1684 0.608538996629537
1685 0.608893367384072
1686 0.609236734481835
1687 0.609600172737372
1688 0.609976999201454
1689 0.610254767160132
1690 0.610469173116062
1691 0.610693359836242
1692 0.610932275710607
1693 0.611258930935059
1694 0.611631786716066
1695 0.611958773658904
1696 0.612271409364093
1697 0.612507699133678
1698 0.612684736623476
1699 0.612850774235394
1700 0.613057735642565
1701 0.61329957718462
1702 0.613561364697702
1703 0.613836159888044
1704 0.61412128945495
1705 0.614447108894403
1706 0.614739199694044
1707 0.615045103134135
1708 0.615321301672144
1709 0.615538591333807
1710 0.615798578376646
1711 0.61608525165312
1712 0.616327395625352
1713 0.616581988845927
1714 0.616814570848126
1715 0.616982147615545
1716 0.617176816645392
1717 0.617404614086254
1718 0.617593089620376
1719 0.617733278770769
1720 0.617914874799365
1721 0.618057078361165
1722 0.618296999047229
1723 0.618642685724098
1724 0.618937664644241
1725 0.619246592827525
1726 0.619583774152971
1727 0.619964630214138
1728 0.620218269095944
1729 0.620470624301345
1730 0.620673051533284
1731 0.620674658871243
1732 0.620867878260731
1733 0.621147784359749
1734 0.621422072856829
1735 0.621802784422953
1736 0.622081436027695
1737 0.622323424397017
1738 0.622554459128374
1739 0.622719429949787
1740 0.62297877868931
1741 0.623266144117287
1742 0.623547159326556
1743 0.623793944627124
1744 0.623989861328018
1745 0.624128087741225
1746 0.624303539626843
1747 0.624473733733398
1748 0.624593004333789
1749 0.624846326313027
1750 0.625196713876121
1751 0.625468813838286
1752 0.625848160175468
1753 0.626292316878956
1754 0.626647614718309
1755 0.627016864449138
1756 0.627364344215237
1757 0.627646336888274
1758 0.627861658587954
1759 0.628024844327575
1760 0.628207956608666
1761 0.628347939383181
1762 0.628500336550554
1763 0.628787025913635
1764 0.629090891410971
1765 0.629361410269986
1766 0.629635264253551
1767 0.629944172620121
1768 0.630266653325267
1769 0.630635504922058
1770 0.631024480962788
1771 0.631297490018102
1772 0.63141937132537
1773 0.631516380891253
1774 0.631482644455954
1775 0.631555974609371
1776 0.631589983031446
1777 0.631777340154143
1778 0.632111091988346
1779 0.632400123642336
1780 0.632812044448269
1781 0.633107424001903
1782 0.633348807834954
1783 0.633661313118049
1784 0.633925405360309
1785 0.634272033442213
1786 0.634621681160687
1787 0.634908490785128
1788 0.635323212230757
1789 0.635788593642113
1790 0.63624890759854
1791 0.636757518491229
1792 0.637196031919176
1793 0.637652462572703
1794 0.638128291514577
1795 0.638490210743509
1796 0.638855620437133
1797 0.639162962977266
1798 0.639405140389534
1799 0.639739305851893
1800 0.64016266802588
1801 0.638644855144746
1802 0.638942846095586
1803 0.6392585537825
1804 0.639634343411748
1805 0.639781440847616
1806 0.639683929254764
1807 0.639729466428213
1808 0.639714689311438
1809 0.639737750767171
1810 0.639766386375163
1811 0.639937747286551
1812 0.639986549659522
1813 0.640055183181468
1814 0.640226877419543
1815 0.640343693685622
1816 0.640456661106835
1817 0.640574627998152
1818 0.640714048986554
1819 0.64087279778089
1820 0.640928055093696
1821 0.641052980667296
1822 0.641358553963705
1823 0.641486136760721
1824 0.641671499662787
1825 0.641858341352463
1826 0.642000088830654
1827 0.642129880096036
1828 0.64233699940575
1829 0.642481225692013
1830 0.642624648925887
1831 0.64270717634143
1832 0.642664368836828
1833 0.642493015886557
1834 0.642253753006486
1835 0.642086439012927
1836 0.642096013770625
1837 0.642260080429825
1838 0.642462234339711
1839 0.642827915194847
1840 0.643161841468507
1841 0.643392899747713
1842 0.643578193578814
1843 0.643785051391343
1844 0.644072069149864
1845 0.644359168158652
1846 0.644586953892513
1847 0.644698656633514
1848 0.644713613502246
1849 0.644567294495133
1850 0.644475654293401
1851 0.644431259870596
1852 0.644372389197495
1853 0.644374352593533
1854 0.644365957929735
1855 0.644385977603468
1856 0.644463361721014
1857 0.644562684948147
1858 0.644536223063213
1859 0.644496010640832
1860 0.644264096382461
1861 0.643953476295234
1862 0.643638947000186
1863 0.64325634296518
1864 0.642901533449891
1865 0.642529579720276
1866 0.641990283502328
1867 0.641452096300518
1868 0.64081896211646
1869 0.640316022247328
1870 0.639852830501668
1871 0.639425267495404
1872 0.639178548627937
1873 0.638862897187969
1874 0.638570885418954
1875 0.638157188300806
1876 0.637495409505998
1877 0.636780878619334
1878 0.63591170380494
1879 0.634826027907691
1880 0.633697523901661
1881 0.632530500229648
1882 0.631134906467038
1883 0.629517503652226
1884 0.627839332652449
1885 0.626143286654414
1886 0.624290088452203
1887 0.622453107989298
1888 0.620453033760598
1889 0.618372682236777
1890 0.615991481227699
1891 0.6135087134979
1892 0.610877498433038
1893 0.608174819190494
1894 0.605286398447458
1895 0.602254972364637
1896 0.599291774729136
1897 0.596220438458808
1898 0.593131757895776
1899 0.590225097455087
1900 0.587375444142581
1901 0.584725726431193
1902 0.582184448480997
1903 0.579878584453656
1904 0.577726667414017
1905 0.57590040875041
1906 0.574262796667868
1907 0.572837709040851
1908 0.57163878794001
1909 0.570702129412697
1910 0.569951081167684
1911 0.569329049622532
1912 0.569017794377906
1913 0.56910157510522
1914 0.569141584541435
1915 0.569197655210818
1916 0.569458226316987
1917 0.569725648058756
1918 0.570140797901849
1919 0.570878417036335
1920 0.571669816261402
1921 0.572438165739194
1922 0.573275248334994
1923 0.574115529283477
1924 0.574937769362955
1925 0.575828471230607
1926 0.576781357656636
1927 0.577588292895721
1928 0.57832529649019
1929 0.579153356914015
1930 0.580036913005812
1931 0.580892843031546
1932 0.581795454979906
1933 0.582876824191092
1934 0.583729281801261
1935 0.584432815814032
1936 0.585247295417162
1937 0.585934902267611
1938 0.586730134661942
1939 0.587756706741097
1940 0.588647100333929
1941 0.589512816183444
1942 0.59031662633202
1943 0.591072182362974
1944 0.5916095964887
1945 0.592387041864066
1946 0.59333556679864
1947 0.594101384653179
1948 0.594892856017175
1949 0.595628400774349
1950 0.596074316440439
1951 0.596621411821377
1952 0.59724558983976
1953 0.59780955882083
1954 0.598489164573556
1955 0.599306666458593
1956 0.60008098932712
1957 0.600862141675051
1958 0.601682842056465
1959 0.602585484117416
1960 0.603427587974364
1961 0.604167626416683
1962 0.604852576376517
1963 0.605385863672604
1964 0.605831952681975
1965 0.606332428877136
1966 0.606817063394183
1967 0.607402839976757
1968 0.608107993212841
1969 0.608718788981311
1970 0.609374638741666
1971 0.610004892086405
1972 0.610547178346857
1973 0.611096076844199
1974 0.611903071649467
1975 0.612705002680919
1976 0.613486659536321
1977 0.614259293411181
1978 0.614927677580924
1979 0.615403673022561
1980 0.615993201877802
1981 0.616590177133781
1982 0.617215719144233
1983 0.617888566056381
1984 0.618510255475348
1985 0.619090506939383
1986 0.619720300003516
1987 0.620415893770069
1988 0.621046788578475
1989 0.621747465096497
1990 0.622465162186638
1991 0.623082601437873
1992 0.623573776807022
1993 0.624152427029377
1994 0.62477071645812
1995 0.625291556509171
1996 0.625743694213806
1997 0.626269554223766
1998 0.626772089870778
1999 0.627237000956481
2000 0.627823273795222
2001 0.628548273315907
2002 0.629182662184407
2003 0.62979401980109
2004 0.630487684652047
2005 0.631237164931065
2006 0.631909093442294
2007 0.632660337456776
2008 0.633260187861379
2009 0.633708865165282
2010 0.634182507698954
2011 0.634564393334261
2012 0.635026401321599
2013 0.635469482185645
2014 0.635998834177953
2015 0.636510789338353
2016 0.637062994166574
2017 0.637566380210302
2018 0.63807746269729
2019 0.63858009256926
2020 0.639061792125915
2021 0.639514267511592
2022 0.639929269854831
2023 0.640380379842395
2024 0.640840302868141
2025 0.641302065408195
2026 0.641677086899766
2027 0.642029780036963
2028 0.642284719031819
2029 0.642575981597702
2030 0.643018128750992
2031 0.643620383427465
2032 0.644154600750956
2033 0.644788179181309
2034 0.64534310726191
2035 0.645846864115635
2036 0.64637890572341
2037 0.646987399803421
2038 0.647458327122027
2039 0.647860548178672
2040 0.648252695069376
2041 0.648531259339807
2042 0.648788904880473
2043 0.64912016744993
2044 0.649538737887001
2045 0.649832491758245
2046 0.650072248647441
2047 0.650377552795354
2048 0.650609741523227
2049 0.65094590417768
2050 0.651486223315298
2051 0.651813786680045
2052 0.652030177822289
2053 0.652290622618407
2054 0.652438883053876
2055 0.652662576729864
2056 0.652869865996229
2057 0.653128364589523
2058 0.653381701372704
2059 0.653578363744361
2060 0.653864450290964
2061 0.654230453443556
2062 0.654574415139935
2063 0.654981830269092
2064 0.655299915152527
2065 0.655554707877354
2066 0.655868145581236
2067 0.656178076810185
2068 0.656481401503835
2069 0.656770125988975
2070 0.657062706174931
2071 0.65728325742283
2072 0.657401056413673
2073 0.657567191632084
2074 0.657717342523984
2075 0.657892357370185
2076 0.658055912272276
2077 0.658244940970694
2078 0.658499948343229
2079 0.658684901273466
2080 0.65874943632742
2081 0.65898581152593
2082 0.659319988757988
2083 0.659611469626324
2084 0.66002155940393
2085 0.660375910381826
2086 0.660685977638458
2087 0.660896592641938
2088 0.661149069740368
2089 0.661464333316527
2090 0.661621286133806
2091 0.661655821143882
2092 0.66176896589188
2093 0.661779898136186
2094 0.661920722887598
2095 0.662125857893915
2096 0.662382218858269
2097 0.662758975706157
2098 0.66305403807947
2099 0.663366789394118
2100 0.663735097946147
2101 0.663930026775722
2102 0.663984188593486
2103 0.664062965644183
2104 0.663990713394173
2105 0.664140169453105
2106 0.664371023803125
2107 0.664587636670629
2108 0.664940181972993
2109 0.665190766208719
2110 0.665299248293782
2111 0.665579412392798
2112 0.665919214836423
2113 0.666305487952548
2114 0.666894340042683
2115 0.667343264265874
2116 0.667755132677485
2117 0.668117336403438
2118 0.668491619454647
2119 0.668885775131871
2120 0.669246093854075
2121 0.669661542000458
2122 0.669966322350242
2123 0.67028202394656
2124 0.670360040362033
2125 0.670125809614412
2126 0.670239505218461
2127 0.670314889752286
2128 0.670475924399733
2129 0.670940066293158
2130 0.671287630647832
2131 0.671608308664253
2132 0.671852676010666
2133 0.672078291563794
2134 0.672357201106318
2135 0.672466630732391
2136 0.672233313230267
2137 0.67229302983562
2138 0.672354922004129
2139 0.672479994167849
2140 0.672856536203398
2141 0.672908690466519
2142 0.672894705879907
2143 0.672676788523739
2144 0.672123469344333
2145 0.671758789401524
2146 0.671438040363841
2147 0.670951467103874
2148 0.670366126622536
2149 0.669876435067264
2150 0.669208942681626
2151 0.668692318178714
2152 0.668385187861703
2153 0.668093044158908
2154 0.667677807936995
2155 0.667129103044709
2156 0.666605560696193
2157 0.665943824590348
2158 0.665456259770957
2159 0.6651004971393
2160 0.664584253662465
2161 0.664022286305867
2162 0.663563218815324
2163 0.663140364618228
2164 0.662561380606517
2165 0.662046376833328
2166 0.661396333335316
2167 0.660406231376142
2168 0.659636307790139
2169 0.658855928496477
2170 0.658269970364249
2171 0.657971286857973
2172 0.657510692659801
2173 0.657086090737092
2174 0.65669600270993
2175 0.656196933279884
2176 0.655551319081093
2177 0.654898878689402
2178 0.654280538912752
2179 0.653530074837463
2180 0.652647795317341
2181 0.651755874884729
2182 0.650807827099052
2183 0.649848308540259
2184 0.64878818777723
2185 0.647784665404944
2186 0.646782347078241
2187 0.645787975277839
2188 0.644721667597806
2189 0.643827483497445
2190 0.643062684888861
2191 0.642261958751921
2192 0.641589366696852
2193 0.640861812530077
2194 0.640053460676796
2195 0.639326656028743
2196 0.638560308339193
2197 0.637746668993367
2198 0.636706863801416
2199 0.635396966229647
2200 0.634343788144787
2201 0.633129649695739
2202 0.632245718389216
2203 0.631645009100099
2204 0.631041260598987
2205 0.630501702961758
2206 0.630110538461874
2207 0.629745566789521
2208 0.629698435103269
2209 0.629842379977633
2210 0.630210346307659
2211 0.630904584223813
2212 0.631690858029392
2213 0.632754998059258
2214 0.633783090692228
2215 0.635070773442098
2216 0.636181237387893
2217 0.637292725960705
2218 0.638255439048565
2219 0.639115705448003
2220 0.6397224594274
2221 0.640362562048829
2222 0.640872911188392
2223 0.641356741176868
2224 0.641808657000914
2225 0.642190269424587
2226 0.64245701208477
2227 0.642775572719121
2228 0.643031216781747
2229 0.643360733563069
2230 0.643725745518462
2231 0.644060128855628
2232 0.644603947284263
2233 0.644777952377683
2234 0.644543198357146
2235 0.64467729847852
2236 0.644881539018178
2237 0.644926591723796
2238 0.645068888857942
2239 0.645243775562536
2240 0.645187235476917
2241 0.645262944207416
2242 0.645620523302058
2243 0.645864090437123
2244 0.646087424131604
2245 0.646177856268059
2246 0.646106724426212
2247 0.646359294127463
2248 0.646620534890085
2249 0.646575223875695
2250 0.646616471354875
2251 0.646620315102051
2252 0.646780844641048
2253 0.646916357415268
2254 0.647179630462192
2255 0.647857449973603
2256 0.647974287371558
2257 0.647626997977809
2258 0.647800828540275
2259 0.647849095979521
2260 0.648221574394829
2261 0.649333175676637
2262 0.649824073233887
2263 0.650070670371023
2264 0.650341424151326
2265 0.650356666714509
2266 0.650488173090794
2267 0.650755360712568
2268 0.650855668734136
2269 0.650942347768428
2270 0.650855263301331
2271 0.650447928960208
2272 0.650287119190795
2273 0.649964179097724
2274 0.649941860415041
2275 0.650495972131905
2276 0.650658858028082
2277 0.650906847614558
2278 0.650767556565259
2279 0.650667322379441
2280 0.650206031405676
2281 0.649852676686657
2282 0.650047557114144
2283 0.649710400989191
2284 0.649153139811749
2285 0.64897031472501
2286 0.648704003444591
2287 0.648646913856061
2288 0.649014033957519
2289 0.649235256227143
2290 0.649409680051879
2291 0.649596853913359
2292 0.650098970083022
2293 0.649932378266042
2294 0.649134479666138
2295 0.64902729128434
2296 0.648912782943955
2297 0.648801173899599
2298 0.649073976924974
2299 0.649317913662936
2300 0.649364415217921
2301 0.649545894701551
2302 0.650323661552397
2303 0.650434987855097
2304 0.650104803732377
2305 0.649720921815949
2306 0.648729017115288
2307 0.648392498691631
2308 0.648132333216587
2309 0.648203030230722
2310 0.648956913417104
2311 0.649438213612553
2312 0.650021283683794
2313 0.650537678294896
2314 0.651304976037751
2315 0.651534489139693
2316 0.651543677339778
2317 0.651215286527245
2318 0.649718113258958
2319 0.649095618138157
2320 0.64867086339027
2321 0.648516550638956
2322 0.649041658216795
2323 0.649641282308264
2324 0.649558686639579
2325 0.649607537736224
2326 0.648803790692288
2327 0.64816325535325
2328 0.648284098880601
2329 0.647364559662587
2330 0.646331512286944
2331 0.645743933720418
2332 0.644666677170038
2333 0.644287589476088
2334 0.644761553204136
2335 0.644951250778931
2336 0.644996473891829
2337 0.645140006744645
2338 0.644687196058415
2339 0.643611854450083
2340 0.643349519099275
2341 0.642965386621944
2342 0.642859442911405
2343 0.6434790153833
2344 0.643518756501635
2345 0.643459291509079
2346 0.643272920805124
2347 0.64283889864831
2348 0.642662813865463
2349 0.642155960083203
2350 0.642110723792204
2351 0.642650521675853
2352 0.64275205079259
2353 0.64318263590386
2354 0.643022634405949
2355 0.642137456313263
2356 0.641726264705812
2357 0.641077223305019
2358 0.640525503720262
2359 0.640276429904068
2360 0.640164682998249
2361 0.640260464124262
2362 0.640009465456224
2363 0.63941245539595
2364 0.639615645631816
2365 0.639974098570915
2366 0.640290707450563
2367 0.642014048374272
2368 0.641964878976762
2369 0.640537057008618
2370 0.639531580619558
2371 0.637600041534693
2372 0.636663491224933
2373 0.636124886493297
2374 0.635821951514788
2375 0.636224003520544
2376 0.636183702951255
2377 0.636246483252112
2378 0.63600874088432
2379 0.63542153301607
2380 0.635038411904487
2381 0.63489024209135
2382 0.634384704515334
2383 0.63384863428223
2384 0.633039262439619
2385 0.630913331090961
2386 0.63043661720048
2387 0.631328322238857
2388 0.630851060496116
2389 0.630604603455714
2390 0.630425395161128
2391 0.628887698434229
2392 0.628854645841019
2393 0.630698032979985
2394 0.630926754876896
2395 0.630305657508811
2396 0.630384495318657
2397 0.630130226865616
2398 0.63017289547767
2399 0.630923045474186
2400 0.631599402477094
2401 0.63264045972077
2402 0.632741536884839
2403 0.632812757763206
2404 0.632126487980531
2405 0.629185384475602
2406 0.628743747963578
2407 0.630188728683221
2408 0.629917251118587
2409 0.629703705485751
2410 0.629787321769732
2411 0.628879363556889
2412 0.627934880955366
2413 0.628431470116473
2414 0.627284720574396
2415 0.623381171143321
2416 0.622200171244425
2417 0.622223410479776
2418 0.621806449348243
2419 0.623236357580177
2420 0.62245684206762
2421 0.619859290503816
2422 0.618389878062291
2423 0.615642681499076
2424 0.614847708787868
2425 0.616511920825132
2426 0.616041142073032
2427 0.61534842468918
2428 0.614615046917458
2429 0.612481822084616
2430 0.611262265232348
2431 0.610718772103149
2432 0.610656687886235
2433 0.611205165137818
2434 0.610714746166826
2435 0.61060029226709
2436 0.609030461155495
2437 0.605457452634049
2438 0.603982596906052
2439 0.602903688610638
2440 0.60201730482299
2441 0.602182680965534
2442 0.600348201781911
2443 0.600446302966623
2444 0.601340552827847
2445 0.599461610065373
2446 0.599774917114823
2447 0.599214437152075
2448 0.594713122627372
2449 0.594094079457542
2450 0.592947465225104
2451 0.590457450303284
2452 0.590043265267116
2453 0.590055146406095
2454 0.590512567505056
2455 0.589281075970445
2456 0.589926114810116
2457 0.591055807217492
2458 0.589666516455724
2459 0.589484928503301
2460 0.588304936386107
2461 0.58558007863557
2462 0.585694060825143
2463 0.586459908688075
2464 0.587105701282921
2465 0.587689800565927
2466 0.588051976282195
2467 0.587655517864988
2468 0.587839864801431
2469 0.586168292756089
2470 0.581633277255302
2471 0.578419587341171
2472 0.574667742871086
2473 0.572324464162179
2474 0.570973540499481
2475 0.569426776057161
2476 0.567857331484658
2477 0.567529629801095
2478 0.568404606614098
2479 0.569514522063791
2480 0.572221862328563
2481 0.572969085137411
2482 0.571860111468979
2483 0.573997259566021
2484 0.578680720712974
2485 0.578774309497064
2486 0.579319458218626
2487 0.577294490924571
2488 0.568886157555884
2489 0.566233514958787
2490 0.566600665481631
2491 0.563709138325953
2492 0.561911954481482
2493 0.561819381159909
2494 0.562484091692683
2495 0.565311327906877
2496 0.572045356156021
2497 0.573230099385908
2498 0.568604820438983
2499 0.563898169087888
2500 0.558069349093835
