"Wavelength" "M078a_m5-w2"
350 0.113371424106676
351 0.108868563157227
352 0.112033230621091
353 0.116635186253777
354 0.110420863154218
355 0.0990895689881013
356 0.102267993810028
357 0.11349256709431
358 0.107287074049644
359 0.10876977431364
360 0.112054865664782
361 0.112477817169841
362 0.115510592456009
363 0.114609305163415
364 0.11156087139199
365 0.109540514321457
366 0.107564142029083
367 0.106110636194039
368 0.106795012037097
369 0.110501709893403
370 0.108164254966711
371 0.104463287636689
372 0.103335068704102
373 0.105919059638845
374 0.108962104396049
375 0.110772204223669
376 0.110169727203981
377 0.104781724288422
378 0.104212009696399
379 0.107708810723613
380 0.109955983954026
381 0.108642205408434
382 0.107400462068092
383 0.107750543183233
384 0.108673831271317
385 0.105560215084156
386 0.105438514355789
387 0.110393781182186
388 0.108155426755667
389 0.107283468164097
390 0.107851371443388
391 0.10756119842454
392 0.106480694085529
393 0.106565824427592
394 0.106867920241522
395 0.104629288668883
396 0.106086601952877
397 0.108188752262956
398 0.108719113508059
399 0.109671013661811
400 0.109208610930568
401 0.108372221846908
402 0.108442893668355
403 0.107715211341587
404 0.107774095281036
405 0.108638619723832
406 0.109113945136951
407 0.109445628648602
408 0.109497950562193
409 0.109402148951875
410 0.109889806373901
411 0.110026106669386
412 0.110003428323307
413 0.110274306761077
414 0.110703515184415
415 0.111573320907622
416 0.112832799474064
417 0.114081545377174
418 0.113837672353047
419 0.113195851252071
420 0.113065271231194
421 0.113016352254235
422 0.113848759887684
423 0.114675380883721
424 0.11445580643683
425 0.114788368327824
426 0.1151136339022
427 0.115219551900103
428 0.115367445134202
429 0.116159767569267
430 0.1168686141296
431 0.117060941991367
432 0.117738899937082
433 0.118071814289878
434 0.118295422969855
435 0.118955636323843
436 0.11919333906554
437 0.119479503208434
438 0.120084003428736
439 0.120892907199132
440 0.121472191779821
441 0.121782155866621
442 0.121939399372307
443 0.122129581647493
444 0.122476947929244
445 0.122977960529631
446 0.123514980507993
447 0.12374588464274
448 0.124095794242279
449 0.124653419480059
450 0.124780539963317
451 0.125223390900789
452 0.125636288870062
453 0.125636372273447
454 0.126247749948218
455 0.126783230855817
456 0.127082766122284
457 0.127478365278316
458 0.127828686506004
459 0.12801685460202
460 0.128128530149048
461 0.128760025034901
462 0.129116733162825
463 0.129212722583508
464 0.129379934748801
465 0.129525973288656
466 0.129789529499141
467 0.130073155020302
468 0.129977979761496
469 0.130541262664533
470 0.131091583336647
471 0.13099244921823
472 0.1311852425893
473 0.131496996023819
474 0.1318920439369
475 0.132382296277494
476 0.132408592307986
477 0.132498328665462
478 0.13295010147094
479 0.133380328559693
480 0.133486330583666
481 0.133645012548775
482 0.134273460040627
483 0.134467333769629
484 0.134743223663101
485 0.135170848629477
486 0.135264773233429
487 0.135804969624312
488 0.136387829302043
489 0.136612433352922
490 0.13690743370193
491 0.137258096475717
492 0.137628806103638
493 0.137986955239034
494 0.138544487238556
495 0.139032058200424
496 0.139332666679587
497 0.139688996879084
498 0.140324904992229
499 0.140943546416336
500 0.141205327860131
501 0.141633505711019
502 0.142131014439205
503 0.1425734033857
504 0.142854781300308
505 0.143169141908868
506 0.143606739405723
507 0.144160501137547
508 0.144625106910081
509 0.145066275372355
510 0.145493886454353
511 0.145896203639286
512 0.146452667747668
513 0.146983053370464
514 0.147406272763336
515 0.147949705183631
516 0.148385337887572
517 0.148726975994091
518 0.149090087036646
519 0.149603791235244
520 0.150172036484119
521 0.150711907778961
522 0.151177760252894
523 0.15169606058366
524 0.152238393204498
525 0.152755326103534
526 0.153281782117035
527 0.15377377205521
528 0.154210950656107
529 0.154605024034203
530 0.15515674427462
531 0.155808448772433
532 0.156433377630738
533 0.156841445811093
534 0.157260165317402
535 0.157778407263878
536 0.158386244663822
537 0.15885657741179
538 0.159336378746617
539 0.159906090445869
540 0.160494473361584
541 0.160993720291354
542 0.161511578182942
543 0.162160401567052
544 0.162732367453548
545 0.163288507486749
546 0.163840783957839
547 0.164346222431612
548 0.164964293799408
549 0.16569915594974
550 0.166496167748452
551 0.167245379470975
552 0.168008565715004
553 0.16877253275843
554 0.169479234144291
555 0.170166769095531
556 0.17080781051765
557 0.171404768043647
558 0.17203680634164
559 0.172664786100487
560 0.173303162000496
561 0.173959502304901
562 0.174462743316866
563 0.17498824161392
564 0.175524068772239
565 0.175763262732
566 0.176061562478647
567 0.176402199155592
568 0.176736329596508
569 0.177331530370138
570 0.178130474956444
571 0.179029665506254
572 0.179896682631339
573 0.180757785424837
574 0.18163843488797
575 0.182521291373794
576 0.183279403953641
577 0.183732376949529
578 0.184057693748873
579 0.184595967322101
580 0.184948657424263
581 0.185153438596981
582 0.185302776483579
583 0.185470128968496
584 0.185741736011885
585 0.186106747341335
586 0.186524500386282
587 0.18704197236906
588 0.187662928975926
589 0.188361886044001
590 0.189082343467334
591 0.189750560672817
592 0.190355942695166
593 0.19092371508454
594 0.191524292758694
595 0.192099248884717
596 0.192648222346594
597 0.193220435828015
598 0.193818531637682
599 0.194361345159293
600 0.194784716942422
601 0.195087959589544
602 0.195389823684269
603 0.195693310069664
604 0.195950641956114
605 0.196226710379535
606 0.196613826189277
607 0.197100853332388
608 0.197498069394324
609 0.197943258026939
610 0.198404336583353
611 0.198814200420582
612 0.199217548248143
613 0.199682010266543
614 0.200198318270666
615 0.200672920534147
616 0.201178607316548
617 0.201690792309707
618 0.202166146750486
619 0.202567852801076
620 0.203016985291398
621 0.203520658814351
622 0.204001058606371
623 0.204458353670424
624 0.204934915265423
625 0.205455299814726
626 0.205994754826576
627 0.20647536382028
628 0.20693573756015
629 0.207448103410305
630 0.207856296040552
631 0.208344192189806
632 0.208941544731717
633 0.209388448257561
634 0.209930653132686
635 0.210444793314896
636 0.210795775709939
637 0.211342443974756
638 0.211907860183546
639 0.212412272266032
640 0.212896479329737
641 0.213363326835123
642 0.21387430111422
643 0.214439372414387
644 0.214882123830146
645 0.215358645891488
646 0.215904428785592
647 0.216472400961036
648 0.217000277583488
649 0.217536575576565
650 0.218097292814188
651 0.21859628236013
652 0.219136850002844
653 0.219708448861722
654 0.220256959628734
655 0.220746012796492
656 0.221276897799204
657 0.22186478580859
658 0.222410408870311
659 0.222881681488441
660 0.22340178773605
661 0.224052885344144
662 0.224622024297076
663 0.225179151982529
664 0.225736707479175
665 0.226265444662447
666 0.226831616609084
667 0.22741425194107
668 0.227991756298829
669 0.228576950191211
670 0.229148298441379
671 0.229731928699676
672 0.230360489210872
673 0.230944118500778
674 0.231524401719609
675 0.232114856962076
676 0.232671612122279
677 0.233234262296165
678 0.233847207981509
679 0.234519780418986
680 0.235128168949768
681 0.235717545553467
682 0.236329537947545
683 0.236990906790272
684 0.237559868652215
685 0.238098134974559
686 0.238683050154854
687 0.239346311931964
688 0.239958557126715
689 0.240590934264232
690 0.241357017054596
691 0.241929989219878
692 0.242509824496073
693 0.243178137275098
694 0.243775971905435
695 0.244412454600246
696 0.245075640183375
697 0.245734258642994
698 0.246432245313176
699 0.247084949834489
700 0.247718484510366
701 0.248443098826085
702 0.249172818045217
703 0.249836641373857
704 0.250437375315559
705 0.251140584005433
706 0.251866038038999
707 0.252548786719023
708 0.253154084300214
709 0.253829321204444
710 0.254521249827943
711 0.255198960589267
712 0.25588366693776
713 0.256603946257401
714 0.25737297251432
715 0.258161691476686
716 0.258807977043018
717 0.259489443922411
718 0.260218742929593
719 0.26089320772446
720 0.26155289320516
721 0.262279111123273
722 0.263077603131961
723 0.263793494369402
724 0.264548597028325
725 0.26530894423092
726 0.266004128116574
727 0.266670346146992
728 0.267427047711907
729 0.268242152277805
730 0.268930484757698
731 0.269590652349586
732 0.270316600852323
733 0.271120945429754
734 0.27179484481549
735 0.27249379672338
736 0.273245064552748
737 0.274007325387129
738 0.274752692534287
739 0.275443272232007
740 0.276101918094364
741 0.276831712036106
742 0.277616933634543
743 0.278409636768713
744 0.279170897891125
745 0.279948356726542
746 0.280685567283483
747 0.281416058331548
748 0.282223384777907
749 0.283025435458603
750 0.283780931404999
751 0.284506089308924
752 0.285307983886963
753 0.286122902639776
754 0.286890633343379
755 0.287577660912984
756 0.28824329497291
757 0.289034549108242
758 0.289902977162438
759 0.29064768398254
760 0.291357399305658
761 0.292122829844264
762 0.292970433858989
763 0.293805491043162
764 0.294582339689675
765 0.295292970712367
766 0.295974129198038
767 0.29678336143024
768 0.297529184598455
769 0.298189881284054
770 0.298915888995629
771 0.299732493680625
772 0.300621309661362
773 0.301531480037129
774 0.302377836653106
775 0.303087731814081
776 0.303741091438036
777 0.304473949576617
778 0.305328212126355
779 0.306192128113928
780 0.306978298450209
781 0.307647812635114
782 0.308323654551494
783 0.309056749353723
784 0.309860059917933
785 0.310704345813174
786 0.31153772904972
787 0.312329585807965
788 0.313070920126296
789 0.313793481654422
790 0.314545170322115
791 0.315351013902594
792 0.316201559104857
793 0.316913293455229
794 0.317624628941599
795 0.318438426718987
796 0.319279697610606
797 0.320086083854664
798 0.320916537330129
799 0.321813330079317
800 0.322533816626692
801 0.323300689522149
802 0.324141274045567
803 0.324928625214348
804 0.325694393747018
805 0.326434154893111
806 0.327176051387936
807 0.328004035578952
808 0.328833306778323
809 0.32968702834494
810 0.330574979994355
811 0.331385785696751
812 0.332026247299472
813 0.332635580511543
814 0.333439239737266
815 0.334202287389876
816 0.334971503266948
817 0.335821088615224
818 0.336808170936719
819 0.33752668020334
820 0.338135550517314
821 0.338839478546742
822 0.339623206156271
823 0.34047410491451
824 0.341267789154516
825 0.34190928990448
826 0.342669312337867
827 0.343392758750587
828 0.344102184930777
829 0.344958388275486
830 0.345832337795018
831 0.346617690439792
832 0.347317144470922
833 0.348092677946698
834 0.348856536492319
835 0.349653433310223
836 0.350493870154611
837 0.351187677609863
838 0.351832814553833
839 0.352497743273407
840 0.353234282696982
841 0.35408370573315
842 0.35494243946795
843 0.355761654071266
844 0.35655677059968
845 0.357296203273384
846 0.358019736230792
847 0.358771831008482
848 0.359583538253099
849 0.360359915375067
850 0.361145707321257
851 0.361971602338394
852 0.362704042915728
853 0.363400899365981
854 0.364067722006817
855 0.364725364917591
856 0.365603833019598
857 0.366453720095951
858 0.367194197316929
859 0.367922145738679
860 0.368765633642925
861 0.369617291740137
862 0.370409507189087
863 0.371181601325759
864 0.371793297897182
865 0.372451549414922
866 0.373281598161766
867 0.374018171977199
868 0.374769055662771
869 0.375547717675873
870 0.376330476548787
871 0.377063897461226
872 0.377852282647531
873 0.378633905682483
874 0.37929112995993
875 0.380032835900363
876 0.380836932357829
877 0.381661879698699
878 0.382459827422459
879 0.383111775164354
880 0.383806821975849
881 0.38462704141236
882 0.385424285178232
883 0.386223895122493
884 0.38700864288064
885 0.387779220733167
886 0.388597524662253
887 0.389374773822636
888 0.390065279041172
889 0.390693499878044
890 0.391457646207786
891 0.392280408796605
892 0.393081485162759
893 0.393804505050543
894 0.394527615131678
895 0.395264527335366
896 0.395997091387473
897 0.396707214288135
898 0.397552402187936
899 0.398478420316034
900 0.399364294602658
901 0.400070182226495
902 0.400734126023917
903 0.401468895388465
904 0.402272244019242
905 0.402985357778541
906 0.403714191484567
907 0.404515169880038
908 0.405396860936725
909 0.406299946972058
910 0.4070475065918
911 0.40776829408488
912 0.40859304560403
913 0.409368545092102
914 0.410115005189262
915 0.410786651640115
916 0.411396532688913
917 0.412238751473718
918 0.413181014020922
919 0.414016135026798
920 0.414629544385524
921 0.415499890973192
922 0.416318978039996
923 0.417021394812552
924 0.417733661149598
925 0.418539296309992
926 0.419389284065891
927 0.420196547749721
928 0.420891235507018
929 0.42165639273469
930 0.422502425858304
931 0.423356849489791
932 0.424099374856032
933 0.424771955345158
934 0.425498595147417
935 0.426337418347483
936 0.427243683813923
937 0.428115800710929
938 0.428804099058749
939 0.429421447224078
940 0.430399200834304
941 0.43125227293539
942 0.432054356576215
943 0.432857505047266
944 0.433509038593129
945 0.434125820280752
946 0.434845801464383
947 0.435678221612603
948 0.436404112557679
949 0.437175008744494
950 0.438038130982606
951 0.438958749438441
952 0.439801910130907
953 0.440516066085304
954 0.441223420356802
955 0.442001052263817
956 0.442715010331729
957 0.443569158179779
958 0.444365074831127
959 0.444986708098587
960 0.445756989315588
961 0.446525063945354
962 0.447271024873246
963 0.448012720791153
964 0.448775078566094
965 0.44953282853952
966 0.450258127799405
967 0.450950121021988
968 0.45166479136959
969 0.452490970674083
970 0.453428888910429
971 0.454350951562217
972 0.454926997187446
973 0.455622381257934
974 0.456386590627083
975 0.457101885036842
976 0.457844921805151
977 0.458567253429775
978 0.459310104865783
979 0.460101505210023
980 0.460893438923674
981 0.461696611326594
982 0.46251521313916
983 0.463348654423638
984 0.464189940300734
985 0.4649727743398
986 0.465706142027657
987 0.466449753823277
988 0.467288966390748
989 0.467838231640236
990 0.4684569702973
991 0.469354267108172
992 0.47028309286766
993 0.47106683205283
994 0.471707120333771
995 0.472340234920586
996 0.473160273576499
997 0.473846008032453
998 0.474567415440351
999 0.475319346248333
1000 0.475913268417041
1001 0.451915170398743
1002 0.452546599309541
1003 0.453151551995158
1004 0.453739444423874
1005 0.454345165135549
1006 0.454965715352489
1007 0.455534022354561
1008 0.456134973663648
1009 0.456942395921935
1010 0.457661385699893
1011 0.458356553364202
1012 0.459119173364077
1013 0.45967665168884
1014 0.460182750504607
1015 0.460765180409204
1016 0.46131844758599
1017 0.461918345922446
1018 0.462627533134837
1019 0.463273648462926
1020 0.463915293060795
1021 0.464487060028501
1022 0.465109315405128
1023 0.465645527248625
1024 0.466179685686044
1025 0.466894304678226
1026 0.467558292913565
1027 0.468187156604216
1028 0.468935997779359
1029 0.469608442277968
1030 0.470278254376964
1031 0.471108580077686
1032 0.471893506500733
1033 0.472685341405361
1034 0.473416071290134
1035 0.474131029080329
1036 0.474852194425879
1037 0.475541761363192
1038 0.476252495746348
1039 0.477004192702581
1040 0.477710199567708
1041 0.478418698207113
1042 0.47916067067182
1043 0.479907410413484
1044 0.480604273850156
1045 0.48128541273729
1046 0.481974057344748
1047 0.482669631137281
1048 0.483370280794832
1049 0.484139434030959
1050 0.484847324366064
1051 0.485487242256424
1052 0.486084051953106
1053 0.486636561488677
1054 0.487247759901879
1055 0.487876684304559
1056 0.48850917273957
1057 0.489112025953183
1058 0.489610719902537
1059 0.490078408258348
1060 0.490580720214611
1061 0.491093552191487
1062 0.491577435613917
1063 0.492076618010614
1064 0.492524487429734
1065 0.492900586476018
1066 0.493300079796419
1067 0.493677112325986
1068 0.49400286078636
1069 0.494395846008238
1070 0.4947688097307
1071 0.495082647867935
1072 0.495423421835941
1073 0.495681901501319
1074 0.495853622545612
1075 0.496016745175821
1076 0.496217627461567
1077 0.496411738708839
1078 0.496674695298116
1079 0.496929910963399
1080 0.497188780129504
1081 0.497486201416502
1082 0.497757664903583
1083 0.498000720018854
1084 0.498242139673872
1085 0.498431216782514
1086 0.498513407183087
1087 0.498607795376208
1088 0.498796962767194
1089 0.498994694813478
1090 0.499177069269686
1091 0.499390908849548
1092 0.499648993597422
1093 0.499861235698749
1094 0.500041747978836
1095 0.500288313780668
1096 0.500538601257948
1097 0.500776583194681
1098 0.500994528067545
1099 0.501253097368386
1100 0.501535310892472
1101 0.501806933978085
1102 0.50214920799134
1103 0.502514813893939
1104 0.502895851882779
1105 0.503340955401069
1106 0.503773995197991
1107 0.504198356978905
1108 0.50469932487151
1109 0.505245046924354
1110 0.505770418726011
1111 0.506343559575127
1112 0.506922147403401
1113 0.507450175891413
1114 0.507941972995668
1115 0.508436538839506
1116 0.508994065527083
1117 0.509565679458335
1118 0.510165175603764
1119 0.510792742202039
1120 0.511412799435556
1121 0.512050687612591
1122 0.512686232515071
1123 0.513334786434009
1124 0.514017630358214
1125 0.514689403409774
1126 0.515345135349743
1127 0.516039174965026
1128 0.516718439150844
1129 0.517409799449013
1130 0.518201194720983
1131 0.518928535035301
1132 0.519630546833837
1133 0.520369231687922
1134 0.521028579499208
1135 0.521734395510849
1136 0.522466018868381
1137 0.523260926996701
1138 0.524001404271484
1139 0.524735405736431
1140 0.525446091708233
1141 0.526154075025143
1142 0.526833253326889
1143 0.527449609366569
1144 0.528151293742185
1145 0.528877680798071
1146 0.52956534320905
1147 0.530315826866991
1148 0.531016829067981
1149 0.531635271044311
1150 0.532255439201601
1151 0.532885109522647
1152 0.533545139704493
1153 0.534170168942052
1154 0.534777160596131
1155 0.535421186616459
1156 0.536060804458944
1157 0.536696900154641
1158 0.537387134713876
1159 0.538033934107607
1160 0.538642791186373
1161 0.539258318349133
1162 0.539883331336461
1163 0.540494265871839
1164 0.541088243755047
1165 0.541639795614104
1166 0.542184323822674
1167 0.54269944288369
1168 0.543228602971376
1169 0.543799327502111
1170 0.544333493217472
1171 0.544840299962212
1172 0.545387594478157
1173 0.545954606608342
1174 0.546489459769185
1175 0.54705479376386
1176 0.54757235867766
1177 0.548053194213175
1178 0.548506250594546
1179 0.548922745662784
1180 0.549338156586847
1181 0.549744078087744
1182 0.550164646224124
1183 0.550581338259794
1184 0.550983582263731
1185 0.551366611914858
1186 0.551737323591767
1187 0.552097726336496
1188 0.552457516625839
1189 0.552797931824371
1190 0.553098962972903
1191 0.553427511696535
1192 0.553761638950879
1193 0.554085757744672
1194 0.554416947919452
1195 0.554752469427003
1196 0.555073570568522
1197 0.555405675825187
1198 0.555773848938766
1199 0.556103543309457
1200 0.556400281330414
1201 0.556721251579814
1202 0.557024178135475
1203 0.557333394004386
1204 0.55764642621227
1205 0.557966883430298
1206 0.558294014282093
1207 0.558639458453912
1208 0.558957133083312
1209 0.559278307971954
1210 0.559580074665068
1211 0.559832554754708
1212 0.560126620531672
1213 0.56043579015045
1214 0.56074911774411
1215 0.561066888945096
1216 0.561403174578344
1217 0.561729159222791
1218 0.562114842411995
1219 0.562502959001208
1220 0.562902676016361
1221 0.563292370711553
1222 0.563671104381357
1223 0.564070540745316
1224 0.564489769881387
1225 0.564889745321598
1226 0.565293627859455
1227 0.565698297681217
1228 0.566119530920146
1229 0.566482627973759
1230 0.566813611861898
1231 0.567158799031405
1232 0.567428107226928
1233 0.56776782394268
1234 0.568202186528125
1235 0.568573019360641
1236 0.56892137773851
1237 0.569288554450356
1238 0.569639447151715
1239 0.569967887568072
1240 0.570324872594255
1241 0.5707148766316
1242 0.571090604949646
1243 0.571459666274552
1244 0.571826436108
1245 0.572189097216122
1246 0.572572423994267
1247 0.572975052813987
1248 0.573352197498126
1249 0.573749668007923
1250 0.574111222890342
1251 0.574398196674784
1252 0.574748712092685
1253 0.575085015697657
1254 0.575488809897449
1255 0.575943377704043
1256 0.576434109052992
1257 0.576974464065467
1258 0.577562576565362
1259 0.578147650003822
1260 0.578771718612665
1261 0.579370884931344
1262 0.580003912599362
1263 0.580556995045428
1264 0.581089225990183
1265 0.581582215006306
1266 0.581979268973323
1267 0.582444205340017
1268 0.582905558705964
1269 0.583385594757602
1270 0.58395564178911
1271 0.584408058780138
1272 0.58482482412915
1273 0.585198113260476
1274 0.585461562486508
1275 0.585750450142246
1276 0.586057930181198
1277 0.586309854341762
1278 0.586518940397451
1279 0.586725407149726
1280 0.586905430362562
1281 0.587038090535611
1282 0.587176696977293
1283 0.58733628897274
1284 0.587414185092764
1285 0.587436783461096
1286 0.587459200873698
1287 0.587450622901709
1288 0.587411948307091
1289 0.587369164138572
1290 0.587276821261853
1291 0.587106590770782
1292 0.586965933853785
1293 0.586817203504346
1294 0.586657818540125
1295 0.58651089993215
1296 0.586333049319647
1297 0.586145411365143
1298 0.585921724496776
1299 0.585660312272905
1300 0.585396257711521
1301 0.585101752309347
1302 0.584782163995857
1303 0.584428656606998
1304 0.584019768341077
1305 0.583683149874605
1306 0.583302679036294
1307 0.583036266903602
1308 0.582879488829594
1309 0.58267381432701
1310 0.582526909903952
1311 0.582313445589518
1312 0.582029503630573
1313 0.581816545076907
1314 0.581602149979219
1315 0.581416104903382
1316 0.581252772115397
1317 0.581141184142152
1318 0.581025958240263
1319 0.580987687705763
1320 0.581040568671158
1321 0.581105644852022
1322 0.581187072833891
1323 0.581326462351063
1324 0.581537132149136
1325 0.581792438201496
1326 0.58209283603333
1327 0.582472427089964
1328 0.582862760538906
1329 0.583290126845653
1330 0.583715918759369
1331 0.584174264723896
1332 0.584642754602087
1333 0.585106316264751
1334 0.585601258309968
1335 0.586117645803198
1336 0.586669665947752
1337 0.58724774573489
1338 0.587839570375072
1339 0.588471201533244
1340 0.589107709274021
1341 0.589768902373815
1342 0.590413992134028
1343 0.591048459897885
1344 0.591715511226466
1345 0.592424843447952
1346 0.593083683716149
1347 0.593742656206258
1348 0.594396470078114
1349 0.595036172413064
1350 0.595619870897956
1351 0.596255376274543
1352 0.596918238061342
1353 0.597580791891105
1354 0.598259375257288
1355 0.598911009950952
1356 0.599552477024439
1357 0.600223656214616
1358 0.600901617858255
1359 0.601562531800463
1360 0.602227091404503
1361 0.602912430984328
1362 0.603578574074066
1363 0.604260815296055
1364 0.604996240102637
1365 0.605694466095478
1366 0.606368374201175
1367 0.607036612519398
1368 0.607706875860698
1369 0.608350406414251
1370 0.608996012929099
1371 0.609588122618604
1372 0.610169191800857
1373 0.610688612507033
1374 0.611122970481802
1375 0.611538304672299
1376 0.61186903225151
1377 0.6120974319606
1378 0.612384507443861
1379 0.612641652292894
1380 0.612895297340823
1381 0.613180940025152
1382 0.613397002295905
1383 0.613572388644861
1384 0.613718510157477
1385 0.613853959256286
1386 0.613916382901588
1387 0.613970344905086
1388 0.613888076706957
1389 0.61371141188105
1390 0.613475294751851
1391 0.613089910612644
1392 0.612744590738115
1393 0.612382711347829
1394 0.611982332002949
1395 0.61155036882266
1396 0.61111583297099
1397 0.610671752531274
1398 0.610183152494544
1399 0.609645574867643
1400 0.609134985050099
1401 0.608641878435805
1402 0.608079639615465
1403 0.60748407423584
1404 0.606925577733799
1405 0.60630177464009
1406 0.605584645310102
1407 0.604933025435262
1408 0.604272711239429
1409 0.60368446136257
1410 0.603059182037341
1411 0.602625744419799
1412 0.602260590292627
1413 0.602068163059154
1414 0.601985923798369
1415 0.602090182899719
1416 0.602354995082267
1417 0.602748803604877
1418 0.603371922261772
1419 0.603979505305295
1420 0.604726117916072
1421 0.605431639690502
1422 0.606172188223832
1423 0.606894482634827
1424 0.607666546784357
1425 0.608346693469959
1426 0.608960163479367
1427 0.609591493215234
1428 0.610180987937172
1429 0.610760745051828
1430 0.611359655606811
1431 0.611929805758948
1432 0.612463843127284
1433 0.612972286940355
1434 0.613495368635641
1435 0.614067149827144
1436 0.614621360497595
1437 0.615195519702239
1438 0.615735935214317
1439 0.616274228020554
1440 0.616776124237475
1441 0.617246839169867
1442 0.617725433009283
1443 0.618190366161885
1444 0.618647078154326
1445 0.619111293008563
1446 0.619539498611439
1447 0.619943345363181
1448 0.620332634157545
1449 0.620701520610166
1450 0.621056364617928
1451 0.621370148634284
1452 0.621723699777762
1453 0.622090350169456
1454 0.622439911023504
1455 0.622796658544353
1456 0.62315908909959
1457 0.623527487816555
1458 0.623864838268507
1459 0.624188005437944
1460 0.62452969246842
1461 0.624849629762262
1462 0.625170566467924
1463 0.625505659056352
1464 0.625855126507175
1465 0.626202931146278
1466 0.626550094604268
1467 0.626938675563192
1468 0.627295593091535
1469 0.627627637616841
1470 0.627935855593106
1471 0.628257043075859
1472 0.628576230381861
1473 0.628991989540302
1474 0.629449904763024
1475 0.629863481641401
1476 0.630320108751847
1477 0.630735616196374
1478 0.631113616893044
1479 0.631464136559191
1480 0.631799794668905
1481 0.632153850047303
1482 0.632459063938298
1483 0.632810802697321
1484 0.633220336852809
1485 0.633594269300175
1486 0.633939716371688
1487 0.6343142519247
1488 0.63471554640002
1489 0.635092670509609
1490 0.635464880585976
1491 0.635841108134334
1492 0.636210045812881
1493 0.636576723002951
1494 0.636965069189949
1495 0.637315992606053
1496 0.637640741549571
1497 0.637960556429931
1498 0.638249325048937
1499 0.638555832655741
1500 0.638889251464589
1501 0.639176030441069
1502 0.639418951014731
1503 0.639700785683859
1504 0.639935659225302
1505 0.640239468687583
1506 0.640647440518002
1507 0.640998080664481
1508 0.641338453268847
1509 0.641691792342031
1510 0.642031173790904
1511 0.642363776226011
1512 0.642716863678348
1513 0.643057873469018
1514 0.643391923820479
1515 0.643700178128714
1516 0.643991995629117
1517 0.644282617718209
1518 0.644550073327245
1519 0.644790288514104
1520 0.645017605703285
1521 0.645256099144521
1522 0.64551147013626
1523 0.645744374037552
1524 0.646050798675035
1525 0.646433386439078
1526 0.646726854063332
1527 0.647033280254842
1528 0.647289168255368
1529 0.647454248695174
1530 0.647709065502298
1531 0.647986371928815
1532 0.648270932127697
1533 0.648602933397964
1534 0.648883577810928
1535 0.649147905052149
1536 0.649405465399963
1537 0.649653011825257
1538 0.64987721315594
1539 0.650082488363911
1540 0.650293725423808
1541 0.650475784676018
1542 0.650680157493284
1543 0.650888271386489
1544 0.651121362208486
1545 0.651346323992093
1546 0.651625742893481
1547 0.651985854071616
1548 0.652275949519767
1549 0.652545782700182
1550 0.652852896389543
1551 0.653143694666532
1552 0.653442743434231
1553 0.653811682267207
1554 0.654111529363043
1555 0.654354434876233
1556 0.654613402489577
1557 0.65485847712675
1558 0.655103382972693
1559 0.655321655637207
1560 0.655582515298289
1561 0.655866055134282
1562 0.656146001972268
1563 0.656467441923193
1564 0.656758392840899
1565 0.657020343429086
1566 0.657296298932176
1567 0.6575789308877
1568 0.657846567655326
1569 0.658097741258881
1570 0.658370109351477
1571 0.658668654430877
1572 0.65892329740685
1573 0.659153484417047
1574 0.659407226374489
1575 0.659645412373356
1576 0.659875355047707
1577 0.660111164056914
1578 0.660367634219447
1579 0.660599627899737
1580 0.66086134362336
1581 0.661219211843574
1582 0.661494934135058
1583 0.661708863082092
1584 0.661949597073976
1585 0.662131829043664
1586 0.662366281959784
1587 0.662659595924696
1588 0.662945419672676
1589 0.663291607853985
1590 0.663567430465945
1591 0.663752727645665
1592 0.664013477991695
1593 0.664265569244935
1594 0.664539066329794
1595 0.664889247133181
1596 0.665234739742596
1597 0.66560564689769
1598 0.665929081427676
1599 0.666277706924517
1600 0.66656554783549
1601 0.66674870371174
1602 0.666903441865196
1603 0.667035336824959
1604 0.667164248383726
1605 0.66735132785876
1606 0.667555442764198
1607 0.667825543638446
1608 0.66816790961956
1609 0.668439428148301
1610 0.668744444342147
1611 0.66898357857909
1612 0.669135796225876
1613 0.669406091763343
1614 0.669698642915293
1615 0.670023699013184
1616 0.67043666018876
1617 0.670734811519269
1618 0.67100867324243
1619 0.671266753220094
1620 0.671463049301222
1621 0.671699906782919
1622 0.671941623348189
1623 0.672204343767796
1624 0.67247586015707
1625 0.672752765819618
1626 0.673068183364423
1627 0.673313362012938
1628 0.673513246540065
1629 0.673764420602205
1630 0.673995770526703
1631 0.674272447736648
1632 0.674613782559672
1633 0.674896680514931
1634 0.675150916241235
1635 0.675446170354368
1636 0.675745681479927
1637 0.676038864902743
1638 0.676360802026562
1639 0.676655745176435
1640 0.676912170129469
1641 0.677223159166319
1642 0.677583511873384
1643 0.677860621388165
1644 0.678141841165163
1645 0.678339319844411
1646 0.678416200171522
1647 0.678638383177908
1648 0.678856704389739
1649 0.679186725175318
1650 0.679623641175567
1651 0.680052242931691
1652 0.680550068250111
1653 0.680964571221192
1654 0.681389208172973
1655 0.681701785974422
1656 0.682058518705528
1657 0.682412124100681
1658 0.682727025911338
1659 0.683025741946909
1660 0.683284431003486
1661 0.683586199080002
1662 0.683886896399961
1663 0.684160684977939
1664 0.684415582069923
1665 0.684632685053806
1666 0.684846805288507
1667 0.685109104027007
1668 0.685416400802904
1669 0.685693379152739
1670 0.68597496154262
1671 0.686271898067093
1672 0.686573205499094
1673 0.686868098117622
1674 0.687161591640339
1675 0.687507463538737
1676 0.687890521419208
1677 0.68835506229883
1678 0.688824779276536
1679 0.689218982962091
1680 0.689571093338879
1681 0.689898837442439
1682 0.690266021681308
1683 0.690679753885499
1684 0.691061447963915
1685 0.691392009646217
1686 0.691755302492417
1687 0.692129265443162
1688 0.692465443313122
1689 0.692797391172444
1690 0.693069457974703
1691 0.693313000219677
1692 0.693571884947787
1693 0.693815489989342
1694 0.694115960430088
1695 0.694431719891412
1696 0.694747991124078
1697 0.695047825641104
1698 0.695279891847123
1699 0.695436551951659
1700 0.695652414891169
1701 0.695886137996626
1702 0.696191694211319
1703 0.696560547954519
1704 0.696926113089983
1705 0.697363173552979
1706 0.697764868116408
1707 0.698194143735433
1708 0.698534069286156
1709 0.698822947793183
1710 0.699085627203204
1711 0.699265366689344
1712 0.699433083828832
1713 0.699590148964494
1714 0.699758850412259
1715 0.699885475236735
1716 0.700027822909775
1717 0.70018251201618
1718 0.700329829601923
1719 0.700448703851373
1720 0.700628215784564
1721 0.700804026159911
1722 0.7010720372938
1723 0.701426479628129
1724 0.70177343905716
1725 0.702214404187448
1726 0.702593194585785
1727 0.70295741214069
1728 0.703265989472893
1729 0.703551052613954
1730 0.703788702182023
1731 0.703915405889773
1732 0.704172819245535
1733 0.704449285370787
1734 0.704771149008902
1735 0.705229832753297
1736 0.70555769064596
1737 0.705842955874509
1738 0.706072686658056
1739 0.706221531274743
1740 0.706313426445945
1741 0.706536143071187
1742 0.706787599017496
1743 0.706946283094195
1744 0.707187010346562
1745 0.707431662219735
1746 0.707633457086058
1747 0.7078892230557
1748 0.708101824997694
1749 0.708339211906363
1750 0.708626845925118
1751 0.708866469654824
1752 0.709207353094441
1753 0.709569726659294
1754 0.709890828180345
1755 0.710292388660108
1756 0.710651639163978
1757 0.710950655106216
1758 0.71120291709243
1759 0.711360829407011
1760 0.711542563904722
1761 0.711729150575259
1762 0.711926408037614
1763 0.712257150722337
1764 0.712622077630655
1765 0.71288526918045
1766 0.713114099235232
1767 0.713435255062554
1768 0.713764018357429
1769 0.714130750443831
1770 0.714558132591862
1771 0.7148354472096
1772 0.714898892985271
1773 0.715039316365809
1774 0.715114833296802
1775 0.715244480957577
1776 0.71543382114682
1777 0.71561820191954
1778 0.715810483595591
1779 0.716035699436629
1780 0.71625685888448
1781 0.716524159268809
1782 0.716838083529279
1783 0.717170345112882
1784 0.717583445900914
1785 0.718033704526321
1786 0.718310502563856
1787 0.718554149590011
1788 0.718901060784185
1789 0.71935971373287
1790 0.719944976983656
1791 0.720443747740822
1792 0.720828589313297
1793 0.721180483889944
1794 0.721440946037105
1795 0.721765459349681
1796 0.722191583044846
1797 0.722494641148548
1798 0.722760118951935
1799 0.723107229058215
1800 0.723386436760272
1801 0.725033421139293
1802 0.72549656704285
1803 0.725555212492542
1804 0.725741036700978
1805 0.725853887314398
1806 0.725757321662468
1807 0.725817006743007
1808 0.725954804747822
1809 0.726081875123415
1810 0.726203770983614
1811 0.726448853903696
1812 0.726616190705457
1813 0.726782146104344
1814 0.727037493714113
1815 0.727295963806902
1816 0.727500706249131
1817 0.727676624271762
1818 0.727912035952061
1819 0.728174145819616
1820 0.728319297501456
1821 0.728569344719308
1822 0.728958507242527
1823 0.729101000490741
1824 0.729239045968923
1825 0.729372355281464
1826 0.729365322904208
1827 0.729473311768497
1828 0.729712367450896
1829 0.729862676210876
1830 0.730011142918472
1831 0.730166093515233
1832 0.730274707401927
1833 0.730189643306872
1834 0.730046386088922
1835 0.729975507603458
1836 0.730077682480118
1837 0.730346246458054
1838 0.730528364328701
1839 0.730826084953917
1840 0.731119750110893
1841 0.731159047062964
1842 0.731126929079781
1843 0.731292784914614
1844 0.731496921537881
1845 0.731726892350857
1846 0.731920477141525
1847 0.73206365248893
1848 0.732159187655326
1849 0.732146779984068
1850 0.732145162473192
1851 0.732231428983701
1852 0.732137438523515
1853 0.732034850363746
1854 0.732022837182401
1855 0.732031152384605
1856 0.732149149701087
1857 0.73226141257363
1858 0.732218869218792
1859 0.732126873547508
1860 0.731815649548804
1861 0.73138486599958
1862 0.731005650411132
1863 0.73065892149525
1864 0.730344691722731
1865 0.730027253241975
1866 0.72965634631098
1867 0.729183200008813
1868 0.728554732419302
1869 0.728031488351742
1870 0.727614584254159
1871 0.727186324390418
1872 0.726952968856835
1873 0.72648750796327
1874 0.725990299965044
1875 0.725410995122702
1876 0.724510446929232
1877 0.723591483978574
1878 0.72253532693143
1879 0.721313905347464
1880 0.719908961488802
1881 0.718423452438997
1882 0.716881668425428
1883 0.715099558301717
1884 0.713222159572775
1885 0.711478379014476
1886 0.709561083143427
1887 0.707449539267572
1888 0.705130569718102
1889 0.702683916426888
1890 0.699850959794422
1891 0.696828543682622
1892 0.693798080650951
1893 0.690611611997247
1894 0.687212782440755
1895 0.683670269165506
1896 0.680038441874799
1897 0.676464985022205
1898 0.672933549139597
1899 0.66956419588957
1900 0.666326484793385
1901 0.663242724348361
1902 0.660224403506648
1903 0.657465933074332
1904 0.654893706366268
1905 0.652562792528378
1906 0.650556049469127
1907 0.64880732263802
1908 0.647318770614235
1909 0.646197788587901
1910 0.64525014052357
1911 0.644494861028464
1912 0.643996655036599
1913 0.643817750322463
1914 0.643721486409693
1915 0.64374180131417
1916 0.643964856211708
1917 0.644389781979401
1918 0.645030795895009
1919 0.645857027813405
1920 0.646782054583609
1921 0.64763492401442
1922 0.648454595491897
1923 0.649332801862485
1924 0.650210773741083
1925 0.651153220277388
1926 0.652131638953118
1927 0.653003965515431
1928 0.653926782960315
1929 0.654930541544897
1930 0.655985866047979
1931 0.657051895744309
1932 0.658108849764415
1933 0.65921797502768
1934 0.660190050843361
1935 0.661045535267724
1936 0.662055508102002
1937 0.662884465234459
1938 0.663823236690216
1939 0.664965085800606
1940 0.665977233598735
1941 0.66699053266929
1942 0.667968329104992
1943 0.668884808366838
1944 0.669647604384619
1945 0.670500424304276
1946 0.671394826087923
1947 0.672229214296015
1948 0.673042540396681
1949 0.673864432646629
1950 0.674559087259137
1951 0.675267020781192
1952 0.675978200955573
1953 0.676627973044927
1954 0.677354855293794
1955 0.678122423057522
1956 0.678936064402969
1957 0.679815727777891
1958 0.680665820721615
1959 0.681543826076873
1960 0.682418140351731
1961 0.683339845776951
1962 0.684179622723549
1963 0.685013955572838
1964 0.68596120668181
1965 0.686784863386254
1966 0.687541357320267
1967 0.688320141163364
1968 0.689099272048454
1969 0.689800297421203
1970 0.690428728429335
1971 0.691149065096043
1972 0.691800441781972
1973 0.692572368133776
1974 0.693559518572727
1975 0.69450863149853
1976 0.695553465831577
1977 0.696601794251944
1978 0.6974674942215
1979 0.698228702680507
1980 0.698938394223435
1981 0.699406098897537
1982 0.700095768451623
1983 0.700844931143134
1984 0.701567565723206
1985 0.702322739729192
1986 0.703187448855782
1987 0.704012485748254
1988 0.704823128703198
1989 0.705631739353355
1990 0.706347354684423
1991 0.707048036349872
1992 0.707627760576344
1993 0.70826075085626
1994 0.7089098901046
1995 0.709570245168696
1996 0.710191188021365
1997 0.710837358966459
1998 0.711563939802274
1999 0.712200204569502
2000 0.712790883986684
2001 0.713495249912886
2002 0.714155352051928
2003 0.714749478500471
2004 0.71551880032308
2005 0.716461944752492
2006 0.717204872481919
2007 0.717989192068225
2008 0.718685834474438
2009 0.719160759281888
2010 0.719710207471443
2011 0.720260962059327
2012 0.720913449598981
2013 0.721406268287955
2014 0.722020742987869
2015 0.722577278409388
2016 0.72309786778081
2017 0.72363365745601
2018 0.724170830432333
2019 0.724754701687409
2020 0.725416299539241
2021 0.725952030800933
2022 0.726430957478721
2023 0.72694201503422
2024 0.727361958467027
2025 0.72787136287362
2026 0.728373414046118
2027 0.728825241283372
2028 0.729218083726542
2029 0.729573133336473
2030 0.730063079628145
2031 0.730647391544461
2032 0.73121719441471
2033 0.731877645783072
2034 0.732486117414407
2035 0.733102383461877
2036 0.733694673082462
2037 0.734342845066442
2038 0.734859100646896
2039 0.735303832419302
2040 0.73568073272899
2041 0.736056839597926
2042 0.736324603042433
2043 0.736664200645721
2044 0.737084503035775
2045 0.737388913858005
2046 0.737602599543819
2047 0.737896819081931
2048 0.738124902787701
2049 0.738455173156865
2050 0.739015484776149
2051 0.739321454516719
2052 0.739468152992408
2053 0.73971887276775
2054 0.739827666359378
2055 0.740022569358219
2056 0.740334966645474
2057 0.740801811146983
2058 0.741238949058255
2059 0.741775391422559
2060 0.742190523754194
2061 0.742626985834675
2062 0.743010447753107
2063 0.743230318787202
2064 0.743568114229196
2065 0.744071028694181
2066 0.744365476776242
2067 0.744514540621414
2068 0.744817242467561
2069 0.744903632030326
2070 0.744958524571867
2071 0.745158145766375
2072 0.745462754537936
2073 0.745704058243176
2074 0.746011706821477
2075 0.746246548615539
2076 0.746381306641172
2077 0.746628115616291
2078 0.746967229280083
2079 0.747193652456098
2080 0.747371770831972
2081 0.747641936696554
2082 0.747837912636841
2083 0.74810427197498
2084 0.748504080825109
2085 0.748914626375207
2086 0.749279262806792
2087 0.749661061237003
2088 0.749943257316717
2089 0.750224636993381
2090 0.750351342982279
2091 0.750212824995168
2092 0.750363920326136
2093 0.750538015872999
2094 0.750785379630338
2095 0.751294701828196
2096 0.751654535898
2097 0.751884169122678
2098 0.752199638824514
2099 0.752668534386
2100 0.752926320824938
2101 0.753105399163384
2102 0.753364152095604
2103 0.753569293744984
2104 0.753641384375989
2105 0.753845712888155
2106 0.754063298082991
2107 0.754424380879408
2108 0.754951199778057
2109 0.755301206996993
2110 0.755676489754091
2111 0.756061355708875
2112 0.756274356817436
2113 0.756626472717905
2114 0.757124316901708
2115 0.757620599279961
2116 0.758249423786204
2117 0.758667427769922
2118 0.759157413231752
2119 0.759699441396183
2120 0.760004199179537
2121 0.760083662511521
2122 0.760361048755764
2123 0.760639115141407
2124 0.760785747664755
2125 0.76092384306125
2126 0.761110569397531
2127 0.761141114021491
2128 0.761299737454824
2129 0.761632147472007
2130 0.761910094608238
2131 0.762154473812434
2132 0.762417716867002
2133 0.762821161904287
2134 0.763087138969332
2135 0.763177802668226
2136 0.763055333600375
2137 0.763108696300497
2138 0.763054778252556
2139 0.763065179717674
2140 0.763315900651523
2141 0.763258070636844
2142 0.762997242163707
2143 0.762755011650872
2144 0.762411028708747
2145 0.762048926850775
2146 0.761649335351028
2147 0.761211563184015
2148 0.760723531012774
2149 0.760222859217505
2150 0.759579843721573
2151 0.759093339031466
2152 0.758742036039552
2153 0.758284584607165
2154 0.757864318184308
2155 0.757484773520671
2156 0.75695732207788
2157 0.756281344949828
2158 0.755646700920271
2159 0.754961155121681
2160 0.754300889433405
2161 0.753575389622622
2162 0.752975310151041
2163 0.752565666167958
2164 0.751904104004523
2165 0.751194139210965
2166 0.750430273639401
2167 0.749367501898622
2168 0.748522281910171
2169 0.747670556979803
2170 0.747035894562515
2171 0.746720413966148
2172 0.746250574998916
2173 0.746038305282738
2174 0.745481869846281
2175 0.744833253694677
2176 0.743975710708537
2177 0.743069202259119
2178 0.742001163784311
2179 0.741026837134279
2180 0.739929423669473
2181 0.73897832378122
2182 0.738196043479808
2183 0.737215434437529
2184 0.736251345619602
2185 0.735140724019597
2186 0.73378042289368
2187 0.732556189013412
2188 0.731222600237253
2189 0.730084963463504
2190 0.72912752452937
2191 0.728109970466189
2192 0.727060894795967
2193 0.726193145371162
2194 0.72547913932674
2195 0.724730791870138
2196 0.723833642035561
2197 0.723162781550434
2198 0.722243224183071
2199 0.721058809779338
2200 0.719986337445951
2201 0.718935945031184
2202 0.71784657209414
2203 0.71656090215654
2204 0.715625607767029
2205 0.714699965908132
2206 0.714164606158966
2207 0.713912597418125
2208 0.713871950636894
2209 0.714163969609775
2210 0.714583740973188
2211 0.715165327727642
2212 0.716005102509811
2213 0.717269374157566
2214 0.718377502456953
2215 0.719862932311334
2216 0.721006603548821
2217 0.721825420588763
2218 0.722665698784819
2219 0.723739729371112
2220 0.724638299447274
2221 0.725508319127292
2222 0.726524618134429
2223 0.727256571770851
2224 0.727755271831144
2225 0.728217030738311
2226 0.728704652735187
2227 0.728908862525975
2228 0.728744179613255
2229 0.728763666697166
2230 0.728533189727317
2231 0.728692659594537
2232 0.72916781679609
2233 0.729518156340602
2234 0.730040137653093
2235 0.73045546052425
2236 0.730964432962178
2237 0.731094243800357
2238 0.730761497456204
2239 0.730835023452223
2240 0.730937477028504
2241 0.730957380078708
2242 0.731142526257997
2243 0.731459032208257
2244 0.731784932167851
2245 0.731857942229627
2246 0.73241516335991
2247 0.732902274831924
2248 0.733189368162668
2249 0.73328859497908
2250 0.733343821250602
2251 0.733242995147143
2252 0.733366147764631
2253 0.73343730820816
2254 0.733599638782084
2255 0.734002675279266
2256 0.734215888992353
2257 0.734228930957502
2258 0.734548627628326
2259 0.734907732189635
2260 0.735422878076912
2261 0.736338361718449
2262 0.736903708211474
2263 0.737362643467715
2264 0.737901839403353
2265 0.738354263378886
2266 0.73874842569618
2267 0.739301162401946
2268 0.739593401407338
2269 0.739808867528953
2270 0.739697908536653
2271 0.739194960377912
2272 0.738820969104232
2273 0.737999216649347
2274 0.737574136355947
2275 0.737516768860535
2276 0.737390369884007
2277 0.737634939052111
2278 0.73734167323685
2279 0.737317604106835
2280 0.737077016484008
2281 0.736616657469537
2282 0.736806364663034
2283 0.736584092064893
2284 0.736209510092983
2285 0.736215529318722
2286 0.736310211395209
2287 0.73642389597559
2288 0.736841726336791
2289 0.737119529674713
2290 0.737304258284667
2291 0.737555285674007
2292 0.738114752429426
2293 0.738100521246516
2294 0.737628583763605
2295 0.737522075563902
2296 0.73729880309217
2297 0.737052565174232
2298 0.736954022004036
2299 0.736895881355354
2300 0.736766770733849
2301 0.736550351095388
2302 0.736489087027487
2303 0.736399078651913
2304 0.736002850810392
2305 0.735763125613486
2306 0.735582714044683
2307 0.735648314884466
2308 0.735889574636037
2309 0.736060516058718
2310 0.736552209674914
2311 0.736829932377243
2312 0.736845224963106
2313 0.737067447315324
2314 0.737572214662069
2315 0.737725040792317
2316 0.737981331108028
2317 0.737627718606753
2318 0.736330142417505
2319 0.735635272846925
2320 0.734678318925871
2321 0.7342020001727
2322 0.734441679974727
2323 0.733968885674729
2324 0.733672971979504
2325 0.733408058029907
2326 0.732705020422143
2327 0.733013863967021
2328 0.733478715386481
2329 0.733008432839574
2330 0.732401804083595
2331 0.732171985847458
2332 0.731358242117224
2333 0.730899853102508
2334 0.731118135910742
2335 0.730814395998798
2336 0.730572790591792
2337 0.730446892859826
2338 0.729943861898386
2339 0.729039648145031
2340 0.72859410995819
2341 0.727714606764941
2342 0.728046636561178
2343 0.729573269823384
2344 0.729869347572921
2345 0.730779613129041
2346 0.730526326008696
2347 0.728481871342209
2348 0.728020915202441
2349 0.727880657033594
2350 0.727600048756717
2351 0.728031509776703
2352 0.727948019688796
2353 0.727409354599105
2354 0.727206520531185
2355 0.72710455235154
2356 0.726782370613562
2357 0.726394355594243
2358 0.726033564571403
2359 0.725476252814455
2360 0.725479211287113
2361 0.725989840067116
2362 0.725887063805704
2363 0.725877795244207
2364 0.725457893263882
2365 0.724082877473927
2366 0.723815962435498
2367 0.724065659154666
2368 0.724217084433042
2369 0.725150053481386
2370 0.725077165986963
2371 0.724315103512515
2372 0.723869202884695
2373 0.723240866376797
2374 0.722494456743799
2375 0.721433248242054
2376 0.721169217747291
2377 0.721323748998846
2378 0.720927682501166
2379 0.721127459209682
2380 0.720641064371466
2381 0.718928394666098
2382 0.718104471316005
2383 0.717717734293987
2384 0.717273747992189
2385 0.716475805110409
2386 0.716779479841503
2387 0.718914547729085
2388 0.718344693024259
2389 0.716475489268605
2390 0.715819198739632
2391 0.713647411589549
2392 0.712988533228668
2393 0.714894124264906
2394 0.715360357567297
2395 0.714507799116475
2396 0.714621059593121
2397 0.71553290434274
2398 0.715644436809136
2399 0.715646217017128
2400 0.715871167636501
2401 0.715593773579839
2402 0.715803470007075
2403 0.717115443779053
2404 0.717066012379065
2405 0.716506186287398
2406 0.715505727305895
2407 0.713187243522239
2408 0.711916295815398
2409 0.710578826852255
2410 0.709978800575166
2411 0.710384795750551
2412 0.709719300989832
2413 0.709007196032825
2414 0.708298183390037
2415 0.707189032228084
2416 0.706276608179726
2417 0.70551608448662
2418 0.704772210392928
2419 0.703838042301725
2420 0.702659139010275
2421 0.701962098085282
2422 0.700467012577393
2423 0.697636037516025
2424 0.696337321600631
2425 0.695432690934508
2426 0.694668785547736
2427 0.694752347508114
2428 0.694844169372401
2429 0.695363267142378
2430 0.694824250815977
2431 0.694418938441074
2432 0.693088687569886
2433 0.690399469469194
2434 0.688167174196811
2435 0.685440932899896
2436 0.683618861250527
2437 0.681501693576818
2438 0.68105503005751
2439 0.682457680832811
2440 0.682404259986087
2441 0.682661927303238
2442 0.682685708328518
2443 0.6821271143234
2444 0.680205797337243
2445 0.678513822252098
2446 0.678000092577302
2447 0.676357952335643
2448 0.672990312096157
2449 0.671722028785907
2450 0.670219423812339
2451 0.666830322996619
2452 0.666420306130136
2453 0.668491191995613
2454 0.66907359236192
2455 0.669622258721231
2456 0.671740797608369
2457 0.6719459625063
2458 0.671951020669773
2459 0.672192652129595
2460 0.668052493175731
2461 0.662732317932237
2462 0.660729986593025
2463 0.659375516884174
2464 0.663043938437314
2465 0.664786871039873
2466 0.664830392853731
2467 0.664414211855086
2468 0.664674126443094
2469 0.662815252336273
2470 0.656654468004864
2471 0.654318613816335
2472 0.653887566100184
2473 0.652604903097628
2474 0.652553481868333
2475 0.652693721740815
2476 0.651895840586436
2477 0.651310882677018
2478 0.652974438018013
2479 0.652487049541822
2480 0.649288925509801
2481 0.647980911700146
2482 0.646879187547859
2483 0.647264104428051
2484 0.650245312719802
2485 0.648783917959486
2486 0.644647043611376
2487 0.644352964460969
2488 0.644205417443436
2489 0.643650821600726
2490 0.647242869576767
2491 0.643407928166583
2492 0.636147229056346
2493 0.63490179052586
2494 0.635396362223077
2495 0.636495366984592
2496 0.640552485178412
2497 0.641742936959405
2498 0.641324303645475
2499 0.641676178286477
2500 0.639130392526537
