"Wavelength" "M080a_m3-w2"
350 0.10017836502125
351 0.096331571469433
352 0.0898325645578584
353 0.0868334066110638
354 0.0881406791507427
355 0.0837281019556941
356 0.0821780803743512
357 0.0861154118867851
358 0.0917243439113261
359 0.0922209983897841
360 0.0917156053879724
361 0.093099349248733
362 0.0943712611622371
363 0.0916703625889452
364 0.0886942033786778
365 0.0891069546037633
366 0.0880355536018246
367 0.0851810538126564
368 0.0844805309897446
369 0.0901287797823252
370 0.0885524928609245
371 0.0851109464064628
372 0.0838282671811465
373 0.0845745418467053
374 0.0883751790513629
375 0.0892888797387316
376 0.0853243994836878
377 0.0879990045626698
378 0.0898027446355196
379 0.0894117817433024
380 0.0882870536501659
381 0.0870853560537673
382 0.0861313653044702
383 0.0870612769388849
384 0.0921123216897941
385 0.0886958525214907
386 0.0860219378394087
387 0.0898262104260056
388 0.0912831635072599
389 0.0906401015875741
390 0.0894118344842239
391 0.0890731480636374
392 0.087483005594795
393 0.086675043186114
394 0.086893948046011
395 0.0869540640459068
396 0.088936805429284
397 0.0899050611408643
398 0.0889775443124792
399 0.0903309678221076
400 0.0908890600178715
401 0.0905194121238494
402 0.0899398290292214
403 0.0893654436521955
404 0.0893380828997218
405 0.0898346146846907
406 0.0904282113721437
407 0.0915181193469698
408 0.0915000565370969
409 0.090237951698184
410 0.0907440500922883
411 0.0909161241316152
412 0.0908956842968484
413 0.0913425287481826
414 0.0921302910369651
415 0.092545507401732
416 0.0926613195638429
417 0.0931371352415502
418 0.0928648814387294
419 0.0929765963138758
420 0.0939484930878514
421 0.094147689595532
422 0.0950233629592228
423 0.095619994029822
424 0.0948093860271946
425 0.0952475862744466
426 0.0956154967027985
427 0.0955077114302609
428 0.0956160513205526
429 0.0957508664868842
430 0.0961290929594905
431 0.0968202565433351
432 0.0974478421666585
433 0.0975151667480931
434 0.0974672119189056
435 0.0980237886859017
436 0.0984705302433844
437 0.0989663154821381
438 0.0994784976524903
439 0.0996599253785973
440 0.100006736447495
441 0.100413852258909
442 0.100634538065746
443 0.100361813029546
444 0.100703173887377
445 0.101585859042294
446 0.102212061219759
447 0.102477545416112
448 0.102712430672944
449 0.103018076887335
450 0.102993854999594
451 0.103160066570797
452 0.103393937102364
453 0.103520547026876
454 0.104094966271373
455 0.104604366119649
456 0.104958582115251
457 0.105425189137872
458 0.105381893765621
459 0.105241513411846
460 0.105412028236795
461 0.105882954886204
462 0.106466419540215
463 0.106836617683747
464 0.106758974615379
465 0.106892747741726
466 0.107202520071129
467 0.107492548158204
468 0.107454458106245
469 0.107646730909457
470 0.107907097817125
471 0.108089629142205
472 0.108813777220359
473 0.109098610363965
474 0.109036911218475
475 0.109380218671712
476 0.109555808036349
477 0.109694053708639
478 0.109935749951782
479 0.110301410400395
480 0.110333932836563
481 0.110431328159613
482 0.111065116092899
483 0.111281940182334
484 0.111446739839389
485 0.11178650745945
486 0.11228462346592
487 0.112597069661179
488 0.112920556981948
489 0.113378811824151
490 0.11344148475338
491 0.113670447682753
492 0.114069369388488
493 0.114321914148283
494 0.114596316815419
495 0.115059353588979
496 0.11564686447879
497 0.115860831820628
498 0.116189304400953
499 0.116637984610718
500 0.117038996282952
501 0.117202727903247
502 0.117627955203733
503 0.11826793886143
504 0.118471154886628
505 0.118798098078899
506 0.119210907436418
507 0.119595667150115
508 0.12005406029628
509 0.120388303886837
510 0.120635046840264
511 0.120968570874823
512 0.12127109183279
513 0.121613485857748
514 0.122038725925793
515 0.122505722907317
516 0.122875965155531
517 0.123276494271946
518 0.123850532836708
519 0.124160842916415
520 0.124518516135089
521 0.12499277961842
522 0.12529885551678
523 0.125662090168089
524 0.126086506435941
525 0.126523286792699
526 0.126953428359919
527 0.127320044577516
528 0.127675055617254
529 0.128145633294021
530 0.128693446135393
531 0.129192115871516
532 0.129586664678215
533 0.130017252696564
534 0.130408113140367
535 0.130799211083929
536 0.131256995865156
537 0.131631179914423
538 0.13203008474665
539 0.13252121184831
540 0.133081527178789
541 0.13356298097027
542 0.133984461500724
543 0.134410073942519
544 0.134816738303463
545 0.135288991191197
546 0.13579015473532
547 0.136167038116327
548 0.136590757771903
549 0.137107041937668
550 0.137670166940784
551 0.138022047898461
552 0.1385380340567
553 0.139183659583405
554 0.139670361677902
555 0.14014571319617
556 0.140656663446639
557 0.141199956197919
558 0.141685903616238
559 0.14221792005247
560 0.142786072612926
561 0.14332894602474
562 0.14377887533376
563 0.144230749230599
564 0.144719180287574
565 0.145180619516115
566 0.145583410975592
567 0.145964618538372
568 0.146361080469286
569 0.146696015002857
570 0.147056684218029
571 0.147472561629544
572 0.147912729438033
573 0.148299800371025
574 0.148714865097591
575 0.149212868145185
576 0.149689054684653
577 0.150044013375151
578 0.150355220827447
579 0.150795650137685
580 0.15130561297251
581 0.151738455237099
582 0.152056201712316
583 0.152433918411778
584 0.152902989865372
585 0.153374773966271
586 0.153737903141092
587 0.154055503393515
588 0.154431413011947
589 0.154879714581665
590 0.15530504428014
591 0.155605003235291
592 0.15590349657178
593 0.156305744129709
594 0.156571866254776
595 0.156925561618101
596 0.157345948047655
597 0.157620063935438
598 0.157976562907981
599 0.158379559382622
600 0.158755130711834
601 0.159043684620566
602 0.159401695388311
603 0.159797633768992
604 0.160124398974662
605 0.160537372765691
606 0.160934384427458
607 0.161260362079955
608 0.161579763970217
609 0.161965653964829
610 0.162353662650542
611 0.162666436641043
612 0.163043128792706
613 0.163429777643986
614 0.163809028893908
615 0.164216897402494
616 0.16459390173643
617 0.164947524478605
618 0.165298384163542
619 0.165653528825791
620 0.165982037588787
621 0.166295153221299
622 0.166636250299455
623 0.16703109077662
624 0.16742208609748
625 0.167772480173677
626 0.168124186440155
627 0.168493860444577
628 0.168865376738337
629 0.169215012995463
630 0.169606559320544
631 0.170027638401277
632 0.170443017284257
633 0.170791647389221
634 0.17117769525889
635 0.171531459810934
636 0.171784010666601
637 0.172124420528554
638 0.17253316736779
639 0.172957129778138
640 0.173322517733337
641 0.173699172836706
642 0.174107087895027
643 0.174536821844796
644 0.174929527504843
645 0.175315277161437
646 0.17570173009098
647 0.17608297292349
648 0.176456940154929
649 0.176881181491112
650 0.177359865629588
651 0.177783295941926
652 0.178164913556776
653 0.178548182342759
654 0.17897392993851
655 0.179366937286819
656 0.179762867731372
657 0.180183770940925
658 0.180625614968615
659 0.181026888781961
660 0.18140616226756
661 0.181798427232773
662 0.182209879715721
663 0.18265892569291
664 0.183124399927279
665 0.183554962530101
666 0.183921854709019
667 0.184355434231301
668 0.184902991868591
669 0.185376087230202
670 0.185763731007748
671 0.186132286389972
672 0.186572106629862
673 0.187006577333584
674 0.187497141896977
675 0.188022377609137
676 0.188430016195453
677 0.188883684100598
678 0.189329803457951
679 0.189710488732
680 0.190209284843151
681 0.190697643689559
682 0.1911390040366
683 0.191582695714176
684 0.192045305136938
685 0.192526123208957
686 0.193009533720348
687 0.193451491590078
688 0.193901260687115
689 0.19439486994275
690 0.194940087381526
691 0.195402075222621
692 0.195860924202353
693 0.196353779587802
694 0.19682878787007
695 0.197322760989401
696 0.197813123839343
697 0.1982824905656
698 0.19880483373177
699 0.199322291115423
700 0.199815305404251
701 0.200298789696574
702 0.200760584594808
703 0.201261083424278
704 0.201821926563701
705 0.202355218561121
706 0.202828907267968
707 0.203279853609188
708 0.203775830829054
709 0.204338918527585
710 0.204879284808256
711 0.205368128391422
712 0.205866912348687
713 0.206400314667783
714 0.206938257044076
715 0.207446037316392
716 0.207921585035624
717 0.208480369299108
718 0.209084988153745
719 0.209597851738908
720 0.210094577958866
721 0.210616614906291
722 0.21117028895118
723 0.211706524627016
724 0.212206884508844
725 0.212761305206948
726 0.213437061131965
727 0.213960979882841
728 0.214451003146251
729 0.214960360150893
730 0.215453810294412
731 0.215991860278615
732 0.21651534062612
733 0.216996768567689
734 0.217566111960892
735 0.218164858285607
736 0.21873071385454
737 0.219225866479094
738 0.219826887581506
739 0.220371550451864
740 0.220820565139592
741 0.221349182434357
742 0.221890824701803
743 0.222443260491964
744 0.22301958516097
745 0.223647208357585
746 0.22424371723873
747 0.224763445227196
748 0.225208815169985
749 0.225753043570603
750 0.226336966088366
751 0.226897844124774
752 0.227426011284938
753 0.227990567350325
754 0.228553623421515
755 0.229072290743506
756 0.229649055164494
757 0.230198289542438
758 0.230716247197212
759 0.231266155611276
760 0.231781242067445
761 0.23231041314624
762 0.232879104058299
763 0.233426770303768
764 0.234011830286446
765 0.234613585861207
766 0.235188945763648
767 0.235733020979024
768 0.236304647485047
769 0.236898333908127
770 0.237448032657542
771 0.237944849922467
772 0.238467006613052
773 0.2390479766527
774 0.239585866225017
775 0.24013531210758
776 0.240695108019738
777 0.241249522615622
778 0.241798107143417
779 0.242348946571349
780 0.242910565900706
781 0.243490469550842
782 0.244079658534245
783 0.244622909962305
784 0.245116537337783
785 0.245688717309511
786 0.24621658643895
787 0.246737209554685
788 0.24731285188073
789 0.24782036189863
790 0.248348827590076
791 0.248912146175976
792 0.249452478334493
793 0.249981956829385
794 0.250564641230062
795 0.251197277459146
796 0.251728368429153
797 0.252233422690316
798 0.252765724689235
799 0.253353733581861
800 0.253951423231017
801 0.254491269227104
802 0.254982200457376
803 0.255492673366896
804 0.256035617483572
805 0.256599643225018
806 0.257172206335076
807 0.257746928932813
808 0.258332327946542
809 0.258923981633398
810 0.259499464409031
811 0.259994743240277
812 0.26049192844879
813 0.261027938994076
814 0.261594959429181
815 0.26208567109321
816 0.26258995162721
817 0.263173163002373
818 0.263837737891042
819 0.264428410641969
820 0.264913348256714
821 0.265347921277422
822 0.265926589014157
823 0.266443484503094
824 0.266934035043892
825 0.267490694224266
826 0.267995515985337
827 0.268457974720891
828 0.268941492474238
829 0.269529363789572
830 0.270090625372387
831 0.270648160400067
832 0.271222472372452
833 0.271797143238619
834 0.272196651610729
835 0.272578752122974
836 0.273099652401343
837 0.27361823735814
838 0.274167434701219
839 0.274754146627074
840 0.275360874680129
841 0.275915008968367
842 0.276397251975949
843 0.276865639091243
844 0.27743291577867
845 0.278030689615258
846 0.278558225009958
847 0.279020844613141
848 0.279604429507405
849 0.280091338578869
850 0.280518376306506
851 0.280970592188783
852 0.281454856433941
853 0.281945243754921
854 0.282460088758158
855 0.283026316307986
856 0.283615065575052
857 0.284122187235122
858 0.2845855923485
859 0.285146534914239
860 0.28570330680451
861 0.286251428616168
862 0.286782448283036
863 0.287268034728645
864 0.28776961726835
865 0.288223434718429
866 0.288621730818249
867 0.289165426464347
868 0.28967995267311
869 0.290183681510555
870 0.290732096881985
871 0.291246792840649
872 0.291763259856867
873 0.292278516745362
874 0.292770329112418
875 0.293252096453462
876 0.293743815411535
877 0.294269928357892
878 0.294842873593576
879 0.295305592201134
880 0.295750575656199
881 0.296244511061317
882 0.296753198789357
883 0.297230119480179
884 0.297753201471281
885 0.298335251058751
886 0.298763311713844
887 0.299247370407711
888 0.299767806045641
889 0.300259118219635
890 0.300782970754961
891 0.301342605529968
892 0.301887087190653
893 0.302360152126698
894 0.302826954009046
895 0.303387719879263
896 0.303954405370031
897 0.304339881780711
898 0.304734476721464
899 0.305255797442431
900 0.305860150682802
901 0.306354621457042
902 0.306820502933615
903 0.307275911020776
904 0.307723177864742
905 0.308152063417884
906 0.308622582289409
907 0.309156334034023
908 0.309729691426171
909 0.31025091249652
910 0.310796801341944
911 0.311354689309988
912 0.311863184062119
913 0.31217926317974
914 0.31262431172179
915 0.313166950512748
916 0.313678188643623
917 0.314247798304602
918 0.314675577293469
919 0.315076150574746
920 0.315637080418852
921 0.316050195025291
922 0.316504734132233
923 0.317062767020134
924 0.317654804283867
925 0.318060284952353
926 0.318531000124913
927 0.319061064825504
928 0.319448313073693
929 0.319943119179313
930 0.32051490399443
931 0.321088441959692
932 0.321583238503355
933 0.321984851643205
934 0.322424709810965
935 0.322932073817678
936 0.323394575182315
937 0.323832111630581
938 0.324346353325578
939 0.324916267922382
940 0.325346718234217
941 0.325809043171915
942 0.326320208469058
943 0.326854118475525
944 0.327369441954758
945 0.327891911366773
946 0.328379635718566
947 0.328813518308301
948 0.329239274234744
949 0.329704272572677
950 0.33018446384689
951 0.330632062778024
952 0.330996169721401
953 0.331513871186835
954 0.331986882323044
955 0.332302193723926
956 0.332776377725684
957 0.333302016258139
958 0.33381035186806
959 0.334267945021954
960 0.334705530411984
961 0.335222114946771
962 0.335798194967395
963 0.336352431212477
964 0.336758426186493
965 0.337217533435275
966 0.337689602276779
967 0.338123494768187
968 0.338619643115518
969 0.339039769192021
970 0.339454947507401
971 0.339891850984766
972 0.340134768579764
973 0.340483466834976
974 0.340930360684678
975 0.341406945129687
976 0.341923390570497
977 0.342384725997992
978 0.342936115593938
979 0.343564649231538
980 0.343825979661714
981 0.344140200099664
982 0.344633300594174
983 0.345220456691465
984 0.345602764374859
985 0.34598298008273
986 0.346383098452304
987 0.346812732638536
988 0.347313292778422
989 0.347654199775796
990 0.348082331141115
991 0.3486567978535
992 0.349053481649587
993 0.349522179349625
994 0.349970019659079
995 0.350352849684764
996 0.350764383532982
997 0.351334166301505
998 0.351780659811377
999 0.352006833269568
1000 0.352204403916173
1001 0.352936768288426
1002 0.353392728381682
1003 0.353808318819839
1004 0.354235831904819
1005 0.354706952449025
1006 0.355182266168268
1007 0.355606787060202
1008 0.356136256590201
1009 0.356651962941819
1010 0.357053207124463
1011 0.357411239718404
1012 0.357674412381828
1013 0.357943567910619
1014 0.358362239010392
1015 0.358760895529333
1016 0.359149841514684
1017 0.359601311813007
1018 0.360153160310725
1019 0.360589117557248
1020 0.360997589740171
1021 0.361440563443387
1022 0.361808673621968
1023 0.362182645266771
1024 0.362576441635266
1025 0.362948138966721
1026 0.363336121520495
1027 0.363724437467895
1028 0.364120033578843
1029 0.364560158742126
1030 0.364946939875029
1031 0.365266696906847
1032 0.365607830770238
1033 0.365918863738175
1034 0.36623868164115
1035 0.366559162524017
1036 0.366907980829435
1037 0.367238402643567
1038 0.367572404791835
1039 0.367893625569155
1040 0.36828922248214
1041 0.368702020280141
1042 0.369113079296447
1043 0.369578260343945
1044 0.370015642559345
1045 0.37036673324942
1046 0.370693769142402
1047 0.371107472528504
1048 0.371558655494534
1049 0.371982348041475
1050 0.372411166687996
1051 0.372910336297927
1052 0.373306303904792
1053 0.373688130090558
1054 0.374135166781536
1055 0.374505305786103
1056 0.374884029507914
1057 0.375306381375714
1058 0.375704243223395
1059 0.376138956703621
1060 0.376647258632162
1061 0.377101757688099
1062 0.37747955349788
1063 0.377809728068953
1064 0.378161667290303
1065 0.378428186818485
1066 0.378734147298319
1067 0.379155450063999
1068 0.379551313833987
1069 0.380015524699028
1070 0.380465251896242
1071 0.380827142208424
1072 0.381222602311397
1073 0.381580152179559
1074 0.381913797707904
1075 0.382304100131648
1076 0.382691371069533
1077 0.383094807531928
1078 0.3835032155287
1079 0.383885862829994
1080 0.384270791384737
1081 0.384629740977958
1082 0.384916856194452
1083 0.38528433641612
1084 0.385649926962512
1085 0.385999495317276
1086 0.386426123751556
1087 0.386743950398409
1088 0.387033287447814
1089 0.387400419884008
1090 0.387698611656086
1091 0.388006879235311
1092 0.388331515536457
1093 0.38867522866656
1094 0.388997421344042
1095 0.389348565918278
1096 0.389741218324678
1097 0.390091032583773
1098 0.390403794823669
1099 0.390764292760259
1100 0.39109499386814
1101 0.391377091741099
1102 0.391724098179987
1103 0.392057005307927
1104 0.39235595867938
1105 0.392707424920854
1106 0.393042631470451
1107 0.393324690542475
1108 0.393658801058904
1109 0.394026719711703
1110 0.394412592033267
1111 0.394749366775469
1112 0.395054280706551
1113 0.395366511605534
1114 0.395657241400564
1115 0.395992684631771
1116 0.396374202246723
1117 0.396669888407638
1118 0.396949551904331
1119 0.39725963199344
1120 0.39758283285872
1121 0.397937020634177
1122 0.398369733886819
1123 0.398750864740843
1124 0.399124998160239
1125 0.399478785688107
1126 0.399813477108773
1127 0.400160557185236
1128 0.400484194482152
1129 0.400771400047927
1130 0.401097834449131
1131 0.401440492995005
1132 0.401759380945291
1133 0.402106231888304
1134 0.402456141771147
1135 0.402769203482565
1136 0.403106731216199
1137 0.40347396213071
1138 0.403825750944106
1139 0.404179156460257
1140 0.404507545925333
1141 0.404810617825917
1142 0.405137800988531
1143 0.405453239100723
1144 0.405799295744608
1145 0.406149447369741
1146 0.406475771510764
1147 0.406793991280811
1148 0.407096264335114
1149 0.407391295010725
1150 0.40767951713345
1151 0.407969817876882
1152 0.408290880356806
1153 0.408608053954042
1154 0.408947635285604
1155 0.409266466615074
1156 0.409575954703824
1157 0.409882405274762
1158 0.410180916744273
1159 0.410499816386742
1160 0.410836231447474
1161 0.411150611764715
1162 0.411453591719728
1163 0.411751309848596
1164 0.412045764738554
1165 0.41235860538264
1166 0.412674738867693
1167 0.412985654210942
1168 0.413334687869812
1169 0.413657837164742
1170 0.413969821909626
1171 0.414296558592296
1172 0.414604592483248
1173 0.41487295590755
1174 0.415161243578363
1175 0.415463894984251
1176 0.415755558316941
1177 0.416042644616145
1178 0.416320478600406
1179 0.416595432825752
1180 0.416862618402231
1181 0.417108849100435
1182 0.417371426911909
1183 0.417623090945744
1184 0.41786678553013
1185 0.418156143871278
1186 0.418456870893559
1187 0.41873109627332
1188 0.419013831252001
1189 0.419277794199136
1190 0.419486662674778
1191 0.419755514942764
1192 0.420082964492124
1193 0.420363223043351
1194 0.420644694761884
1195 0.420910053140666
1196 0.421141844986
1197 0.421370286958156
1198 0.421603135246431
1199 0.421826533803772
1200 0.422019439175346
1201 0.422203638787578
1202 0.42239720099859
1203 0.422627130996931
1204 0.422862398832819
1205 0.423124317972054
1206 0.423375278770571
1207 0.423643860210478
1208 0.423884914698568
1209 0.424120826169936
1210 0.424345874338402
1211 0.424527739013152
1212 0.424751091264555
1213 0.424998874709006
1214 0.425235060092731
1215 0.425508609267566
1216 0.425745820792296
1217 0.425968056932255
1218 0.426146158104782
1219 0.426342567784679
1220 0.426538281346847
1221 0.426757057246553
1222 0.427002654221092
1223 0.427225299479047
1224 0.427455386247893
1225 0.427673770272468
1226 0.427897350270775
1227 0.42808088635387
1228 0.428223965559158
1229 0.428401226906181
1230 0.428543733168535
1231 0.428731459077773
1232 0.428963724473115
1233 0.429194732698454
1234 0.429466947707863
1235 0.429697026751306
1236 0.42990862917653
1237 0.430140984364553
1238 0.430314199102584
1239 0.43049529393531
1240 0.430692450721016
1241 0.4309016952347
1242 0.4311016197234
1243 0.431312542774727
1244 0.431507358462433
1245 0.431678323653813
1246 0.431878411797214
1247 0.432084641682792
1248 0.432295124611499
1249 0.432539061773133
1250 0.432753630128393
1251 0.432947461463407
1252 0.433153987081724
1253 0.433370914501131
1254 0.433558361525592
1255 0.433739725798132
1256 0.433914009242155
1257 0.434050465451848
1258 0.434197375807555
1259 0.434365775643116
1260 0.434542847445028
1261 0.434737065338325
1262 0.434960217007301
1263 0.435164036104848
1264 0.435372716808423
1265 0.43558095993334
1266 0.435776715429146
1267 0.435985624881785
1268 0.436213283239639
1269 0.436427175149049
1270 0.436638011430066
1271 0.436844661525343
1272 0.437029287126696
1273 0.437240697447779
1274 0.437441452939411
1275 0.43768132022774
1276 0.43795565354371
1277 0.438238636778477
1278 0.43854365883509
1279 0.438883688131092
1280 0.43917621077417
1281 0.439458007570414
1282 0.439746042473362
1283 0.44002236936137
1284 0.440284687046164
1285 0.440542575850721
1286 0.440811175369523
1287 0.441056884899146
1288 0.441322153166652
1289 0.44163095313126
1290 0.441893973400307
1291 0.442119137753156
1292 0.442371610738189
1293 0.442652114730681
1294 0.442876963903694
1295 0.443123236289688
1296 0.443295011354242
1297 0.443325912302332
1298 0.443444322648847
1299 0.443568097289149
1300 0.443706767837083
1301 0.443851827939048
1302 0.444057317078911
1303 0.444203515941723
1304 0.444317631215285
1305 0.444436864064243
1306 0.444559886471338
1307 0.444658782100163
1308 0.444736077055884
1309 0.444813063090226
1310 0.444881481040312
1311 0.444940409073274
1312 0.444951941244681
1313 0.445036833508313
1314 0.445150497277712
1315 0.445265222729162
1316 0.445434350109769
1317 0.445583137369708
1318 0.445716744693096
1319 0.445853052883603
1320 0.446018740790118
1321 0.446147731879682
1322 0.44626428653758
1323 0.446345266653608
1324 0.44643856106471
1325 0.446490283140428
1326 0.446622306426245
1327 0.446794525346671
1328 0.446943696899139
1329 0.447130029232573
1330 0.447284436554727
1331 0.447381709570426
1332 0.447560105543461
1333 0.447788487227501
1334 0.447988718070458
1335 0.448221280767193
1336 0.448430070438295
1337 0.448614424801055
1338 0.448800538950051
1339 0.448998495283263
1340 0.449176106783643
1341 0.449307343485711
1342 0.449482806595561
1343 0.449652486205553
1344 0.449861237312021
1345 0.450174946575354
1346 0.450402834253501
1347 0.450604413336406
1348 0.450795006975424
1349 0.450965105020865
1350 0.451058266863722
1351 0.45122419878471
1352 0.45142342486545
1353 0.451611105300877
1354 0.45181787894637
1355 0.451996875870506
1356 0.452154060043038
1357 0.452343664943204
1358 0.452537965241188
1359 0.452728021509345
1360 0.452929635606335
1361 0.453139596182298
1362 0.453348268077679
1363 0.453552357256492
1364 0.453788490378972
1365 0.453989547233575
1366 0.454148242876496
1367 0.454325639674434
1368 0.454515611259178
1369 0.454680531364451
1370 0.454858209074911
1371 0.454996218873276
1372 0.455110111085023
1373 0.45517807320257
1374 0.455262205083208
1375 0.45533068077187
1376 0.455369277524708
1377 0.455408882113739
1378 0.455390797023159
1379 0.45531852977308
1380 0.455253061017887
1381 0.455175063707955
1382 0.455054528315729
1383 0.454889946651534
1384 0.454753760029896
1385 0.454594555729645
1386 0.454439414382741
1387 0.454343642137516
1388 0.454158476048663
1389 0.453925548689161
1390 0.453670571728934
1391 0.453360002662711
1392 0.453050495198234
1393 0.452717628466567
1394 0.452379885055606
1395 0.452043565288303
1396 0.451676947539079
1397 0.451293374138541
1398 0.450890117337728
1399 0.450458931075272
1400 0.450014154370121
1401 0.449535442433349
1402 0.449074928601084
1403 0.448605373428187
1404 0.448146815665795
1405 0.447691967679186
1406 0.447250182455645
1407 0.446809003704528
1408 0.44633694151192
1409 0.445955835146596
1410 0.445587541643942
1411 0.445315973189689
1412 0.445086033661653
1413 0.444986727178238
1414 0.444961295704937
1415 0.445049060362867
1416 0.445261668636978
1417 0.445541737926723
1418 0.445916676025815
1419 0.446355977679567
1420 0.446937780575057
1421 0.447465167370649
1422 0.448071272696777
1423 0.448599156992408
1424 0.449078670326447
1425 0.449557642602179
1426 0.450018031756501
1427 0.450454231439313
1428 0.450856659067919
1429 0.451272864997007
1430 0.451680854276758
1431 0.452079521793062
1432 0.452477648385674
1433 0.452880391281664
1434 0.453293197577889
1435 0.453669458664937
1436 0.454059947726007
1437 0.45446374169839
1438 0.454859385201177
1439 0.455262372552231
1440 0.45560628113363
1441 0.455936845900575
1442 0.456245681774351
1443 0.456498778134312
1444 0.456765698568024
1445 0.457033885950908
1446 0.457298638262438
1447 0.457521842576551
1448 0.457800020197411
1449 0.458138301880793
1450 0.458409272957871
1451 0.458673007826256
1452 0.458930786323429
1453 0.459151638142544
1454 0.459371690968954
1455 0.459590250171449
1456 0.459816693469264
1457 0.460038678148144
1458 0.460242605673356
1459 0.460467516213721
1460 0.460657522801705
1461 0.460791899027545
1462 0.46095023047306
1463 0.461092712567169
1464 0.46126263638242
1465 0.461449872996774
1466 0.461643295895894
1467 0.461857744784649
1468 0.462071854806097
1469 0.462279069500906
1470 0.462510557010783
1471 0.462752131389485
1472 0.463012048364377
1473 0.463265936456564
1474 0.463494934663623
1475 0.463695935810174
1476 0.463857742201587
1477 0.4640468029369
1478 0.464205203550672
1479 0.464430093529105
1480 0.464707004842325
1481 0.464933817176088
1482 0.465179044950881
1483 0.465396490564629
1484 0.465578377843925
1485 0.465763339152352
1486 0.465935578595615
1487 0.466131921899094
1488 0.466304143999687
1489 0.466527253095915
1490 0.466805892363262
1491 0.467059539893869
1492 0.467330933029586
1493 0.467586810614563
1494 0.467844305442291
1495 0.468076801738678
1496 0.4683110248446
1497 0.468500721030054
1498 0.468632530734338
1499 0.468794473266135
1500 0.468934116822488
1501 0.469093877894975
1502 0.469282918589709
1503 0.469456670600799
1504 0.469618579996722
1505 0.469795756361902
1506 0.469985766330783
1507 0.470166033565869
1508 0.470357700451713
1509 0.470529609120103
1510 0.470678312063514
1511 0.470833834883042
1512 0.47097470831379
1513 0.471133585011331
1514 0.471305623233707
1515 0.471477330927859
1516 0.471635327043601
1517 0.471841574085597
1518 0.472049311610689
1519 0.472223681412116
1520 0.472452074914357
1521 0.472642341859017
1522 0.472807818770304
1523 0.47295869957626
1524 0.473096630434995
1525 0.473192469899922
1526 0.473319111618117
1527 0.473441208897209
1528 0.473593122106836
1529 0.473761814319038
1530 0.4739288157534
1531 0.474111210371109
1532 0.474302583626401
1533 0.47449829695529
1534 0.474694151649637
1535 0.474938216086305
1536 0.475093875299021
1537 0.475196326340012
1538 0.475317543232571
1539 0.475371729884961
1540 0.475508548271449
1541 0.475708928541652
1542 0.475866351749173
1543 0.476043041918189
1544 0.476190512075672
1545 0.476286357167005
1546 0.476435813211567
1547 0.4766228129718
1548 0.476774251348479
1549 0.476932432914743
1550 0.477077433712758
1551 0.477179268862748
1552 0.477315045289961
1553 0.477477677486924
1554 0.477624821767548
1555 0.477769932031114
1556 0.477916197628102
1557 0.478060223461875
1558 0.47820317326671
1559 0.478344910316381
1560 0.478494610215572
1561 0.478654728325541
1562 0.478796134036969
1563 0.478953719294758
1564 0.479070242842589
1565 0.479161489211463
1566 0.479229374357421
1567 0.479222767373904
1568 0.479284090861646
1569 0.479336692047913
1570 0.479440030323674
1571 0.47960093590494
1572 0.47978285139821
1573 0.480042265732675
1574 0.480237848562107
1575 0.480448169581911
1576 0.480616711647786
1577 0.480716839524345
1578 0.480820942925974
1579 0.480877407323859
1580 0.480987430398123
1581 0.481122452076384
1582 0.481250628082941
1583 0.481429536613649
1584 0.481576626577928
1585 0.481655897608449
1586 0.481796648840767
1587 0.482002563561419
1588 0.482154733060178
1589 0.482347878214764
1590 0.482474202834237
1591 0.482479592998593
1592 0.482539449297903
1593 0.482586001672477
1594 0.482657061908221
1595 0.482776486953563
1596 0.482887484655801
1597 0.482979577189562
1598 0.483109349512189
1599 0.483277738226959
1600 0.483428871413785
1601 0.483597549641282
1602 0.483813167139429
1603 0.483981565209094
1604 0.484093471835795
1605 0.48420370078163
1606 0.484282360459991
1607 0.484371176741095
1608 0.484448541497461
1609 0.484526236252601
1610 0.484596018665348
1611 0.484681773318207
1612 0.484765930659555
1613 0.484863061994464
1614 0.48496769151365
1615 0.485102295068005
1616 0.485259900276047
1617 0.485395598901323
1618 0.485547927685223
1619 0.485686037063931
1620 0.485787231509337
1621 0.485951628886237
1622 0.48617217314526
1623 0.486308962503952
1624 0.486450953722642
1625 0.486533753502358
1626 0.486522586734215
1627 0.486611813637362
1628 0.486727696174724
1629 0.486812519976022
1630 0.486908850647577
1631 0.487033862862798
1632 0.487142950913565
1633 0.487279725990175
1634 0.487482407013267
1635 0.487617214585954
1636 0.487714326193691
1637 0.487833792762272
1638 0.48795291831577
1639 0.488061678211601
1640 0.488164316486065
1641 0.488267617558007
1642 0.488334510645526
1643 0.488515942816468
1644 0.488755762063321
1645 0.488959568221874
1646 0.489228295837704
1647 0.489430361333421
1648 0.489592745923931
1649 0.489730218107162
1650 0.489872237436752
1651 0.489941652398264
1652 0.489929856631293
1653 0.489953871757938
1654 0.489931896502363
1655 0.489997524531574
1656 0.490138955575493
1657 0.490300199268503
1658 0.490443247160233
1659 0.490554781677089
1660 0.490603657416625
1661 0.490639475021381
1662 0.490728616411138
1663 0.49079879346734
1664 0.490858227947254
1665 0.490943803333312
1666 0.490989460453315
1667 0.491043466556889
1668 0.491128832260093
1669 0.491215302141233
1670 0.491345956424729
1671 0.491494493454148
1672 0.49162469858318
1673 0.491752742989287
1674 0.491879331166949
1675 0.492013433928341
1676 0.492157897980518
1677 0.492296653039765
1678 0.492413601434387
1679 0.492529707500861
1680 0.492654467275767
1681 0.492754990302191
1682 0.492892681483943
1683 0.493063818715281
1684 0.493214348963312
1685 0.493429911047539
1686 0.49364056414325
1687 0.493791062685253
1688 0.493941361088456
1689 0.494094965481571
1690 0.494240552339282
1691 0.494399235775608
1692 0.494582938265573
1693 0.494698588060701
1694 0.494781396144126
1695 0.494849573754021
1696 0.494945504694727
1697 0.495108675941653
1698 0.495233477291762
1699 0.495391894293613
1700 0.495495852477367
1701 0.495546572055239
1702 0.49560053409929
1703 0.495605145671876
1704 0.495632794080598
1705 0.495669517245217
1706 0.495700280191254
1707 0.495752508220041
1708 0.495783870028822
1709 0.495744343899994
1710 0.495809937219394
1711 0.495967921727318
1712 0.496063768300451
1713 0.496187705992427
1714 0.496271433376675
1715 0.496268303396905
1716 0.49631961233673
1717 0.496418453398225
1718 0.496512723723186
1719 0.496634192304413
1720 0.496685461134898
1721 0.496723634295105
1722 0.496728024909196
1723 0.496641086085652
1724 0.496601905099981
1725 0.496560753554321
1726 0.496543054245686
1727 0.496539045030335
1728 0.4965750132355
1729 0.496664144553419
1730 0.496695541027139
1731 0.496717431886026
1732 0.496762406183719
1733 0.496769475116278
1734 0.496839751902216
1735 0.496969697892275
1736 0.497090615755616
1737 0.497243473702794
1738 0.497351483842702
1739 0.497449625773367
1740 0.497525162887566
1741 0.49755695096867
1742 0.497614392217588
1743 0.497688055648805
1744 0.497739064828814
1745 0.497812766322958
1746 0.497793747717098
1747 0.497746404681209
1748 0.497700857653602
1749 0.49762517689331
1750 0.49765654157234
1751 0.497749785956004
1752 0.497819200466078
1753 0.497923137579019
1754 0.498023175937659
1755 0.498082953766994
1756 0.49812363843999
1757 0.498098469282732
1758 0.498021666609012
1759 0.497952258546867
1760 0.49799710673999
1761 0.498122930023852
1762 0.498129471641091
1763 0.49815311192348
1764 0.498172414997968
1765 0.498079021701048
1766 0.498139908244534
1767 0.498238406680272
1768 0.498228253555953
1769 0.498288176397314
1770 0.498381835369662
1771 0.498498851327252
1772 0.498587900478754
1773 0.498657056903201
1774 0.498679830199826
1775 0.498769430442973
1776 0.498955230964023
1777 0.499068617931789
1778 0.499180351371816
1779 0.499253432572383
1780 0.499223582502463
1781 0.499321259173844
1782 0.499351773412453
1783 0.499282834617647
1784 0.499273962464655
1785 0.499225837554694
1786 0.499236931167481
1787 0.499310167728768
1788 0.499339505004215
1789 0.499388284179687
1790 0.499450288918964
1791 0.499567162994877
1792 0.49968629203684
1793 0.499838533720483
1794 0.500018196745827
1795 0.500155320618215
1796 0.500310781158079
1797 0.500423899263531
1798 0.500463252361159
1799 0.500500537821595
1800 0.500596290227255
1801 0.490846627169168
1802 0.490776733757016
1803 0.490921336310379
1804 0.491102592512903
1805 0.491192191500031
1806 0.491308837903708
1807 0.491415514309649
1808 0.491437705547056
1809 0.491517186452404
1810 0.491655297608321
1811 0.491821903871704
1812 0.491877753984442
1813 0.491889697002109
1814 0.491932269872339
1815 0.491954816531248
1816 0.49201491974575
1817 0.492090446762607
1818 0.492197311489268
1819 0.492330188507585
1820 0.492519974131738
1821 0.4926069296199
1822 0.492621133083456
1823 0.492646630000331
1824 0.49254821018957
1825 0.492565771113201
1826 0.49267847681134
1827 0.492797205652566
1828 0.492963702690206
1829 0.493074305755883
1830 0.493205191426072
1831 0.493273139604288
1832 0.493279609715117
1833 0.493246821199177
1834 0.493319618629939
1835 0.49338683465131
1836 0.493382112944092
1837 0.493371708823642
1838 0.49334430781082
1839 0.49324227967644
1840 0.49312894521699
1841 0.493124997081008
1842 0.49316487724909
1843 0.493241614328306
1844 0.493335136426246
1845 0.493365946224728
1846 0.493413638253775
1847 0.493485821850208
1848 0.493613906655772
1849 0.493626936951549
1850 0.493611214352723
1851 0.493639578274486
1852 0.493601191387333
1853 0.493559023494814
1854 0.49356724981936
1855 0.493602470090742
1856 0.493578968613244
1857 0.493522210842196
1858 0.493426626537411
1859 0.493297654772802
1860 0.493076433602314
1861 0.492928377572442
1862 0.492835864888953
1863 0.492750544335281
1864 0.492677318067297
1865 0.492553961930883
1866 0.492316900748805
1867 0.492027270584639
1868 0.49168144180009
1869 0.491279222940761
1870 0.490782697090049
1871 0.490355571732608
1872 0.489861252715462
1873 0.489246726506252
1874 0.488638346600867
1875 0.488054282795209
1876 0.487452783599895
1877 0.48681670739602
1878 0.486140125776961
1879 0.485513157345413
1880 0.484614438593273
1881 0.483572741372439
1882 0.482597582038521
1883 0.481412027843129
1884 0.480238444940567
1885 0.479129200248996
1886 0.477835496474219
1887 0.476491379423732
1888 0.475024698085522
1889 0.473433084695863
1890 0.471729563956595
1891 0.470064199785093
1892 0.468234715324114
1893 0.466410590896281
1894 0.464572709762971
1895 0.462480281646227
1896 0.460421893219856
1897 0.458402771507329
1898 0.456245107598759
1899 0.454163652210247
1900 0.452067470762314
1901 0.450099393284859
1902 0.448156268859219
1903 0.446350635231809
1904 0.444603290454493
1905 0.44308158366378
1906 0.441713098548016
1907 0.440464659965226
1908 0.439549319169658
1909 0.438815901091446
1910 0.43819208174576
1911 0.437762913440656
1912 0.43745244369822
1913 0.437272422517413
1914 0.437208077526554
1915 0.437273023631274
1916 0.437263689038412
1917 0.437386607341951
1918 0.437651394411421
1919 0.437902359403145
1920 0.438285886506988
1921 0.438713003208084
1922 0.439163932134075
1923 0.43966284197843
1924 0.440245187809884
1925 0.440899526221174
1926 0.441529053976067
1927 0.442117455136244
1928 0.442655503474628
1929 0.443193748610934
1930 0.443686673156481
1931 0.444208695062663
1932 0.444755759462392
1933 0.445342990752628
1934 0.445888052520198
1935 0.446443154413818
1936 0.446993067432609
1937 0.447434515099058
1938 0.447924720411135
1939 0.448488625090017
1940 0.448977758765523
1941 0.449566005443485
1942 0.450200089370161
1943 0.450742397316325
1944 0.451223918296242
1945 0.451743382659913
1946 0.452219369393875
1947 0.452720417054209
1948 0.453251831360494
1949 0.453750538031546
1950 0.454264411928049
1951 0.454816832372969
1952 0.455333395284298
1953 0.455823570266285
1954 0.456290001093486
1955 0.456732834073943
1956 0.457113746461658
1957 0.457389568465531
1958 0.457783879208027
1959 0.458193913158284
1960 0.458605993398543
1961 0.459026793544269
1962 0.459581587840682
1963 0.460090279002753
1964 0.46052035548275
1965 0.460923227866401
1966 0.461259070762804
1967 0.461700050353906
1968 0.46214484297133
1969 0.462593249820706
1970 0.463156458630541
1971 0.463665656430445
1972 0.464151651613951
1973 0.464524773417302
1974 0.465001455782204
1975 0.465458878731221
1976 0.465803703574364
1977 0.466160618437864
1978 0.466588637312943
1979 0.467061735188074
1980 0.467493960214489
1981 0.467963860469704
1982 0.468425639296366
1983 0.468822433361716
1984 0.469263858884972
1985 0.469722487335376
1986 0.470263697502148
1987 0.470751432530305
1988 0.471268882653465
1989 0.471743524947924
1990 0.472192704880913
1991 0.472691751438892
1992 0.473209821470612
1993 0.47370824092133
1994 0.474259412364228
1995 0.474739937067316
1996 0.47510983668226
1997 0.47556322523636
1998 0.476030979108023
1999 0.476560323748854
2000 0.477050834120814
2001 0.477483524175993
2002 0.477874928704437
2003 0.478160883318562
2004 0.478510576143076
2005 0.478876020531622
2006 0.479224608214359
2007 0.479549012898977
2008 0.479914323946398
2009 0.48029168937031
2010 0.480655192727741
2011 0.481085460398414
2012 0.481414130823318
2013 0.481701990200492
2014 0.482080625512857
2015 0.482440331697896
2016 0.482780735429332
2017 0.483187724300126
2018 0.483634377469248
2019 0.484076735148581
2020 0.484608894943428
2021 0.485057571320376
2022 0.485464565316856
2023 0.485868389100332
2024 0.486254097824276
2025 0.486601930467815
2026 0.486930638774459
2027 0.487227165386794
2028 0.487451387455827
2029 0.487665347174523
2030 0.487852471320941
2031 0.487997713663847
2032 0.488151301271969
2033 0.488234452107028
2034 0.488410154631156
2035 0.48859570230753
2036 0.488859899231609
2037 0.489284924082739
2038 0.489606051553803
2039 0.489935204892534
2040 0.490224186666695
2041 0.490506309796278
2042 0.490672069140967
2043 0.490855932402061
2044 0.491018562261801
2045 0.491207392194076
2046 0.491359607331226
2047 0.49155608694654
2048 0.491752023787731
2049 0.492007676144339
2050 0.492323714189804
2051 0.492592156528719
2052 0.49293953815669
2053 0.493231008119452
2054 0.493457892339122
2055 0.493666974670922
2056 0.493900695021339
2057 0.494175635795423
2058 0.494322344255458
2059 0.494396253102382
2060 0.494527472772993
2061 0.494612563365295
2062 0.494669859895131
2063 0.494711747409624
2064 0.494825530338671
2065 0.494878602824088
2066 0.495023106848451
2067 0.495303808192349
2068 0.495540520315552
2069 0.495893234517996
2070 0.496251324163323
2071 0.496533823020621
2072 0.496836479171776
2073 0.497155905340797
2074 0.497437602580368
2075 0.497651807874888
2076 0.497876094813736
2077 0.498101632148493
2078 0.498216905622928
2079 0.498401056380306
2080 0.498726375725937
2081 0.498916685735095
2082 0.498967151109761
2083 0.499081470781851
2084 0.499145373032073
2085 0.499300882044705
2086 0.499444062093234
2087 0.499687281343935
2088 0.49976040359387
2089 0.49974279597348
2090 0.499795605370523
2091 0.499707817312431
2092 0.499820670428289
2093 0.50016729094951
2094 0.500314730272327
2095 0.50043180703006
2096 0.500577945767431
2097 0.500610909872456
2098 0.500698894057517
2099 0.500829998472227
2100 0.501059607891079
2101 0.501109181230863
2102 0.501146123550709
2103 0.501348848700378
2104 0.501613439009512
2105 0.501863792028623
2106 0.502268666408887
2107 0.502569454261675
2108 0.502773779075456
2109 0.503045842349578
2110 0.503391866121174
2111 0.503651336045341
2112 0.503922019621114
2113 0.504104640894047
2114 0.504137563788626
2115 0.504259525914369
2116 0.504432501037736
2117 0.504475854090222
2118 0.504575119516729
2119 0.50484223506195
2120 0.505014520825762
2121 0.505164671282532
2122 0.505336520025206
2123 0.505476663628937
2124 0.505705545238046
2125 0.506032935347433
2126 0.506259638010218
2127 0.506518954075555
2128 0.506721612579942
2129 0.506774866189457
2130 0.506933629039549
2131 0.50721937135592
2132 0.507380250131855
2133 0.507583952658725
2134 0.507620448202626
2135 0.507566391011145
2136 0.507488837729126
2137 0.507423521424004
2138 0.507331859543796
2139 0.507253679847094
2140 0.507207214754484
2141 0.507058822136767
2142 0.506834943555482
2143 0.506654991457132
2144 0.506493453771514
2145 0.50623430947063
2146 0.50596984329217
2147 0.505637283204803
2148 0.505109778062973
2149 0.504710767806903
2150 0.504359587561215
2151 0.504004941291568
2152 0.503713015724832
2153 0.503375739739618
2154 0.502967738836964
2155 0.502770467540337
2156 0.502421263382678
2157 0.502076624245557
2158 0.501631203780719
2159 0.501074200428574
2160 0.500582359154281
2161 0.500113571346273
2162 0.499567159658952
2163 0.498938437421338
2164 0.498410216667762
2165 0.497880841230579
2166 0.497353111073735
2167 0.496925959074303
2168 0.496428656826551
2169 0.495750794486116
2170 0.495252692701629
2171 0.494936493345539
2172 0.49452696625148
2173 0.494171646962002
2174 0.49374537380621
2175 0.493415522242182
2176 0.493066014196386
2177 0.49265186059111
2178 0.49239886244521
2179 0.491857322277363
2180 0.491038005129515
2181 0.490366581731098
2182 0.489657156347874
2183 0.488913226788298
2184 0.488120168729329
2185 0.487424862704395
2186 0.486797037631484
2187 0.486063289518369
2188 0.485333291302082
2189 0.484606410491155
2190 0.483803117698222
2191 0.482966949245363
2192 0.482045093663234
2193 0.481318917794835
2194 0.480689210997426
2195 0.479944916032381
2196 0.479497014350159
2197 0.47905989851314
2198 0.478452941629117
2199 0.477680596271938
2200 0.47708608945134
2201 0.476475546428412
2202 0.475915570591373
2203 0.47545660747273
2204 0.474956723199381
2205 0.474421625597265
2206 0.473957766148085
2207 0.473400081657882
2208 0.473169465552028
2209 0.473005707569656
2210 0.473125726633535
2211 0.473763381747988
2212 0.474175958869783
2213 0.474632023975105
2214 0.475132363042925
2215 0.475512444801761
2216 0.476053413220035
2217 0.476804024009558
2218 0.477555124939069
2219 0.478258438862022
2220 0.478884045564747
2221 0.47941795985637
2222 0.479791983201093
2223 0.480289657478063
2224 0.480809829947078
2225 0.481236834494741
2226 0.481672271120964
2227 0.482041436123798
2228 0.482291796508714
2229 0.482580853515884
2230 0.482924008782768
2231 0.483137834896868
2232 0.483321117153816
2233 0.483379005879716
2234 0.483192366467667
2235 0.483203236298631
2236 0.483279831199933
2237 0.483246202131721
2238 0.483200946276237
2239 0.483233617072688
2240 0.483245275154421
2241 0.483224496868815
2242 0.483300173948271
2243 0.483342853778425
2244 0.483347155418567
2245 0.48318086305672
2246 0.483163447428847
2247 0.483278382363612
2248 0.483307758964916
2249 0.483352448833119
2250 0.48334503049461
2251 0.483223369337767
2252 0.483397073951279
2253 0.483764953098777
2254 0.483845671420915
2255 0.483977873743276
2256 0.48408764514803
2257 0.483871233825744
2258 0.483973450784049
2259 0.484376217204898
2260 0.484661652478271
2261 0.484955750736062
2262 0.485228939714526
2263 0.485613647597599
2264 0.485781241731267
2265 0.485729788656041
2266 0.485829799640243
2267 0.485938668193306
2268 0.485980905634507
2269 0.48606667775962
2270 0.486135605896022
2271 0.486120920373479
2272 0.48605542761608
2273 0.486007096974322
2274 0.485922243929062
2275 0.485589797198601
2276 0.48552063053609
2277 0.485643018443278
2278 0.48580571031851
2279 0.485791981773349
2280 0.485743026680754
2281 0.48570657644913
2282 0.48570494359704
2283 0.486113863204354
2284 0.486548970620199
2285 0.486627438190755
2286 0.486550370542404
2287 0.486444141823196
2288 0.485954902143609
2289 0.485870375256902
2290 0.486047248340054
2291 0.485953729218634
2292 0.485907717230308
2293 0.485751821984817
2294 0.485319935027134
2295 0.485123412839439
2296 0.485106507811736
2297 0.484902447696326
2298 0.484502763253342
2299 0.484421531771205
2300 0.48442124357528
2301 0.484437327631505
2302 0.484982472726024
2303 0.484937884262633
2304 0.484337613412382
2305 0.484101734082947
2306 0.483651789364325
2307 0.483509360343815
2308 0.483849651075604
2309 0.483937872160743
2310 0.483895460161784
2311 0.484022802004395
2312 0.484366708423682
2313 0.484440261988182
2314 0.484485773326669
2315 0.484500111289864
2316 0.484000247884783
2317 0.483906302897757
2318 0.484228389601878
2319 0.484449438440188
2320 0.484876762336767
2321 0.485164198766064
2322 0.485460157198479
2323 0.485457578988878
2324 0.485086689869788
2325 0.484669300390776
2326 0.484022783511282
2327 0.483045855340473
2328 0.482594555899349
2329 0.482656670035817
2330 0.482582875567964
2331 0.482497741323568
2332 0.481992173663372
2333 0.481621926203375
2334 0.481751891809061
2335 0.481848200045815
2336 0.482181668198201
2337 0.48317225203851
2338 0.4830210574123
2339 0.482605585182627
2340 0.481809861298277
2341 0.479657373253837
2342 0.479577308082192
2343 0.480335958412192
2344 0.480644422119468
2345 0.482341091928851
2346 0.482195554605825
2347 0.480719357381426
2348 0.479673277933623
2349 0.477922791579009
2350 0.4771774599861
2351 0.476598246860272
2352 0.476527080710652
2353 0.477227354551262
2354 0.477639300921761
2355 0.478262258385781
2356 0.478973556128033
2357 0.479928875024516
2358 0.480612656198941
2359 0.481719408568835
2360 0.481716501682091
2361 0.480835589094643
2362 0.480199461317784
2363 0.478588990191019
2364 0.477980629367256
2365 0.478031540642932
2366 0.477921155960778
2367 0.478323440716378
2368 0.478345654410722
2369 0.478168845107142
2370 0.477956293940469
2371 0.477558599259126
2372 0.477255625280467
2373 0.476760271983733
2374 0.476561131441271
2375 0.476844704719125
2376 0.476517058149735
2377 0.476089556835373
2378 0.475664257877937
2379 0.474465951822039
2380 0.474102043615558
2381 0.474165488466575
2382 0.47417749503671
2383 0.475172842963142
2384 0.475047035137758
2385 0.474038760894979
2386 0.473727953984703
2387 0.472878427763539
2388 0.472756418069327
2389 0.473687104648739
2390 0.474082767289863
2391 0.474817803971341
2392 0.474495258029327
2393 0.473178766230406
2394 0.472497118287723
2395 0.471664201356679
2396 0.47091045701852
2397 0.47010756693381
2398 0.470032941454643
2399 0.469811582473139
2400 0.470220455075501
2401 0.472412572462705
2402 0.473151268435672
2403 0.47355536831357
2404 0.473533385074086
2405 0.472618519229804
2406 0.472075360422314
2407 0.471466393841902
2408 0.470410542615434
2409 0.468806542324114
2410 0.467793884598405
2411 0.466684751685842
2412 0.46597287084831
2413 0.465488498977844
2414 0.465814269393442
2415 0.466968124932857
2416 0.467617785057148
2417 0.469609055547953
2418 0.469434261479532
2419 0.467342754967019
2420 0.466175374045735
2421 0.464018359130377
2422 0.463224729194867
2423 0.463942037673955
2424 0.462904616372429
2425 0.46153296497496
2426 0.460179644268159
2427 0.457523636221448
2428 0.456280650433978
2429 0.45537274697187
2430 0.455733245860313
2431 0.457621611750039
2432 0.458261781424481
2433 0.46035219020516
2434 0.459752841798122
2435 0.455883348372959
2436 0.455269766666634
2437 0.455507898273614
2438 0.454675580591647
2439 0.454911401050646
2440 0.454888345793149
2441 0.453270406482419
2442 0.454517823305484
2443 0.456408232607614
2444 0.456776307262384
2445 0.454682360022505
2446 0.452717480997566
2447 0.450677883030856
2448 0.45128582587072
2449 0.453774433217794
2450 0.455550132267925
2451 0.456915091333732
2452 0.455014051283179
2453 0.451607236400016
2454 0.448982455633438
2455 0.447561129245841
2456 0.449744317116548
2457 0.451718142992939
2458 0.450338001607656
2459 0.448199755432765
2460 0.445978543562276
2461 0.444304475611933
2462 0.445606992096389
2463 0.447516844366428
2464 0.445626272876936
2465 0.444372697729001
2466 0.4431789241566
2467 0.44149501781034
2468 0.438827039300169
2469 0.438117835725852
2470 0.437297072280741
2471 0.436895419640373
2472 0.439203600490502
2473 0.439881961208048
2474 0.440110172909435
2475 0.439373595526201
2476 0.436872687873942
2477 0.436076096810446
2478 0.435069459415233
2479 0.43539801124754
2480 0.438322857467266
2481 0.439688420733918
2482 0.44004284079774
2483 0.44018349866786
2484 0.44069213003589
2485 0.440107036788717
2486 0.438833093810048
2487 0.437754991429903
2488 0.435156466945827
2489 0.435093435685568
2490 0.43640113219791
2491 0.434481836142249
2492 0.435247271814054
2493 0.432899088455591
2494 0.428599131788479
2495 0.429157650252179
2496 0.43029885307646
2497 0.427175009560075
2498 0.429821471251006
2499 0.432753448267402
2500 0.427688682833271
