"Wavelength" "M080a_m5-w1"
350 0.09325217660515
351 0.0891083375828571
352 0.0857022144572022
353 0.084718323593366
354 0.0828571200868929
355 0.0796820222515736
356 0.0810640219211158
357 0.0864162533907328
358 0.0895576860180611
359 0.089949413359362
360 0.0864754605932281
361 0.0811337541773855
362 0.0808018339560812
363 0.0847319668789142
364 0.0877195423219142
365 0.0857117635460235
366 0.0839020804491595
367 0.0817351010581597
368 0.0812035680131622
369 0.084886592396398
370 0.0890064006998397
371 0.0871764253223957
372 0.0805407618948299
373 0.0791727266025199
374 0.081968552406352
375 0.0848265581174022
376 0.0845459105434564
377 0.0814343378428004
378 0.0814340195471327
379 0.0828055561696895
380 0.0816152446989614
381 0.0818424802334406
382 0.0817121103660286
383 0.080710394689396
384 0.0797363709175531
385 0.0757329790164552
386 0.0769727668310661
387 0.0850723749487011
388 0.0846939909967861
389 0.0835063181932005
390 0.0824341555372977
391 0.0810910360720374
392 0.0832780550706315
393 0.083153326885122
394 0.0804729640526761
395 0.0796496264011265
396 0.0818742099714588
397 0.0835299739123857
398 0.0829845412339569
399 0.0835509431165982
400 0.0829485875896112
401 0.0823035520714821
402 0.0829348479872462
403 0.0825741685139422
404 0.0820971729816345
405 0.0820046802948984
406 0.082352036548243
407 0.0828099999259474
408 0.0827221865164851
409 0.0823056170225043
410 0.0835437217471503
411 0.0838087709418451
412 0.0836317830393851
413 0.084197985659047
414 0.0849353254107477
415 0.0852682674316814
416 0.0852450707669057
417 0.0853803610795075
418 0.085025686713027
419 0.0849479613292907
420 0.0855266956291121
421 0.0859065181826483
422 0.0866669894795007
423 0.0872973267003328
424 0.0871602965786814
425 0.0869664774603853
426 0.0873651601816861
427 0.0880854728816986
428 0.0880483084756961
429 0.0882447164058147
430 0.0885548619949735
431 0.0887651527657574
432 0.0889909635181786
433 0.0890139933977136
434 0.0890096540176864
435 0.0892901824314526
436 0.0897528799370507
437 0.0903727491062666
438 0.0909435932721825
439 0.0910451282248888
440 0.0914315429326071
441 0.0917831077960726
442 0.0917698969897317
443 0.0918456948113171
444 0.0923090277194766
445 0.0928722267725467
446 0.0929865472217346
447 0.093347358703977
448 0.0937193707818541
449 0.0938644361416829
450 0.0936803466430812
451 0.0941305616905373
452 0.0946511858584371
453 0.0945910735752139
454 0.0952599982356998
455 0.0956922173707301
456 0.0956203446847201
457 0.0954764649772689
458 0.095894984044517
459 0.0962231248550109
460 0.0961208372014939
461 0.0965363297384779
462 0.0970333848082648
463 0.0973434967868837
464 0.0973307449030901
465 0.0972794386189328
466 0.09745576989431
467 0.0977723524586588
468 0.0977284907461044
469 0.0977722444453213
470 0.0981696625989007
471 0.0988764541260456
472 0.0990216928533739
473 0.0990233281658916
474 0.0991959833035218
475 0.099690579163241
476 0.0997547424844395
477 0.0997925756996379
478 0.100076976409736
479 0.100331254514419
480 0.100491389477736
481 0.100715506088228
482 0.101138811497852
483 0.101239001285437
484 0.1014703928235
485 0.101932214288825
486 0.102286260006707
487 0.102592088703502
488 0.102836937947887
489 0.103029734386428
490 0.103262045521678
491 0.103498587269356
492 0.103733904201565
493 0.103983641393804
494 0.104297619720819
495 0.104546999212717
496 0.10471728951302
497 0.105022539243946
498 0.105599288414723
499 0.106174846849947
500 0.106413935496212
501 0.106463283389347
502 0.106789179723731
503 0.107340530530191
504 0.107515245571327
505 0.107938266996556
506 0.108427490506149
507 0.108730851469155
508 0.108943356006085
509 0.109188537527265
510 0.109545416301126
511 0.110024828988284
512 0.110250048632285
513 0.110529464441596
514 0.110985360417078
515 0.111168631467719
516 0.111443167115658
517 0.111801758124832
518 0.112129192036286
519 0.112527081851341
520 0.11293220171362
521 0.113303852353485
522 0.113641115896841
523 0.113976109985509
524 0.114352695310897
525 0.114786666290821
526 0.115197150051339
527 0.115588690760425
528 0.115944317589621
529 0.116238862706551
530 0.11658885643094
531 0.116984941422825
532 0.117396981362791
533 0.117807393027277
534 0.118169884513915
535 0.118549848555921
536 0.11903363455783
537 0.119436694091991
538 0.119817134154396
539 0.120233222121101
540 0.120714374623672
541 0.121068461961361
542 0.121369556140026
543 0.121751364445371
544 0.122198519175503
545 0.122617453081356
546 0.12300851716911
547 0.123465222856787
548 0.123927777724751
549 0.124388212902409
550 0.12485504221162
551 0.125347121176875
552 0.12591458870842
553 0.126470702002828
554 0.126865571326435
555 0.127352300357742
556 0.127824117016914
557 0.128220101460758
558 0.128683866453084
559 0.129157738327578
560 0.129641830390482
561 0.130130335718857
562 0.13044117045709
563 0.130805214259323
564 0.131257110149828
565 0.131519845947861
566 0.131867703879072
567 0.132230024837937
568 0.132505402387666
569 0.1328723101079
570 0.133352841899143
571 0.133909606613845
572 0.134453840090404
573 0.134921054168866
574 0.135369837908757
575 0.135853822585034
576 0.136335993263785
577 0.136723977653553
578 0.137055361097162
579 0.137428852501923
580 0.13767717052256
581 0.137916491080615
582 0.138220232272296
583 0.138511045308894
584 0.138876628354342
585 0.139246213720788
586 0.139529252235197
587 0.139868095190743
588 0.140241610656034
589 0.140630786090523
590 0.141032875040243
591 0.141421195027099
592 0.141820178550008
593 0.142237128112943
594 0.14254632991665
595 0.142914421964936
596 0.143306371773591
597 0.143538082697991
598 0.143938057802621
599 0.144392268291741
600 0.14475582440035
601 0.145004744204685
602 0.145287829248535
603 0.145572357758648
604 0.145760535070357
605 0.146076578418795
606 0.146363485391692
607 0.146577860477194
608 0.146941375117512
609 0.147340670384697
610 0.147682059698478
611 0.147925160505373
612 0.148284978808589
613 0.148644721334401
614 0.148961289798454
615 0.14929603223168
616 0.149622243292496
617 0.149948482433054
618 0.150273877440076
619 0.15052231391394
620 0.150885534277062
621 0.151317350403395
622 0.151607296160178
623 0.151880777303515
624 0.152215339876315
625 0.152615488185274
626 0.152933705431022
627 0.153253340990142
628 0.153587839827732
629 0.153922845310315
630 0.154276330930218
631 0.1546370523588
632 0.155003941952463
633 0.15540007270526
634 0.155706604678308
635 0.155963118024927
636 0.156255767338133
637 0.156618194580176
638 0.156998646508441
639 0.157356362709013
640 0.157668996437656
641 0.158027091575246
642 0.158388213089583
643 0.158725208115267
644 0.159161742344224
645 0.159531805517396
646 0.159831224833943
647 0.160155048855073
648 0.160493121614725
649 0.160863036925517
650 0.161265023333204
651 0.161665664970631
652 0.162052109907441
653 0.162414382959159
654 0.162749242215531
655 0.163065748333054
656 0.16340791182807
657 0.16380155379512
658 0.164247984568512
659 0.164651892049984
660 0.164992052909968
661 0.165302690379264
662 0.165729336332582
663 0.166165263761545
664 0.16656864165077
665 0.166951705304893
666 0.167333233903084
667 0.167729770780622
668 0.168144674999306
669 0.168555740373439
670 0.168959516155529
671 0.169357362939226
672 0.169754616718601
673 0.170153227137325
674 0.170567731656116
675 0.170980481932455
676 0.171326123778293
677 0.171725445154849
678 0.17215060143927
679 0.172556558341879
680 0.173018545991475
681 0.173481230277494
682 0.173902580165008
683 0.174264662206291
684 0.174694029348984
685 0.175142205041967
686 0.175556023792174
687 0.17594786355482
688 0.176353853044679
689 0.176794238991229
690 0.177272083729393
691 0.177753155472026
692 0.178198138655666
693 0.178609441452609
694 0.179050030859798
695 0.179450740595853
696 0.179861911076696
697 0.180342867198652
698 0.18085699245585
699 0.18133207111141
700 0.181769271688851
701 0.182228124621767
702 0.182666821003539
703 0.183117536589729
704 0.18360342379588
705 0.184111209463288
706 0.184514110710316
707 0.184915937749834
708 0.185478670465074
709 0.185996389124732
710 0.186457573317145
711 0.186889720793424
712 0.187346538958294
713 0.187847137943062
714 0.188358650146244
715 0.188844322873808
716 0.189306447431323
717 0.189804291922308
718 0.190317095377836
719 0.190772577372595
720 0.191224237975339
721 0.19170132876652
722 0.192200448642975
723 0.192660452325916
724 0.193143477596576
725 0.19366137749186
726 0.194195301527323
727 0.194666548838129
728 0.195167750863263
729 0.195694365795387
730 0.196139457686767
731 0.196671072053089
732 0.197167909172624
733 0.197560053193093
734 0.198085708003418
735 0.19862311269146
736 0.199128134221235
737 0.19960473593518
738 0.200121226169211
739 0.200617998927414
740 0.20108048036912
741 0.201574947964612
742 0.202067793411645
743 0.202573177074866
744 0.203105319873607
745 0.203643212068015
746 0.2041623171492
747 0.204656110335533
748 0.205138536024893
749 0.205686455836888
750 0.206212256630456
751 0.206675382214171
752 0.207155406689539
753 0.207664056976295
754 0.208169609468401
755 0.208645888137004
756 0.209169476103142
757 0.20967840627195
758 0.210191251612939
759 0.210780796960271
760 0.211259868811262
761 0.211721864504358
762 0.212241449563132
763 0.212760635768936
764 0.21329054414276
765 0.213817683801854
766 0.21432699138813
767 0.214834752701375
768 0.215333398877537
769 0.215840505273196
770 0.216388749997953
771 0.21684865031212
772 0.21735075531369
773 0.217949936176052
774 0.218429506919466
775 0.218894130336032
776 0.219387054121337
777 0.219917531919046
778 0.220409846970728
779 0.220910876549704
780 0.221431074518446
781 0.221941765849724
782 0.222443074874471
783 0.222941341156274
784 0.223443897445154
785 0.223961049912261
786 0.224426990714992
787 0.224899514300037
788 0.225452595189696
789 0.225994954769464
790 0.226505987264359
791 0.226998406062798
792 0.227509253395934
793 0.228003795206563
794 0.228521416774108
795 0.229072422080481
796 0.229588019293031
797 0.230081788139847
798 0.230602990495795
799 0.231176352946224
800 0.231664204526501
801 0.232137716293556
802 0.232615632804538
803 0.233079860828177
804 0.23360451562491
805 0.234111483182039
806 0.234574771172755
807 0.235083897763712
808 0.235612297121495
809 0.236138782130561
810 0.236639988951995
811 0.237088647212199
812 0.237568891439118
813 0.238088483857263
814 0.238606003913624
815 0.239087360722146
816 0.239605178695997
817 0.240181507769872
818 0.240762100642792
819 0.24132749901661
820 0.241805955111501
821 0.242179668745758
822 0.24256524012045
823 0.243030387352679
824 0.243557131755884
825 0.244074646891233
826 0.244469964644737
827 0.244931432519518
828 0.245493180916102
829 0.246047229542194
830 0.246535492948476
831 0.247029576166849
832 0.247566803405368
833 0.248099125671269
834 0.248560977184418
835 0.24900982210915
836 0.249498901477483
837 0.249955719628396
838 0.250396376200182
839 0.250871989069079
840 0.251420680984731
841 0.251922540590916
842 0.252338599872379
843 0.2527479754995
844 0.253309556979705
845 0.253858121355461
846 0.254306886488705
847 0.254702719567925
848 0.255284237899251
849 0.255830757731272
850 0.256298101582892
851 0.256715821123914
852 0.257180873839173
853 0.257613715412295
854 0.258040347146432
855 0.258522341760804
856 0.259044991368967
857 0.259496441299214
858 0.259912407002598
859 0.260436761841827
860 0.260959839403726
861 0.261466542772438
862 0.261966845319511
863 0.262487372113474
864 0.263001057159242
865 0.263449321077715
866 0.263840311887242
867 0.264367050497746
868 0.264774687966224
869 0.265156379384333
870 0.26566610680295
871 0.266181415461419
872 0.26665113401104
873 0.267102862400828
874 0.267595334450076
875 0.268048644120292
876 0.268500686767813
877 0.269016477961311
878 0.269644478224344
879 0.270057367871746
880 0.270441158683852
881 0.270876180536807
882 0.271169165914693
883 0.27159221254912
884 0.272103674112708
885 0.272614056452023
886 0.273111737710207
887 0.273600321907758
888 0.2740295901443
889 0.274393567719722
890 0.274896108955105
891 0.275430321372272
892 0.275938299566871
893 0.276413571715314
894 0.276976839210784
895 0.277549954993654
896 0.278026441848146
897 0.278332175106686
898 0.278695381593323
899 0.279146409468808
900 0.279671404212233
901 0.280217884410513
902 0.280537837276897
903 0.280871139097732
904 0.281371124117437
905 0.281928813449846
906 0.282477352799253
907 0.282955495786128
908 0.283384222589681
909 0.283935692962324
910 0.284458837146104
911 0.284907684991735
912 0.285301004986288
913 0.285737393400405
914 0.286224203633999
915 0.286727289242164
916 0.287210653832411
917 0.287722523396598
918 0.288103066493779
919 0.288401574520853
920 0.288778153442591
921 0.289349764489878
922 0.289862854308945
923 0.290358025565898
924 0.291008842787715
925 0.291465275222187
926 0.291915448040621
927 0.292390154093851
928 0.292783175001627
929 0.29325466437878
930 0.293737985690418
931 0.294191774818543
932 0.294622000027449
933 0.294972111202314
934 0.295317768772565
935 0.295707922273876
936 0.296136842030614
937 0.296656955667761
938 0.297234782934036
939 0.297771383602889
940 0.29812249827691
941 0.298525859544961
942 0.299030181334819
943 0.299587608558948
944 0.300072552793386
945 0.300546834024674
946 0.300950688170697
947 0.301292127830536
948 0.301734601427447
949 0.302232415984572
950 0.302697074170804
951 0.303095803585116
952 0.303528708442529
953 0.303989485306728
954 0.304462286817029
955 0.304918917497469
956 0.30531943531514
957 0.305689979653411
958 0.30616654353445
959 0.306770348547634
960 0.307213919601019
961 0.307605394407816
962 0.308069102078218
963 0.308628016524727
964 0.309063073576323
965 0.309432142146392
966 0.30982215524053
967 0.310254560977701
968 0.310573512034288
969 0.310961612360657
970 0.311406612931841
971 0.311859458956842
972 0.312326478856704
973 0.312773488649807
974 0.313199458210521
975 0.313619987425158
976 0.314064697572888
977 0.314411054453615
978 0.314881456710425
979 0.315501709448004
980 0.315734750784912
981 0.31611055045903
982 0.316658110559217
983 0.317260060720788
984 0.317789306755855
985 0.318145794101881
986 0.318428327596737
987 0.318762715852442
988 0.319207408089281
989 0.319512027474965
990 0.31993668240017
991 0.320531663514776
992 0.320934269354773
993 0.321535363917192
994 0.322079718740634
995 0.322439817783054
996 0.322786955140205
997 0.323138509647148
998 0.323522047679113
999 0.323914988160292
1000 0.324248612505655
1001 0.320673076709351
1002 0.321046981684592
1003 0.321310859880487
1004 0.32169406299064
1005 0.322165558798376
1006 0.322604840779374
1007 0.323067022411153
1008 0.323551348394706
1009 0.324005181344025
1010 0.32433457362256
1011 0.324737395208612
1012 0.325115257437458
1013 0.325394748557654
1014 0.325732037375583
1015 0.326084485401535
1016 0.326504885464724
1017 0.326918552570969
1018 0.327414065508015
1019 0.327845511426401
1020 0.328278430930435
1021 0.328623084618151
1022 0.328950276970639
1023 0.329264334612531
1024 0.329620927275886
1025 0.33002970943891
1026 0.330399273396393
1027 0.330811552615382
1028 0.331246257897625
1029 0.33154782751302
1030 0.331928194508997
1031 0.332378433089836
1032 0.332775252663761
1033 0.333158605010067
1034 0.333553024433687
1035 0.333940751101588
1036 0.334283663339229
1037 0.334676703239394
1038 0.335041919362311
1039 0.335430178657189
1040 0.335876242980431
1041 0.336331175096595
1042 0.336735488531181
1043 0.337131488124018
1044 0.337565215659096
1045 0.337943588523404
1046 0.338293988262949
1047 0.338677844705839
1048 0.339090748550019
1049 0.339448033982968
1050 0.339798188480125
1051 0.340192079221676
1052 0.340579161386554
1053 0.340959129985418
1054 0.341354139477169
1055 0.341772247563118
1056 0.342151375111723
1057 0.342499852164905
1058 0.34283880507253
1059 0.343163547691047
1060 0.343571252967038
1061 0.343950458357031
1062 0.344287355096595
1063 0.344611878416916
1064 0.344953068012439
1065 0.345205133517934
1066 0.345494064998537
1067 0.345824880279077
1068 0.346122838443972
1069 0.34640414922762
1070 0.346641815202103
1071 0.346880273238912
1072 0.347120424589005
1073 0.347352454622176
1074 0.347596549086577
1075 0.347838246161884
1076 0.348076880393119
1077 0.348301452662189
1078 0.348555958408417
1079 0.348811859954983
1080 0.349040205784186
1081 0.349289398657806
1082 0.349549869135557
1083 0.349873223857168
1084 0.350207464921843
1085 0.350475393972599
1086 0.350746802920974
1087 0.350981761298656
1088 0.351201096428363
1089 0.351426107337399
1090 0.351633267377216
1091 0.3518621830304
1092 0.352045894225303
1093 0.352280394997636
1094 0.352554273020823
1095 0.352872767827977
1096 0.353144254760365
1097 0.353410719864675
1098 0.353672268963304
1099 0.353920696319146
1100 0.354151487575039
1101 0.354396592448261
1102 0.354627372714465
1103 0.354874219244328
1104 0.355161881985179
1105 0.355410252358004
1106 0.355694732059209
1107 0.356023981349054
1108 0.356312879317462
1109 0.356561729732144
1110 0.356913470811679
1111 0.357247672688501
1112 0.357508459514365
1113 0.35779670127174
1114 0.358095009385913
1115 0.358363028517032
1116 0.358651749515282
1117 0.358978756360138
1118 0.359305333140202
1119 0.359645710249076
1120 0.360018252067685
1121 0.360363544406455
1122 0.360703821131364
1123 0.361040618225508
1124 0.36134586136508
1125 0.361683897565694
1126 0.362039663814187
1127 0.362418236874467
1128 0.362772467986854
1129 0.363109428122131
1130 0.363435964850386
1131 0.363777395202403
1132 0.364111489072774
1133 0.364433290095814
1134 0.364801416826458
1135 0.365148125221183
1136 0.365484460540539
1137 0.365837795239501
1138 0.366175432420121
1139 0.366465634333155
1140 0.366784990052703
1141 0.36712213781024
1142 0.367459587025822
1143 0.367784280084591
1144 0.368166440892288
1145 0.36855910434434
1146 0.368893247894339
1147 0.369232422984036
1148 0.369582498424465
1149 0.369916014421178
1150 0.370214967047827
1151 0.370498833099545
1152 0.370826333679797
1153 0.371146124842877
1154 0.371452987532565
1155 0.371777589392366
1156 0.372130262438301
1157 0.372457235380298
1158 0.372783816530774
1159 0.373107034766181
1160 0.373440390608363
1161 0.373723808675053
1162 0.374026652381876
1163 0.374333422793823
1164 0.374635966278603
1165 0.374984263351374
1166 0.375320228100311
1167 0.375670354236173
1168 0.376034419502084
1169 0.376350107013705
1170 0.376665467937027
1171 0.376972980584025
1172 0.377260359491892
1173 0.37753786180144
1174 0.377800836879914
1175 0.378030686760344
1176 0.378279928921623
1177 0.378511544934195
1178 0.378756220673969
1179 0.379020023211832
1180 0.379275409165254
1181 0.379544767678402
1182 0.379829561346953
1183 0.380070117892616
1184 0.380293251468718
1185 0.38050428675016
1186 0.380730601974044
1187 0.380942320939074
1188 0.381158974888213
1189 0.381372214425101
1190 0.381559390477286
1191 0.381774022916482
1192 0.382025162958826
1193 0.382246328111487
1194 0.382464376684184
1195 0.38266723230088
1196 0.382844403752614
1197 0.383030394932704
1198 0.383214115375394
1199 0.383403624176059
1200 0.383584820411938
1201 0.383749300988273
1202 0.383923489569699
1203 0.384130171866336
1204 0.384340719585468
1205 0.384568473661283
1206 0.384800599746853
1207 0.385058075535375
1208 0.385284192897675
1209 0.385512426104619
1210 0.38572279465298
1211 0.385888765267259
1212 0.386092128959815
1213 0.386305990743504
1214 0.386525799012889
1215 0.3867753923444
1216 0.38700738765301
1217 0.387229078427476
1218 0.387447242586069
1219 0.387688347076402
1220 0.387926660002893
1221 0.388162488230731
1222 0.388428247636641
1223 0.388628337436965
1224 0.388782689785453
1225 0.388970439723069
1226 0.389145278430856
1227 0.389315620439096
1228 0.389497107885173
1229 0.389671169156489
1230 0.389807700138218
1231 0.389980284762266
1232 0.390176362908352
1233 0.390381948972356
1234 0.390610907846412
1235 0.390828067224206
1236 0.391052779997991
1237 0.391274319187916
1238 0.391482544687735
1239 0.391704335198635
1240 0.391922228917741
1241 0.392146235992265
1242 0.392358711121649
1243 0.392567856279781
1244 0.39277075273479
1245 0.392961860478034
1246 0.393165196308315
1247 0.393376176052225
1248 0.393573973092283
1249 0.393770041200944
1250 0.393968411074025
1251 0.394137684129681
1252 0.394342839039124
1253 0.394575631789731
1254 0.394802537125857
1255 0.395061652548814
1256 0.395298753538977
1257 0.395515931375463
1258 0.395743154975996
1259 0.395967058027349
1260 0.396169652259249
1261 0.396417133653424
1262 0.396685872704198
1263 0.396954742430921
1264 0.397254671272295
1265 0.397530788679646
1266 0.397811996138588
1267 0.398067628845269
1268 0.398302724197391
1269 0.398542731652349
1270 0.398764285813001
1271 0.398989090179684
1272 0.399220721148731
1273 0.399445536605647
1274 0.399682606680964
1275 0.399882031245985
1276 0.400026094155993
1277 0.400214938638836
1278 0.400402080463122
1279 0.400599253175529
1280 0.400785496355445
1281 0.401017199850152
1282 0.401182395720886
1283 0.401291661046564
1284 0.40143103606032
1285 0.401550973566334
1286 0.401709670236808
1287 0.401913973578417
1288 0.402054479890872
1289 0.40219107066751
1290 0.402308647569523
1291 0.402363171194307
1292 0.402454138831169
1293 0.402588945989003
1294 0.402670713751441
1295 0.402752403160894
1296 0.402784586948572
1297 0.402755845963727
1298 0.402729853467228
1299 0.402649355869208
1300 0.402600886214606
1301 0.402572004983358
1302 0.402546905137922
1303 0.402549960318693
1304 0.402595086466021
1305 0.402609387307033
1306 0.402625214694945
1307 0.402641742751565
1308 0.402653408552833
1309 0.402662193330062
1310 0.402675920209523
1311 0.402683626975493
1312 0.402659773938732
1313 0.402682078177238
1314 0.402731029318678
1315 0.402775050631591
1316 0.402842497661001
1317 0.402906053745197
1318 0.402951701103725
1319 0.403022107535873
1320 0.403106383955733
1321 0.403203475153453
1322 0.403310547052449
1323 0.403435161253265
1324 0.403575324501274
1325 0.403714078966086
1326 0.40391835494618
1327 0.404178824040066
1328 0.404396062860351
1329 0.404646749135536
1330 0.404866379462408
1331 0.405024909082587
1332 0.405255040662666
1333 0.405542311911658
1334 0.405778507967559
1335 0.40601793965355
1336 0.406250289090575
1337 0.406452922145797
1338 0.406663157480763
1339 0.406890822274508
1340 0.407100825735576
1341 0.407267949356577
1342 0.407478859924543
1343 0.407704925118817
1344 0.407940764160357
1345 0.408226218971433
1346 0.40848284225214
1347 0.408734696328993
1348 0.408978001968407
1349 0.409200649507618
1350 0.409397865294896
1351 0.40961011012394
1352 0.40980820567477
1353 0.410029761533505
1354 0.410265613831729
1355 0.410498619072013
1356 0.410745636401972
1357 0.41097914962025
1358 0.411229057575984
1359 0.411430368087958
1360 0.4115704108945
1361 0.411776665997074
1362 0.411977272492183
1363 0.412200314723106
1364 0.412484436859958
1365 0.412744923098144
1366 0.412988384454597
1367 0.413242116883355
1368 0.413519860189993
1369 0.413773406768007
1370 0.414035110247158
1371 0.414258722839031
1372 0.414461222716944
1373 0.414642074179013
1374 0.414795978526342
1375 0.414912974751545
1376 0.414957316038043
1377 0.414950220050049
1378 0.414909863346656
1379 0.414773202943681
1380 0.414707332131974
1381 0.414644465522267
1382 0.414582084495932
1383 0.414516904700505
1384 0.41448913122735
1385 0.414503286746679
1386 0.414453528122498
1387 0.414439273013793
1388 0.414345834757698
1389 0.414177563382648
1390 0.413997173433546
1391 0.413789934175984
1392 0.413553002572745
1393 0.413267385230947
1394 0.412977897101329
1395 0.412663118502313
1396 0.412346374079041
1397 0.412023795572552
1398 0.411683459281532
1399 0.411330793196609
1400 0.410970399052156
1401 0.410598150562905
1402 0.410205018190999
1403 0.409824836164998
1404 0.409455505487988
1405 0.409081317307707
1406 0.408719008424904
1407 0.408333256005877
1408 0.407913343602202
1409 0.407560532013351
1410 0.407185139923186
1411 0.406921204707179
1412 0.406694772092326
1413 0.406591199205023
1414 0.406551425955229
1415 0.406639715645278
1416 0.406860702083848
1417 0.4071322860913
1418 0.407523420005361
1419 0.407927869056263
1420 0.408423366083094
1421 0.408887679821097
1422 0.409396347200943
1423 0.40986384728027
1424 0.410323109192186
1425 0.4107579581404
1426 0.411167900555965
1427 0.4115695059633
1428 0.411945882501459
1429 0.412319815454949
1430 0.412684170526899
1431 0.413047256634087
1432 0.413392714969515
1433 0.413755011421601
1434 0.414129596968685
1435 0.414509592642716
1436 0.414871045737628
1437 0.41524000728491
1438 0.415582458064302
1439 0.415913676496658
1440 0.416206953502133
1441 0.416480521639438
1442 0.416742944643187
1443 0.416957730407713
1444 0.417202223822323
1445 0.417449266540367
1446 0.417706711130239
1447 0.417967875126785
1448 0.418235221641927
1449 0.418533548097313
1450 0.418789575070867
1451 0.419026453806118
1452 0.419268484965626
1453 0.419475893243696
1454 0.419714044602159
1455 0.419979188942958
1456 0.420229955026648
1457 0.420520181692288
1458 0.420739179960141
1459 0.420914689543004
1460 0.421087096024109
1461 0.421203201318418
1462 0.421337884254855
1463 0.421455326293486
1464 0.421612222169131
1465 0.421799588769937
1466 0.421970797163402
1467 0.422153072225361
1468 0.422350446748196
1469 0.422534587288787
1470 0.422736401996514
1471 0.42295637473384
1472 0.423199046700484
1473 0.423447561331578
1474 0.423667491387973
1475 0.423895619569323
1476 0.424144948907337
1477 0.42434969818662
1478 0.424508761848236
1479 0.424729031235997
1480 0.424949512281006
1481 0.425185383345087
1482 0.425490689103053
1483 0.425707414840256
1484 0.425881628704223
1485 0.426062925567776
1486 0.426196436315195
1487 0.426373179930361
1488 0.426549017544889
1489 0.426769891078596
1490 0.427020656793331
1491 0.427279894568322
1492 0.427605487566164
1493 0.427867218511348
1494 0.428126363961038
1495 0.428342538332049
1496 0.428503861703253
1497 0.42867315241187
1498 0.428808438648993
1499 0.428965426810683
1500 0.429119972515234
1501 0.429286427126615
1502 0.429473306271177
1503 0.42964477117838
1504 0.42981970468446
1505 0.429990638671218
1506 0.430152171559312
1507 0.430313575176529
1508 0.430465869250312
1509 0.430629141110713
1510 0.430792234189593
1511 0.430959539196821
1512 0.431145902669571
1513 0.431319571407281
1514 0.431488212106578
1515 0.431658335376414
1516 0.431817782933073
1517 0.431987907077303
1518 0.432169464482946
1519 0.432309053875575
1520 0.432479118044536
1521 0.432675804555553
1522 0.432869628204136
1523 0.433097489425256
1524 0.433263376493292
1525 0.433407211797798
1526 0.43354506590481
1527 0.4336392523122
1528 0.433777233813868
1529 0.433929439345677
1530 0.434084159801011
1531 0.434244585999772
1532 0.434421491956407
1533 0.434620280754383
1534 0.434791097013808
1535 0.434976242042518
1536 0.435127026548143
1537 0.435254537619918
1538 0.435362036006905
1539 0.435434520946549
1540 0.435533359429464
1541 0.435611238775962
1542 0.435717429996942
1543 0.435838956501758
1544 0.435986574937041
1545 0.436168017239682
1546 0.436320208064572
1547 0.436486520632296
1548 0.436646451200276
1549 0.436768224164467
1550 0.436929069043868
1551 0.437136081174269
1552 0.437301944149733
1553 0.437458023002584
1554 0.43761386224309
1555 0.437767415804332
1556 0.43789084936888
1557 0.437973660634683
1558 0.438105911767797
1559 0.438234577969635
1560 0.438373760937543
1561 0.438573629430995
1562 0.438734160119538
1563 0.438883243123247
1564 0.43899906029242
1565 0.439094895306958
1566 0.439177765338927
1567 0.439180733974966
1568 0.439260854145212
1569 0.439383098315901
1570 0.439499347828656
1571 0.439631723479372
1572 0.439797752367247
1573 0.439990667823671
1574 0.440169249274489
1575 0.44040778649905
1576 0.440591265829923
1577 0.440696149284984
1578 0.44084905240852
1579 0.441021655775859
1580 0.44117430945854
1581 0.441345601517294
1582 0.441502450233823
1583 0.441632089678737
1584 0.441759468355386
1585 0.441870905941239
1586 0.442005076978272
1587 0.442167479952672
1588 0.442290296300746
1589 0.442404614120448
1590 0.442520215482474
1591 0.442599259614196
1592 0.442683531428698
1593 0.442773396738348
1594 0.442875439509147
1595 0.442963617221764
1596 0.443073022964443
1597 0.443213942480675
1598 0.443354372060382
1599 0.443510547512213
1600 0.443661381014015
1601 0.443773507763611
1602 0.443926664906691
1603 0.444077304458551
1604 0.444204770807298
1605 0.4443402291602
1606 0.444492102661832
1607 0.444619312571476
1608 0.444725317898093
1609 0.444843637954137
1610 0.444960249354455
1611 0.445086059797894
1612 0.44521197645887
1613 0.445347855469143
1614 0.445490558998835
1615 0.445642847212911
1616 0.445813917000917
1617 0.445947594932133
1618 0.446077424355174
1619 0.446201690850455
1620 0.446296918135273
1621 0.446407306769575
1622 0.446527430491159
1623 0.446648614590326
1624 0.446763198867859
1625 0.446887290028584
1626 0.44700632032768
1627 0.447179304614018
1628 0.4473778999904
1629 0.447565951243946
1630 0.447822372737338
1631 0.447960093581375
1632 0.448023095098591
1633 0.448133917276639
1634 0.448212667683966
1635 0.448309142718137
1636 0.448435758007874
1637 0.448537680196428
1638 0.448609571875115
1639 0.448716895746339
1640 0.448843867094406
1641 0.448960989870384
1642 0.449071679802828
1643 0.449225933062032
1644 0.449393794681115
1645 0.449568305434482
1646 0.449776716604598
1647 0.449973218175661
1648 0.450181876596859
1649 0.450343605830323
1650 0.450505543121072
1651 0.450626720773831
1652 0.450685824825939
1653 0.450786643147126
1654 0.450873043319812
1655 0.451015087044867
1656 0.451188548115737
1657 0.451380127842892
1658 0.451583302128602
1659 0.451752473273969
1660 0.451868598881439
1661 0.451955545408298
1662 0.452075440311299
1663 0.452191961846591
1664 0.452289419669057
1665 0.452418857584655
1666 0.452521501366325
1667 0.452589046347287
1668 0.452707166517579
1669 0.452827313986322
1670 0.452939643063699
1671 0.453084016316
1672 0.453201829098847
1673 0.453264082507576
1674 0.453349624875095
1675 0.45346276767002
1676 0.453587923317315
1677 0.453795618182336
1678 0.453977569627118
1679 0.454122341191634
1680 0.454296925935291
1681 0.454413250613756
1682 0.454577050423522
1683 0.454797529956681
1684 0.454982292194241
1685 0.455245743216665
1686 0.455532200552315
1687 0.45579364233141
1688 0.456031222336761
1689 0.456192527289761
1690 0.456329567281847
1691 0.456467504956849
1692 0.456618839484554
1693 0.456776673048248
1694 0.45691845817492
1695 0.457005748698002
1696 0.457104204981301
1697 0.457241560726449
1698 0.457325818462901
1699 0.457441384562773
1700 0.457542329474298
1701 0.4576374386159
1702 0.457714994497462
1703 0.457735956974851
1704 0.457813253928655
1705 0.457896616522922
1706 0.458003264159194
1707 0.458211702494428
1708 0.458336147758434
1709 0.458394894506949
1710 0.458498745235779
1711 0.458612625906382
1712 0.458677717665659
1713 0.45874006089483
1714 0.458788626136545
1715 0.458737233914135
1716 0.458792187543605
1717 0.458918399490885
1718 0.459054681820831
1719 0.459237395258588
1720 0.459415875104507
1721 0.459651542127346
1722 0.459793910955046
1723 0.459922253926402
1724 0.459997327456692
1725 0.459955290114974
1726 0.459973046668071
1727 0.45997729516832
1728 0.460026894620643
1729 0.460135878989623
1730 0.460189032773404
1731 0.460239958356298
1732 0.46027488132205
1733 0.460231302451918
1734 0.460321132137031
1735 0.460498628034685
1736 0.460615256056404
1737 0.46079336088228
1738 0.460880271852077
1739 0.46086825254095
1740 0.460931724471525
1741 0.460970332681107
1742 0.461018265100728
1743 0.461090790609735
1744 0.461172319732498
1745 0.461301446674393
1746 0.461396601244899
1747 0.461511231685187
1748 0.461595364139768
1749 0.461612821804081
1750 0.46168114191604
1751 0.461791061652966
1752 0.461892350788844
1753 0.461951108703353
1754 0.462036938556813
1755 0.462134638746106
1756 0.462158154172327
1757 0.462210170633505
1758 0.462215014154825
1759 0.462160097886761
1760 0.462250874068819
1761 0.462380511729594
1762 0.462434958340557
1763 0.462545576171441
1764 0.462654081441116
1765 0.462700774021291
1766 0.462882811459866
1767 0.463067753269002
1768 0.463126198588039
1769 0.463232600245398
1770 0.463275036640792
1771 0.46324741162323
1772 0.463162732155155
1773 0.463186388704314
1774 0.463277579874295
1775 0.463375159831181
1776 0.46355488346653
1777 0.463741112836648
1778 0.463942705180975
1779 0.464090294864415
1780 0.464247984289658
1781 0.464351890876691
1782 0.464389256140374
1783 0.464443749322945
1784 0.464511393113215
1785 0.464491672666324
1786 0.464494271838906
1787 0.464538439015008
1788 0.46461178543634
1789 0.464750425430431
1790 0.464938917902993
1791 0.465124741213337
1792 0.465176175010614
1793 0.465214843187508
1794 0.465324071922122
1795 0.465401845373673
1796 0.465598264372998
1797 0.465808913133369
1798 0.465857834282552
1799 0.465923113140329
1800 0.466098166576833
1801 0.46282275379583
1802 0.462867040244798
1803 0.462830834905407
1804 0.462918607185718
1805 0.462971329015293
1806 0.462963230872514
1807 0.463002529124502
1808 0.463126102578279
1809 0.463191934253452
1810 0.46322255787288
1811 0.463259385299991
1812 0.463370891488508
1813 0.463403030695945
1814 0.463356143443261
1815 0.463363007592463
1816 0.463376808824234
1817 0.463328212791799
1818 0.463345844516214
1819 0.463393145814921
1820 0.463552492982885
1821 0.463641335357315
1822 0.46364505704925
1823 0.463607056618831
1824 0.463542897818364
1825 0.46359068636876
1826 0.463691067229491
1827 0.463833623933094
1828 0.464127348506211
1829 0.464261313964099
1830 0.464398305216804
1831 0.464409520890792
1832 0.464254108452197
1833 0.464177397447019
1834 0.464051443798463
1835 0.464001727836809
1836 0.463993433017909
1837 0.464032949490276
1838 0.464059491211646
1839 0.46411348187795
1840 0.464186921347012
1841 0.464302979791689
1842 0.464546458712034
1843 0.464796302188865
1844 0.464970729775148
1845 0.464941931212751
1846 0.464834998720108
1847 0.464761422694895
1848 0.464615356068551
1849 0.464485574694684
1850 0.464424883777328
1851 0.46445238654991
1852 0.464517507801029
1853 0.464487337600393
1854 0.46444120359183
1855 0.464422387233721
1856 0.464413751831812
1857 0.464423694037331
1858 0.464407582929421
1859 0.464443948869744
1860 0.464381081199079
1861 0.464247118177617
1862 0.464128930352976
1863 0.46399409771946
1864 0.463865298869919
1865 0.46365133654138
1866 0.463308079121523
1867 0.462991555586555
1868 0.462603241393793
1869 0.462264541461918
1870 0.461941851628358
1871 0.461654483897742
1872 0.461296921967753
1873 0.460734258139239
1874 0.46023263208126
1875 0.459772805185652
1876 0.459257956543899
1877 0.458818662945516
1878 0.458266296323006
1879 0.457678464967182
1880 0.456901685155092
1881 0.456076681423088
1882 0.455228438043296
1883 0.454195459693437
1884 0.453136677943349
1885 0.452109803993289
1886 0.450864254970138
1887 0.449608376661909
1888 0.448260514174682
1889 0.446857707517589
1890 0.445240613346984
1891 0.44362045545132
1892 0.441908781558334
1893 0.440116125038656
1894 0.438342529901784
1895 0.436522915166537
1896 0.434616784233426
1897 0.432617860116866
1898 0.43053931312546
1899 0.428582306645894
1900 0.426596396776438
1901 0.424741619526623
1902 0.423002708829987
1903 0.421339361671628
1904 0.419627132165746
1905 0.418097600499968
1906 0.416770911481447
1907 0.415604276543376
1908 0.414768480179764
1909 0.414124468982782
1910 0.413540290763706
1911 0.413102318995767
1912 0.412776716821604
1913 0.412573780446072
1914 0.412423445010524
1915 0.412422585214535
1916 0.412460495952248
1917 0.412506603510175
1918 0.412744099460766
1919 0.413070930109686
1920 0.413555271683894
1921 0.414065288170162
1922 0.414732224484545
1923 0.415278293888696
1924 0.415777904490514
1925 0.416396950105041
1926 0.416999287668957
1927 0.417622918531839
1928 0.418265276330718
1929 0.418816869907786
1930 0.419289351720347
1931 0.419786944154066
1932 0.420329182333906
1933 0.420905624197908
1934 0.421479149277242
1935 0.422094243824415
1936 0.422684933388319
1937 0.423230750365881
1938 0.423752498603696
1939 0.424233021820631
1940 0.424718617110092
1941 0.425267832873921
1942 0.425807487769199
1943 0.42629786650069
1944 0.426752850622555
1945 0.427231631015128
1946 0.427669685800323
1947 0.428146944381106
1948 0.428670246215392
1949 0.429186465474837
1950 0.429645575815573
1951 0.430044522443317
1952 0.430382679768592
1953 0.430709414425187
1954 0.431045120651005
1955 0.431329815932084
1956 0.431693677732702
1957 0.432062508117225
1958 0.432488499477556
1959 0.432992577895443
1960 0.433529621856699
1961 0.433922096360194
1962 0.434403962428226
1963 0.434898243904954
1964 0.4352936346814
1965 0.435621817773781
1966 0.43601502821269
1967 0.436512767816779
1968 0.437043210624924
1969 0.437561624367523
1970 0.438263074268923
1971 0.438811126697499
1972 0.439238230070853
1973 0.439659628140238
1974 0.440123501905769
1975 0.440578676656634
1976 0.441023197050006
1977 0.441437666595166
1978 0.44184797654779
1979 0.442251026059545
1980 0.442678236766326
1981 0.443091707636529
1982 0.443507314710362
1983 0.44391777786726
1984 0.444347074062233
1985 0.444808969173904
1986 0.445256851233711
1987 0.445592538765263
1988 0.445982327105613
1989 0.446337667110719
1990 0.44669815707353
1991 0.447097482591565
1992 0.447592563282513
1993 0.448024001531689
1994 0.448431888302597
1995 0.448825263558069
1996 0.44919289104351
1997 0.449599505056495
1998 0.449990054722252
1999 0.450420580985032
2000 0.450889719864508
2001 0.451351558509781
2002 0.451760383521541
2003 0.452100332015816
2004 0.452536114673146
2005 0.452984209939944
2006 0.453439591417793
2007 0.454001428221778
2008 0.454437669283529
2009 0.454761580605116
2010 0.455158787670577
2011 0.455570587020901
2012 0.455946179114083
2013 0.456292070402667
2014 0.456730192145664
2015 0.457087848203662
2016 0.457347928145898
2017 0.457691872541764
2018 0.458105669433535
2019 0.458421421097049
2020 0.458663618572993
2021 0.459003702569887
2022 0.459321212155642
2023 0.459661852934719
2024 0.460084587767059
2025 0.460542818650375
2026 0.460760455074172
2027 0.46109872467592
2028 0.461408693603886
2029 0.461535827616934
2030 0.46175965363182
2031 0.462016262819034
2032 0.462257764931602
2033 0.462499818449921
2034 0.462725623269811
2035 0.462917045395164
2036 0.463143125807948
2037 0.463364658178943
2038 0.463619114155318
2039 0.463920238577644
2040 0.464237171436424
2041 0.464572825133396
2042 0.464793381070771
2043 0.464971949981049
2044 0.465056632792518
2045 0.465247612384041
2046 0.46535513403269
2047 0.46560744167518
2048 0.466034191168653
2049 0.466346147543273
2050 0.466724937628587
2051 0.466998730099917
2052 0.467160019680026
2053 0.46734562091661
2054 0.46744681632488
2055 0.467605408531183
2056 0.467823743332111
2057 0.468100735471693
2058 0.468363864606389
2059 0.468668899692506
2060 0.468961450392657
2061 0.469372736552368
2062 0.469524387523873
2063 0.469547911789165
2064 0.469585949843541
2065 0.469326059228454
2066 0.469294541399184
2067 0.469344242361791
2068 0.469523324966197
2069 0.469768861391382
2070 0.470122107935207
2071 0.470355091756645
2072 0.470631130692847
2073 0.470831102734571
2074 0.470941002661016
2075 0.471044930450573
2076 0.47105962212175
2077 0.471224482941897
2078 0.471420709531593
2079 0.47164604294036
2080 0.472044972641792
2081 0.47232386390956
2082 0.472551781334992
2083 0.472734962652955
2084 0.472834130335096
2085 0.47300817315117
2086 0.473111687717247
2087 0.473115974118344
2088 0.473262032203404
2089 0.473458341583349
2090 0.473647602961745
2091 0.473895908754991
2092 0.47414537986248
2093 0.474462862630068
2094 0.474635715942817
2095 0.474784500356646
2096 0.474894302296466
2097 0.474811025004952
2098 0.474836769652381
2099 0.474899777671239
2100 0.474997191793291
2101 0.475119209369237
2102 0.475254630799158
2103 0.475398270439046
2104 0.475564012493281
2105 0.475743676506335
2106 0.475935565564085
2107 0.476116656870852
2108 0.476321871922646
2109 0.476506609190359
2110 0.476653720488214
2111 0.47685548756752
2112 0.477137881009668
2113 0.477323929634812
2114 0.477542538599474
2115 0.477651138407811
2116 0.477656221425929
2117 0.47753786081508
2118 0.477546958015717
2119 0.477659017022484
2120 0.477898831660033
2121 0.478343543857914
2122 0.478714751767371
2123 0.479245578061339
2124 0.479547097241568
2125 0.479749785939934
2126 0.47996681265384
2127 0.48002409397012
2128 0.480176588928576
2129 0.480394415114915
2130 0.480596613863499
2131 0.480842674239693
2132 0.481018929666326
2133 0.481182287941091
2134 0.481320182118039
2135 0.481340117978347
2136 0.481313735325835
2137 0.481343703690731
2138 0.481424038040074
2139 0.481323727301936
2140 0.481154572482891
2141 0.480996570351882
2142 0.480677092744684
2143 0.480464205553941
2144 0.480385936926215
2145 0.480183107951937
2146 0.479949767099874
2147 0.47964107940861
2148 0.479186871474846
2149 0.478829233330351
2150 0.478458147887854
2151 0.478091536716589
2152 0.477686499959047
2153 0.477519895143525
2154 0.4771347658462
2155 0.47668661896709
2156 0.476250751516682
2157 0.47569981802164
2158 0.475324584167516
2159 0.4750624944766
2160 0.474708480033431
2161 0.474483225042878
2162 0.474066125451152
2163 0.473445049504212
2164 0.472947443523326
2165 0.472453136670104
2166 0.471923105506456
2167 0.471421184308785
2168 0.470874317823655
2169 0.470185458662685
2170 0.469638370383913
2171 0.469178472707823
2172 0.46871798731125
2173 0.468362954893867
2174 0.467925225991082
2175 0.467535315933966
2176 0.467139682059527
2177 0.46670406742804
2178 0.466302864013585
2179 0.46584723122446
2180 0.465398873029984
2181 0.464778914517522
2182 0.463983330259512
2183 0.463338098273279
2184 0.462616985016403
2185 0.461949628921234
2186 0.461447645368455
2187 0.46085878897544
2188 0.460193219567858
2189 0.459534317594131
2190 0.458807167924617
2191 0.458199087804599
2192 0.457628774347174
2193 0.457070039588565
2194 0.456644648745119
2195 0.456239174973436
2196 0.455579668675587
2197 0.454900463467179
2198 0.454266893635674
2199 0.45356487448614
2200 0.45293082925582
2201 0.45238106244832
2202 0.451761186712018
2203 0.451026200766537
2204 0.450457253190883
2205 0.449944881518538
2206 0.449514955343087
2207 0.449153776712956
2208 0.448910565130692
2209 0.448576148854493
2210 0.448684172518317
2211 0.449206953579915
2212 0.449651244141586
2213 0.45042147808139
2214 0.451088670978026
2215 0.451742213488879
2216 0.452304492693987
2217 0.452866519411698
2218 0.453374302606206
2219 0.453866223612962
2220 0.454339841807963
2221 0.454865925195327
2222 0.455509577486634
2223 0.456049689965834
2224 0.456607722942433
2225 0.456976655604021
2226 0.457238246138657
2227 0.457505177433322
2228 0.457595692624515
2229 0.457777349264925
2230 0.458054413803178
2231 0.458225410199627
2232 0.458345033871851
2233 0.458433348955794
2234 0.458467228105703
2235 0.458497163171028
2236 0.458490769411684
2237 0.45844430800606
2238 0.458314778327853
2239 0.45829435471625
2240 0.458216288354086
2241 0.458283961517401
2242 0.458598960029508
2243 0.458757859052986
2244 0.458830253497994
2245 0.459081192287224
2246 0.459252140476252
2247 0.459174407234899
2248 0.459047890266118
2249 0.459029633829769
2250 0.458999377050177
2251 0.458835595104299
2252 0.458917613623277
2253 0.459270749512274
2254 0.459301830570617
2255 0.4592236497109
2256 0.45932062792922
2257 0.459274675002207
2258 0.459439575004298
2259 0.459997632568294
2260 0.460205724489233
2261 0.460251543621253
2262 0.460351406050746
2263 0.460273891435254
2264 0.460378412273125
2265 0.460703279782778
2266 0.46080948462102
2267 0.460807203172864
2268 0.460924755520157
2269 0.461115053710129
2270 0.461074175838207
2271 0.460973453593145
2272 0.460914466624379
2273 0.46042517454621
2274 0.460346374771324
2275 0.460757530580113
2276 0.460932195180502
2277 0.461118322604409
2278 0.461423084692451
2279 0.461341068674285
2280 0.461107722245708
2281 0.46116377411376
2282 0.461378495612251
2283 0.461624559829957
2284 0.461945896637431
2285 0.461934127777967
2286 0.461656616828442
2287 0.461323515953191
2288 0.460800093074797
2289 0.460332178390917
2290 0.459515755353382
2291 0.459396905635483
2292 0.459693846052902
2293 0.459746889980356
2294 0.460178948825608
2295 0.460345838104933
2296 0.460229407010723
2297 0.460128363927545
2298 0.459956912723872
2299 0.459959519385748
2300 0.459964123725809
2301 0.459998392512954
2302 0.460374410964848
2303 0.460404337026025
2304 0.460073634165689
2305 0.459900133429992
2306 0.459651566406967
2307 0.459523495532093
2308 0.459623516610818
2309 0.459451076472772
2310 0.459107848557945
2311 0.458906396206514
2312 0.458661696154724
2313 0.45840909714214
2314 0.457989893641495
2315 0.457966235292302
2316 0.458178179117053
2317 0.458309771000903
2318 0.459082109718637
2319 0.459373460465841
2320 0.459271463515175
2321 0.45897770534512
2322 0.459071511397523
2323 0.458668548855577
2324 0.458219787428067
2325 0.457897294942647
2326 0.457507667809891
2327 0.457392919431752
2328 0.457634666151628
2329 0.457871049633671
2330 0.45784952420612
2331 0.457631646490695
2332 0.457155225793223
2333 0.456855683006473
2334 0.45683344577187
2335 0.456757760213124
2336 0.456857110436928
2337 0.457362020422815
2338 0.457405308056992
2339 0.457341546681257
2340 0.457126698095291
2341 0.456780542437861
2342 0.45633481949636
2343 0.455524360493315
2344 0.455130417873075
2345 0.454765251704683
2346 0.45447644503319
2347 0.454530797866323
2348 0.454282685384784
2349 0.453759247752088
2350 0.453730085410243
2351 0.453928026324115
2352 0.454095172380204
2353 0.454548747141757
2354 0.454762889614976
2355 0.454916753428679
2356 0.454801747930074
2357 0.45451718483244
2358 0.454396052624957
2359 0.454111146803505
2360 0.453767057234662
2361 0.453727832984599
2362 0.45324080276491
2363 0.451932617292168
2364 0.4515491590918
2365 0.451569124751008
2366 0.451267361200177
2367 0.451369270572591
2368 0.451502281532701
2369 0.451392964356951
2370 0.451301626912636
2371 0.451489382225229
2372 0.45133316638999
2373 0.451016683069174
2374 0.450480819392416
2375 0.449559796316705
2376 0.449078368603294
2377 0.448305151556873
2378 0.447957218946571
2379 0.448261901668235
2380 0.448600378013629
2381 0.449352184898297
2382 0.449346219161073
2383 0.449115160490947
2384 0.449013443584502
2385 0.448126103938981
2386 0.448072405033876
2387 0.448922735231717
2388 0.449170153427203
2389 0.449310227991115
2390 0.449509403192301
2391 0.45007187223476
2392 0.449571322033059
2393 0.448327672917706
2394 0.447329700010495
2395 0.445179334281887
2396 0.444274341804897
2397 0.44404626865023
2398 0.444430852540645
2399 0.446024058343431
2400 0.446657642134667
2401 0.447572435413625
2402 0.447904748614472
2403 0.447509654852974
2404 0.447169382089823
2405 0.446650653766058
2406 0.446265243887102
2407 0.445286721388035
2408 0.445081843278362
2409 0.445842660392388
2410 0.445457166803607
2411 0.44476008929082
2412 0.444253917397625
2413 0.442928197383382
2414 0.442480303777194
2415 0.442837447483292
2416 0.443036514970059
2417 0.443200649781262
2418 0.443732609838614
2419 0.445158830701731
2420 0.444904950174125
2421 0.444022667291369
2422 0.443170276225586
2423 0.441249913767103
2424 0.440201349178401
2425 0.440237440796711
2426 0.438800476490523
2427 0.43568637880204
2428 0.434354132411063
2429 0.432811306834744
2430 0.43241540283592
2431 0.434364668332179
2432 0.434808051823909
2433 0.435412828618786
2434 0.434754235965692
2435 0.432250406120774
2436 0.431910909145157
2437 0.432110796931131
2438 0.431614231194176
2439 0.432338340706122
2440 0.432252971841232
2441 0.430843687038445
2442 0.42991499849664
2443 0.429062882854598
2444 0.428581189138289
2445 0.428126831975575
2446 0.428183900015235
2447 0.428990527827842
2448 0.429576721561633
2449 0.429669430538664
2450 0.429826730247329
2451 0.428450763821632
2452 0.425839724484548
2453 0.423877760149172
2454 0.423057932307207
2455 0.422654288155946
2456 0.422556687585377
2457 0.421829205498534
2458 0.419623477402157
2459 0.419346817849349
2460 0.422524943372602
2461 0.424934376953886
2462 0.425572566957586
2463 0.426571606793367
2464 0.423337914949216
2465 0.422213724638107
2466 0.424101509048339
2467 0.423958507191872
2468 0.423061457369982
2469 0.421996959775017
2470 0.418902131797925
2471 0.417430687226029
2472 0.417077655156335
2473 0.416174257627771
2474 0.415449332508761
2475 0.415082772280775
2476 0.415459995407239
2477 0.414644018193677
2478 0.412863696012955
2479 0.413498507188825
2480 0.41434288537354
2481 0.414706967528134
2482 0.417848481335197
2483 0.417697094257491
2484 0.413922236183741
2485 0.413850893336829
2486 0.415383937828991
2487 0.414929783732972
2488 0.415114972379097
2489 0.414263650418025
2490 0.409762180186219
2491 0.411795475390647
2492 0.414037371387294
2493 0.415300288160949
2494 0.417537858864242
2495 0.417603321343638
2496 0.418646542146075
2497 0.415551504608693
2498 0.414411663994894
2499 0.413861255452964
2500 0.410027036651306
