"Wavelength" "M081a_m2-w1"
350 0.120884275368952
351 0.116485583919542
352 0.114878439806644
353 0.113032988001345
354 0.106563617548372
355 0.112117496278356
356 0.116942658436839
357 0.11661992265732
358 0.115183359224624
359 0.112189905573201
360 0.109735872159539
361 0.108820847262598
362 0.107823382875035
363 0.111216158195404
364 0.112753009443616
365 0.107159339517521
366 0.103092340157771
367 0.104150969964234
368 0.108777913160568
369 0.111737168190837
370 0.107173979789037
371 0.102635531908767
372 0.101930259467796
373 0.102546852935294
374 0.101845209552693
375 0.101910357287066
376 0.103717777444296
377 0.102480175841067
378 0.101448663033732
379 0.101454999837593
380 0.101879069149481
381 0.100539265672534
382 0.0991879501298317
383 0.0992275568729389
384 0.101158700281914
385 0.0994949682185209
386 0.0984768166168174
387 0.100186626574053
388 0.098710793047462
389 0.0976899779677693
390 0.0969704580455013
391 0.0958570454798649
392 0.0972561030551179
393 0.0976367855806553
394 0.0959810374066263
395 0.0937047201482696
396 0.0942265807048422
397 0.094653453289017
398 0.0936326853008169
399 0.0945180363409524
400 0.0945026099744068
401 0.094101272164099
402 0.094266129185432
403 0.0931395431932039
404 0.0930805570836388
405 0.0941697830530641
406 0.0947104941732651
407 0.0947894531309616
408 0.0941679682712172
409 0.0932733473877373
410 0.0938525265100287
411 0.0938838894819082
412 0.0937482848266856
413 0.0942440035841951
414 0.0945693531889823
415 0.0942360448677692
416 0.0939757127302926
417 0.0952466159906382
418 0.0950131512586842
419 0.0947824243300005
420 0.0955606376048281
421 0.0958821018227022
422 0.0955570907983194
423 0.0954374804062958
424 0.0962927863445543
425 0.0961076281874534
426 0.0962130366367837
427 0.096695536728493
428 0.096330855587558
429 0.0964450050794341
430 0.0970033004146511
431 0.0976668589179741
432 0.0980542060676316
433 0.0982942409159816
434 0.0984013478692636
435 0.0984231469936038
436 0.0989154129769181
437 0.0994368461301359
438 0.099754714105088
439 0.100000798917767
440 0.100414335372507
441 0.100881376805558
442 0.101185330821825
443 0.101008338890587
444 0.10133054450484
445 0.102006917434904
446 0.102263911266936
447 0.102516913850559
448 0.102902620816755
449 0.103278092961989
450 0.103054686740461
451 0.103282174952118
452 0.103625787737566
453 0.10360633926464
454 0.104181563417724
455 0.10467867717489
456 0.104910569248377
457 0.105155188143207
458 0.105458188998574
459 0.105497626771668
460 0.105292336134841
461 0.10584166275861
462 0.106302713486821
463 0.106408778327622
464 0.106254917633543
465 0.106553461457838
466 0.106948251316936
467 0.107161587960221
468 0.107129750715863
469 0.107306318206219
470 0.107675884340749
471 0.108049398583484
472 0.108087830730481
473 0.108258651273708
474 0.108631105710969
475 0.108974432548191
476 0.108970850759892
477 0.108952921731569
478 0.109159272057587
479 0.109492593793689
480 0.109762726381108
481 0.110042863305009
482 0.110423008776531
483 0.110470862337366
484 0.110643502208395
485 0.111062464804491
486 0.111435772579448
487 0.111703545922764
488 0.111957358589931
489 0.112253773504263
490 0.11238483819977
491 0.112671880051179
492 0.113035614442049
493 0.113185474492467
494 0.113347713939215
495 0.113667491428684
496 0.114150256666828
497 0.114576791898272
498 0.115094603905717
499 0.115506380775297
500 0.115624925807678
501 0.115920859196617
502 0.1163295570206
503 0.116730083543386
504 0.116984946514156
505 0.117316804394647
506 0.117734850337009
507 0.11817138734514
508 0.118488309874405
509 0.118799962318572
510 0.119099944428934
511 0.11932063180357
512 0.119613069058375
513 0.120042397594756
514 0.120545567259363
515 0.12082902984126
516 0.121126198600418
517 0.121499203546768
518 0.121937761362943
519 0.122402424795557
520 0.122765287142004
521 0.123057332519577
522 0.123501421392399
523 0.123945919856032
524 0.124342456426989
525 0.124680465965539
526 0.124978519574165
527 0.125303988063158
528 0.125705858968392
529 0.12620296820589
530 0.126589131850969
531 0.127045818509512
532 0.127636856693586
533 0.127996764464762
534 0.128275146947014
535 0.1286312387666
536 0.129175466820753
537 0.129558759374169
538 0.129920069344261
539 0.13037815163592
540 0.130956489276617
541 0.131445173417229
542 0.131841016259171
543 0.132216685602084
544 0.132643027419669
545 0.133060583554238
546 0.133477637315098
547 0.133971585950126
548 0.134462642870879
549 0.134966152027618
550 0.135488815754149
551 0.135933224129875
552 0.136457562468687
553 0.137036295270433
554 0.137531086854111
555 0.138021852313045
556 0.138502810666136
557 0.138965437858866
558 0.13940616084062
559 0.13992687082418
560 0.14050533091116
561 0.141059055673271
562 0.14151046222827
563 0.141952311054186
564 0.142397081671307
565 0.142729345971975
566 0.142997861314387
567 0.143281735690165
568 0.143654423629548
569 0.144121652228924
570 0.144580990164979
571 0.145058117238609
572 0.145690345149164
573 0.146276712320743
574 0.146815826721372
575 0.147336594868664
576 0.147833801292201
577 0.148219850769109
578 0.148533217426704
579 0.148884372794097
580 0.149260137819377
581 0.149588077968763
582 0.149875946874664
583 0.15031059976082
584 0.150646570301092
585 0.150901421370842
586 0.151191915302287
587 0.151585136956479
588 0.151986307290778
589 0.152379094230633
590 0.152856763229349
591 0.1532151957397
592 0.153596857349386
593 0.154128262205337
594 0.154505412977126
595 0.154853817867204
596 0.155206361737834
597 0.155520564019642
598 0.155932591015178
599 0.156375338579567
600 0.15675387782454
601 0.156983540010249
602 0.157263170566328
603 0.157597716956851
604 0.157900962663354
605 0.158244184901645
606 0.158599275506077
607 0.158934102226409
608 0.15921979000438
609 0.15958357103178
610 0.159966679263916
611 0.160272345303413
612 0.160564782978216
613 0.160935799643226
614 0.161365011211985
615 0.161709221133109
616 0.162061205228783
617 0.162444457645123
618 0.162844448465458
619 0.16317187000257
620 0.163505441007618
621 0.163867209919353
622 0.16423450012936
623 0.164589023499128
624 0.164973287941838
625 0.165395574247551
626 0.165763195597963
627 0.166106753752618
628 0.166441331764814
629 0.166781037322004
630 0.167166453337183
631 0.167576218743677
632 0.167988909044226
633 0.168394413544177
634 0.168766977555961
635 0.169107593506594
636 0.169434207199958
637 0.169781855557223
638 0.17018204650236
639 0.170604717260167
640 0.170962197953373
641 0.171291652256126
642 0.171650100987104
643 0.172070635381559
644 0.172514233454462
645 0.172916408345215
646 0.173281831865167
647 0.173661563733941
648 0.17409182902627
649 0.174513617867063
650 0.174892904646392
651 0.175264546510684
652 0.175680635019678
653 0.176089597445266
654 0.176423333223647
655 0.176776621743814
656 0.177187442383424
657 0.177643564703342
658 0.178078867914568
659 0.178468312483799
660 0.178845263302461
661 0.179244991354724
662 0.179638536203303
663 0.180081971295104
664 0.180551106807776
665 0.180964356817201
666 0.181353938742288
667 0.181778113862817
668 0.182254005511045
669 0.182699400311358
670 0.183120631078252
671 0.183530571146327
672 0.183946846320228
673 0.18435808736518
674 0.184838674789504
675 0.185350810784999
676 0.185689607209529
677 0.186153319376517
678 0.186676946973847
679 0.187128753452319
680 0.187549062176397
681 0.188025571727847
682 0.188537692239018
683 0.188979580697931
684 0.189407253308809
685 0.189866977898012
686 0.190360082878236
687 0.190775974422551
688 0.19122831213985
689 0.191748092905821
690 0.192309405681152
691 0.19279916375296
692 0.193239895700086
693 0.193682241097176
694 0.194199327617166
695 0.19465892361867
696 0.195078535359133
697 0.195523473315445
698 0.196064451155956
699 0.196595743198802
700 0.197068639082151
701 0.197494449109295
702 0.197977153603203
703 0.198519772037402
704 0.199086085046117
705 0.1996009348961
706 0.200049928019827
707 0.200531755605759
708 0.201148181020063
709 0.201645249791397
710 0.202109524332313
711 0.202599737555344
712 0.20309901797026
713 0.203634445643509
714 0.204186518064724
715 0.204719279273761
716 0.205173156320371
717 0.205710890270543
718 0.206287608887988
719 0.206733089767079
720 0.207291747492347
721 0.207835690924429
722 0.208309362283206
723 0.208917224022604
724 0.209415415121582
725 0.209891677862383
726 0.210500023794963
727 0.211069090173672
728 0.211579250916703
729 0.212067203935761
730 0.212614661776869
731 0.213191501619392
732 0.213715671119231
733 0.214168426550729
734 0.214735072736218
735 0.215309866791624
736 0.215840209945401
737 0.216323757013521
738 0.216930757624984
739 0.2174954790888
740 0.217974428623335
741 0.218539253984002
742 0.219054162477274
743 0.219568017847351
744 0.220147255573821
745 0.220754891564948
746 0.221320296516492
747 0.221825689760832
748 0.222301853079372
749 0.2228400251154
750 0.223423384839548
751 0.224008191671226
752 0.224534440921273
753 0.225072171828429
754 0.225632480749599
755 0.226201132716762
756 0.226750134397888
757 0.227247255016388
758 0.227754135847968
759 0.228387291390884
760 0.22891119337342
761 0.229411947654903
762 0.229965522877182
763 0.230521030232309
764 0.231046858282182
765 0.231596852519276
766 0.23221899075462
767 0.232762718149957
768 0.233284740019109
769 0.233838034042292
770 0.234452177989094
771 0.234988584373396
772 0.235554293904707
773 0.236184033784514
774 0.236643245214757
775 0.237140613936043
776 0.237703433666472
777 0.238285622014728
778 0.238830658884022
779 0.239329686426978
780 0.239842847844124
781 0.24047682421223
782 0.241057194011022
783 0.24160031675639
784 0.242150102227789
785 0.242736386163424
786 0.243271243513052
787 0.243791209362035
788 0.244354319207878
789 0.244872669271549
790 0.245377270877528
791 0.245905791016785
792 0.246490104394315
793 0.247057446115476
794 0.247662585018688
795 0.248303648405046
796 0.248822644329497
797 0.249350057657586
798 0.249936131867611
799 0.250579090959458
800 0.251195603704887
801 0.251692458540674
802 0.252113143583777
803 0.252602925967377
804 0.253199525614225
805 0.253781604004296
806 0.25430440051393
807 0.254883823636099
808 0.255438701890044
809 0.255988142282919
810 0.256554706184168
811 0.257084704805382
812 0.257605044608612
813 0.258113441937665
814 0.258605216768085
815 0.259183766340568
816 0.259789787000326
817 0.260397601915684
818 0.261036881175602
819 0.261639576334097
820 0.262110224030732
821 0.262469252261868
822 0.263026518867017
823 0.263574442197778
824 0.264091719095551
825 0.264617415586073
826 0.265125519626238
827 0.265647331764801
828 0.266191046639949
829 0.266740507799142
830 0.267262631048443
831 0.267792468606007
832 0.268351095663841
833 0.26892241556838
834 0.269410374556074
835 0.269862345387715
836 0.270344630672018
837 0.270842948374217
838 0.271384313543153
839 0.271954394256266
840 0.27251759419992
841 0.273056717409393
842 0.273561025450732
843 0.274048810363312
844 0.274567762936041
845 0.275196595273621
846 0.275741647235235
847 0.276156089741902
848 0.276701566439845
849 0.277238468333109
850 0.277734087941322
851 0.278198359079074
852 0.278683942716798
853 0.279173769151227
854 0.279672497909749
855 0.280205205102351
856 0.280870268625827
857 0.281414625713142
858 0.281839118622127
859 0.282357413628487
860 0.282905057000031
861 0.283449228152928
862 0.283965596788626
863 0.28444352958767
864 0.28505930378297
865 0.285593454059442
866 0.285950850087246
867 0.286573053476229
868 0.287063086602906
869 0.287480987842111
870 0.287992783096121
871 0.288507078579518
872 0.289024576927175
873 0.289561156864205
874 0.290119006794432
875 0.290550265275963
876 0.29099335136248
877 0.291554693459057
878 0.292249907287489
879 0.292736578212042
880 0.293142547227325
881 0.293584760164193
882 0.294043041898987
883 0.294544839768839
884 0.295061827707589
885 0.295559518248969
886 0.296016384329584
887 0.296550703771299
888 0.297101643185561
889 0.29758416270563
890 0.298056789769145
891 0.29861343765373
892 0.299193181043121
893 0.29968870044693
894 0.300212408781253
895 0.300784167998333
896 0.3013122769026
897 0.301674123696231
898 0.302139969858993
899 0.302647325892728
900 0.303167195408181
901 0.303730051021258
902 0.304137845528842
903 0.304557381495641
904 0.305060901025083
905 0.305490336768053
906 0.305989497908661
907 0.306582834100276
908 0.307220579793337
909 0.307763646005947
910 0.308325759060269
911 0.308843636774995
912 0.309255241632001
913 0.30963354245534
914 0.310122527867634
915 0.310626005798671
916 0.311033878651422
917 0.311574085810423
918 0.31210137794075
919 0.312588972037912
920 0.313078576757875
921 0.313610824046644
922 0.314109425677112
923 0.314614784118229
924 0.315210605843177
925 0.315733385237254
926 0.31625244987883
927 0.316751960306912
928 0.317158101788508
929 0.317608921214581
930 0.318128771947251
931 0.31870770086438
932 0.319294109030506
933 0.319632284159932
934 0.319993748727095
935 0.320499392614149
936 0.320996628426051
937 0.321469877137302
938 0.322021859522328
939 0.322624275990702
940 0.32305538047094
941 0.323501775627814
942 0.324008650539936
943 0.324536872718451
944 0.324970914266519
945 0.325580058304413
946 0.32612445673764
947 0.326488783574811
948 0.326981524877034
949 0.327483725705753
950 0.32798869113535
951 0.328484728410623
952 0.328908867342727
953 0.329369345881284
954 0.329800595881836
955 0.330178271793109
956 0.330659908042805
957 0.331183351196931
958 0.331733482198716
959 0.332303521725323
960 0.332886703068375
961 0.333428187662152
962 0.333966048653096
963 0.33450075277416
964 0.334881124050773
965 0.335297414065324
966 0.335727987901004
967 0.336135461582069
968 0.336598280350577
969 0.337042600974125
970 0.337588662622115
971 0.338217486014455
972 0.338482944780804
973 0.338882929871675
974 0.339372542308724
975 0.339807368078375
976 0.340186316575789
977 0.340535161348782
978 0.341084316592761
979 0.341815068071327
980 0.342132647998959
981 0.342606991001336
982 0.343147864320495
983 0.343634914098689
984 0.344204536978748
985 0.344785732377644
986 0.345188765049131
987 0.345468717981317
988 0.346069402420571
989 0.346407010052453
990 0.346739164155262
991 0.347242276433304
992 0.347726524412304
993 0.34829867412236
994 0.348669006611822
995 0.34887963560221
996 0.349406478125324
997 0.350085428166382
998 0.350586885011449
999 0.350862856158458
1000 0.351191680650509
1001 0.347192657506476
1002 0.34761727442877
1003 0.348044392484907
1004 0.348462633105174
1005 0.348902651742979
1006 0.349313050176122
1007 0.349649462070458
1008 0.350087979727012
1009 0.350637310700227
1010 0.351077254018437
1011 0.351507707844599
1012 0.352009432659225
1013 0.352402370430982
1014 0.352721820966815
1015 0.353140055668369
1016 0.353518000514667
1017 0.353930988304642
1018 0.354429086497055
1019 0.35485112473094
1020 0.355232378345088
1021 0.355635049534316
1022 0.356039526526361
1023 0.356405165115193
1024 0.35684894477062
1025 0.357300560774436
1026 0.357756268367651
1027 0.358199080306667
1028 0.358617904349305
1029 0.359013521541031
1030 0.359332865105677
1031 0.359645534194599
1032 0.360022489464803
1033 0.360439926778818
1034 0.360847410603312
1035 0.361306473408391
1036 0.361726271061372
1037 0.362106955508168
1038 0.362493147377111
1039 0.362950228537064
1040 0.36344630519068
1041 0.363847837041253
1042 0.36424022499879
1043 0.364624207242729
1044 0.364971535748405
1045 0.36535878121179
1046 0.365759909379663
1047 0.366192237096464
1048 0.366642019551856
1049 0.367070240574241
1050 0.3674675592212
1051 0.367915894909189
1052 0.368325993903882
1053 0.368755430392247
1054 0.369256871834007
1055 0.369664461098591
1056 0.370076235102459
1057 0.370441885724094
1058 0.370733350745395
1059 0.371138168039677
1060 0.371509706670033
1061 0.371897398579117
1062 0.37229910223652
1063 0.372767164523534
1064 0.373117413876736
1065 0.373466710231251
1066 0.373858600994457
1067 0.374198724832359
1068 0.374539327788819
1069 0.374854715996091
1070 0.375076114224429
1071 0.375298358938179
1072 0.375570450197133
1073 0.375859300874914
1074 0.376152400691069
1075 0.376442935713305
1076 0.376746497806403
1077 0.377048478547765
1078 0.377376671992681
1079 0.377701352422098
1080 0.378011376133551
1081 0.378340060928445
1082 0.378592204468008
1083 0.378844653691913
1084 0.379141623780396
1085 0.379398553589071
1086 0.379740369567139
1087 0.380064348124771
1088 0.380331221209316
1089 0.380621162093621
1090 0.380826169142561
1091 0.381062764378274
1092 0.381302831840419
1093 0.381577356216438
1094 0.381845374915233
1095 0.382171087078608
1096 0.382519472108372
1097 0.382833786434145
1098 0.383176708234561
1099 0.383519880248724
1100 0.383822935129169
1101 0.384095197965725
1102 0.384342550851433
1103 0.384611528223234
1104 0.384856158853413
1105 0.385134946576568
1106 0.385448504707802
1107 0.38577214231676
1108 0.386105715751691
1109 0.386497628966288
1110 0.386844859239329
1111 0.387127662692674
1112 0.387430632432374
1113 0.387685521919103
1114 0.38800938813332
1115 0.388391781726802
1116 0.388753676062329
1117 0.389102120862736
1118 0.389442141801563
1119 0.389786969854902
1120 0.390128371794115
1121 0.390497360579435
1122 0.390918678958096
1123 0.391298273956341
1124 0.391676087854845
1125 0.392041089119275
1126 0.392404838379296
1127 0.392712140620949
1128 0.393019768014665
1129 0.393368980535664
1130 0.393709303487215
1131 0.394068352080184
1132 0.394463791557921
1133 0.394783667509444
1134 0.395112516116236
1135 0.395489855501802
1136 0.395833855003994
1137 0.396158414489733
1138 0.396530616169402
1139 0.396905479078604
1140 0.397268588455245
1141 0.397663722256076
1142 0.398058492119463
1143 0.39844239520514
1144 0.398832098644936
1145 0.399236974204375
1146 0.399626602153594
1147 0.399965488246964
1148 0.400287572190445
1149 0.400610306682626
1150 0.400886208308208
1151 0.401183412758509
1152 0.401525415329284
1153 0.401873115337427
1154 0.402254749314933
1155 0.402626538263313
1156 0.40301112002935
1157 0.403370072604905
1158 0.403726609318348
1159 0.404075293248827
1160 0.404404053597592
1161 0.404745765459403
1162 0.405086505641476
1163 0.405388342442043
1164 0.405692289509334
1165 0.40600673569841
1166 0.406319733272102
1167 0.406653030915309
1168 0.407007486397183
1169 0.40734936097467
1170 0.407710076857103
1171 0.408111076626177
1172 0.4084689246904
1173 0.408834894477306
1174 0.409151734276393
1175 0.409418347723804
1176 0.409692277228423
1177 0.409938894778683
1178 0.410187904713271
1179 0.410440463667549
1180 0.410681016981171
1181 0.410891405766279
1182 0.411153250083926
1183 0.411403258486331
1184 0.411642774698996
1185 0.411956058738861
1186 0.412243426628014
1187 0.412531271464285
1188 0.41285707435139
1189 0.413133297673391
1190 0.413358984927353
1191 0.41361671555948
1192 0.413892465941304
1193 0.41413878864706
1194 0.414398314421965
1195 0.414610593856452
1196 0.414757706265992
1197 0.414926244586024
1198 0.415071884712064
1199 0.415243516087909
1200 0.415417767026545
1201 0.415598300530193
1202 0.415791401413709
1203 0.416028729595258
1204 0.416254896678834
1205 0.416497102958125
1206 0.416749951188087
1207 0.417023911976875
1208 0.417258243657404
1209 0.417500488947523
1210 0.417723587349332
1211 0.417887312833063
1212 0.41809998531714
1213 0.41835392416737
1214 0.418574573270979
1215 0.418780991287123
1216 0.419006265471063
1217 0.4192362658577
1218 0.419440726110474
1219 0.419670638057039
1220 0.419904392524552
1221 0.420141074690086
1222 0.420369513469583
1223 0.420603826229081
1224 0.420867983965844
1225 0.421089478723778
1226 0.421294696916123
1227 0.421481979464464
1228 0.421628496619575
1229 0.421804282856255
1230 0.421970894409654
1231 0.42215081397695
1232 0.422353155156589
1233 0.422552165124254
1234 0.422740968982309
1235 0.42294717347075
1236 0.423159603694498
1237 0.423396855458912
1238 0.423629510341625
1239 0.423859025125292
1240 0.424086007435588
1241 0.424305361803813
1242 0.424536735330927
1243 0.424779268638218
1244 0.425003926232723
1245 0.425222145148028
1246 0.425444501750449
1247 0.425654702350394
1248 0.425878637841281
1249 0.426127164872671
1250 0.426349995744497
1251 0.426565070803893
1252 0.426772303944756
1253 0.426960001338719
1254 0.427154226238599
1255 0.427335729277604
1256 0.427534650368579
1257 0.427750962720607
1258 0.427959644279091
1259 0.428169254643369
1260 0.428389472205295
1261 0.428606456369599
1262 0.42881220870357
1263 0.429034071474486
1264 0.429261060440612
1265 0.4295032669485
1266 0.429763575564161
1267 0.430013379004
1268 0.430273234264998
1269 0.430527492008466
1270 0.43078005081227
1271 0.431016225870474
1272 0.431231033673866
1273 0.43147283662953
1274 0.431730251648475
1275 0.431962139658012
1276 0.432207450179499
1277 0.432437972860885
1278 0.432628834737569
1279 0.432821639798511
1280 0.43302713123747
1281 0.433241417281277
1282 0.433450364430516
1283 0.433666477125244
1284 0.433866452631946
1285 0.434055985698808
1286 0.434256083996744
1287 0.434458843349646
1288 0.434644748628095
1289 0.434828189079328
1290 0.435009182554513
1291 0.435189345919513
1292 0.435341189570587
1293 0.435522185713354
1294 0.435625289675242
1295 0.435653104929085
1296 0.435686728416708
1297 0.435664560339149
1298 0.435660552743998
1299 0.43565064519363
1300 0.435653452580411
1301 0.435674090599353
1302 0.43571058072958
1303 0.435726671511855
1304 0.435765831362597
1305 0.435761803086455
1306 0.435703523434158
1307 0.435704603535293
1308 0.43570766931887
1309 0.4357345200558
1310 0.435808410965032
1311 0.435855416011884
1312 0.435874181461154
1313 0.43594576308109
1314 0.43605318598274
1315 0.436139465688837
1316 0.436259657149266
1317 0.436355227574689
1318 0.436406004080588
1319 0.436485015608026
1320 0.436593183105967
1321 0.436677640397144
1322 0.436751283173267
1323 0.436822003988244
1324 0.436927664557112
1325 0.437010939626673
1326 0.437178790170021
1327 0.437422359850206
1328 0.437619746486663
1329 0.43785213535145
1330 0.438040876074154
1331 0.438169380398694
1332 0.438375228837181
1333 0.438610914479078
1334 0.438836986934646
1335 0.439104392271584
1336 0.439346318658342
1337 0.439577644701987
1338 0.439791960134807
1339 0.440010106441809
1340 0.440206667780474
1341 0.440333072846926
1342 0.440526645593206
1343 0.440727410271827
1344 0.440965952987106
1345 0.441309594554257
1346 0.441584583113751
1347 0.441848272853593
1348 0.442093878258731
1349 0.442328658658547
1350 0.442508356293659
1351 0.442740671239661
1352 0.443001937015117
1353 0.443240882363117
1354 0.44348966035159
1355 0.443713363241852
1356 0.443908016607403
1357 0.444132297873998
1358 0.444370890654839
1359 0.444583505126147
1360 0.444778131859568
1361 0.44500851869003
1362 0.445233048365709
1363 0.445467753245516
1364 0.445760054913824
1365 0.446007556261535
1366 0.446204418492002
1367 0.446436370916474
1368 0.44667576212698
1369 0.446915185908075
1370 0.447218366151493
1371 0.447442826851815
1372 0.447635096005901
1373 0.447794955555046
1374 0.447924995307256
1375 0.447966319038768
1376 0.447992035501246
1377 0.44797988036699
1378 0.447955379978628
1379 0.447859327888921
1380 0.447837878194949
1381 0.447847495987594
1382 0.447819191801943
1383 0.447807278740919
1384 0.447771082907933
1385 0.447708926314201
1386 0.447631174782075
1387 0.447595994853163
1388 0.447447406336944
1389 0.447208632107315
1390 0.446986860507986
1391 0.446719468082444
1392 0.446428502684723
1393 0.446132190684473
1394 0.445811711016833
1395 0.445437302345661
1396 0.445070385011033
1397 0.444703634506398
1398 0.444324040327642
1399 0.443945661751148
1400 0.443531190522133
1401 0.443076212047426
1402 0.442648918318415
1403 0.442165496010367
1404 0.441693196723401
1405 0.441244836567117
1406 0.440817041395244
1407 0.440372861049992
1408 0.439906974619151
1409 0.439523712363023
1410 0.439128119786144
1411 0.438845024620285
1412 0.438618346143569
1413 0.438513859187842
1414 0.438465834195976
1415 0.438561895999959
1416 0.438808673918953
1417 0.439102294908882
1418 0.439510014204249
1419 0.439949348333211
1420 0.440502911907738
1421 0.441005400706256
1422 0.441560581419231
1423 0.442062323793618
1424 0.442532822944108
1425 0.442986851288531
1426 0.443409153208623
1427 0.443835968853812
1428 0.444242596162177
1429 0.444653935804327
1430 0.445072767761953
1431 0.445485339882702
1432 0.445893711066498
1433 0.446291033642499
1434 0.446724902054631
1435 0.447134147766305
1436 0.44751382057015
1437 0.447888566248758
1438 0.448235863241226
1439 0.448538654555596
1440 0.44885561321234
1441 0.449178259643267
1442 0.44947707592127
1443 0.449762068336586
1444 0.45002943746673
1445 0.450279776504696
1446 0.450522732046902
1447 0.450735193122864
1448 0.450973941183344
1449 0.451235916603165
1450 0.451453058766815
1451 0.451653769924426
1452 0.451862662206487
1453 0.452030531780229
1454 0.452234650594631
1455 0.452455763343637
1456 0.452699238890798
1457 0.452989442856628
1458 0.453232094962502
1459 0.453499561963353
1460 0.45371294274258
1461 0.453845721656953
1462 0.454012587742986
1463 0.454145981876055
1464 0.454327177965275
1465 0.4545450540703
1466 0.454762519796089
1467 0.45501978835516
1468 0.455261290870653
1469 0.455486595075703
1470 0.455727104077695
1471 0.455996788454996
1472 0.456235656182811
1473 0.456467044666093
1474 0.456698115590612
1475 0.456905848834662
1476 0.457072389493158
1477 0.457281340887919
1478 0.457501899760292
1479 0.457713572658938
1480 0.457936382079613
1481 0.458142441272993
1482 0.458330535187671
1483 0.458538887531446
1484 0.458757766816372
1485 0.458961187540511
1486 0.459168912895665
1487 0.459368716347408
1488 0.459543414311403
1489 0.459747657573092
1490 0.459960483486872
1491 0.46018257058665
1492 0.46042144467045
1493 0.460658991232447
1494 0.460907956125832
1495 0.461150345849382
1496 0.461415244544243
1497 0.461633375878736
1498 0.461832785027227
1499 0.462015013726855
1500 0.462140134532899
1501 0.462299266318199
1502 0.462481302469372
1503 0.462632675704875
1504 0.462760208094518
1505 0.462918194227872
1506 0.463061459138862
1507 0.463226109642911
1508 0.463457923976836
1509 0.463638569169526
1510 0.463785621557986
1511 0.463942269182064
1512 0.464066608922802
1513 0.464213048296592
1514 0.464385639120399
1515 0.464554217136215
1516 0.464710564912563
1517 0.464897348220846
1518 0.465116224992685
1519 0.465285824247782
1520 0.465503550426114
1521 0.465722236289005
1522 0.465942306398047
1523 0.466162420170654
1524 0.466393181578401
1525 0.466648149846521
1526 0.466852441663176
1527 0.467038739382022
1528 0.467227958924104
1529 0.467389070012975
1530 0.467554088262882
1531 0.467726097978795
1532 0.467894876934595
1533 0.468055907682051
1534 0.468199599400209
1535 0.46836091691035
1536 0.468468416313125
1537 0.468520550058572
1538 0.46859834619246
1539 0.468643534038363
1540 0.468739388846
1541 0.468856952576966
1542 0.46898757835814
1543 0.469145829548627
1544 0.469305692697619
1545 0.469488142683123
1546 0.469651818765344
1547 0.469827868359595
1548 0.469980609920188
1549 0.470109534291742
1550 0.470241168502621
1551 0.470369594182629
1552 0.470484658224206
1553 0.470573052236117
1554 0.470694152456828
1555 0.470835260169214
1556 0.470947556195399
1557 0.471046621274448
1558 0.471181039023384
1559 0.471300002837479
1560 0.471447513621323
1561 0.471666570237692
1562 0.471838528950652
1563 0.471990512740123
1564 0.472139184536296
1565 0.472293594697504
1566 0.472410459244223
1567 0.472463386411868
1568 0.472580379838436
1569 0.472693658854669
1570 0.472834391915083
1571 0.473045390473512
1572 0.473233064225236
1573 0.473419085226002
1574 0.473597688694783
1575 0.473795930393659
1576 0.473957793632763
1577 0.474073802477195
1578 0.474214109027855
1579 0.474341373921104
1580 0.474477796836167
1581 0.474648384244309
1582 0.47479401941815
1583 0.474933898842601
1584 0.475054555487504
1585 0.475124155637764
1586 0.475239258322596
1587 0.475398224706578
1588 0.475508771768548
1589 0.475643319669015
1590 0.475733622570899
1591 0.4757250053121
1592 0.475761048046332
1593 0.475794323234181
1594 0.47584935432951
1595 0.475907618425988
1596 0.476014631314842
1597 0.476182803475584
1598 0.476330990304575
1599 0.476491973375496
1600 0.476681149556057
1601 0.476868887563336
1602 0.477037408021367
1603 0.477209563796946
1604 0.477353916372011
1605 0.477491873208279
1606 0.477583081656496
1607 0.477716677640772
1608 0.477870952971865
1609 0.478008454228604
1610 0.478133832014212
1611 0.478293949376616
1612 0.478472968086681
1613 0.478625255588237
1614 0.478791426828516
1615 0.47894013263504
1616 0.479067488686923
1617 0.479182719190512
1618 0.479310987874282
1619 0.479379924570458
1620 0.479381852335768
1621 0.479456793150954
1622 0.479529793745217
1623 0.479630800219067
1624 0.47977604892841
1625 0.479906329982408
1626 0.480023913288251
1627 0.480184104888159
1628 0.480382190212977
1629 0.480539184826294
1630 0.480711812955804
1631 0.480848939757425
1632 0.48094154484317
1633 0.481080647700146
1634 0.481220791419461
1635 0.481380655917771
1636 0.481573670903033
1637 0.481727575489237
1638 0.481881504112999
1639 0.482012794600565
1640 0.482124404958517
1641 0.482220809068997
1642 0.482297680938011
1643 0.482391644813892
1644 0.482461116039252
1645 0.482568410371639
1646 0.482704950543355
1647 0.482828911936208
1648 0.482962161292436
1649 0.48309852026715
1650 0.48324243709776
1651 0.483364404731722
1652 0.483466687624584
1653 0.483613874397265
1654 0.483758657316587
1655 0.483922182317214
1656 0.484158489228197
1657 0.484375933502445
1658 0.484555622641092
1659 0.48470830940637
1660 0.484772176642408
1661 0.484783010590991
1662 0.48480999983432
1663 0.484854912502792
1664 0.484954943329958
1665 0.485093267704243
1666 0.48521818420409
1667 0.485351219771587
1668 0.485475942130993
1669 0.485543366803748
1670 0.48560308053621
1671 0.485647730983286
1672 0.485671867053075
1673 0.485750311168714
1674 0.485848566543125
1675 0.485979676046404
1676 0.486180850250031
1677 0.486379727359879
1678 0.486580654441729
1679 0.486788453163537
1680 0.486971863884444
1681 0.487157079666814
1682 0.487323156154186
1683 0.487458596969821
1684 0.487561956218297
1685 0.487648411970898
1686 0.487779422259648
1687 0.487939459240228
1688 0.48808600862763
1689 0.488217681604696
1690 0.488372973226942
1691 0.488557388468882
1692 0.488757542053228
1693 0.488952809901276
1694 0.489114755804003
1695 0.489274486060078
1696 0.489448417772244
1697 0.489678985820101
1698 0.489867798659361
1699 0.489934901160458
1700 0.490002700766567
1701 0.489982903569427
1702 0.490009514563139
1703 0.490025878097798
1704 0.490095079248315
1705 0.490220454192922
1706 0.490340101601129
1707 0.490521065922745
1708 0.49063986202481
1709 0.490692878574982
1710 0.490794955915116
1711 0.490974528400867
1712 0.491025238477119
1713 0.490999980740283
1714 0.490999549082245
1715 0.4908497613037
1716 0.490853467918076
1717 0.490969320922076
1718 0.49111148580573
1719 0.491348174609798
1720 0.4915299929961
1721 0.491797230824383
1722 0.491911876164695
1723 0.491915524879429
1724 0.491928257935976
1725 0.491826592374325
1726 0.491796192199241
1727 0.491794118651265
1728 0.491797290142348
1729 0.491821377108242
1730 0.491857939228002
1731 0.49186605408164
1732 0.491984687436493
1733 0.492180070026472
1734 0.492332905071366
1735 0.492592609676636
1736 0.492712808814814
1737 0.492736356868688
1738 0.492762585408712
1739 0.49272818186159
1740 0.49277402015096
1741 0.492759622050509
1742 0.492788863970574
1743 0.492824894750397
1744 0.492828624316557
1745 0.49288557344526
1746 0.492965577922382
1747 0.493009594885653
1748 0.493003295040708
1749 0.493048752030939
1750 0.493105354443305
1751 0.493141992615371
1752 0.493253425086307
1753 0.493327121477925
1754 0.493352010931498
1755 0.493391291986528
1756 0.493385868353259
1757 0.493423122160629
1758 0.493466862930178
1759 0.49349508431895
1760 0.493626321384304
1761 0.493760333170052
1762 0.493835085673759
1763 0.493955188676269
1764 0.494032101966424
1765 0.494048805801769
1766 0.494227859082053
1767 0.494448818760069
1768 0.494555567319226
1769 0.494636757134767
1770 0.494660499014153
1771 0.494620718897952
1772 0.494635320487357
1773 0.494709532240463
1774 0.494816170743081
1775 0.494941209378836
1776 0.495192863003437
1777 0.495322634835384
1778 0.495356326001112
1779 0.495384925900348
1780 0.495346253920453
1781 0.495356519753014
1782 0.495370121173626
1783 0.495317010118245
1784 0.495242411046066
1785 0.495121507029881
1786 0.495135253106031
1787 0.495232693935162
1788 0.495277546738039
1789 0.495376750138661
1790 0.495439062354146
1791 0.495500438084588
1792 0.495672122780363
1793 0.495899081066452
1794 0.496064864439989
1795 0.496201727468623
1796 0.496365585386512
1797 0.496398408901828
1798 0.496445986640096
1799 0.496570328212484
1800 0.4966067110153
1801 0.486697088389683
1802 0.4866352134762
1803 0.486559704862707
1804 0.486533695383681
1805 0.486540094787607
1806 0.486569464863545
1807 0.486686613805631
1808 0.486867127071235
1809 0.487069549727093
1810 0.487439088140553
1811 0.487671025048852
1812 0.487782433090488
1813 0.487785040441521
1814 0.487732815815948
1815 0.487758565638315
1816 0.487764948827339
1817 0.487777911350391
1818 0.487810309032345
1819 0.487828117710503
1820 0.487882450201956
1821 0.487995190137124
1822 0.488072102640621
1823 0.488032953271787
1824 0.488068257741829
1825 0.488134138582301
1826 0.488238046225479
1827 0.488313803312609
1828 0.488383278889536
1829 0.488452491318747
1830 0.488516747416556
1831 0.488540040487939
1832 0.48858623773819
1833 0.488724354635531
1834 0.488719749309017
1835 0.488760134205099
1836 0.488791091063412
1837 0.488779494877537
1838 0.488807148287041
1839 0.488866589528083
1840 0.488910036740009
1841 0.488989548868162
1842 0.489102512189761
1843 0.489136166830048
1844 0.489203985267863
1845 0.48921840525994
1846 0.489063952465497
1847 0.489056689868009
1848 0.489126103000072
1849 0.48918434367883
1850 0.489158250820464
1851 0.48926405412047
1852 0.489255725468233
1853 0.489137301570543
1854 0.48910217663475
1855 0.489125769949156
1856 0.489144388312457
1857 0.48908268563287
1858 0.489011317117257
1859 0.488898825884353
1860 0.488763812725134
1861 0.488614088984204
1862 0.488469419734887
1863 0.488278853027749
1864 0.488053543905853
1865 0.487814125674094
1866 0.487570641859719
1867 0.487286949219763
1868 0.486980492882365
1869 0.486638471508649
1870 0.486287376981494
1871 0.485854087411858
1872 0.485320997486672
1873 0.484761057183889
1874 0.484148932126696
1875 0.48355182803683
1876 0.483018847772268
1877 0.482442022504983
1878 0.48180291638449
1879 0.481139152806989
1880 0.480383500225757
1881 0.479543405126501
1882 0.478605619705998
1883 0.477596802896016
1884 0.476580337159504
1885 0.475416434837619
1886 0.474205114617571
1887 0.472895337745513
1888 0.471394466220648
1889 0.469695848242605
1890 0.467923563620844
1891 0.466110560677936
1892 0.46424686507499
1893 0.462395985371983
1894 0.460546602959603
1895 0.458566003903583
1896 0.456479659377208
1897 0.454361574850923
1898 0.45211241028815
1899 0.450003950908394
1900 0.447897108761756
1901 0.445952647648374
1902 0.444074536808719
1903 0.442398896642833
1904 0.440794353020882
1905 0.43924163120137
1906 0.437940214264746
1907 0.436812572798508
1908 0.435819648383547
1909 0.43500752472702
1910 0.434349441390709
1911 0.433831083098125
1912 0.433448871594221
1913 0.433270007357078
1914 0.433182272330716
1915 0.433107329801066
1916 0.432985195280108
1917 0.433023530325572
1918 0.433288518118827
1919 0.433623786614366
1920 0.434124828592785
1921 0.434606996938895
1922 0.435119019101452
1923 0.435618571238968
1924 0.436115639887681
1925 0.436722320302364
1926 0.43736504086991
1927 0.438045004717595
1928 0.438744575502754
1929 0.439343442234658
1930 0.439828981771621
1931 0.440333491795781
1932 0.440841336747421
1933 0.441295117832856
1934 0.441823539393457
1935 0.442406808566514
1936 0.442965728167855
1937 0.443500314956155
1938 0.444135834088187
1939 0.444698209943956
1940 0.445139671190247
1941 0.44569143750937
1942 0.446276124998308
1943 0.446772072460709
1944 0.447220311194349
1945 0.447722167125816
1946 0.448144151881844
1947 0.448633163085119
1948 0.449164684683737
1949 0.449798891855339
1950 0.450374799363832
1951 0.450916069403532
1952 0.451430462212938
1953 0.451885079075109
1954 0.452302685911865
1955 0.452630298096416
1956 0.453000494173833
1957 0.453291005204805
1958 0.453714095300453
1959 0.454188785031169
1960 0.454739395441581
1961 0.45524428337637
1962 0.45585763563318
1963 0.456413776847573
1964 0.456876575196658
1965 0.457348555245753
1966 0.457720750085834
1967 0.458171081170975
1968 0.458604075291412
1969 0.459058132938129
1970 0.459604460365594
1971 0.460079932665866
1972 0.460528277689699
1973 0.460893136676908
1974 0.461326884982794
1975 0.461769383789397
1976 0.46213546178008
1977 0.462567999808237
1978 0.462997204793512
1979 0.463392220873228
1980 0.463863298654151
1981 0.464415253280791
1982 0.464920414693126
1983 0.465404396541948
1984 0.465928287894325
1985 0.466492594580424
1986 0.467029135363307
1987 0.467511556206242
1988 0.468038420886197
1989 0.46841201225462
1990 0.468745402607326
1991 0.469176601904595
1992 0.469672418900322
1993 0.470129571308323
1994 0.470651053114411
1995 0.471087980069172
1996 0.471437253929554
1997 0.471819066668942
1998 0.472178739175884
1999 0.472568409689454
2000 0.472952481944319
2001 0.473339556017432
2002 0.473718856805879
2003 0.474057677341242
2004 0.474460197351029
2005 0.474938695527303
2006 0.475335529519865
2007 0.475706819564058
2008 0.476098862113166
2009 0.476404753189211
2010 0.476806454862039
2011 0.477291922572939
2012 0.477790657032379
2013 0.47820235775529
2014 0.478645009089415
2015 0.479101420025475
2016 0.479504114412459
2017 0.47994257206823
2018 0.480454343708013
2019 0.480921917166743
2020 0.481370308177876
2021 0.481819954650708
2022 0.482336939407543
2023 0.482720651848397
2024 0.482998334523893
2025 0.483283303348806
2026 0.483478909081031
2027 0.483829397775648
2028 0.484280609039498
2029 0.484523509570863
2030 0.48480868438659
2031 0.485063788982662
2032 0.485328802317241
2033 0.485521181630893
2034 0.485843438838702
2035 0.486244235985092
2036 0.48662692847292
2037 0.487121617500325
2038 0.48751428273342
2039 0.487892836659864
2040 0.488172230776957
2041 0.4884964521034
2042 0.488704982279402
2043 0.488914765335114
2044 0.489109632426412
2045 0.48929306254727
2046 0.48942213855958
2047 0.489562057654108
2048 0.489675885363372
2049 0.489830829540664
2050 0.490030620902387
2051 0.490150017109871
2052 0.490186497697739
2053 0.490326530415009
2054 0.490420444258821
2055 0.490634216074755
2056 0.49084003635666
2057 0.491193996002518
2058 0.49143313821898
2059 0.491577495983678
2060 0.491812652944723
2061 0.492161594656478
2062 0.492332989192662
2063 0.492462858528681
2064 0.49256231995332
2065 0.492398761175941
2066 0.492488850222736
2067 0.492717871793937
2068 0.492926777057493
2069 0.493246008507307
2070 0.493677143462498
2071 0.494020849099305
2072 0.494362104332066
2073 0.494667749414453
2074 0.495021938874199
2075 0.495179258561614
2076 0.49518543002083
2077 0.495278069179131
2078 0.495232254637991
2079 0.495323145002125
2080 0.495544775264017
2081 0.49570184691933
2082 0.495853000073862
2083 0.496014154095813
2084 0.496192560052839
2085 0.496370833780523
2086 0.496470845800605
2087 0.49652325283605
2088 0.496617595959355
2089 0.496658753094243
2090 0.496758203501619
2091 0.496871798597613
2092 0.497075118857672
2093 0.497358772923807
2094 0.497578675881653
2095 0.497861705887618
2096 0.498125453059809
2097 0.498367413674235
2098 0.49854316660338
2099 0.498738318967117
2100 0.498847717081194
2101 0.498925832957687
2102 0.499063000772689
2103 0.499171349511153
2104 0.499328144530421
2105 0.499446619842189
2106 0.499455443891408
2107 0.499620536726174
2108 0.499896095647946
2109 0.500119013567311
2110 0.500446794793271
2111 0.500652739500636
2112 0.500703277571705
2113 0.500878558885058
2114 0.501100504925017
2115 0.501284696054909
2116 0.501516749013886
2117 0.501712081314286
2118 0.501911032561534
2119 0.502163725240212
2120 0.502465890269301
2121 0.5029462845679
2122 0.503197460401621
2123 0.503321507685172
2124 0.503559910941091
2125 0.50378705005819
2126 0.503962867088197
2127 0.504186190662693
2128 0.504379010351491
2129 0.504454533604966
2130 0.504566330214672
2131 0.504747199269333
2132 0.504901884545601
2133 0.50499014433581
2134 0.505120275069517
2135 0.505381423394395
2136 0.505500626106681
2137 0.505450493985368
2138 0.505281980179615
2139 0.505103667604485
2140 0.504707469806016
2141 0.504447406661433
2142 0.504266014771478
2143 0.504034165333013
2144 0.503737510657571
2145 0.503525826497929
2146 0.503358695028136
2147 0.503171072524107
2148 0.50306926233358
2149 0.50286023480797
2150 0.502728524343468
2151 0.502354785849118
2152 0.501756915941001
2153 0.501152468709822
2154 0.500429492266691
2155 0.499774265402613
2156 0.499292348536711
2157 0.499010996749639
2158 0.498625410909911
2159 0.498352787564262
2160 0.497934803282132
2161 0.497474539594516
2162 0.496940871662553
2163 0.496192477730721
2164 0.495693595025939
2165 0.495299247329838
2166 0.49485003087651
2167 0.49457184937697
2168 0.494158700614404
2169 0.493607660418691
2170 0.493075874395376
2171 0.492514772031253
2172 0.491974162070704
2173 0.491467590608657
2174 0.490812931719261
2175 0.490322134834467
2176 0.489892189584617
2177 0.489466992250251
2178 0.489168615230025
2179 0.488690808930958
2180 0.488197470594029
2181 0.487586335656739
2182 0.48671173415742
2183 0.486103778573388
2184 0.485613621662662
2185 0.484997716798724
2186 0.484457277351868
2187 0.483879684210539
2188 0.483166376500882
2189 0.482481886588322
2190 0.481973303720759
2191 0.481242411148956
2192 0.480109872341388
2193 0.479355417953774
2194 0.478792212560281
2195 0.47810241476094
2196 0.477659003576056
2197 0.477248841390427
2198 0.476629006156427
2199 0.475739554715207
2200 0.475109404076542
2201 0.47462915886167
2202 0.473872997582654
2203 0.472897736212589
2204 0.472301724793728
2205 0.471643532001505
2206 0.471181642586928
2207 0.471080862266169
2208 0.471008100589682
2209 0.470810167406217
2210 0.470965023044251
2211 0.471642740065199
2212 0.472077966976383
2213 0.47253516900298
2214 0.473037335882399
2215 0.473474551764714
2216 0.473956718828791
2217 0.474454846442372
2218 0.475162812336639
2219 0.475773764739383
2220 0.476329798254268
2221 0.476784451402716
2222 0.477146493108938
2223 0.47760091837543
2224 0.477971665558376
2225 0.4784480738237
2226 0.479126599211955
2227 0.479554872591679
2228 0.479844489084885
2229 0.480190453786916
2230 0.480529972692266
2231 0.480738365520927
2232 0.480947782818669
2233 0.481041144997182
2234 0.480864345814703
2235 0.480835318867767
2236 0.480961263971427
2237 0.480843216476606
2238 0.480598784907911
2239 0.480379835278094
2240 0.479775662727537
2241 0.479596436293521
2242 0.479765624982857
2243 0.479835696852616
2244 0.480037829502046
2245 0.480335462704656
2246 0.48058962712423
2247 0.480647831109083
2248 0.480500064949792
2249 0.480370247267676
2250 0.480471154603665
2251 0.480475110021756
2252 0.48070354405353
2253 0.481463825038758
2254 0.481641627682489
2255 0.481464576077966
2256 0.481588945679174
2257 0.481639782396222
2258 0.481733491212266
2259 0.482052751898571
2260 0.482226261791237
2261 0.482213733828275
2262 0.482335117970203
2263 0.482596864235876
2264 0.482688487085843
2265 0.482706488069449
2266 0.482778724837027
2267 0.482716464715465
2268 0.48281095220846
2269 0.483084725898519
2270 0.483233052794892
2271 0.483499303946197
2272 0.483555029004291
2273 0.48325980769965
2274 0.48322734586877
2275 0.483254325745683
2276 0.483257503715232
2277 0.483427535810335
2278 0.483631200661225
2279 0.483468899841544
2280 0.483186250779743
2281 0.482936356411968
2282 0.48294142585011
2283 0.483208911639367
2284 0.483241077838213
2285 0.483121259708106
2286 0.482844236033881
2287 0.482648154884344
2288 0.482161949248379
2289 0.482170238339022
2290 0.482441323790198
2291 0.482720635254923
2292 0.483568372191935
2293 0.483540265236346
2294 0.48295859693375
2295 0.48281138181109
2296 0.482311483455413
2297 0.482083083773241
2298 0.482372746811511
2299 0.482404015012393
2300 0.482102518596584
2301 0.482105818228342
2302 0.482531127260292
2303 0.482589933935096
2304 0.482523190650646
2305 0.482478121543547
2306 0.482078402311103
2307 0.481948741398671
2308 0.482228852303797
2309 0.482131122902652
2310 0.481742369032936
2311 0.481743119906471
2312 0.481899137886599
2313 0.481748469396945
2314 0.481699500583333
2315 0.481617847761493
2316 0.481120738866252
2317 0.480789421451015
2318 0.480690516364912
2319 0.480607713089565
2320 0.480505761502869
2321 0.480394726354748
2322 0.480218924440886
2323 0.480268732613558
2324 0.480288373122704
2325 0.479914326751043
2326 0.479836232818894
2327 0.479781614779721
2328 0.479422662175824
2329 0.479532362016812
2330 0.479561078335386
2331 0.479292974205027
2332 0.479275118805544
2333 0.479005063220877
2334 0.478576332308051
2335 0.478170096295247
2336 0.4779502181986
2337 0.47780272433064
2338 0.477329958700794
2339 0.476919980794432
2340 0.476543464522359
2341 0.475652178860105
2342 0.475737004392479
2343 0.476585130622916
2344 0.476786042493971
2345 0.477264000622629
2346 0.477094459300328
2347 0.476159320641722
2348 0.47580495720304
2349 0.475638058376661
2350 0.475213218454996
2351 0.474726064797122
2352 0.474544340172558
2353 0.473976145890008
2354 0.474226152107823
2355 0.475519099547906
2356 0.47591277714182
2357 0.47615266887606
2358 0.476508543127507
2359 0.476880833728178
2360 0.476613853365684
2361 0.476320599586942
2362 0.475656561469241
2363 0.473608429949022
2364 0.472866854765647
2365 0.472640011406921
2366 0.472680712834573
2367 0.473469518574293
2368 0.47397592830494
2369 0.47506349708684
2370 0.474976871346846
2371 0.474046726622775
2372 0.473683647021334
2373 0.472814130761398
2374 0.472357157707823
2375 0.472323959323658
2376 0.472430536871657
2377 0.472689605021497
2378 0.472772618367614
2379 0.473528324455248
2380 0.473471181141021
2381 0.47227301447412
2382 0.471750853215129
2383 0.471626071153162
2384 0.470896131050234
2385 0.469902447253933
2386 0.469427027710764
2387 0.468258009069116
2388 0.46816652176684
2389 0.469583156048969
2390 0.469958413188454
2391 0.470617795791318
2392 0.470501370784312
2393 0.469415174389946
2394 0.468611938219525
2395 0.467013737913711
2396 0.46675267910657
2397 0.467404112974972
2398 0.467531001509954
2399 0.468169687921658
2400 0.468494529885011
2401 0.468226169190501
2402 0.468387516535235
2403 0.469399501704149
2404 0.46954422492696
2405 0.469057861011592
2406 0.468741307225051
2407 0.468277462655481
2408 0.467408199457744
2409 0.466567180394719
2410 0.46542614191653
2411 0.462805651815437
2412 0.462029038739247
2413 0.462147933676958
2414 0.462176147253167
2415 0.463458535041492
2416 0.464332783056473
2417 0.465203781596954
2418 0.465328189225709
2419 0.465604074875553
2420 0.464734089118678
2421 0.462305089989278
2422 0.460781894752378
2423 0.458896866401192
2424 0.457685977307899
2425 0.456881597121526
2426 0.456539015553941
2427 0.456983951755563
2428 0.456560117749181
2429 0.456007459327179
2430 0.455891434239302
2431 0.455949043379413
2432 0.455044401903999
2433 0.454357017089066
2434 0.452665060281515
2435 0.448512937599876
2436 0.447533946067375
2437 0.44814929037014
2438 0.447761200709152
2439 0.448315876646845
2440 0.448716352232482
2441 0.448677862945059
2442 0.448732073787623
2443 0.449368545637036
2444 0.450614116227013
2445 0.448581408439315
2446 0.447479057881547
2447 0.447191726230509
2448 0.445308030249266
2449 0.445283700795365
2450 0.443914202241777
2451 0.442598493408885
2452 0.442897612537048
2453 0.442015595235495
2454 0.443602618170352
2455 0.445434676857384
2456 0.444380274120179
2457 0.442623397730401
2458 0.439996915104659
2459 0.437678330931492
2460 0.438855703809954
2461 0.442155244094563
2462 0.4438614841085
2463 0.444529278751657
2464 0.442455055124749
2465 0.440540861123936
2466 0.439488109057986
2467 0.437260601013912
2468 0.431366353991137
2469 0.429537035854261
2470 0.430318346151827
2471 0.430392256850496
2472 0.432989947399238
2473 0.434119757474816
2474 0.433398805198319
2475 0.433509289079183
2476 0.435086897249934
2477 0.434623681315864
2478 0.431579782695412
2479 0.43237873610796
2480 0.435347925382951
2481 0.435709426641557
2482 0.437003925934439
2483 0.437023511191411
2484 0.43349110949295
2485 0.432300044343095
2486 0.433831848839525
2487 0.433170372185546
2488 0.431194179761312
2489 0.429726866874265
2490 0.426790178999997
2491 0.428582406050804
2492 0.429553004542716
2493 0.42998473156798
2494 0.432957318808051
2495 0.433242254216542
2496 0.432704577261972
2497 0.431356126350964
2498 0.43107335192639
2499 0.431828843018994
2500 0.428755892754864
