"Wavelength" "M081a_m4-w2"
350 0.13644393096812
351 0.137144324158127
352 0.131716278868022
353 0.124889680095668
354 0.123854597909671
355 0.121255561544905
356 0.123149839082075
357 0.126905524162846
358 0.123179266904934
359 0.120633830789331
360 0.116433585253962
361 0.112330950264197
362 0.121172972990064
363 0.121254575757409
364 0.115446421432096
365 0.111935669080824
366 0.110089976846442
367 0.109068881817785
368 0.109703139459129
369 0.112670626199792
370 0.109720678266515
371 0.106334571136354
372 0.105872771323074
373 0.107283005871839
374 0.104796913344811
375 0.101598550065921
376 0.101243197254427
377 0.103503151322615
378 0.103455248568114
379 0.101091259137101
380 0.0987683434363931
381 0.0992868137672713
382 0.0968571230117652
383 0.0928389753493504
384 0.0949096088223544
385 0.0931331143247647
386 0.0920013267366576
387 0.0940808124898239
388 0.0929251850872991
389 0.09115120431037
390 0.0898434651975249
391 0.0892334273182657
392 0.0877765430010441
393 0.0860638284094761
394 0.0851296410609229
395 0.0860066649069405
396 0.0868280632361794
397 0.0864403948075548
398 0.08510911663337
399 0.0853854685143567
400 0.085383681216472
401 0.0841914218048434
402 0.0819444313054337
403 0.0817632760339247
404 0.0815001827376358
405 0.0806679093459552
406 0.0802528311649723
407 0.0816725784096076
408 0.0821846887004206
409 0.0808864391413809
410 0.0813372700246827
411 0.0808878230177366
412 0.0803150928319774
413 0.08081341923061
414 0.0805779385141943
415 0.0805216959521933
416 0.0807641773078399
417 0.0807186419576459
418 0.0807129183443333
419 0.0806267138955904
420 0.080378043058856
421 0.0799969164601706
422 0.0804160536209322
423 0.0812441333583083
424 0.0816591859526314
425 0.081455225116479
426 0.0813506045421006
427 0.0814142172329233
428 0.0810705251976056
429 0.0810701296312421
430 0.0814879571000092
431 0.0821506980212833
432 0.0826751843953289
433 0.0829598890701418
434 0.0830006513856997
435 0.0828685272594679
436 0.0826154661876153
437 0.0826829546352421
438 0.0831293848227427
439 0.0835230899924581
440 0.0836415542709713
441 0.0835081792304125
442 0.0833233806072027
443 0.0835886876451855
444 0.0837802672773332
445 0.0839850517293394
446 0.0845814319359579
447 0.084912488837117
448 0.0850158530270201
449 0.0850810548387093
450 0.0854015777539892
451 0.0855795127170961
452 0.085626301443396
453 0.0857114658682117
454 0.0861266339604345
455 0.0861683988149498
456 0.086009962245055
457 0.0865234748472113
458 0.0867427953051919
459 0.0867816402731594
460 0.0868914210648829
461 0.0872136361149478
462 0.0874266231342542
463 0.0875052942949471
464 0.0875600795747225
465 0.0875868292513123
466 0.0880272988414293
467 0.0886635582982391
468 0.0884584044027122
469 0.0885001704504135
470 0.0886166918021561
471 0.0885471186066401
472 0.0888292167192471
473 0.0890988693256603
474 0.0892748586101218
475 0.0894450574676711
476 0.0892241316312191
477 0.0892588702886768
478 0.0897718049985363
479 0.0899315383499756
480 0.0899814758814859
481 0.0902527230426129
482 0.0908848243820426
483 0.0906778833184327
484 0.0906020072690776
485 0.0909846254654533
486 0.0913216381534568
487 0.0915284723063294
488 0.091744770614248
489 0.0920424974894705
490 0.0920534057999167
491 0.0922833071150976
492 0.0926768875402255
493 0.09286599963173
494 0.0930960335266307
495 0.0932859219408574
496 0.0934386788155912
497 0.0937946627148503
498 0.0941132880132738
499 0.09433284920889
500 0.0944879821761993
501 0.094767950002503
502 0.0949984034701936
503 0.0951361428209663
504 0.0953008434815264
505 0.0957271924993437
506 0.0961349454629808
507 0.0963128364677496
508 0.0966571694285788
509 0.0968947467773579
510 0.0970896910645099
511 0.0974827265294904
512 0.0976895964545303
513 0.0979878959100171
514 0.0984671287640358
515 0.0986600146470674
516 0.0988895579548622
517 0.0991842555997305
518 0.0994675553678207
519 0.0996885996252237
520 0.0999561618013568
521 0.10026895324928
522 0.100479772246122
523 0.100777571282929
524 0.101153325537895
525 0.101531206505179
526 0.101788184338771
527 0.102076618213205
528 0.102407872123089
529 0.102688645864885
530 0.103014496636483
531 0.103362644416965
532 0.103710146816673
533 0.104097338391051
534 0.104344100896893
535 0.104546875080838
536 0.104898711008899
537 0.105231425872936
538 0.105639650990978
539 0.106101158822529
540 0.10637404561887
541 0.106738966162791
542 0.107140719721362
543 0.107452087660807
544 0.107707836813356
545 0.108041439382228
546 0.108470846150383
547 0.10889455762273
548 0.1092295771357
549 0.109572160497416
550 0.109994382066045
551 0.110353845247604
552 0.11075868691158
553 0.111191790842479
554 0.111563953569904
555 0.111974243366729
556 0.112380739191508
557 0.11274843173093
558 0.113090806511046
559 0.113448247030252
560 0.113870972011116
561 0.114370442073891
562 0.114699368116603
563 0.115035052949954
564 0.11543477680844
565 0.115746008354659
566 0.116049787924621
567 0.116334027714216
568 0.11658798988505
569 0.116907178812512
570 0.117211233616527
571 0.117518638450719
572 0.117937165673954
573 0.118346662407798
574 0.118719941190715
575 0.119074785127149
576 0.119510999018969
577 0.119834177596901
578 0.120066190939093
579 0.120353653605914
580 0.120675327265545
581 0.12095283161636
582 0.121171872186753
583 0.121445688875987
584 0.121820519260306
585 0.122193028107356
586 0.122445012720893
587 0.122750657509045
588 0.122991920420724
589 0.123184262727096
590 0.123526125213079
591 0.123801694405888
592 0.124106029137779
593 0.124531492605257
594 0.124843719215999
595 0.12510881633962
596 0.125377102063762
597 0.125678296440516
598 0.12598542133834
599 0.126319783219792
600 0.126668217546907
601 0.126904934197583
602 0.127124398223349
603 0.127355029406696
604 0.127594410735413
605 0.127875546700124
606 0.12812808505903
607 0.128338622517004
608 0.128606840018283
609 0.128908266685279
610 0.129200702604846
611 0.129453066676201
612 0.129737907166397
613 0.130029746851735
614 0.130323064823051
615 0.130641009581929
616 0.130940458793548
617 0.131241766101144
618 0.131548719593743
619 0.131744331515191
620 0.131973594747059
621 0.132270950885303
622 0.132581561387919
623 0.132839881905423
624 0.133131607196356
625 0.133487959742201
626 0.133752130400823
627 0.13400060026802
628 0.134259192767937
629 0.134535954612412
630 0.134863305678431
631 0.135223084085113
632 0.135578655884045
633 0.135871227297318
634 0.136189092348678
635 0.136454649573387
636 0.136605497097761
637 0.136888179714457
638 0.137227476334279
639 0.137558258328515
640 0.137842225233674
641 0.13813652417619
642 0.138454641446094
643 0.138787255244929
644 0.139093763456399
645 0.139372533210996
646 0.139655501400184
647 0.139987679447903
648 0.140311652983654
649 0.140650328763118
650 0.141003170178944
651 0.14129754514275
652 0.141630551026814
653 0.141968151967009
654 0.142243551939282
655 0.142506352057901
656 0.142815525027259
657 0.143191328558245
658 0.143607375951645
659 0.143969590293005
660 0.144260853416852
661 0.144508291584344
662 0.144796820267711
663 0.145116674385238
664 0.14546349713998
665 0.145832314583488
666 0.146154900511199
667 0.146494688397603
668 0.14688487721698
669 0.147244161500339
670 0.14756037020906
671 0.147852646331395
672 0.14815928165476
673 0.148508953759159
674 0.148883162514885
675 0.149245267013415
676 0.149537384550367
677 0.149925923868431
678 0.150324916939671
679 0.150636772023464
680 0.15102844355186
681 0.151430436530145
682 0.151795521919017
683 0.152108385748871
684 0.152472239419428
685 0.152837411766855
686 0.153168942964636
687 0.153538636142588
688 0.153901396002856
689 0.15427694651793
690 0.154695346332456
691 0.15504212354646
692 0.155377759531268
693 0.155746915699634
694 0.156151037056524
695 0.156506820425768
696 0.156854388551389
697 0.157252272721765
698 0.157680608736171
699 0.158080207772709
700 0.15844597326589
701 0.158816432805127
702 0.159152862209872
703 0.159520944456075
704 0.159955896777818
705 0.160392465192593
706 0.160760197829776
707 0.161127718987456
708 0.161594091371135
709 0.161988413080673
710 0.162367863200981
711 0.162765100705811
712 0.163155613812563
713 0.163544179329598
714 0.163958607253906
715 0.164402396955711
716 0.164764519561893
717 0.165179148804927
718 0.165649332055855
719 0.166082920128396
720 0.166472449488601
721 0.16687793867954
722 0.167322559137623
723 0.167740413555905
724 0.168124290218911
725 0.168518431167342
726 0.168966890683946
727 0.16939358667914
728 0.1698125256477
729 0.170233696407792
730 0.17065803930184
731 0.171115537643789
732 0.171533968563069
733 0.171882009882791
734 0.172296116723634
735 0.172729356694883
736 0.173134028058909
737 0.173490060275513
738 0.174008823485088
739 0.17447218609201
740 0.174811938876675
741 0.175223866021639
742 0.175629635058046
743 0.176049969243527
744 0.176509416626671
745 0.176971454717762
746 0.177405998440044
747 0.17780401635495
748 0.178182091656038
749 0.178643044289165
750 0.179100482542057
751 0.179499725131534
752 0.179884489280304
753 0.180325838835561
754 0.180783793951281
755 0.181197093718985
756 0.181593633019863
757 0.181994690152976
758 0.182410540800461
759 0.182839454766521
760 0.183247509773406
761 0.183658656355604
762 0.184090587283246
763 0.184530954058267
764 0.184958992695319
765 0.185389363301159
766 0.185837337805181
767 0.186246772117751
768 0.186669064407361
769 0.187112270516414
770 0.187540021057602
771 0.18794054375386
772 0.188367472275053
773 0.188830488159422
774 0.189211846308116
775 0.189605930862171
776 0.190028041933814
777 0.190459090149979
778 0.190845974679986
779 0.191284352705602
780 0.191764702381686
781 0.192180156369542
782 0.192615951352622
783 0.19307085208321
784 0.193522091574416
785 0.1939279419353
786 0.194377394570293
787 0.194838455991687
788 0.195244935414965
789 0.195602343280121
790 0.196004381027381
791 0.196449143065921
792 0.196852472376292
793 0.197266263640582
794 0.19769603290563
795 0.198133802811281
796 0.198558626330457
797 0.198980642928642
798 0.199435004305519
799 0.199932169912042
800 0.200349138510601
801 0.200709518184209
802 0.201054193177213
803 0.201432846128629
804 0.201865391107655
805 0.202314755058826
806 0.202745029664042
807 0.203136035277485
808 0.203566070364251
809 0.204036354080134
810 0.204506330144203
811 0.204887538833908
812 0.205259927222327
813 0.205658745465734
814 0.206089307406299
815 0.206560103984487
816 0.207008756150764
817 0.207429661816621
818 0.207887377152314
819 0.208286519402891
820 0.208629153322895
821 0.208966913634852
822 0.209425457233472
823 0.20982682679539
824 0.210213616340144
825 0.210672266181491
826 0.211043388769017
827 0.211422031263371
828 0.21185786784451
829 0.212341497741063
830 0.212772594721958
831 0.213160116949303
832 0.21354481711126
833 0.21398704309529
834 0.214357115334396
835 0.214690069124931
836 0.215051805579428
837 0.215454958403833
838 0.215867123960689
839 0.216292046624447
840 0.21673819413644
841 0.217143167853011
842 0.217524110806264
843 0.217903998415423
844 0.218307884868389
845 0.218783003871924
846 0.219170322540714
847 0.219461182496651
848 0.21994240268445
849 0.220353012186976
850 0.220674732534164
851 0.220981498019285
852 0.221417645610194
853 0.221825352272155
854 0.222184586227259
855 0.222550915043595
856 0.223012578485947
857 0.223400845883768
858 0.223733720175454
859 0.2241754721103
860 0.224595201799716
861 0.225002482766279
862 0.22541175385261
863 0.225818427011862
864 0.226192486493202
865 0.226543215650974
866 0.226896891386991
867 0.227298525063752
868 0.22768479630282
869 0.228060967607258
870 0.228454008690865
871 0.228877924946088
872 0.229247695792509
873 0.229593111017135
874 0.229995251598245
875 0.230374574503867
876 0.230765416562112
877 0.231194055591175
878 0.231658593960424
879 0.232037842762366
880 0.232369546078918
881 0.232709219472118
882 0.233093984186481
883 0.233495178150738
884 0.233883595624552
885 0.234257720780743
886 0.23468608104387
887 0.235052804554888
888 0.235355883137679
889 0.235660239164617
890 0.236118322005046
891 0.236536257992336
892 0.236888519910577
893 0.237242860053644
894 0.237642328558547
895 0.238103371758314
896 0.238545256053414
897 0.238846635664351
898 0.239125450794773
899 0.239472088965252
900 0.239904108653736
901 0.240353464608731
902 0.240660943821523
903 0.240999005612921
904 0.241444723831381
905 0.241847954668141
906 0.242227870813522
907 0.242604009685769
908 0.242984877745088
909 0.243346502487482
910 0.243761008591592
911 0.244181046105014
912 0.244548726749448
913 0.244878027948184
914 0.245251057294422
915 0.245628575365002
916 0.24596327280292
917 0.24637636248319
918 0.246734926142747
919 0.247094000836315
920 0.247547585464037
921 0.247884000382739
922 0.248159172586209
923 0.248526104098587
924 0.249107293553642
925 0.249524100091274
926 0.249887159214572
927 0.250237266483608
928 0.250536321019797
929 0.25083683675319
930 0.251202645383224
931 0.251632279788365
932 0.252051975006235
933 0.252354981517285
934 0.252657864558619
935 0.25303431193062
936 0.253456905095129
937 0.253845186080474
938 0.254222017290997
939 0.254575959168308
940 0.254834728003271
941 0.255266777634051
942 0.255729462756934
943 0.256095545070931
944 0.256408434715337
945 0.256761076377702
946 0.257156072035037
947 0.257572682480854
948 0.257993882630113
949 0.258409180174682
950 0.258754351585757
951 0.259000016250698
952 0.259201858249626
953 0.259653961951096
954 0.260058033294603
955 0.26022790268029
956 0.260560028966071
957 0.261061025582023
958 0.261538094156436
959 0.261869360355921
960 0.262240207343197
961 0.262634347938534
962 0.263013134367115
963 0.263334448467744
964 0.263566526174672
965 0.264012980834815
966 0.264429863328478
967 0.264670625642201
968 0.265205024907918
969 0.265628750710995
970 0.265923947505137
971 0.266169230117311
972 0.266385137032155
973 0.266757359713401
974 0.267151715798297
975 0.267473266909304
976 0.26793057733428
977 0.268104716393156
978 0.268385680880781
979 0.268981814058127
980 0.26929615516071
981 0.26958523396725
982 0.269996567311849
983 0.270496923387485
984 0.270785524403326
985 0.271003795516322
986 0.271320348773319
987 0.271753769651205
988 0.272077116176832
989 0.272373468416368
990 0.272778407821448
991 0.273204216070727
992 0.273297731787099
993 0.273788045514464
994 0.274250394267238
995 0.274522603783061
996 0.274975411087362
997 0.27518107791845
998 0.275415028254068
999 0.275719481800807
1000 0.275860304987882
1001 0.276488390750985
1002 0.276813318739346
1003 0.277097850758355
1004 0.277395581674714
1005 0.277652180357285
1006 0.278000738140081
1007 0.278396947026567
1008 0.278811200284294
1009 0.279238925332723
1010 0.279506162975689
1011 0.279749740467525
1012 0.280006851671614
1013 0.280235598165092
1014 0.280468259014172
1015 0.280745933554548
1016 0.281134002044109
1017 0.281496053933706
1018 0.281953057607988
1019 0.282323889717635
1020 0.282700731153146
1021 0.282920197529016
1022 0.283183122456672
1023 0.283483469408827
1024 0.283752848266165
1025 0.284106271087265
1026 0.284433138401424
1027 0.284704808267972
1028 0.284982385731856
1029 0.285268058518252
1030 0.28559405198843
1031 0.285881192478266
1032 0.286177704923932
1033 0.28649273492485
1034 0.286790746055785
1035 0.287047316501927
1036 0.287389090852654
1037 0.287701603920048
1038 0.287935420573663
1039 0.288199976108707
1040 0.28845363332049
1041 0.288752663586141
1042 0.289095610640233
1043 0.289411960330645
1044 0.289748905407785
1045 0.290019350333268
1046 0.290254074294049
1047 0.290554294141712
1048 0.290884373275036
1049 0.29120689727754
1050 0.291571170799214
1051 0.291921896086651
1052 0.292263928559764
1053 0.292632642035651
1054 0.293000528828017
1055 0.293404606181955
1056 0.293753035022611
1057 0.293995825254152
1058 0.294184596366944
1059 0.294391079763841
1060 0.294693412716087
1061 0.295090220794127
1062 0.295426136984947
1063 0.295798733228694
1064 0.296109092321014
1065 0.296376167033052
1066 0.29660100188934
1067 0.296839048470982
1068 0.297148236069065
1069 0.297480828609259
1070 0.29777801333127
1071 0.298056627317214
1072 0.298312574836329
1073 0.298538754346848
1074 0.298765314412534
1075 0.299031709111869
1076 0.2993043610497
1077 0.299605909060976
1078 0.299894744692302
1079 0.300159195876166
1080 0.300406530297639
1081 0.300650294659696
1082 0.300890761598132
1083 0.301193133012658
1084 0.301478205927448
1085 0.301713523902323
1086 0.301990477818188
1087 0.302225118966151
1088 0.302449883559517
1089 0.302673880339577
1090 0.302857770678502
1091 0.303082016342543
1092 0.303296664566715
1093 0.303518849210526
1094 0.303774071840558
1095 0.304048721485095
1096 0.304237438036781
1097 0.304425843589283
1098 0.30461602080979
1099 0.304853496410412
1100 0.305118675932489
1101 0.305338870138322
1102 0.305586547502563
1103 0.305840071650624
1104 0.306064713161044
1105 0.306349453390671
1106 0.306632727195954
1107 0.306928798059347
1108 0.307189462976371
1109 0.307446652976903
1110 0.307717690881287
1111 0.307930795344041
1112 0.308196239859792
1113 0.308467693190806
1114 0.308690510503865
1115 0.308951560694872
1116 0.309200946413488
1117 0.309412296010894
1118 0.3096812004254
1119 0.309951603830861
1120 0.31020363792709
1121 0.310468100868473
1122 0.310741373475861
1123 0.311018960374228
1124 0.311299072836331
1125 0.311579301843087
1126 0.311869893621124
1127 0.31217775227767
1128 0.312429810567925
1129 0.312681240439689
1130 0.312959983321437
1131 0.31320087825415
1132 0.313443209271684
1133 0.313728705418652
1134 0.314005405619936
1135 0.314260508351192
1136 0.314515394926668
1137 0.314762916445469
1138 0.315031697113679
1139 0.315293869629737
1140 0.315575679626317
1141 0.315912675647305
1142 0.316200594693959
1143 0.316464919539688
1144 0.316731843281586
1145 0.316991461835504
1146 0.317245005272901
1147 0.317527189870745
1148 0.317777639980866
1149 0.318027132163355
1150 0.318266853972137
1151 0.3184760623178
1152 0.318739008489435
1153 0.319003779849079
1154 0.319285927353309
1155 0.319557783458381
1156 0.319848752394639
1157 0.320109414898908
1158 0.320354529963487
1159 0.320595730192466
1160 0.320818084944921
1161 0.321059541849181
1162 0.321280699631709
1163 0.321515321981029
1164 0.321781113486335
1165 0.322016607896096
1166 0.322274718864302
1167 0.322569421395407
1168 0.322855442669857
1169 0.323127134936039
1170 0.32338844275742
1171 0.323645315389956
1172 0.323891262770548
1173 0.32413065432558
1174 0.324348650940829
1175 0.324551621028268
1176 0.324751829248274
1177 0.324914802350151
1178 0.32510166657335
1179 0.325309360991478
1180 0.325495937150487
1181 0.325688949033027
1182 0.325910914900168
1183 0.326126638845372
1184 0.326357657522375
1185 0.326580148113721
1186 0.326793196988584
1187 0.327007765254008
1188 0.327227852805136
1189 0.327417196864694
1190 0.327567918635508
1191 0.327777520408783
1192 0.328003312369278
1193 0.32821704496275
1194 0.328493270806535
1195 0.328702150438883
1196 0.328858035213471
1197 0.329012658953913
1198 0.329150713531903
1199 0.32926933151058
1200 0.329369689204046
1201 0.32948762399139
1202 0.329633780940778
1203 0.329811097066096
1204 0.329981991469709
1205 0.330176731045115
1206 0.330368138734755
1207 0.330560229798078
1208 0.330747333539698
1209 0.330962842263771
1210 0.331137762654252
1211 0.331280559363257
1212 0.331431512116511
1213 0.33155495922961
1214 0.331703739266448
1215 0.331857029678008
1216 0.332020813518828
1217 0.332187004931328
1218 0.332386906296934
1219 0.332589121680742
1220 0.332810700484322
1221 0.333017225126768
1222 0.333244178280794
1223 0.333421247543046
1224 0.333568576110524
1225 0.333725341609141
1226 0.333862085589076
1227 0.333998905857055
1228 0.3341191291907
1229 0.334272971336051
1230 0.334439453546254
1231 0.334595967260376
1232 0.3347665028203
1233 0.33494765162184
1234 0.335138793413856
1235 0.335305659551765
1236 0.335481932698109
1237 0.335647167475189
1238 0.335770865692459
1239 0.335904195931625
1240 0.336077834838192
1241 0.336286854045035
1242 0.336476604201571
1243 0.336696060787393
1244 0.336875641848461
1245 0.337028500182778
1246 0.337193122086894
1247 0.337352665765996
1248 0.337504695682325
1249 0.337653434831793
1250 0.337802295539518
1251 0.337925641159112
1252 0.338080201684581
1253 0.338265320721333
1254 0.338432131956449
1255 0.338616064854162
1256 0.338782164405786
1257 0.338930229842319
1258 0.339065794865518
1259 0.339214795967558
1260 0.339362364491735
1261 0.339510355591368
1262 0.339658030648943
1263 0.33982133440126
1264 0.339987808555437
1265 0.340161276953074
1266 0.340355372908215
1267 0.340536602734161
1268 0.340700970429255
1269 0.340892635127697
1270 0.34109616819241
1271 0.341299483977213
1272 0.341513473401423
1273 0.341739075740774
1274 0.341980398912241
1275 0.342207323036005
1276 0.342447844387029
1277 0.342672189534193
1278 0.342876248494691
1279 0.343069586664318
1280 0.343275438930717
1281 0.343482929799699
1282 0.343689846142086
1283 0.343902323458941
1284 0.344104509790784
1285 0.344292851734395
1286 0.344502552809748
1287 0.344738379663182
1288 0.344926800749091
1289 0.345112701474661
1290 0.345277234412274
1291 0.345396806058503
1292 0.345523699708094
1293 0.34566257873119
1294 0.34577114937041
1295 0.345852850722493
1296 0.345929399935147
1297 0.345987952701222
1298 0.346042034804175
1299 0.346078712945836
1300 0.346123128357498
1301 0.346169816029241
1302 0.346208971818736
1303 0.346264274753645
1304 0.346337943588022
1305 0.346391516139942
1306 0.346440521105959
1307 0.346493799949849
1308 0.346528873895936
1309 0.346593413755666
1310 0.346692658983113
1311 0.346755226593603
1312 0.346784621907395
1313 0.346869855777758
1314 0.346964462793838
1315 0.347063965860759
1316 0.347229670635289
1317 0.347348439648069
1318 0.347434607195188
1319 0.347520646088252
1320 0.347588842749974
1321 0.34766596395538
1322 0.347740444509103
1323 0.347807180511753
1324 0.347904337919864
1325 0.348016349698521
1326 0.348133324210359
1327 0.348275159325408
1328 0.348393056361761
1329 0.348496170909717
1330 0.348625930406529
1331 0.348748303509547
1332 0.348901119489904
1333 0.349092691293799
1334 0.349264409014733
1335 0.34944016013837
1336 0.3496172964953
1337 0.349808116864928
1338 0.349968878981195
1339 0.350119737737379
1340 0.350265609235958
1341 0.350381598447256
1342 0.350509325513005
1343 0.350610741807356
1344 0.350765833805177
1345 0.350977210503191
1346 0.351152324229181
1347 0.351340888878129
1348 0.351545679338058
1349 0.35170239690645
1350 0.351807875424257
1351 0.351936604919139
1352 0.35206263172692
1353 0.352191297440087
1354 0.352311332839002
1355 0.352441848957326
1356 0.352576311480932
1357 0.352718177300287
1358 0.352871285999672
1359 0.353015882042109
1360 0.353154917280934
1361 0.353309856684931
1362 0.353462076210475
1363 0.353626650214103
1364 0.35380560797216
1365 0.353993117883874
1366 0.35419989558821
1367 0.354389473734811
1368 0.354591280781182
1369 0.354772938655844
1370 0.354941106571608
1371 0.355090717233545
1372 0.355223230340837
1373 0.355361494055066
1374 0.355463175787275
1375 0.355514126879503
1376 0.355519979877951
1377 0.355469363227265
1378 0.355425543348503
1379 0.355329705407471
1380 0.355270842866789
1381 0.355233473148336
1382 0.355156947907172
1383 0.355060460608001
1384 0.354977870039398
1385 0.354874185986828
1386 0.35478805394669
1387 0.354763984034572
1388 0.354645458177408
1389 0.354489075606336
1390 0.35431331532875
1391 0.35406720084572
1392 0.353838260680713
1393 0.35361417378363
1394 0.35336826207672
1395 0.353098131105541
1396 0.352834180156996
1397 0.352557422202095
1398 0.352282781109166
1399 0.352046556643352
1400 0.351750732256642
1401 0.351419232557675
1402 0.351074749076315
1403 0.350703144647811
1404 0.350336167152889
1405 0.34998270799939
1406 0.349645714051942
1407 0.34931120308557
1408 0.348945876653794
1409 0.348678694234832
1410 0.348441790627459
1411 0.348265419184382
1412 0.34814224746238
1413 0.348088770312194
1414 0.348081593356498
1415 0.348141508315438
1416 0.348278464995732
1417 0.348461859162308
1418 0.348696431518506
1419 0.348984448681352
1420 0.349361652982022
1421 0.349727400672283
1422 0.350157002975259
1423 0.350544766701556
1424 0.350934243593004
1425 0.351303811268397
1426 0.351661933191662
1427 0.351993169885883
1428 0.35228774509902
1429 0.352597678344107
1430 0.352884014588929
1431 0.35318694739781
1432 0.353507959674117
1433 0.353834966171843
1434 0.354162373564741
1435 0.354469595838624
1436 0.35474889744707
1437 0.355010363009102
1438 0.355258576967504
1439 0.35548217097103
1440 0.355698211511877
1441 0.355902112113998
1442 0.356100536605752
1443 0.356279890724948
1444 0.356462184359683
1445 0.35661983075734
1446 0.356836485728393
1447 0.357074934250188
1448 0.35731236588466
1449 0.357621398941184
1450 0.357847774697997
1451 0.35802067599387
1452 0.358212857795197
1453 0.358386246774386
1454 0.35855412699909
1455 0.358714767987251
1456 0.358889505402067
1457 0.359067712507015
1458 0.359226265122844
1459 0.359391995036373
1460 0.359547756212378
1461 0.359673015808405
1462 0.359808408450464
1463 0.359953478779208
1464 0.360092392267862
1465 0.360225811678467
1466 0.360356273924858
1467 0.360463925170692
1468 0.360606864156235
1469 0.360769030398438
1470 0.360925211911558
1471 0.361134831393707
1472 0.361339639078522
1473 0.361522727905334
1474 0.361692924859255
1475 0.36183987262958
1476 0.361944574313532
1477 0.362104074984512
1478 0.362253255102158
1479 0.362459313611053
1480 0.362721197587605
1481 0.362949855252877
1482 0.363204220893301
1483 0.3634308972917
1484 0.363645512594011
1485 0.363845945074419
1486 0.364035364017926
1487 0.364213514708276
1488 0.364361560455745
1489 0.364533486323645
1490 0.364713039374289
1491 0.364884919084101
1492 0.365051862283137
1493 0.365235371071493
1494 0.365429389138259
1495 0.365610435102868
1496 0.36582315743886
1497 0.365981696546935
1498 0.366086256103434
1499 0.366219785169488
1500 0.36634182164971
1501 0.366462864101197
1502 0.366591216477297
1503 0.366719769751542
1504 0.36682734627216
1505 0.366961486688163
1506 0.367124713067277
1507 0.367278162521549
1508 0.367458120454676
1509 0.367599326488628
1510 0.367704539663038
1511 0.367827277571772
1512 0.367935105359438
1513 0.368044185091779
1514 0.368152913055977
1515 0.368285389126273
1516 0.368406557267802
1517 0.368562233946523
1518 0.36877849132027
1519 0.368962533750886
1520 0.369146528569146
1521 0.369325771251293
1522 0.369479017446113
1523 0.369603622879333
1524 0.369737236546654
1525 0.369861966265492
1526 0.369983140135932
1527 0.370092633310819
1528 0.370221741796195
1529 0.370354513053535
1530 0.370484177079057
1531 0.370622139980854
1532 0.370762312790395
1533 0.37089333670837
1534 0.371043104493339
1535 0.371234091143093
1536 0.37135827910927
1537 0.371464573048011
1538 0.371549330951052
1539 0.371562659790356
1540 0.371647794604909
1541 0.37175148368996
1542 0.37186349694223
1543 0.371996165210413
1544 0.372148405998311
1545 0.37232336231485
1546 0.372487060412994
1547 0.372688950305529
1548 0.372847402992752
1549 0.37298503837293
1550 0.373098447160467
1551 0.373167935170693
1552 0.373271212390876
1553 0.373369375938092
1554 0.373466802569143
1555 0.373587389995749
1556 0.373694046149211
1557 0.373770036320537
1558 0.373874207029994
1559 0.373996875873212
1560 0.374118193599258
1561 0.374275483577981
1562 0.374380601488125
1563 0.374462154209306
1564 0.374535510791393
1565 0.374565380861167
1566 0.374609854455114
1567 0.37464337674558
1568 0.374703136769015
1569 0.374748816161552
1570 0.374843733809867
1571 0.374987096127717
1572 0.375133549307993
1573 0.37533415930335
1574 0.375498203144752
1575 0.375667341233145
1576 0.375805553568785
1577 0.375907584410584
1578 0.376009204569382
1579 0.376074251395569
1580 0.376166946728015
1581 0.376270513025399
1582 0.376375509874637
1583 0.376503867988271
1584 0.376618202051781
1585 0.376700250430625
1586 0.376821243848886
1587 0.376993341663203
1588 0.377116051082159
1589 0.377263412540696
1590 0.377358707525291
1591 0.377365353598663
1592 0.377395168004588
1593 0.377391621187503
1594 0.377422130036202
1595 0.377470455530143
1596 0.377534713382914
1597 0.377611377389653
1598 0.377719683652595
1599 0.37785994053168
1600 0.378010641728891
1601 0.378183083229145
1602 0.378361746766049
1603 0.378488436524647
1604 0.378581637894903
1605 0.378695844411444
1606 0.37879353368143
1607 0.37888440476654
1608 0.378987086045283
1609 0.37906363683406
1610 0.379098884853168
1611 0.379183974179647
1612 0.379283594094655
1613 0.379390140556712
1614 0.379513757170911
1615 0.37963970767501
1616 0.37978941547962
1617 0.379878036497589
1618 0.379936347516648
1619 0.380046578779422
1620 0.380138188292431
1621 0.380244551684076
1622 0.380404847964712
1623 0.380524067455717
1624 0.380601824678683
1625 0.380714364949288
1626 0.380851878380016
1627 0.380973905166282
1628 0.381099721117355
1629 0.381188827467739
1630 0.381257741616295
1631 0.38135152011493
1632 0.381417788310501
1633 0.381528890159414
1634 0.381686336612995
1635 0.381812840569582
1636 0.381934913484363
1637 0.382062181864838
1638 0.382199994788114
1639 0.382294664537819
1640 0.382377522259094
1641 0.382446362587223
1642 0.382468166433303
1643 0.382549126796966
1644 0.382644756564935
1645 0.382752307541682
1646 0.382895819355944
1647 0.383004098306239
1648 0.383103949198136
1649 0.383209633106675
1650 0.38330974771738
1651 0.383400938493586
1652 0.383496435004829
1653 0.383585047269898
1654 0.383644423968318
1655 0.383737499073733
1656 0.383867924583255
1657 0.383987135286644
1658 0.38414230632653
1659 0.384309046610832
1660 0.384382774916033
1661 0.38445049269205
1662 0.384550871655939
1663 0.384585499771545
1664 0.38463163799537
1665 0.384705892446251
1666 0.38475285647388
1667 0.384827815518768
1668 0.38494681434812
1669 0.385061585034089
1670 0.385121514565677
1671 0.385179874475556
1672 0.385266545071327
1673 0.38530944750447
1674 0.385384987236598
1675 0.385497967663313
1676 0.385605084493622
1677 0.385775322762442
1678 0.38588426552027
1679 0.385922528757263
1680 0.385997269153061
1681 0.386011002596204
1682 0.386099990463736
1683 0.386281460072853
1684 0.386373223106022
1685 0.386513598853711
1686 0.386669276006056
1687 0.386805753656653
1688 0.386985632498503
1689 0.387119344068734
1690 0.387264417858214
1691 0.387407750202971
1692 0.387497661922522
1693 0.387582609907636
1694 0.387622697577698
1695 0.387637805202337
1696 0.387712455932382
1697 0.38784698170902
1698 0.388014018392703
1699 0.388251696271988
1700 0.388376883676634
1701 0.38843938369166
1702 0.38847779215531
1703 0.38838780633339
1704 0.388386109873727
1705 0.388442363468417
1706 0.388470405897973
1707 0.388519099838465
1708 0.388543697886649
1709 0.388494754945701
1710 0.388533899680227
1711 0.388664894375932
1712 0.388735738068079
1713 0.388820967956821
1714 0.388864625611977
1715 0.388814578452465
1716 0.388842567125335
1717 0.388914766082313
1718 0.388981333862395
1719 0.389084239492073
1720 0.389155047199785
1721 0.389225323216544
1722 0.389259338968254
1723 0.389270581252161
1724 0.389278656436205
1725 0.389222682658302
1726 0.389235653514512
1727 0.389284905724662
1728 0.389304219102226
1729 0.389370219694012
1730 0.389384090964257
1731 0.389310595930184
1732 0.389362961124784
1733 0.389446848766604
1734 0.389550443550754
1735 0.389778300132563
1736 0.389899389897613
1737 0.389966829658753
1738 0.39003042069147
1739 0.390043888620524
1740 0.390128337385761
1741 0.390180259466914
1742 0.390201362357655
1743 0.390217224422557
1744 0.390221868073624
1745 0.390256023466993
1746 0.390330918056235
1747 0.390450463447598
1748 0.390498709996637
1749 0.390529219071469
1750 0.390601637887161
1751 0.390662590687496
1752 0.390755108128156
1753 0.390842414514162
1754 0.390872010225113
1755 0.390857988636922
1756 0.390786784381035
1757 0.390704932793858
1758 0.390641649829672
1759 0.390587709306907
1760 0.390611447794237
1761 0.390712209885493
1762 0.390806058529709
1763 0.390904600135094
1764 0.390987332633025
1765 0.391025148536802
1766 0.391132479317152
1767 0.391240960203018
1768 0.391324789900038
1769 0.391437732929571
1770 0.391455255309581
1771 0.391506479151584
1772 0.391517989535329
1773 0.391549345771998
1774 0.39164499604908
1775 0.39168669309632
1776 0.391739779145854
1777 0.391767613166741
1778 0.391723119551656
1779 0.391709487164392
1780 0.391668297579702
1781 0.391682999632293
1782 0.391767952192118
1783 0.391795301434632
1784 0.391767906537075
1785 0.391698857331051
1786 0.391681621028624
1787 0.391751303567461
1788 0.391836309966876
1789 0.391967156556328
1790 0.392083390404797
1791 0.392181850758888
1792 0.392331202930625
1793 0.392495355783655
1794 0.392575044544154
1795 0.392567175801456
1796 0.392631454238499
1797 0.392697610029977
1798 0.392750700951184
1799 0.392819929302333
1800 0.392857482528561
1801 0.386403276931282
1802 0.386439432819324
1803 0.386471453586342
1804 0.386517360848416
1805 0.386551537391765
1806 0.386571271061325
1807 0.386630863992711
1808 0.386676146560541
1809 0.386767201571155
1810 0.38693144524085
1811 0.387063281567117
1812 0.387160187476344
1813 0.387191542065087
1814 0.387175153867823
1815 0.387205994669628
1816 0.387194965141861
1817 0.387138766530304
1818 0.387163639179932
1819 0.387200501043624
1820 0.387221614423701
1821 0.387375602194701
1822 0.387497995574178
1823 0.387538521771961
1824 0.387539765859715
1825 0.387632392152205
1826 0.387790159714311
1827 0.387902826256445
1828 0.388117611167552
1829 0.38820760260835
1830 0.388257549011227
1831 0.388090757093953
1832 0.388016220480922
1833 0.387918690167137
1834 0.387813195959553
1835 0.387797027892556
1836 0.387762831862381
1837 0.387732742820165
1838 0.387721529544106
1839 0.387691301579993
1840 0.387743287908648
1841 0.387893559905333
1842 0.387941178508063
1843 0.388149992835936
1844 0.388356198317889
1845 0.388273848914511
1846 0.388256205778045
1847 0.388229665353309
1848 0.388165543022049
1849 0.387926354713375
1850 0.387891352130386
1851 0.387973185901823
1852 0.38788708635278
1853 0.387875314936254
1854 0.387903103823085
1855 0.387820727083908
1856 0.387795045408797
1857 0.387796105855126
1858 0.387790280574881
1859 0.387789087580909
1860 0.387781658645339
1861 0.387722094349875
1862 0.387648349729384
1863 0.38753474571799
1864 0.387358558941792
1865 0.387171668444336
1866 0.386914439381865
1867 0.386626904114408
1868 0.386280789854249
1869 0.385930321133146
1870 0.385542463815297
1871 0.385230235824883
1872 0.384824491505089
1873 0.384276536622559
1874 0.383882056433606
1875 0.383522078411364
1876 0.383239836796504
1877 0.382958514219061
1878 0.382550294706623
1879 0.382062908840789
1880 0.381542509935224
1881 0.380888913803033
1882 0.380157472666474
1883 0.37938836164322
1884 0.378471291283604
1885 0.377474856659957
1886 0.376452589764954
1887 0.375408004021994
1888 0.374284610034252
1889 0.373070491987529
1890 0.371791870638574
1891 0.370510983787055
1892 0.369148104833226
1893 0.36780758526803
1894 0.366439623741139
1895 0.364875729573246
1896 0.363257202645623
1897 0.361561754010348
1898 0.359696393991461
1899 0.357966942828606
1900 0.356287911165549
1901 0.354668119590072
1902 0.353072176455838
1903 0.351566139941751
1904 0.350165678441482
1905 0.34887696935698
1906 0.347703183692272
1907 0.346790366696024
1908 0.345995975855331
1909 0.345332202605375
1910 0.344797294867545
1911 0.344465027536162
1912 0.344103811168753
1913 0.343811607276456
1914 0.343600380514334
1915 0.343496281432648
1916 0.343412138853042
1917 0.343369149183755
1918 0.343489778102493
1919 0.343710720211018
1920 0.343987765783789
1921 0.344273906520618
1922 0.344685017214871
1923 0.345070363861508
1924 0.345406346847233
1925 0.345817649823414
1926 0.346353115010472
1927 0.346826840785199
1928 0.347259640648853
1929 0.347679019064182
1930 0.348031842874196
1931 0.348420627229979
1932 0.348826417448849
1933 0.349227138215
1934 0.349654992836937
1935 0.350131569816259
1936 0.350595509231973
1937 0.350933015368042
1938 0.351323214575542
1939 0.351749905399324
1940 0.35210723669172
1941 0.352626998342816
1942 0.353180772819683
1943 0.353641120458435
1944 0.354061385639786
1945 0.354458619844824
1946 0.354735589109577
1947 0.355139314885175
1948 0.355562272345467
1949 0.35605316464664
1950 0.356591705589143
1951 0.357048214069134
1952 0.357315986779842
1953 0.357561532007346
1954 0.357891786037314
1955 0.358185993151276
1956 0.358515620883226
1957 0.358951517030013
1958 0.359336545184133
1959 0.359718525313709
1960 0.36005710491012
1961 0.360282204106547
1962 0.360545774716856
1963 0.360759415998466
1964 0.361004873409813
1965 0.361320981105188
1966 0.361597839061549
1967 0.361980807589387
1968 0.362425729046197
1969 0.362824386188401
1970 0.363288197800683
1971 0.36375200710227
1972 0.364203801367496
1973 0.364585523167672
1974 0.365022612620989
1975 0.365456797001278
1976 0.365770897512957
1977 0.366023480482211
1978 0.366382858258784
1979 0.366809147971708
1980 0.367206701783119
1981 0.367649642785689
1982 0.368057984673978
1983 0.368435786711369
1984 0.368788070508437
1985 0.369096063087307
1986 0.369470849071092
1987 0.369843077694723
1988 0.370246732573115
1989 0.370683491549616
1990 0.371136458816164
1991 0.371550347761088
1992 0.371939460679602
1993 0.372316850889369
1994 0.372671777340287
1995 0.373030445640062
1996 0.373377314036074
1997 0.373709975746826
1998 0.374013080070329
1999 0.374364210997873
2000 0.37475361811372
2001 0.375062809771043
2002 0.375348169917736
2003 0.375623605606152
2004 0.375893187824008
2005 0.376085626627973
2006 0.376346986295791
2007 0.376603156279904
2008 0.376959002284784
2009 0.377407821909252
2010 0.377813448571642
2011 0.378328805056294
2012 0.378757257135671
2013 0.379090944911018
2014 0.379275667173163
2015 0.379507600633013
2016 0.379624498699949
2017 0.379919428616774
2018 0.380295754523872
2019 0.380659692542701
2020 0.381189578164452
2021 0.381534073599367
2022 0.381752990971229
2023 0.381990927822357
2024 0.382172786962071
2025 0.382320822233746
2026 0.382501356007241
2027 0.382811569312285
2028 0.383035436185201
2029 0.383185732691552
2030 0.383305962749837
2031 0.383320977197258
2032 0.383432457823132
2033 0.383522597538964
2034 0.383660529704093
2035 0.383865821316945
2036 0.384058899299608
2037 0.384285524130844
2038 0.384500879231618
2039 0.384731003369826
2040 0.384937126797731
2041 0.385179670734553
2042 0.385338255896127
2043 0.385502077588137
2044 0.385653949753303
2045 0.385820730994836
2046 0.385923793928036
2047 0.38611402508027
2048 0.386399843723102
2049 0.386612237976368
2050 0.386836085313114
2051 0.387033276864786
2052 0.38710954397625
2053 0.387305649308382
2054 0.38757455993524
2055 0.387873190695327
2056 0.388080259708518
2057 0.38837315267113
2058 0.388488246353326
2059 0.388375058660635
2060 0.388448369735079
2061 0.388541318889057
2062 0.38863136544963
2063 0.388823573247822
2064 0.388927960716094
2065 0.388948973141461
2066 0.38901995281279
2067 0.389087852067354
2068 0.389140369322635
2069 0.389280231362809
2070 0.389409842739281
2071 0.389599316614306
2072 0.3898288069835
2073 0.390093214586039
2074 0.390436920508467
2075 0.390714723370638
2076 0.391049023454532
2077 0.391263063257225
2078 0.391406398342598
2079 0.391530166078026
2080 0.39152620339978
2081 0.391607335174419
2082 0.391703564940611
2083 0.39180574122169
2084 0.391961080221836
2085 0.392100053840346
2086 0.392200652863711
2087 0.392251955567986
2088 0.392379684017897
2089 0.392556951327868
2090 0.392642215594596
2091 0.392714825443143
2092 0.392790043336415
2093 0.392773674268929
2094 0.392825351017418
2095 0.392904715582138
2096 0.393048897091611
2097 0.393257810028108
2098 0.393417146324332
2099 0.393615986144071
2100 0.393830822051921
2101 0.393983129073682
2102 0.39401520127584
2103 0.394141798195528
2104 0.394326660577491
2105 0.39441705410229
2106 0.394429832241825
2107 0.394568973495694
2108 0.394729041634181
2109 0.394854720744342
2110 0.395050738617901
2111 0.395241241204014
2112 0.395323897082334
2113 0.395509427859484
2114 0.3959009760365
2115 0.396116570276676
2116 0.396253129027411
2117 0.39638953973005
2118 0.396430862460589
2119 0.396514379211042
2120 0.396704376333833
2121 0.397047129998955
2122 0.397237409150675
2123 0.397426074929454
2124 0.39759267614811
2125 0.397664015184312
2126 0.397800900657418
2127 0.398015540763568
2128 0.398157085284469
2129 0.398214298797157
2130 0.398344553476703
2131 0.398515680173769
2132 0.398649676460608
2133 0.398840414222815
2134 0.398950785976284
2135 0.399058427325354
2136 0.399195493783354
2137 0.399191664148491
2138 0.399140265808803
2139 0.399069431192786
2140 0.398830288555015
2141 0.398722798063834
2142 0.398732588422271
2143 0.398628719489621
2144 0.398566583417499
2145 0.398357111482933
2146 0.398001058718463
2147 0.397653400124122
2148 0.397128164605342
2149 0.396761960809225
2150 0.396531763782521
2151 0.396210047955737
2152 0.395858992925868
2153 0.395589650463565
2154 0.395278403598774
2155 0.395005605099296
2156 0.39471303883078
2157 0.394524985770069
2158 0.394205894213518
2159 0.393751278482941
2160 0.39339850079304
2161 0.393139917555602
2162 0.39271408326911
2163 0.392161360413114
2164 0.391758610933858
2165 0.391314881131875
2166 0.390922723642956
2167 0.390696435110504
2168 0.390370574746246
2169 0.389917193138833
2170 0.389575658859334
2171 0.389364685394997
2172 0.389052118975195
2173 0.388798930492641
2174 0.388382288930047
2175 0.388011928012449
2176 0.387522451994625
2177 0.387203109977823
2178 0.386959926659976
2179 0.386714155489813
2180 0.386639040127949
2181 0.386266092347242
2182 0.385816960490325
2183 0.385261629277805
2184 0.384374174370781
2185 0.383729938924888
2186 0.383100718554238
2187 0.382552494067817
2188 0.38221577376233
2189 0.381718776099625
2190 0.381118346677276
2191 0.380617925479685
2192 0.38000267259637
2193 0.37956110428022
2194 0.379343584685502
2195 0.379112514134277
2196 0.378815575857483
2197 0.378520742386937
2198 0.378100825326235
2199 0.377520035713519
2200 0.377028407009564
2201 0.376503623808505
2202 0.376025488713758
2203 0.375523143862918
2204 0.375127628814851
2205 0.374809037449804
2206 0.374470454215375
2207 0.374139119720567
2208 0.373922326668723
2209 0.373613275527483
2210 0.373631063111894
2211 0.37393618533482
2212 0.374250600936905
2213 0.374800546461823
2214 0.375301792376262
2215 0.375909305007431
2216 0.376400738060275
2217 0.376866181666602
2218 0.377317710532829
2219 0.377716284317487
2220 0.377932910493919
2221 0.378231335762941
2222 0.378475873526199
2223 0.37889187429509
2224 0.379509988627526
2225 0.379688463377528
2226 0.379749586326518
2227 0.379864329336541
2228 0.379551567014196
2229 0.379712360700946
2230 0.380355600438064
2231 0.380601367214504
2232 0.380823342999518
2233 0.380937692740224
2234 0.380708664590349
2235 0.3807769055117
2236 0.381084711717591
2237 0.381143372661766
2238 0.381151589576456
2239 0.381229877630644
2240 0.381172300913545
2241 0.381140080628403
2242 0.381272414917642
2243 0.381292564056492
2244 0.381202882389798
2245 0.381047719996159
2246 0.380938636111137
2247 0.380951749815982
2248 0.380948998509752
2249 0.381007851277144
2250 0.381114113100601
2251 0.381283003759093
2252 0.381429131186825
2253 0.381596865618117
2254 0.381835680972706
2255 0.382226937108954
2256 0.382325515865192
2257 0.382352311877527
2258 0.382334696655326
2259 0.382015554506923
2260 0.381929095956277
2261 0.381935382003763
2262 0.382032920277323
2263 0.382212649813697
2264 0.382376050135898
2265 0.382779095226634
2266 0.382887939163345
2267 0.382746567342025
2268 0.382763451509943
2269 0.382592568583493
2270 0.382649866645422
2271 0.383107324986328
2272 0.383279789336183
2273 0.38344862004639
2274 0.383511703055144
2275 0.38318695329798
2276 0.383091012524131
2277 0.383266814849986
2278 0.383125227589766
2279 0.382905998891705
2280 0.382877164823631
2281 0.382637620185061
2282 0.382753771365008
2283 0.383168368482253
2284 0.383391720549656
2285 0.383356047397637
2286 0.38316899153641
2287 0.382837505606075
2288 0.382068786076808
2289 0.381770132999482
2290 0.381410448622769
2291 0.381542924693486
2292 0.382427048759927
2293 0.382459758125901
2294 0.382345740320544
2295 0.382227222162302
2296 0.381496116625278
2297 0.381189781659927
2298 0.381161950077836
2299 0.381253021361304
2300 0.381534234886945
2301 0.381570014152387
2302 0.381857421498522
2303 0.381849176021203
2304 0.381220226405662
2305 0.381120421095749
2306 0.381198886240536
2307 0.381239693797634
2308 0.381807519102451
2309 0.381775155674956
2310 0.381302922539651
2311 0.381096836858869
2312 0.380523504994046
2313 0.380218050382541
2314 0.380184204575057
2315 0.380207685895649
2316 0.380399289492588
2317 0.380507703861145
2318 0.380808706014543
2319 0.380937390192303
2320 0.3806857348358
2321 0.380938907199645
2322 0.380900903710111
2323 0.380537168893275
2324 0.380593991029064
2325 0.38015506759498
2326 0.379763755207698
2327 0.379985596306202
2328 0.379940968619155
2329 0.379922382544015
2330 0.380073242510713
2331 0.380388050070622
2332 0.380411945988944
2333 0.380162023762615
2334 0.380097612771261
2335 0.379469450015933
2336 0.379225447719071
2337 0.379096507522076
2338 0.379155772179061
2339 0.379378236255406
2340 0.379421059157477
2341 0.37967558248896
2342 0.379652608895842
2343 0.379422011674422
2344 0.379109398385433
2345 0.378561989790886
2346 0.378155430155314
2347 0.377639257034169
2348 0.37720978245631
2349 0.377088793107959
2350 0.376729339167058
2351 0.375943825828584
2352 0.375791054329956
2353 0.375881164684781
2354 0.375914494161499
2355 0.376364977485561
2356 0.376556289559651
2357 0.37652751039755
2358 0.376724105790817
2359 0.377047953335832
2360 0.37735930589706
2361 0.377912093195876
2362 0.377867833586274
2363 0.377595684659611
2364 0.377245947959217
2365 0.376313987624188
2366 0.375920212278023
2367 0.375702909422295
2368 0.375686383414107
2369 0.376028087201662
2370 0.375923421977712
2371 0.375689896258744
2372 0.37562250041056
2373 0.375335913195026
2374 0.375448730632806
2375 0.376117714072061
2376 0.376156856337119
2377 0.37636313080251
2378 0.375794051225365
2379 0.374077531784888
2380 0.373727346198613
2381 0.373691785261925
2382 0.373055454833332
2383 0.372678263656894
2384 0.372507027769545
2385 0.371803580794299
2386 0.371597106714128
2387 0.372512588087547
2388 0.372832257073631
2389 0.372498212202808
2390 0.372647672313159
2391 0.373166008221398
2392 0.373514694196382
2393 0.374244302502432
2394 0.37399181434268
2395 0.373182425822708
2396 0.372610572133846
2397 0.370952273388712
2398 0.370573029077137
2399 0.370825264058806
2400 0.371222044155823
2401 0.372844693669104
2402 0.37331940635338
2403 0.373593261987937
2404 0.373814759624681
2405 0.373375320539006
2406 0.372957265269799
2407 0.372678968491741
2408 0.371902171741465
2409 0.370217529194844
2410 0.369362297897642
2411 0.36888320291363
2412 0.368364633552002
2413 0.367973038670454
2414 0.367845819952971
2415 0.36808648189026
2416 0.367936548924888
2417 0.367675841401711
2418 0.368099691745938
2419 0.368737278019006
2420 0.368235843699511
2421 0.368126911684948
2422 0.36745927346999
2423 0.365325287256342
2424 0.364203206777447
2425 0.363587701000016
2426 0.36255953031444
2427 0.360972047216684
2428 0.360393530342242
2429 0.360277271600496
2430 0.36073116655869
2431 0.362441385974319
2432 0.362930614045921
2433 0.363527366482652
2434 0.362970368265654
2435 0.360596077450128
2436 0.359876011368214
2437 0.359793476459833
2438 0.359184457029845
2439 0.358773788488119
2440 0.359013833129989
2441 0.359208704700351
2442 0.358146501356011
2443 0.359067205969586
2444 0.358895848158028
2445 0.356593110851005
2446 0.356037015212512
2447 0.355873748061319
2448 0.354544532915789
2449 0.35448599147428
2450 0.355688969629173
2451 0.355798877218069
2452 0.355636442663963
2453 0.356429068825921
2454 0.356199656546043
2455 0.354861043166164
2456 0.355338226805717
2457 0.354763979315285
2458 0.351391924693387
2459 0.350977555860578
2460 0.35022507144869
2461 0.348575177303513
2462 0.35103678104653
2463 0.350854215957058
2464 0.351299119342098
2465 0.351439664664234
2466 0.351062591430666
2467 0.350292107677153
2468 0.348339589079223
2469 0.346773482540727
2470 0.344560513415584
2471 0.343301703563178
2472 0.342506752839412
2473 0.342483372744132
2474 0.343294904895529
2475 0.344397648233082
2476 0.348524575442267
2477 0.348515507111031
2478 0.345003947407219
2479 0.343855273543694
2480 0.340785604358964
2481 0.340125039849253
2482 0.343678005584772
2483 0.344024095998654
2484 0.343082379604684
2485 0.341617323559542
2486 0.33853227291318
2487 0.337221368963232
2488 0.335641778319242
2489 0.335766183498072
2490 0.337147234867433
2491 0.34023016251517
2492 0.343910431959345
2493 0.345969341276246
2494 0.347253748782714
2495 0.347312645115984
2496 0.347462523581323
2497 0.348027328756395
2498 0.348916997256915
2499 0.349198740530455
2500 0.345709413043707
