"Wavelength" "M083a_m1-w2"
350 0.129550216814935
351 0.132243276873366
352 0.130015249818589
353 0.123814991040401
354 0.118281608366035
355 0.118771634156186
356 0.123149920678781
357 0.127032164251059
358 0.125225239243255
359 0.120274369795924
360 0.117473152824666
361 0.119280635004044
362 0.122791033374526
363 0.124952548649912
364 0.122204107877693
365 0.114583878393339
366 0.113856011574185
367 0.114475208429842
368 0.11584251543519
369 0.119361830883727
370 0.117521050716048
371 0.113970369079369
372 0.112187601919234
373 0.113824063357864
374 0.116889893164288
375 0.117274654056538
376 0.113906705622675
377 0.114170770176812
378 0.112255646683829
379 0.110819919590315
380 0.114042114220547
381 0.115083576833078
382 0.113339866231208
383 0.110997957122732
384 0.111842723572695
385 0.110287597295136
386 0.109253552112017
387 0.110368938363298
388 0.109502257412714
389 0.109973002977681
390 0.110378864911485
391 0.108843507942509
392 0.108724179781697
393 0.108580459680524
394 0.10772640287386
395 0.106437191412882
396 0.107766441568451
397 0.107615389084159
398 0.105021310251576
399 0.106696030340916
400 0.108272713848725
401 0.108229174943603
402 0.106699817027274
403 0.106919648194198
404 0.10685782208393
405 0.106434819265188
406 0.107053489297853
407 0.10736372341698
408 0.107445311596184
409 0.107498573189713
410 0.107522572033904
411 0.107632701090355
412 0.107841415315983
413 0.108089811527183
414 0.108188300285483
415 0.108278008623938
416 0.108541693651146
417 0.109103537772187
418 0.108606647353458
419 0.108727186968915
420 0.110029873240981
421 0.109786163446773
422 0.109584720845493
423 0.109901519011297
424 0.110592575002794
425 0.11025267662762
426 0.1105631754138
427 0.111444108846032
428 0.111064850472701
429 0.111478125388212
430 0.112339515740376
431 0.11305923632235
432 0.113682002657127
433 0.113836636865998
434 0.113960160963314
435 0.114665294714819
436 0.115053726330537
437 0.115271711195242
438 0.115550547261666
439 0.116106638612291
440 0.116524891676907
441 0.116887895123767
442 0.117294721842867
443 0.117447461716594
444 0.11773545931504
445 0.118221776314512
446 0.118738859906205
447 0.119015641275246
448 0.119375086662628
449 0.119843803795362
450 0.119802105854921
451 0.12023193544442
452 0.120666306711929
453 0.120538768659748
454 0.120918995016512
455 0.121599998505534
456 0.122154042461363
457 0.12208183065784
458 0.122293359252062
459 0.122682657192378
460 0.123017953740895
461 0.123206357222108
462 0.123482069265696
463 0.123834291725959
464 0.124134061906329
465 0.124227401077765
466 0.124437839559203
467 0.124752840543057
468 0.124708592963368
469 0.12490124097635
470 0.125229991245265
471 0.12550300682696
472 0.125847193924273
473 0.126176365465535
474 0.12650609453512
475 0.126891004468187
476 0.12701046144601
477 0.127167601142697
478 0.127486174911375
479 0.127584107169438
480 0.127599963948239
481 0.12784564112118
482 0.128498931525175
483 0.128615385558159
484 0.128913309192637
485 0.129517343833347
486 0.129820581672109
487 0.130072416876913
488 0.130403131620914
489 0.130810593178242
490 0.130919462778923
491 0.131273680637255
492 0.131811971935957
493 0.132135577906778
494 0.132502993355875
495 0.132870191587293
496 0.133208341481019
497 0.13357921964451
498 0.13402468654384
499 0.134464237691886
500 0.134804393124826
501 0.135121536660549
502 0.135505014475867
503 0.13598203505488
504 0.13651108279432
505 0.136833263519617
506 0.137093220949924
507 0.137478041823003
508 0.138016539176224
509 0.138448357955898
510 0.138816481933597
511 0.139327210243452
512 0.139624744218053
513 0.140038219194073
514 0.140666249686197
515 0.140961866595861
516 0.141304857499002
517 0.141743097774769
518 0.142204517863491
519 0.142645675375782
520 0.143087976846558
521 0.143540316922036
522 0.143989366153737
523 0.144417013497274
524 0.144854109907746
525 0.14532289981108
526 0.145764932266087
527 0.146226446821776
528 0.14672082589236
529 0.14722696942494
530 0.147600953758019
531 0.148030538957022
532 0.148594060061279
533 0.148979873249164
534 0.149352446500639
535 0.14983076760935
536 0.150465945420203
537 0.150945403966075
538 0.15138150548193
539 0.151866146790407
540 0.152395812567735
541 0.152908153236727
542 0.153394407068247
543 0.15387285508391
544 0.154392826734873
545 0.154912112200489
546 0.155435152287524
547 0.156012630768885
548 0.156533988757224
549 0.157104147029706
550 0.157795203663332
551 0.158434452806255
552 0.159085274113235
553 0.159722055538103
554 0.160274362481607
555 0.160860894075809
556 0.161420788587219
557 0.161914564986327
558 0.162384491742822
559 0.162955992171525
560 0.163585344070157
561 0.164156708012123
562 0.164628269526174
563 0.165118838757213
564 0.165631136939456
565 0.165992585512201
566 0.166329814158229
567 0.166707728410381
568 0.167160031137115
569 0.167651437179366
570 0.168227715153086
571 0.168880448405306
572 0.169552205561887
573 0.170280832282312
574 0.170966670190294
575 0.171550212218853
576 0.172163801989431
577 0.172680386570246
578 0.173108394205593
579 0.173531501570948
580 0.173916985580833
581 0.174201086731849
582 0.174408666368281
583 0.174733372568862
584 0.175119901904877
585 0.17552387719567
586 0.175909560116237
587 0.176297447155058
588 0.176716593729077
589 0.177201743119902
590 0.177794916687042
591 0.178282506135168
592 0.178756338134637
593 0.179316502918066
594 0.179744289682937
595 0.180202079722783
596 0.180698245864704
597 0.181115685769825
598 0.18156265365704
599 0.181999472357935
600 0.182391727325469
601 0.182788218359692
602 0.18312275041925
603 0.183403699444248
604 0.183688981907284
605 0.184096446698591
606 0.184490941481112
607 0.184822287345875
608 0.185233013274429
609 0.185653898919736
610 0.186051756859253
611 0.186417452337345
612 0.186793767819506
613 0.187261851344746
614 0.18778966757678
615 0.188221689494034
616 0.188598983865455
617 0.188980458170784
618 0.189402605165129
619 0.189796545904029
620 0.190229340941484
621 0.190690620379476
622 0.191114976939212
623 0.191519900934836
624 0.191948586376432
625 0.192414922278854
626 0.192864070179661
627 0.193237354776417
628 0.193594457563177
629 0.194036852445778
630 0.194496248546232
631 0.194965971570516
632 0.195432981421833
633 0.195862720002632
634 0.196339429413431
635 0.196783967297211
636 0.197119859941312
637 0.19752330107942
638 0.197991441748692
639 0.198479425109147
640 0.198910937844018
641 0.199318786183171
642 0.199787961525797
643 0.200342185298077
644 0.200800357176775
645 0.201222369397234
646 0.201640794712809
647 0.202077975226552
648 0.202620879367468
649 0.203147369496953
650 0.203582056576625
651 0.203982111828011
652 0.204461727504669
653 0.204960971006645
654 0.205373573921639
655 0.205772357662474
656 0.20623023262989
657 0.206759561732683
658 0.207300926589332
659 0.207749762694602
660 0.208185585156894
661 0.208693661841655
662 0.209186837958872
663 0.209712305598299
664 0.210247336055172
665 0.21072365653887
666 0.211244542587408
667 0.211777565717561
668 0.212287995861401
669 0.212788815569361
670 0.21325202554848
671 0.213721656620009
672 0.214258036603059
673 0.214786104756703
674 0.215326156042642
675 0.215862694248808
676 0.216315942072088
677 0.216853197438563
678 0.217407807655289
679 0.217895433758322
680 0.218444437371996
681 0.21905518603634
682 0.219649349597144
683 0.220104322199595
684 0.220638432790602
685 0.221209173433467
686 0.221748750302813
687 0.222236341358741
688 0.222785588601074
689 0.223397572447206
690 0.224014323962499
691 0.22461069734234
692 0.225161257540335
693 0.22568652346179
694 0.226272852682548
695 0.226822281434066
696 0.227353754597892
697 0.22791338825988
698 0.228514949336075
699 0.229126390316243
700 0.229723020623281
701 0.23028846310266
702 0.230804176329276
703 0.231376331522977
704 0.232042605203239
705 0.232637020894772
706 0.233192508038387
707 0.233771525625431
708 0.234435024473745
709 0.235116127810359
710 0.235717604135074
711 0.236246185607786
712 0.236841786003958
713 0.2374562168301
714 0.238068943267178
715 0.238676079162542
716 0.239317911549425
717 0.239948267891308
718 0.240556873732992
719 0.241161004726292
720 0.241792307879571
721 0.242418713682845
722 0.243034765472886
723 0.243712598672948
724 0.244354667973839
725 0.244995718391578
726 0.245691518840593
727 0.246334572182216
728 0.246983901948213
729 0.247638316904409
730 0.24822986671302
731 0.248853642202648
732 0.249478289519342
733 0.250081847567232
734 0.250749694844569
735 0.251410516589031
736 0.25202734352019
737 0.252604889058919
738 0.253312950998573
739 0.253995164499289
740 0.254589930620565
741 0.255212399764551
742 0.255858857778218
743 0.256517019324236
744 0.257179237433398
745 0.257881629478011
746 0.258579347383674
747 0.25924176482838
748 0.259860108638142
749 0.260513715176042
750 0.261200292920465
751 0.261893157763642
752 0.262546647336774
753 0.263216342100589
754 0.263893640912167
755 0.264553406974007
756 0.265198357670798
757 0.265803207678463
758 0.266424327209285
759 0.267165172800184
760 0.267810654691414
761 0.268414644367624
762 0.269059450546858
763 0.269801014613365
764 0.270501805555826
765 0.271149560393755
766 0.271779671811268
767 0.272401550465756
768 0.273036042969251
769 0.273704185488726
770 0.274417059581042
771 0.275024135003713
772 0.275683927451231
773 0.276465380249132
774 0.277117205168752
775 0.277725212734678
776 0.278367866140871
777 0.279092441897112
778 0.279749012679407
779 0.280416516528974
780 0.281107014489306
781 0.281765601266253
782 0.282481493133628
783 0.283186720717052
784 0.283836148247429
785 0.284495726195691
786 0.285129991366198
787 0.285783140220269
788 0.286501827042035
789 0.287206931126957
790 0.287859802301792
791 0.288501932693452
792 0.289232180775836
793 0.289933893022954
794 0.290641018778314
795 0.291360826259689
796 0.291997437913285
797 0.29260550382985
798 0.29325883993732
799 0.294004802668043
800 0.294762383962838
801 0.295414292712877
802 0.296001866076392
803 0.29667960527235
804 0.297419756380757
805 0.298134876656784
806 0.298796006901879
807 0.29948150333433
808 0.300181576542076
809 0.300889076171665
810 0.301585749153972
811 0.302235906209643
812 0.302850333100507
813 0.303421375822604
814 0.303958476545735
815 0.304655268343952
816 0.305438423955395
817 0.306238448264179
818 0.307023371768676
819 0.307785719436377
820 0.308407664006241
821 0.308869155666905
822 0.309418563853783
823 0.310073197310135
824 0.310778027604704
825 0.311444773780677
826 0.312030462813411
827 0.312661474847111
828 0.313374352454902
829 0.314113362348909
830 0.314764962923554
831 0.315421792993312
832 0.316145132757013
833 0.316898528369473
834 0.317534237538675
835 0.318115108238538
836 0.318718873390575
837 0.319262236047626
838 0.319859889406072
839 0.320521364672727
840 0.321200566872776
841 0.321876198657247
842 0.322504615373546
843 0.323124159700945
844 0.323840958229149
845 0.324627850125948
846 0.325292655641024
847 0.325828037723198
848 0.326566172107524
849 0.327253828937971
850 0.327840519649876
851 0.328380769573837
852 0.329077735226779
853 0.329713215499129
854 0.330299363757675
855 0.330952756576547
856 0.331739020371264
857 0.332412726127437
858 0.332975837615686
859 0.33363124948695
860 0.334243482905943
861 0.334901352003811
862 0.335631495722046
863 0.336337082879772
864 0.336994398815992
865 0.33761157455481
866 0.338225581408878
867 0.338930815054147
868 0.339473621263276
869 0.34000462813136
870 0.340717368172546
871 0.341361484361747
872 0.341977206870177
873 0.342630288152714
874 0.343365969631023
875 0.34401384040286
876 0.344640663624396
877 0.345309724580665
878 0.346043097688511
879 0.346682052804086
880 0.347269953341501
881 0.347853212710324
882 0.348430436577574
883 0.348983619000067
884 0.349583326030612
885 0.350265422998066
886 0.350938583537591
887 0.351675885414542
888 0.352342679051403
889 0.352848910834266
890 0.353499680410426
891 0.354219127131747
892 0.354918115983027
893 0.355539356120016
894 0.356239388950109
895 0.356972628336948
896 0.357616778833649
897 0.358060820224854
898 0.358632863456359
899 0.359317590183258
900 0.360044721854493
901 0.36072584660434
902 0.361256437472195
903 0.361816969475217
904 0.362479779412966
905 0.363084983103371
906 0.363810781889859
907 0.364529608078658
908 0.365171414210279
909 0.365930204012761
910 0.366642249699329
911 0.367257134932459
912 0.367803676014074
913 0.368428082464045
914 0.369043640853762
915 0.369637970652959
916 0.37022730132797
917 0.370821943289715
918 0.371441640898992
919 0.372090266464845
920 0.372755526910196
921 0.373393119078899
922 0.37407111082341
923 0.374801578780146
924 0.375534699804711
925 0.376114629842199
926 0.376730294373648
927 0.377375030838303
928 0.377898616595602
929 0.3785281249216
930 0.379197885867202
931 0.379865337764423
932 0.380536684451963
933 0.38112655665097
934 0.381712902154145
935 0.38232034836599
936 0.382895440235134
937 0.383635324540408
938 0.384400787761699
939 0.385072279908847
940 0.385653684072301
941 0.386313856280987
942 0.386989152575827
943 0.38763657017351
944 0.388324996303863
945 0.389028203048268
946 0.389666671060608
947 0.390236942865636
948 0.390885425805691
949 0.391482135445463
950 0.392023188945834
951 0.392542532707746
952 0.393080062915342
953 0.393789357954617
954 0.39447232294243
955 0.395007327124915
956 0.395643249783403
957 0.396208103130778
958 0.396850804470314
959 0.397661708692931
960 0.398418403660101
961 0.399015319386235
962 0.39960759577015
963 0.400297444151708
964 0.400866424669155
965 0.401511414415715
966 0.402154036952407
967 0.40272716380381
968 0.40338215388544
969 0.403957233969475
970 0.404579880191171
971 0.405297560966239
972 0.405791550097898
973 0.406327537235582
974 0.406964469409133
975 0.407666557645953
976 0.408340234040978
977 0.408813580051517
978 0.409415446725418
979 0.410224359872347
980 0.41055516371325
981 0.411025234217631
982 0.411674908041363
983 0.412384775814881
984 0.413035937381301
985 0.413735036017997
986 0.414348157407065
987 0.414874181740851
988 0.415585192240119
989 0.416136825059049
990 0.416765077041001
991 0.417501461075316
992 0.417967325698586
993 0.418722464718775
994 0.419359961253951
995 0.419819715275187
996 0.420601161933654
997 0.421170664962755
998 0.42156103160395
999 0.421922852840189
1000 0.422434290463815
1001 0.414844173834925
1002 0.415391748640504
1003 0.415818042871798
1004 0.416323916408295
1005 0.416820472283562
1006 0.417372085854188
1007 0.41791664060345
1008 0.418633669054874
1009 0.419344039291173
1010 0.419844925037513
1011 0.420355657823226
1012 0.420855436348504
1013 0.42127354415322
1014 0.42176908898962
1015 0.422285027578426
1016 0.422778140062814
1017 0.423309612776075
1018 0.423884645235926
1019 0.424442162206419
1020 0.425009570627463
1021 0.425585650688275
1022 0.426167002658154
1023 0.426734542769395
1024 0.427257866489383
1025 0.427740423072453
1026 0.428262478606228
1027 0.428816107120763
1028 0.429404732783611
1029 0.430017496914108
1030 0.430598091506714
1031 0.431124205349784
1032 0.431663960677222
1033 0.432206469022648
1034 0.432770782990475
1035 0.433324993641088
1036 0.433902460650769
1037 0.434508811281998
1038 0.43503486766879
1039 0.435625327315315
1040 0.436257521434999
1041 0.436855180209006
1042 0.43745416568637
1043 0.438015670589715
1044 0.438548501907145
1045 0.439068773526954
1046 0.43961036477919
1047 0.440173222533056
1048 0.440754080749665
1049 0.441318620857376
1050 0.44188375461297
1051 0.442477747745233
1052 0.443079975111014
1053 0.443653954141017
1054 0.444192953994249
1055 0.444664980073746
1056 0.445113013391679
1057 0.44554309048511
1058 0.445984573990659
1059 0.446492190503205
1060 0.447055121010558
1061 0.447650681959988
1062 0.448185784738052
1063 0.448735096196366
1064 0.449231884081049
1065 0.449638197049767
1066 0.450023430189211
1067 0.45041743079694
1068 0.450760978871476
1069 0.451083409809087
1070 0.451451896931398
1071 0.451810590779975
1072 0.452162546482774
1073 0.452586844435123
1074 0.452895293342989
1075 0.453175811718913
1076 0.453473942738599
1077 0.453785856601606
1078 0.454037999819402
1079 0.454329342457693
1080 0.454590317771822
1081 0.454868809926187
1082 0.455190081399918
1083 0.455505020524488
1084 0.455823239816241
1085 0.456151505501781
1086 0.456484406449437
1087 0.45676979343037
1088 0.457083265777332
1089 0.457325188229536
1090 0.457490982144439
1091 0.457741168522523
1092 0.458002353731978
1093 0.458271698281452
1094 0.458570281120474
1095 0.458957595532154
1096 0.459242627550348
1097 0.459518048543834
1098 0.459836404406612
1099 0.460149767655007
1100 0.46051757598071
1101 0.460908214421268
1102 0.461244286245018
1103 0.461551317495078
1104 0.461857582238545
1105 0.462157942320213
1106 0.462493063729126
1107 0.462842181648131
1108 0.463255337717421
1109 0.463703196833807
1110 0.464177840747076
1111 0.464663397923964
1112 0.465130404089718
1113 0.465560774489059
1114 0.465992313925661
1115 0.466468530355262
1116 0.466971193749159
1117 0.467447412571753
1118 0.467908641460034
1119 0.468394625994849
1120 0.468899209295709
1121 0.4694418944635
1122 0.470071040674337
1123 0.470627087328516
1124 0.471161191328403
1125 0.471709567071705
1126 0.472241287671432
1127 0.472761029419833
1128 0.473322360807975
1129 0.4738926346411
1130 0.474433431334044
1131 0.474950594003639
1132 0.475458701551974
1133 0.475976240149931
1134 0.476540749111622
1135 0.477129754415094
1136 0.477676942506763
1137 0.478223514945402
1138 0.478771577964182
1139 0.479267695273141
1140 0.479811118462704
1141 0.480409106468605
1142 0.480992421906096
1143 0.481582214635066
1144 0.482172352981099
1145 0.48273054801936
1146 0.483252029228298
1147 0.483775855965947
1148 0.484260197507717
1149 0.484747353437637
1150 0.485221636884825
1151 0.485627212698126
1152 0.486088616408854
1153 0.486582682541258
1154 0.48709716035789
1155 0.487633205781025
1156 0.488240544798273
1157 0.488774054532846
1158 0.489316679149827
1159 0.489811812813485
1160 0.490250641734673
1161 0.49070499511658
1162 0.491143633101179
1163 0.491559526756931
1164 0.491993182955009
1165 0.492425842699154
1166 0.492866863217539
1167 0.493306402503805
1168 0.493794302089992
1169 0.494294561661909
1170 0.494774629273722
1171 0.49528301423728
1172 0.495751268263845
1173 0.496192084865288
1174 0.496616543561321
1175 0.497017487702431
1176 0.497409571336813
1177 0.497773222347543
1178 0.498143143386008
1179 0.498515381064072
1180 0.498877480192736
1181 0.499214150308375
1182 0.499579142502353
1183 0.499939647141523
1184 0.500287704400603
1185 0.500672327885087
1186 0.501064968594191
1187 0.501425150657283
1188 0.501784407787147
1189 0.502113370006783
1190 0.502396691111792
1191 0.50270375149972
1192 0.503010917007717
1193 0.503315483795541
1194 0.503656320411358
1195 0.503932593660508
1196 0.50416244966696
1197 0.504393892785747
1198 0.504592643870334
1199 0.504770353721206
1200 0.50499164294468
1201 0.505240473258485
1202 0.505496833361156
1203 0.505793633714881
1204 0.506089164156294
1205 0.506389929228539
1206 0.506721691891374
1207 0.50709294189949
1208 0.507431613756811
1209 0.507811307537659
1210 0.508115453623469
1211 0.508351786262632
1212 0.508618099057059
1213 0.508844891425206
1214 0.509109966998025
1215 0.509406962753129
1216 0.50970413722429
1217 0.510027829335267
1218 0.510309853266476
1219 0.510636321019094
1220 0.510970682502626
1221 0.51129125235966
1222 0.511619316567093
1223 0.511937364132303
1224 0.512239852125276
1225 0.512555011425375
1226 0.512901290575065
1227 0.513190636942356
1228 0.513439369564055
1229 0.513706888442031
1230 0.513930349924501
1231 0.514201256863696
1232 0.514511261363446
1233 0.514821032697473
1234 0.515144334491393
1235 0.51546580863071
1236 0.51580273256208
1237 0.51614104306016
1238 0.516440709241934
1239 0.51672912133763
1240 0.517018033539537
1241 0.517277058003858
1242 0.517564887911588
1243 0.517873656970546
1244 0.518162942994649
1245 0.518427487240031
1246 0.518740604615387
1247 0.519071084762824
1248 0.519406688646734
1249 0.519796261785045
1250 0.520138952148533
1251 0.52045382207255
1252 0.520778507154206
1253 0.521110587218614
1254 0.521415098792096
1255 0.521676329897643
1256 0.521980920073645
1257 0.522300321530143
1258 0.522601313216018
1259 0.522924095385157
1260 0.523285790703544
1261 0.523637777014584
1262 0.523965998311515
1263 0.524342303850702
1264 0.524761145098143
1265 0.525167213370969
1266 0.525602100884877
1267 0.526001437588738
1268 0.526407934793668
1269 0.526771852860131
1270 0.527092556857099
1271 0.527414232872179
1272 0.52769131761444
1273 0.528001869364055
1274 0.528334401414817
1275 0.528647979569765
1276 0.528979319703309
1277 0.529281638215372
1278 0.529541587611473
1279 0.529827514297703
1280 0.530069033824749
1281 0.530281487824233
1282 0.530505806751329
1283 0.530710184021103
1284 0.530921386149228
1285 0.531145663634601
1286 0.531351698603376
1287 0.531564902318767
1288 0.531726907835315
1289 0.531865586571332
1290 0.53198354763852
1291 0.532051393706495
1292 0.532128305277261
1293 0.532241573887279
1294 0.532268378929601
1295 0.532246854538898
1296 0.53220255188395
1297 0.532059372472596
1298 0.531960507210384
1299 0.531866344367755
1300 0.531782109083241
1301 0.531697183315684
1302 0.531628833851931
1303 0.53154182108593
1304 0.531460174331605
1305 0.531341696830167
1306 0.531201492038543
1307 0.531064584309114
1308 0.530879332629989
1309 0.530757446094731
1310 0.530660109903544
1311 0.530576311592519
1312 0.530495237649677
1313 0.530475772177979
1314 0.530512217807342
1315 0.530530202495321
1316 0.530615827991224
1317 0.530647355439273
1318 0.530600178152438
1319 0.530619253602782
1320 0.530640487786176
1321 0.53069728562446
1322 0.530780265497771
1323 0.530923728874948
1324 0.53106505307416
1325 0.531208983620732
1326 0.531420300234093
1327 0.531678413045516
1328 0.531939506019496
1329 0.53224252417191
1330 0.532549462124546
1331 0.53283805835563
1332 0.533201054619545
1333 0.53362581424685
1334 0.534038123089849
1335 0.534513502207291
1336 0.53493171182348
1337 0.535324680440191
1338 0.535717500639563
1339 0.536086052931544
1340 0.536464159509501
1341 0.536832354839046
1342 0.537220554358815
1343 0.537591522085142
1344 0.538011130111234
1345 0.538503641423462
1346 0.538954806288671
1347 0.539406786362128
1348 0.539879456344484
1349 0.540308990842721
1350 0.540685989070151
1351 0.541111780847623
1352 0.541544974535074
1353 0.541989134724834
1354 0.542470658051319
1355 0.542900384395283
1356 0.543299254948647
1357 0.543734590431873
1358 0.544154957944154
1359 0.544597429600709
1360 0.545073614705106
1361 0.545547394812085
1362 0.546021987946914
1363 0.546493056375596
1364 0.546997949363568
1365 0.547458964137537
1366 0.547882335927034
1367 0.548312298374402
1368 0.548723700921233
1369 0.549134193871624
1370 0.549572096362458
1371 0.549961131148575
1372 0.550320195449725
1373 0.55066940408402
1374 0.551019763208751
1375 0.551296819112205
1376 0.551498194950062
1377 0.551660833976955
1378 0.551758306728141
1379 0.551731439259107
1380 0.551766329704836
1381 0.55178857442167
1382 0.551810964254227
1383 0.55184123709287
1384 0.551840798179324
1385 0.551852430321843
1386 0.551788392652281
1387 0.551693932542478
1388 0.551546113997138
1389 0.55134150009379
1390 0.55110280236479
1391 0.550822573459901
1392 0.550502731480804
1393 0.550102963780431
1394 0.549732040040666
1395 0.549344093209724
1396 0.548953066735502
1397 0.548606563852918
1398 0.548188917837551
1399 0.547717897146334
1400 0.547240087852888
1401 0.546703169047304
1402 0.546190209243658
1403 0.545678951055244
1404 0.545165453639843
1405 0.544635935812515
1406 0.544103436716493
1407 0.543550105162965
1408 0.542954936166428
1409 0.542427575288208
1410 0.541858182681118
1411 0.541447668373294
1412 0.541060939475419
1413 0.540876731395949
1414 0.540801869692005
1415 0.540903655749791
1416 0.541207660043465
1417 0.541563010233914
1418 0.542073434949825
1419 0.5426116020712
1420 0.543269764364655
1421 0.543888508178281
1422 0.544587500792344
1423 0.545215047795354
1424 0.545819654054167
1425 0.546390852177099
1426 0.546909543617414
1427 0.547441083609906
1428 0.547943489191607
1429 0.548456071741193
1430 0.548997330320569
1431 0.549504586055975
1432 0.549982134309988
1433 0.550472275645934
1434 0.550965337078384
1435 0.5514281887694
1436 0.551889419529828
1437 0.552361555277986
1438 0.552799738331179
1439 0.553222721111786
1440 0.553603922790643
1441 0.553948128640499
1442 0.554307437451663
1443 0.554624881353454
1444 0.554982044356681
1445 0.5553574541751
1446 0.555753722611737
1447 0.556160564200553
1448 0.556579956189179
1449 0.557075233036097
1450 0.557464148914513
1451 0.557812925168194
1452 0.558147003366116
1453 0.558399990504588
1454 0.558692892150637
1455 0.558990956698218
1456 0.559301824553442
1457 0.559639591495459
1458 0.559943800216233
1459 0.560252483988454
1460 0.560538595730361
1461 0.560781854941822
1462 0.56103642629469
1463 0.561295530478272
1464 0.56153960417921
1465 0.561767695114612
1466 0.562001898083931
1467 0.562185962480012
1468 0.562442686881773
1469 0.562728362914816
1470 0.56305758941277
1471 0.563442399628669
1472 0.563837436848243
1473 0.564196161425747
1474 0.564534029024507
1475 0.564839837013484
1476 0.565097603709282
1477 0.565392201642995
1478 0.565660611375465
1479 0.565989985245869
1480 0.566366880728051
1481 0.566707011280183
1482 0.567069862026349
1483 0.567402943676846
1484 0.567719029010863
1485 0.568010170085253
1486 0.568272811211289
1487 0.568560899856925
1488 0.568817540308917
1489 0.569116339490266
1490 0.569460398285941
1491 0.569786321819253
1492 0.570106083922005
1493 0.570444788122746
1494 0.570819414500794
1495 0.571145417127408
1496 0.571481765583219
1497 0.571769341379222
1498 0.571998076159186
1499 0.572231936420231
1500 0.572425536862569
1501 0.572647811348683
1502 0.572862218289638
1503 0.573099552683396
1504 0.573351555080789
1505 0.57362749142241
1506 0.573949460070452
1507 0.57424138850018
1508 0.574572293649987
1509 0.574836540701661
1510 0.574998629129572
1511 0.575230468789538
1512 0.575475352824714
1513 0.575708139227856
1514 0.575993551979812
1515 0.57625543808605
1516 0.576463008513131
1517 0.576692624395022
1518 0.576993104303554
1519 0.577237109700065
1520 0.577524909098219
1521 0.577827216634735
1522 0.578098614874097
1523 0.578366889815932
1524 0.578595761468588
1525 0.578797312380307
1526 0.578995400779451
1527 0.579157610478535
1528 0.579348575751401
1529 0.57953670960818
1530 0.579750800637582
1531 0.57996371493452
1532 0.580225401385666
1533 0.580544916811465
1534 0.580811334453066
1535 0.581107276373658
1536 0.581341384161013
1537 0.581515660196476
1538 0.581709708164245
1539 0.581873474240231
1540 0.582074273972471
1541 0.582315057207545
1542 0.582487373560903
1543 0.58262320188259
1544 0.58280394325968
1545 0.582949267326132
1546 0.583139327770703
1547 0.583406596528134
1548 0.583625423917905
1549 0.583814741211429
1550 0.58402547040271
1551 0.584239614159169
1552 0.584462188723503
1553 0.584697593646554
1554 0.584927222081765
1555 0.585171759910782
1556 0.585389720008465
1557 0.585578265768454
1558 0.585796157366978
1559 0.586020512018691
1560 0.586234878573631
1561 0.586469526902727
1562 0.586688247488649
1563 0.586886141135277
1564 0.587081357607203
1565 0.587288559282288
1566 0.587466136132189
1567 0.587603040189612
1568 0.587764739700323
1569 0.587902676808154
1570 0.588081020346562
1571 0.588273143205151
1572 0.58850525711761
1573 0.588818889940045
1574 0.589071780582374
1575 0.589346614018103
1576 0.589574208590258
1577 0.589724021098963
1578 0.589895611326663
1579 0.590040172839437
1580 0.590215473170082
1581 0.590387820622303
1582 0.590598758199595
1583 0.590874152754969
1584 0.591115689817909
1585 0.591336828515783
1586 0.591601326814725
1587 0.591931486121996
1588 0.592170353186724
1589 0.592418937971246
1590 0.592613203040857
1591 0.592663914550207
1592 0.592761902191129
1593 0.592851371461367
1594 0.592971085854344
1595 0.593093977369843
1596 0.593258470665771
1597 0.593486047864458
1598 0.593697620871428
1599 0.593925431341117
1600 0.594158429553513
1601 0.594378823167075
1602 0.594649113488951
1603 0.59494964884046
1604 0.595200163177947
1605 0.595441316179394
1606 0.595657559940777
1607 0.595895788917802
1608 0.596130664064242
1609 0.596345181377254
1610 0.596573056309805
1611 0.596752221907683
1612 0.596885663758001
1613 0.59704070656762
1614 0.597178283224106
1615 0.597344238886699
1616 0.597534305435808
1617 0.597672474020061
1618 0.597793583970892
1619 0.597943853125734
1620 0.598063164594519
1621 0.598226576946831
1622 0.598436010291848
1623 0.598639207948628
1624 0.598843665140849
1625 0.599052467730294
1626 0.599275304854704
1627 0.599516182096274
1628 0.599773499578382
1629 0.599981630193751
1630 0.600206943762556
1631 0.600384535619683
1632 0.600478363653165
1633 0.600673719029681
1634 0.600905057735166
1635 0.601118577548387
1636 0.601383315216719
1637 0.601551678917557
1638 0.601669680241357
1639 0.601798812887549
1640 0.601890231868497
1641 0.60199942865587
1642 0.602094772336485
1643 0.602257509750087
1644 0.602424408617543
1645 0.602641735458383
1646 0.602931929889342
1647 0.603201206561421
1648 0.60348665181375
1649 0.603762151210299
1650 0.604059180447056
1651 0.604328410021583
1652 0.604579521139094
1653 0.604828888932812
1654 0.605058334442783
1655 0.605307151195085
1656 0.605585764196488
1657 0.605831243412411
1658 0.606077492450006
1659 0.606284982104368
1660 0.606399037167235
1661 0.606498175910436
1662 0.606615691667498
1663 0.606678698831995
1664 0.606788667293778
1665 0.606932308074514
1666 0.60705652832076
1667 0.607247552339654
1668 0.607459396038955
1669 0.607694956063563
1670 0.607959396712208
1671 0.608219481257298
1672 0.608432400869881
1673 0.608569708294963
1674 0.608756388157644
1675 0.608950817035611
1676 0.609125527260959
1677 0.609362207057951
1678 0.609527251626525
1679 0.609614831721459
1680 0.609783233946009
1681 0.609948255654746
1682 0.610138371225056
1683 0.610460861673137
1684 0.610781770344371
1685 0.611154622945453
1686 0.611566968382097
1687 0.611906332457824
1688 0.612207534607906
1689 0.61247014876354
1690 0.612701286336119
1691 0.612918575138523
1692 0.613134014446037
1693 0.61328510552762
1694 0.613426509308701
1695 0.61361846263713
1696 0.613828341022271
1697 0.614180731827754
1698 0.614522988482718
1699 0.614730261936423
1700 0.61493760567313
1701 0.615031539115665
1702 0.615148111361933
1703 0.615266213107909
1704 0.615424952271653
1705 0.615608089833796
1706 0.615778369790683
1707 0.615999371540904
1708 0.616164253426055
1709 0.616226674586852
1710 0.616380952335347
1711 0.616621644281916
1712 0.616799076057768
1713 0.616971099564932
1714 0.617138089775517
1715 0.617229199657115
1716 0.617374840225796
1717 0.617595326608116
1718 0.617789508149933
1719 0.617994786326527
1720 0.618165849932447
1721 0.618313147796807
1722 0.618431048232346
1723 0.618531702010846
1724 0.618597672787049
1725 0.618632746608581
1726 0.618667301077197
1727 0.618614829203178
1728 0.618681716678258
1729 0.618802490068273
1730 0.618937231786272
1731 0.619159186651012
1732 0.619339342866522
1733 0.619466181122582
1734 0.619707145160049
1735 0.620032080288289
1736 0.620297089207366
1737 0.620650293908018
1738 0.62083197592395
1739 0.620859570399612
1740 0.621033279436594
1741 0.621126789869005
1742 0.621205203675088
1743 0.621357744909173
1744 0.6215443906786
1745 0.62172913327443
1746 0.621933885383545
1747 0.62214401627947
1748 0.622185788234664
1749 0.622183691888851
1750 0.622316544936557
1751 0.622503289884179
1752 0.622708367946562
1753 0.622956965782157
1754 0.623211403364589
1755 0.623361567234333
1756 0.623356386885517
1757 0.623357787227928
1758 0.62337657335974
1759 0.623340271706649
1760 0.623448529629743
1761 0.623672873847223
1762 0.623765902305921
1763 0.623907807514545
1764 0.624189711139014
1765 0.624399380969006
1766 0.624680823079769
1767 0.624973741672668
1768 0.625103502286147
1769 0.625269068923444
1770 0.625393075905316
1771 0.625467216829787
1772 0.62551093365099
1773 0.625633572463823
1774 0.625816038396661
1775 0.626016463431426
1776 0.626324377542119
1777 0.626590746154343
1778 0.626860604339594
1779 0.627001598839464
1780 0.6270614613781
1781 0.627116853709715
1782 0.627129243495838
1783 0.627103683221568
1784 0.62713583813051
1785 0.627178390026864
1786 0.627225324995579
1787 0.627389101856455
1788 0.627619804087157
1789 0.627891659116438
1790 0.628166862071661
1791 0.628429092173504
1792 0.628683830612409
1793 0.628972876642456
1794 0.629312771486416
1795 0.629656032062406
1796 0.630016295797717
1797 0.630256984280816
1798 0.630441452365762
1799 0.630658885203157
1800 0.630900664777143
1801 0.623541138464395
1802 0.623706122067293
1803 0.623796379252205
1804 0.623814035772464
1805 0.623862378039034
1806 0.62383813160951
1807 0.623945880311019
1808 0.624109524611568
1809 0.624318208304601
1810 0.624661743834505
1811 0.624933760531565
1812 0.625125160002243
1813 0.625198645968717
1814 0.625178884695585
1815 0.625116339830385
1816 0.625126142345944
1817 0.62516443072711
1818 0.625209521368498
1819 0.625244221363838
1820 0.625379893436073
1821 0.625535957480807
1822 0.625545209026718
1823 0.625556497831757
1824 0.625552485188689
1825 0.625621824102825
1826 0.6257270289303
1827 0.62586559621045
1828 0.626115226833211
1829 0.626260109958308
1830 0.626430193193695
1831 0.62639862674718
1832 0.626309316461243
1833 0.626352235124801
1834 0.62640788524279
1835 0.626490230981482
1836 0.626601343743464
1837 0.626857149555753
1838 0.626906437296311
1839 0.626798367356062
1840 0.626866065319253
1841 0.626942445951552
1842 0.627004314436141
1843 0.627337424412146
1844 0.627614163013503
1845 0.627648477005353
1846 0.627669317178154
1847 0.627698207662476
1848 0.627661995386198
1849 0.627566256115519
1850 0.627537442217467
1851 0.627670071325114
1852 0.627724724685415
1853 0.627676226095235
1854 0.627742589772918
1855 0.627708366875425
1856 0.627614502505511
1857 0.627651245187812
1858 0.627660787231999
1859 0.627692921967467
1860 0.627662110130599
1861 0.62758667525734
1862 0.627399982487982
1863 0.627114616808581
1864 0.626817640547789
1865 0.626536060127068
1866 0.626171765716677
1867 0.625725380570462
1868 0.625178461498597
1869 0.624635245528436
1870 0.624112903972531
1871 0.623644465005338
1872 0.623197479126593
1873 0.622644635780846
1874 0.622067467243745
1875 0.621438316192733
1876 0.62069716771316
1877 0.61994439602485
1878 0.619072111792844
1879 0.618099657853656
1880 0.616966985156954
1881 0.61576330978506
1882 0.614402810954897
1883 0.612941652069949
1884 0.611401776922199
1885 0.609759924192276
1886 0.608136043135963
1887 0.606406745783054
1888 0.604464029019693
1889 0.602353728078513
1890 0.600141440641879
1891 0.597812480169666
1892 0.595392381979471
1893 0.593000451909352
1894 0.590491740959915
1895 0.587786382100187
1896 0.584962218164159
1897 0.582037429476248
1898 0.57908171967799
1899 0.576314966682238
1900 0.573628694893354
1901 0.571085197530309
1902 0.568693682923764
1903 0.566348960625382
1904 0.564112424133995
1905 0.562071419924981
1906 0.560187399170838
1907 0.558683195407988
1908 0.557539446636552
1909 0.556550390849327
1910 0.555694510663662
1911 0.554994317830724
1912 0.554556397080848
1913 0.554342080204131
1914 0.554212544415751
1915 0.554317849688896
1916 0.554516340545112
1917 0.554643894080724
1918 0.554952767431299
1919 0.555438616463092
1920 0.556036175593516
1921 0.556635392451102
1922 0.557318114031999
1923 0.558021880876643
1924 0.558723359911303
1925 0.559526278904109
1926 0.560419138112017
1927 0.561341080283786
1928 0.562210135924363
1929 0.562949998504342
1930 0.563624976208519
1931 0.564392466925329
1932 0.565185085610224
1933 0.566025463334002
1934 0.566820988772692
1935 0.56766214056445
1936 0.568454858940444
1937 0.569077511476786
1938 0.569877468525293
1939 0.570713597991026
1940 0.571414287272077
1941 0.572240224447962
1942 0.573067114951951
1943 0.573762848431522
1944 0.574301059557404
1945 0.574977432721192
1946 0.575612659420146
1947 0.576292463016603
1948 0.57703756508757
1949 0.57783062683366
1950 0.578639380531275
1951 0.579342265649985
1952 0.579981910517366
1953 0.580695654107576
1954 0.581306664242991
1955 0.581782222667834
1956 0.58233823396348
1957 0.582845168626074
1958 0.58343341356853
1959 0.584082981982225
1960 0.584748697587071
1961 0.585320009114794
1962 0.585934908695352
1963 0.586462756666055
1964 0.586944706716884
1965 0.587451586637685
1966 0.587990674031076
1967 0.588622952552641
1968 0.58934145751692
1969 0.589995149180709
1970 0.590729258256785
1971 0.591423364725852
1972 0.592054526605543
1973 0.592668721986128
1974 0.593395291139178
1975 0.594019971893954
1976 0.594549070003178
1977 0.595076000624057
1978 0.595623165658555
1979 0.596122724204995
1980 0.596694779733494
1981 0.597302040618691
1982 0.59793285403728
1983 0.598593469583317
1984 0.59924725421216
1985 0.599921215836913
1986 0.600654032519033
1987 0.601284431134347
1988 0.602013487107126
1989 0.602584976260072
1990 0.603074357546208
1991 0.603752094261617
1992 0.60456145800768
1993 0.605194920174489
1994 0.605948792907323
1995 0.606521122682851
1996 0.606763822777261
1997 0.607179861811706
1998 0.607622329705441
1999 0.608125342765274
2000 0.608631445893655
2001 0.609151742963135
2002 0.609593032055232
2003 0.609931585330508
2004 0.610412130193879
2005 0.610904591220181
2006 0.611435783829004
2007 0.61208998074972
2008 0.612671412087439
2009 0.613232629087425
2010 0.613784533239923
2011 0.614331586684916
2012 0.614886483884255
2013 0.615359197202623
2014 0.615808668589081
2015 0.616297721491548
2016 0.6167590840037
2017 0.617253047084463
2018 0.61779387715074
2019 0.618308782318624
2020 0.618831046658516
2021 0.619326903243047
2022 0.619900843901935
2023 0.620305814818825
2024 0.620567123970409
2025 0.620855239361023
2026 0.621090526015522
2027 0.621439755424801
2028 0.621811110774599
2029 0.622057969077243
2030 0.622335046386199
2031 0.622510932701595
2032 0.622766798772991
2033 0.623044967436749
2034 0.62339201861111
2035 0.623767496262675
2036 0.624175355586698
2037 0.624782667338595
2038 0.625178367952626
2039 0.625434004765215
2040 0.625746581927441
2041 0.626063634513531
2042 0.626276826291484
2043 0.626545696010463
2044 0.626922097890914
2045 0.62719857950796
2046 0.627349401948531
2047 0.627628018098607
2048 0.627968494201393
2049 0.628283070868235
2050 0.628656751115981
2051 0.62895324540145
2052 0.629131377701997
2053 0.629426449945132
2054 0.629735195174309
2055 0.630146853047548
2056 0.630448095399669
2057 0.630870974243447
2058 0.631060382210008
2059 0.630982025684613
2060 0.631133480705103
2061 0.63135299256509
2062 0.631445279122245
2063 0.631592477193037
2064 0.631661782991275
2065 0.631440485193754
2066 0.631504312753916
2067 0.631751804214156
2068 0.631949328118977
2069 0.6321662985633
2070 0.632443492232631
2071 0.632750132750487
2072 0.633031615798277
2073 0.633340147428913
2074 0.633819625181068
2075 0.634068019976212
2076 0.634129534732667
2077 0.634310995122412
2078 0.634463249626755
2079 0.63464884374296
2080 0.634967477789546
2081 0.635127416211755
2082 0.635129712107417
2083 0.63522095384052
2084 0.635251060584023
2085 0.635359673844998
2086 0.635473220414382
2087 0.63567364860128
2088 0.635829661841695
2089 0.635919927128811
2090 0.636143624896156
2091 0.636414917693931
2092 0.636750181524999
2093 0.637319565640679
2094 0.637611494650666
2095 0.637773025599234
2096 0.638018538666169
2097 0.638123999114106
2098 0.638287732395167
2099 0.638614989830875
2100 0.638817924269801
2101 0.639025577606636
2102 0.639164556953226
2103 0.639266239951553
2104 0.63932027957528
2105 0.639439916407293
2106 0.639424598144717
2107 0.639659303030767
2108 0.640088303701291
2109 0.640450139649176
2110 0.640987931794785
2111 0.641359524285202
2112 0.641661217014721
2113 0.641923028176121
2114 0.642078736154887
2115 0.642247329707113
2116 0.642414037505782
2117 0.642468723183883
2118 0.642653030178264
2119 0.642958521484588
2120 0.643237058396369
2121 0.643595645657957
2122 0.643957408646838
2123 0.644307452802856
2124 0.64469190725373
2125 0.645328728463178
2126 0.645558141476098
2127 0.645495314047421
2128 0.645595867387994
2129 0.645411659099255
2130 0.645479006663155
2131 0.645930135537369
2132 0.646154974618438
2133 0.646296843557765
2134 0.646469841163023
2135 0.646675697674156
2136 0.646696356150643
2137 0.646664924137847
2138 0.646608858374917
2139 0.646521692349993
2140 0.646278045689564
2141 0.646078322655684
2142 0.645988486271195
2143 0.645690265632027
2144 0.645171514320417
2145 0.644815161456011
2146 0.644415797928005
2147 0.644071689081501
2148 0.643842422339559
2149 0.643559413823359
2150 0.643330490380487
2151 0.642982620652558
2152 0.642534105691537
2153 0.64211700762932
2154 0.641748535591319
2155 0.641286695550184
2156 0.640712130209804
2157 0.640104535465728
2158 0.639493258128104
2159 0.638701883498271
2160 0.638035602562591
2161 0.63750073679393
2162 0.636883489820146
2163 0.636133227172911
2164 0.635536330961548
2165 0.63505321486264
2166 0.634521785327636
2167 0.634071222634043
2168 0.633551333642594
2169 0.633034329862431
2170 0.632416884816345
2171 0.631679618888053
2172 0.630990148020414
2173 0.630256661581139
2174 0.629442562874418
2175 0.628820522852211
2176 0.628290877091496
2177 0.627794466202437
2178 0.627539499045384
2179 0.626911546887145
2180 0.626219280266857
2181 0.625382477049772
2182 0.624121139132861
2183 0.623218512887652
2184 0.62240072946394
2185 0.621611899564209
2186 0.621096141009729
2187 0.620317920776754
2188 0.619393860106051
2189 0.618496058960575
2190 0.617469934667544
2191 0.616485601818912
2192 0.615392596046274
2193 0.614548483850784
2194 0.613906751372461
2195 0.613170788996134
2196 0.612557573104878
2197 0.612028992646606
2198 0.611321694360063
2199 0.610434846030741
2200 0.609640573008268
2201 0.608856677960963
2202 0.608028943313135
2203 0.60707741238059
2204 0.60633856031446
2205 0.605615762641478
2206 0.605060823019868
2207 0.604534911125019
2208 0.604401448806468
2209 0.604490353893017
2210 0.604779536277392
2211 0.605567138270356
2212 0.606226130466207
2213 0.606966371429329
2214 0.607726327524613
2215 0.608593708007989
2216 0.609386415969362
2217 0.610125443353237
2218 0.610999622934622
2219 0.611732944855728
2220 0.612321001506281
2221 0.613033959873053
2222 0.613750123650323
2223 0.61447665739342
2224 0.615449260049005
2225 0.615845604156727
2226 0.615889476738552
2227 0.616117937785739
2228 0.61599556150635
2229 0.616161525612978
2230 0.61670725564857
2231 0.616948008612366
2232 0.617119378644707
2233 0.617136872324235
2234 0.616941603139666
2235 0.616796911310031
2236 0.61645908995945
2237 0.616309502530794
2238 0.616345030097154
2239 0.616258625270252
2240 0.615994078986333
2241 0.616034200394547
2242 0.616248858148002
2243 0.616400199961484
2244 0.616774505993931
2245 0.617153226106751
2246 0.617208129062388
2247 0.617263411665542
2248 0.617317647534504
2249 0.617162908115469
2250 0.617089131910002
2251 0.616865592177079
2252 0.61693558095576
2253 0.617184258157319
2254 0.617314259587937
2255 0.61758944925076
2256 0.617710507140518
2257 0.617515115314353
2258 0.61778520895047
2259 0.618370323521913
2260 0.618726873725203
2261 0.619265151455602
2262 0.619616169319716
2263 0.619671024626315
2264 0.6199112007353
2265 0.620445468824239
2266 0.620534408278995
2267 0.620265663464661
2268 0.620240071364069
2269 0.62001762047889
2270 0.61989831515952
2271 0.620002229195388
2272 0.62013082339228
2273 0.620187659449741
2274 0.620351630412909
2275 0.621000407798592
2276 0.621166962778564
2277 0.6210920080618
2278 0.620851788143677
2279 0.620456444231333
2280 0.61974618109606
2281 0.619601414307932
2282 0.61992557451436
2283 0.62015858791816
2284 0.620308011947061
2285 0.620280905215534
2286 0.619996538987902
2287 0.619690123262918
2288 0.619270874750256
2289 0.618966548162895
2290 0.618404737744949
2291 0.618312660811306
2292 0.618618249973703
2293 0.618715384173767
2294 0.619134043952351
2295 0.619051409994486
2296 0.618540102935903
2297 0.61825400487089
2298 0.617723693244617
2299 0.617494958442226
2300 0.617541384405354
2301 0.617523742739222
2302 0.617776578174679
2303 0.617660917514668
2304 0.61719260721137
2305 0.617056656389029
2306 0.616775461540198
2307 0.61666340564454
2308 0.617014970310216
2309 0.6171239862892
2310 0.617175311752885
2311 0.617162791133935
2312 0.617137046003009
2313 0.61696555433744
2314 0.616356939572118
2315 0.616153926770819
2316 0.616144906926469
2317 0.61608449189981
2318 0.616278179622836
2319 0.616526893469807
2320 0.6167414798381
2321 0.616898000681208
2322 0.617419102357261
2323 0.618072495940779
2324 0.618275934300856
2325 0.617833985908959
2326 0.617067806033009
2327 0.615678724238993
2328 0.614968331608906
2329 0.614955947677651
2330 0.615073697457589
2331 0.615670801736693
2332 0.615241817947048
2333 0.614531757318509
2334 0.613882070297381
2335 0.61310519117673
2336 0.613071381484906
2337 0.613830127177027
2338 0.61372750225011
2339 0.613861870848288
2340 0.613380967554063
2341 0.611867492817974
2342 0.611593683732013
2343 0.611567663525625
2344 0.611659421203391
2345 0.612764924898097
2346 0.612586759076462
2347 0.61182637575998
2348 0.61119096811414
2349 0.609950279307125
2350 0.609168378846422
2351 0.608422536128549
2352 0.608052895004995
2353 0.607734099520086
2354 0.60784498805639
2355 0.608710896872454
2356 0.609260843640924
2357 0.61000052481722
2358 0.610431866064418
2359 0.610702696431305
2360 0.610861436817007
2361 0.611196587831267
2362 0.610731233307889
2363 0.609531786979549
2364 0.608800568857188
2365 0.607249125059541
2366 0.606709413214196
2367 0.607136647981567
2368 0.607321515308797
2369 0.60810756359535
2370 0.608139411474532
2371 0.607838942424029
2372 0.607418106185608
2373 0.606492459312152
2374 0.605732939094256
2375 0.604793627142378
2376 0.604378037387501
2377 0.60410143821297
2378 0.603910443260844
2379 0.604117232682449
2380 0.604488164065088
2381 0.605130232355381
2382 0.605036322688722
2383 0.605158150399136
2384 0.604718897844741
2385 0.60307179290269
2386 0.602384169901458
2387 0.601812491581237
2388 0.601707252416556
2389 0.602170405324818
2390 0.602446454530462
2391 0.603641444763942
2392 0.603530282015275
2393 0.602337077699439
2394 0.601758084458282
2395 0.600411719427599
2396 0.600103016950119
2397 0.600882792041944
2398 0.600985610192765
2399 0.6011693131732
2400 0.601252980172995
2401 0.601114737768817
2402 0.601020065550369
2403 0.601021511505563
2404 0.601164163898778
2405 0.601304107006854
2406 0.601148666444785
2407 0.601460078751904
2408 0.600625726427775
2409 0.598522638696321
2410 0.597147969517765
2411 0.595272605157251
2412 0.594058421393979
2413 0.593310837090011
2414 0.593181189937359
2415 0.593945937059486
2416 0.594288582007026
2417 0.595018009775902
2418 0.595027482722239
2419 0.594907929463414
2420 0.593549181744709
2421 0.590971959787807
2422 0.589651760850843
2423 0.587923269820843
2424 0.586320414270264
2425 0.586148803309698
2426 0.584513273281852
2427 0.580772377013837
2428 0.579357706358523
2429 0.57833583578777
2430 0.578235891343058
2431 0.580718808383184
2432 0.581092067740649
2433 0.581296975753351
2434 0.580396601500789
2435 0.577424880475512
2436 0.575942812910167
2437 0.574524553925373
2438 0.573472234038693
2439 0.573020969834875
2440 0.573407419335185
2441 0.574544516541355
2442 0.574394282710937
2443 0.574217098573283
2444 0.572779743159623
2445 0.572327464504231
2446 0.572460229269349
2447 0.571836908953666
2448 0.570081641184447
2449 0.567799111920205
2450 0.566940216667568
2451 0.566135535091143
2452 0.564794119873663
2453 0.563590072969954
2454 0.564084431181268
2455 0.56419429603262
2456 0.564797029766221
2457 0.565715178301537
2458 0.562649563228118
2459 0.559340776057455
2460 0.558561368250942
2461 0.558959512225312
2462 0.560334098456816
2463 0.561319971781708
2464 0.559639084833957
2465 0.558253205495716
2466 0.556541735927418
2467 0.554705954318078
2468 0.552199631481189
2469 0.550255072483372
2470 0.547537789075324
2471 0.546508326260014
2472 0.546691521135141
2473 0.547792817289554
2474 0.551535027257246
2475 0.552288112962713
2476 0.552508505827666
2477 0.552386156947898
2478 0.54908364219682
2479 0.549484094961435
2480 0.553334795726269
2481 0.554208869781756
2482 0.555559224196147
2483 0.554858916365831
2484 0.550587181870225
2485 0.548625678656093
2486 0.547246668135506
2487 0.544593227177925
2488 0.541381644618732
2489 0.54073825000239
2490 0.540372516791245
2491 0.542085021562332
2492 0.542917148178416
2493 0.541076761994672
2494 0.538696861789502
2495 0.538959675179087
2496 0.539271986211897
2497 0.539246733364178
2498 0.540990579600015
2499 0.542193099196927
2500 0.543095242840354
