"Wavelength" "M086a_m4-w1"
350 0.0831068323578384
351 0.083010426807571
352 0.0792616004137746
353 0.0767471577128461
354 0.0797192954862575
355 0.0791447348352673
356 0.0792322704231649
357 0.0798310851866293
358 0.0772508151466721
359 0.0795648579408644
360 0.0790528210425276
361 0.0743284729156495
362 0.0788021811251559
363 0.0833013576514482
364 0.0837151028541339
365 0.0794637163159755
366 0.0765482084847853
367 0.0775935199921026
368 0.0812343859945961
369 0.0834278467495532
370 0.0809469037564779
371 0.0781851288424151
372 0.0771371067543392
373 0.0759000286388744
374 0.078993833285427
375 0.0822582742038379
376 0.0821300195878308
377 0.0807661340297183
378 0.0821842277346942
379 0.0834277580852505
380 0.0805201910933901
381 0.0811091556833587
382 0.0823418797750241
383 0.0825471033512466
384 0.0819618165307393
385 0.0810144103549162
386 0.0825001990916409
387 0.0862014719699418
388 0.0850085293154133
389 0.0849822664516305
390 0.0846528063816598
391 0.0818124162026909
392 0.082818840060682
393 0.0831608307482165
394 0.0818365911800973
395 0.0810870730886159
396 0.0828660317019302
397 0.0835796578838992
398 0.0821481860972014
399 0.0836042240958291
400 0.0844713294280153
401 0.0848113520927306
402 0.0852737751438947
403 0.084142312561911
404 0.0839651704962273
405 0.0844835980250188
406 0.0834905602854903
407 0.0838210972246901
408 0.0845542442251615
409 0.0848218684170594
410 0.0848173355562622
411 0.085132232290387
412 0.0856492246041423
413 0.0860764867363677
414 0.0865347045896815
415 0.0868151168688453
416 0.0870377290980738
417 0.087513981570393
418 0.0868458847713713
419 0.0862542117234757
420 0.0866243183125205
421 0.0873496024963914
422 0.0883885588295811
423 0.0891982744438675
424 0.0892538261782196
425 0.0889293058751918
426 0.0889995688188452
427 0.0893790832948476
428 0.0891939146789296
429 0.0895044621536247
430 0.0902402876378662
431 0.0909791324682604
432 0.0909651152107747
433 0.0909888200234015
434 0.0912574117033259
435 0.0916420137440316
436 0.0917097262161954
437 0.0917887623333284
438 0.092127802341202
439 0.0927904162895732
440 0.0933046079275924
441 0.0935472343470064
442 0.0935840136030859
443 0.0936826634598288
444 0.0941420684468647
445 0.0946256441067251
446 0.0945533918944074
447 0.0950418075611988
448 0.0954744777174523
449 0.0955444534560825
450 0.0957878386830928
451 0.096305639635797
452 0.0966229141850572
453 0.0963874062757002
454 0.0966334643130244
455 0.0969938744759185
456 0.0972556774022088
457 0.0973994877979096
458 0.097661992300891
459 0.0978192338774345
460 0.0978220082320379
461 0.0982409534171189
462 0.0985849900571918
463 0.098781973886248
464 0.0989412427287933
465 0.0990987833437875
466 0.0993263756882161
467 0.0995476590483071
468 0.0995075885821288
469 0.0998432264642504
470 0.100243341725406
471 0.100368594496741
472 0.100639114068844
473 0.100746661772912
474 0.100811301058882
475 0.101175227229881
476 0.101243240876575
477 0.101310799480578
478 0.101557995669944
479 0.101709225963051
480 0.10187649356134
481 0.102088356775528
482 0.102322174432041
483 0.102383358453757
484 0.102721389881484
485 0.103255836997208
486 0.103324396557956
487 0.103651726850066
488 0.104095842937591
489 0.104398781878195
490 0.104548725944521
491 0.104717978464427
492 0.104977688901102
493 0.105308000678001
494 0.105479561164568
495 0.105638607733913
496 0.105923139505709
497 0.106386001303167
498 0.106787303740101
499 0.107089757169579
500 0.107341259164967
501 0.107585635287981
502 0.107862209956834
503 0.108200100358042
504 0.10861658874342
505 0.109012785304421
506 0.109321377730356
507 0.109555578450791
508 0.109956173996965
509 0.11021509039633
510 0.110400546080317
511 0.110791116957841
512 0.11111687745209
513 0.111444642356022
514 0.111806950314285
515 0.112065029104906
516 0.112412977868563
517 0.112767791772668
518 0.112996728061068
519 0.113328593060447
520 0.11372167865301
521 0.114126965447263
522 0.114513060998352
523 0.114818501220573
524 0.115108931706759
525 0.115470707106453
526 0.115961964885217
527 0.116304209757672
528 0.116496646688436
529 0.116758175030679
530 0.117189968020532
531 0.117653194155439
532 0.118034546897574
533 0.118380369581789
534 0.118697848478904
535 0.11904582607077
536 0.119476106591841
537 0.119796108707859
538 0.120203227384564
539 0.120734002153823
540 0.121131592146081
541 0.12145037763422
542 0.12174048999376
543 0.12205888057599
544 0.122453589176263
545 0.12290724425632
546 0.123384224536658
547 0.123834862606216
548 0.124222103693063
549 0.124633781530443
550 0.125141862261392
551 0.125687881477367
552 0.126232110780939
553 0.126735553978763
554 0.127171195512631
555 0.127626146842854
556 0.128052963861591
557 0.128443547743325
558 0.12891301434623
559 0.129419011900501
560 0.129903988989008
561 0.130300285860013
562 0.130542697803503
563 0.130832601986901
564 0.131207253058181
565 0.131454412397278
566 0.131705413260533
567 0.131947141200017
568 0.132183696833516
569 0.132641073847531
570 0.133224716758054
571 0.133856730349637
572 0.13448238088384
573 0.134985928133248
574 0.135460072399218
575 0.135981555533287
576 0.136449562298899
577 0.136841019676759
578 0.13714802297315
579 0.137388972565355
580 0.137698330372686
581 0.137928182063801
582 0.138036222390122
583 0.138243017374299
584 0.138481767145027
585 0.138728135900325
586 0.138993853666502
587 0.139448721148348
588 0.139855239719872
589 0.140182824345965
590 0.140682358889603
591 0.141073393794322
592 0.141451607702159
593 0.141931311044445
594 0.142297222793109
595 0.142667256579124
596 0.143049892544607
597 0.143364885106821
598 0.143704135248129
599 0.144066838557154
600 0.144408878025048
601 0.144608079517469
602 0.144836752767439
603 0.145111181575543
604 0.145369155990609
605 0.145628547966773
606 0.145835432353035
607 0.146005427043305
608 0.146280700063461
609 0.146624105485206
610 0.146968332437363
611 0.147250619417761
612 0.147502048822749
613 0.147819873034202
614 0.148205398196688
615 0.148551195699852
616 0.148862986377464
617 0.149162434507488
618 0.149465567355591
619 0.149738500442555
620 0.150051415681014
621 0.150389096586837
622 0.150678275608949
623 0.150977095380926
624 0.151310436805816
625 0.151665109390834
626 0.15195197802454
627 0.152222802044447
628 0.152517907229024
629 0.152866363289793
630 0.15324474761006
631 0.153622586128347
632 0.15396121528989
633 0.154203803107833
634 0.154507841137882
635 0.154831063799517
636 0.155097327212152
637 0.155389763406159
638 0.155725914043139
639 0.156101989416428
640 0.156491413498677
641 0.15674895260632
642 0.156999560866222
643 0.157357912648536
644 0.157732405956141
645 0.158073898669362
646 0.158399097784145
647 0.158761544180711
648 0.159119198570553
649 0.159469229467794
650 0.159805960358644
651 0.160098573615027
652 0.160467416091832
653 0.160845828451148
654 0.161124745999844
655 0.161405680199499
656 0.161745092770528
657 0.162150817502365
658 0.162577243242674
659 0.162916491615168
660 0.163238549482665
661 0.163617008453852
662 0.163950871964469
663 0.164301955161893
664 0.164680895600303
665 0.165057268474345
666 0.165430049561145
667 0.165802808206389
668 0.166178467360278
669 0.166555714094755
670 0.166929570669032
671 0.167276636165578
672 0.167588002811238
673 0.168000053756358
674 0.168456259653321
675 0.168875802830311
676 0.169166457764391
677 0.169533934464338
678 0.169953887199147
679 0.170352693054425
680 0.170749989109202
681 0.17117723208481
682 0.17160486278465
683 0.171960658220296
684 0.172330773305909
685 0.172766452882191
686 0.173250432691711
687 0.173610731444164
688 0.174016311941082
689 0.174469556721973
690 0.174896795534465
691 0.175291053866768
692 0.175677477575857
693 0.176080617912231
694 0.176521674557429
695 0.176941961975362
696 0.177344856875232
697 0.177753412691441
698 0.178187378124595
699 0.178637039512474
700 0.179082254864931
701 0.179496221441358
702 0.179864533387766
703 0.180288532252213
704 0.180808543809972
705 0.181286556161453
706 0.181702858067984
707 0.182129676306975
708 0.182647556728708
709 0.183061910066954
710 0.18345442575689
711 0.18388452405296
712 0.184351117180453
713 0.184826880195784
714 0.185295409764528
715 0.185746608724064
716 0.186169787057362
717 0.186641744881616
718 0.18715116242862
719 0.187625660746353
720 0.188088630487459
721 0.18856092486375
722 0.189051279094972
723 0.189553469175958
724 0.189962617146852
725 0.1903949865931
726 0.19098079133311
727 0.191462632611355
728 0.191889634619012
729 0.192319164470068
730 0.192795295461159
731 0.193282896705457
732 0.193740368815005
733 0.194175545730115
734 0.194746026163527
735 0.195272052506182
736 0.195696568242278
737 0.19606364888676
738 0.196651180963134
739 0.197182006746939
740 0.197570909475106
741 0.198073112391978
742 0.198565736471744
743 0.199048342192647
744 0.199540548999865
745 0.20002746572772
746 0.20052480857441
747 0.201006314030427
748 0.201428773028136
749 0.20187237381695
750 0.202353512352676
751 0.202862619803405
752 0.203364891467217
753 0.203873388416691
754 0.204369461544398
755 0.204837911034928
756 0.205322391402496
757 0.205770691052189
758 0.206194352630313
759 0.206658244914602
760 0.207167983041152
761 0.2076771630988
762 0.208158737801421
763 0.208643744464818
764 0.209134285947483
765 0.209626809472664
766 0.210116323761974
767 0.210607138403249
768 0.21110778640428
769 0.21160924890447
770 0.212088119027637
771 0.212556305052624
772 0.213062794618802
773 0.213610488244612
774 0.214090534546154
775 0.214515975213345
776 0.214939195870331
777 0.215419384113784
778 0.215932901231591
779 0.216448756470844
780 0.216960109468039
781 0.217482800256847
782 0.217993962200333
783 0.218456794175481
784 0.218874430720893
785 0.219342942881962
786 0.219760646134851
787 0.220204053847372
788 0.220763484322193
789 0.221262780224198
790 0.221723243746736
791 0.222193184716655
792 0.222727435532262
793 0.223227028182469
794 0.223754510050065
795 0.224319994128601
796 0.224779339157309
797 0.225179114955769
798 0.225604039187724
799 0.226123392114563
800 0.226677602288792
801 0.227180738338754
802 0.227617793238945
803 0.228037483387876
804 0.228508153401963
805 0.229002079028465
806 0.229488603024899
807 0.229956607549414
808 0.230453268686214
809 0.230982856320122
810 0.231526452418123
811 0.232048974414146
812 0.232540435519357
813 0.232982526592103
814 0.233375332395068
815 0.23387066185696
816 0.23437487784707
817 0.234860965824273
818 0.235405137796301
819 0.235896576822702
820 0.236342072214859
821 0.236777486210162
822 0.237239316756609
823 0.237721471289126
824 0.238209072305439
825 0.238682775631966
826 0.239128396081809
827 0.239561489430832
828 0.239993437861091
829 0.240434226686979
830 0.240942623037134
831 0.241445668599762
832 0.241919125847095
833 0.242444146268254
834 0.242890913080253
835 0.243273015524511
836 0.243652995280363
837 0.244110413903429
838 0.244567456751784
839 0.245036460153449
840 0.245549776537833
841 0.246003768393697
842 0.246419381337377
843 0.246860693560719
844 0.247406779865082
845 0.247921565799558
846 0.248356451265207
847 0.248756234302287
848 0.249290019809088
849 0.249754662513216
850 0.250166121272996
851 0.250598252271937
852 0.251113956188362
853 0.251574817970833
854 0.251995732614691
855 0.252460064773065
856 0.253003900739599
857 0.25345361964649
858 0.253807869130723
859 0.25420963672596
860 0.254603477826009
861 0.255075998791774
862 0.25562699855208
863 0.256117837338556
864 0.256567739161769
865 0.257000275324056
866 0.257450792100494
867 0.25798775358989
868 0.258371519721834
869 0.258742836535361
870 0.259277321556291
871 0.259710168368266
872 0.260086979039863
873 0.260527751057206
874 0.261126406056372
875 0.261542164499549
876 0.261935591467551
877 0.262412768433521
878 0.262966468767353
879 0.263421898989257
880 0.263832644522407
881 0.264256953313095
882 0.264699588878506
883 0.265124421827868
884 0.26555699141983
885 0.266019279182424
886 0.266493718668742
887 0.266935111996966
888 0.267371536150956
889 0.267844408351596
890 0.268352710521596
891 0.268809910881336
892 0.269221501388301
893 0.269646443666652
894 0.270140925858543
895 0.270690139282669
896 0.271207965412733
897 0.271582769289763
898 0.271872900961497
899 0.272271270705309
900 0.272809860783447
901 0.273328710203076
902 0.273722091152915
903 0.274129954535014
904 0.274621935601734
905 0.275094846264043
906 0.275559464494133
907 0.276004240267544
908 0.276440723498882
909 0.276932654008543
910 0.277389072465958
911 0.277849573870343
912 0.278345004924615
913 0.278755228907299
914 0.279254103925179
915 0.279748629146169
916 0.280136677813419
917 0.280700008121876
918 0.281150146783363
919 0.28149449593998
920 0.281886898785734
921 0.282355679449002
922 0.282857226589229
923 0.283340482151436
924 0.283771731943888
925 0.284222186956014
926 0.284660352312144
927 0.285087774650989
928 0.285530685371066
929 0.285922246035044
930 0.286371624194752
931 0.286923521561149
932 0.287517324037481
933 0.287933335990666
934 0.288308869659084
935 0.288740132344795
936 0.28919905840463
937 0.289587365371576
938 0.290071477797597
939 0.290646606897592
940 0.29102971570797
941 0.291452323667247
942 0.291984282180518
943 0.292570991211599
944 0.29302545442848
945 0.293359982003178
946 0.293701228731191
947 0.294122502942255
948 0.294546233395111
949 0.295127010131367
950 0.295747097261264
951 0.29623778026012
952 0.296480212565345
953 0.296875251385708
954 0.297388036065908
955 0.297846861196817
956 0.298069710554507
957 0.298477616321029
958 0.29898772675346
959 0.299463344611156
960 0.299998052172233
961 0.300408508667916
962 0.300787765953192
963 0.301212027623409
964 0.301518034912342
965 0.301956571643141
966 0.302481502365605
967 0.302982073042717
968 0.30342406371299
969 0.303845984298285
970 0.304313745535516
971 0.304818984780577
972 0.305174419986705
973 0.305575222551743
974 0.30602484324018
975 0.306471064925588
976 0.30687407065953
977 0.307194286936582
978 0.307488506428402
979 0.307872369080705
980 0.308502535261938
981 0.309019116718752
982 0.309472272337653
983 0.309979613805746
984 0.310565125518588
985 0.310914483488295
986 0.311127834225131
987 0.311413147748745
988 0.311941840636824
989 0.312430303203779
990 0.312913941433222
991 0.313409617747013
992 0.313821513220692
993 0.314245415643354
994 0.314585046902803
995 0.314859952726885
996 0.315261089540594
997 0.315873940291325
998 0.316316082603369
999 0.31650605536582
1000 0.316763761042886
1001 0.303823001525407
1002 0.304180966106298
1003 0.304499946294488
1004 0.304856420120486
1005 0.305287789328085
1006 0.305685987018718
1007 0.306016281700236
1008 0.30646211176339
1009 0.306969191347367
1010 0.307381370650579
1011 0.307802388922781
1012 0.308147070455364
1013 0.308408585816088
1014 0.308729706836209
1015 0.309029328748999
1016 0.309317865361594
1017 0.309645879505867
1018 0.310008889362799
1019 0.310351954256649
1020 0.310688884237978
1021 0.311076641369919
1022 0.311438651707736
1023 0.311776901814765
1024 0.312130572813937
1025 0.312513012159946
1026 0.312933913947877
1027 0.313345346585385
1028 0.313716889651776
1029 0.314110025998175
1030 0.314526111910562
1031 0.314946966518107
1032 0.315376857080906
1033 0.315884691756179
1034 0.316306640600143
1035 0.316694065610564
1036 0.317034944990999
1037 0.317386898392309
1038 0.317680570277285
1039 0.31801699306743
1040 0.318503079926358
1041 0.318934601619737
1042 0.319355238829432
1043 0.319787873225674
1044 0.3201434994752
1045 0.320503141878335
1046 0.320859211939901
1047 0.321232585009765
1048 0.321631830156126
1049 0.321969372232585
1050 0.322234829858198
1051 0.322605403111956
1052 0.322929315390662
1053 0.323223120748269
1054 0.323589560876144
1055 0.3238801269258
1056 0.324131736650858
1057 0.324383727946896
1058 0.324653455749815
1059 0.32495715830925
1060 0.325269835738393
1061 0.325592375926845
1062 0.325863576034774
1063 0.32610757441852
1064 0.326321738366311
1065 0.326552563381525
1066 0.326783480563746
1067 0.327036503274544
1068 0.327279394106489
1069 0.327445823405754
1070 0.327624726610322
1071 0.327818057747013
1072 0.327991299814522
1073 0.328223621275514
1074 0.328449503034873
1075 0.328650480357263
1076 0.32884167708149
1077 0.329039123733041
1078 0.329216811609214
1079 0.32936989670972
1080 0.329526932587223
1081 0.329694664579568
1082 0.32986207060646
1083 0.330090334807202
1084 0.330331680298791
1085 0.330614274856211
1086 0.330902143971146
1087 0.331093293424295
1088 0.331298507177969
1089 0.331498686908461
1090 0.331679157598693
1091 0.331888100127065
1092 0.332159851246232
1093 0.332349992342703
1094 0.332481486963352
1095 0.332680615303071
1096 0.332906692704915
1097 0.333136077256526
1098 0.333448982498426
1099 0.333734022553535
1100 0.33393527042246
1101 0.334104480726228
1102 0.334280633228127
1103 0.334500755125245
1104 0.334738438123285
1105 0.335005078922452
1106 0.335262935199722
1107 0.335504193553539
1108 0.335785446849582
1109 0.336093597659259
1110 0.336383326433695
1111 0.336681069318056
1112 0.336961455414235
1113 0.337223807031457
1114 0.337507973969864
1115 0.337784906524875
1116 0.33808993275902
1117 0.338386259639209
1118 0.33865373539927
1119 0.338984542655772
1120 0.33933615476715
1121 0.339673378970487
1122 0.340028682281696
1123 0.340377056907228
1124 0.340710701786674
1125 0.341046098450712
1126 0.341401553997581
1127 0.341706714082268
1128 0.341992171983773
1129 0.342290059167334
1130 0.342578390711754
1131 0.342884957287242
1132 0.343180074575825
1133 0.343464288404771
1134 0.343788179772638
1135 0.344125235956789
1136 0.344457808851497
1137 0.344839445033202
1138 0.345177109108878
1139 0.345470057860347
1140 0.345779895221381
1141 0.346109541313851
1142 0.346431178479477
1143 0.346753205712465
1144 0.347044905931495
1145 0.347361134454549
1146 0.347654593210826
1147 0.347954171236961
1148 0.348290428186028
1149 0.348616279791552
1150 0.348891528572362
1151 0.349141786427039
1152 0.349444570386104
1153 0.349748105373301
1154 0.350066100022391
1155 0.350376148211228
1156 0.350698878266564
1157 0.351002019039918
1158 0.351290654556285
1159 0.35160330800185
1160 0.351936209222619
1161 0.35224192489223
1162 0.35253356110007
1163 0.352804149109975
1164 0.353053896558188
1165 0.353297601019973
1166 0.353560081464064
1167 0.353847420538847
1168 0.354155787371921
1169 0.354461353485169
1170 0.354770637678631
1171 0.355120481867184
1172 0.355415537758791
1173 0.355695489253298
1174 0.355952685911374
1175 0.356156254673406
1176 0.356386848397145
1177 0.356595764523528
1178 0.35683014117443
1179 0.357082043162118
1180 0.357364570447803
1181 0.357610182801558
1182 0.357861002152248
1183 0.358125450198902
1184 0.358355130820408
1185 0.358575295126503
1186 0.358823156260433
1187 0.359056846674625
1188 0.359261518807563
1189 0.359493885880718
1190 0.359755038881563
1191 0.359989771789883
1192 0.360224501317455
1193 0.360457603576849
1194 0.360703888030172
1195 0.360897601480492
1196 0.361045586122572
1197 0.361213857628667
1198 0.361356567965371
1199 0.361504207851997
1200 0.361672162817989
1201 0.361846538967586
1202 0.362009355244958
1203 0.362200987636449
1204 0.362396310190767
1205 0.362612689684069
1206 0.362831402476366
1207 0.363061479407795
1208 0.363278228959181
1209 0.363519587690939
1210 0.363718970880262
1211 0.363877987725847
1212 0.364056354372242
1213 0.36420323545455
1214 0.364391575700878
1215 0.364621987057841
1216 0.364835912752654
1217 0.365065836458946
1218 0.365282428523746
1219 0.365499367407532
1220 0.365703066798083
1221 0.365891327106645
1222 0.36606916281781
1223 0.366251584979368
1224 0.366413252273435
1225 0.366591856329784
1226 0.366797118372266
1227 0.366966042283923
1228 0.367104955590512
1229 0.367271179910419
1230 0.367422017436473
1231 0.367600015605463
1232 0.367811705017778
1233 0.368014896137395
1234 0.36822478695668
1235 0.368434432212149
1236 0.368646489053141
1237 0.368866643167022
1238 0.369064853466173
1239 0.369262303724103
1240 0.369477288272377
1241 0.36970135295112
1242 0.36990774340483
1243 0.370120001005203
1244 0.370330859547888
1245 0.370519671188666
1246 0.370725338454792
1247 0.3709549733355
1248 0.37116745289401
1249 0.371366968864802
1250 0.371574390113388
1251 0.371764689609138
1252 0.371989481860497
1253 0.372239458251914
1254 0.372485407340852
1255 0.372762080557496
1256 0.373023694922551
1257 0.373270942697968
1258 0.373524274179386
1259 0.373778462961861
1260 0.374028817940795
1261 0.374290228141114
1262 0.374552315917131
1263 0.374832082397948
1264 0.375131505825493
1265 0.375421759784468
1266 0.375739772814494
1267 0.37600942274059
1268 0.376276210922514
1269 0.376492431978168
1270 0.376664559923554
1271 0.376818800209103
1272 0.376910652613058
1273 0.377029741739349
1274 0.37714371584024
1275 0.37725364239472
1276 0.377365583709087
1277 0.377481347256326
1278 0.377598435991794
1279 0.377705656671447
1280 0.37780121349837
1281 0.377908675399323
1282 0.377971229322597
1283 0.378003670370461
1284 0.3780272364752
1285 0.378009211125198
1286 0.378031074578187
1287 0.378069266411811
1288 0.378078345851668
1289 0.3780896323741
1290 0.378098661987886
1291 0.378081379044655
1292 0.378072491337453
1293 0.37810429848586
1294 0.378081521641039
1295 0.378006342432264
1296 0.377953242054391
1297 0.377881613898656
1298 0.377816854030079
1299 0.377750978242551
1300 0.377713513116029
1301 0.377670182157514
1302 0.377610642143923
1303 0.377600005331585
1304 0.377628729680039
1305 0.377629509793722
1306 0.3776406243791
1307 0.377653609804767
1308 0.377647997030091
1309 0.377667623176627
1310 0.377704881087177
1311 0.377752121878448
1312 0.377801448295706
1313 0.37787136770856
1314 0.377964080394579
1315 0.378060819681349
1316 0.378186932850749
1317 0.378287539882674
1318 0.378382624173383
1319 0.378476677033769
1320 0.378542719833517
1321 0.378631263365931
1322 0.378748544154385
1323 0.378836219301052
1324 0.378956715024317
1325 0.379079125883147
1326 0.379244789344829
1327 0.379426336258663
1328 0.379644102746763
1329 0.379918667022119
1330 0.380156975211337
1331 0.380403272284751
1332 0.380650623412249
1333 0.380888558275508
1334 0.381132779663471
1335 0.381399978981863
1336 0.381640879192247
1337 0.381872821055559
1338 0.382090739724158
1339 0.382300008847654
1340 0.382493032064024
1341 0.382648109931129
1342 0.382833808270962
1343 0.383005975479271
1344 0.383207796512957
1345 0.383458027554731
1346 0.38368904628545
1347 0.383930124995524
1348 0.384164593216936
1349 0.384388183048608
1350 0.38460168605699
1351 0.384804566353162
1352 0.384994288985192
1353 0.385198838277079
1354 0.385396087128721
1355 0.385600639618901
1356 0.385808498139292
1357 0.386034569683802
1358 0.386288272424639
1359 0.386499907367196
1360 0.38669877891539
1361 0.386913088684416
1362 0.387090622453432
1363 0.387302304487811
1364 0.387573407371346
1365 0.38779934380005
1366 0.388000460489379
1367 0.388209218242965
1368 0.388397175211701
1369 0.388599421167644
1370 0.388836632769192
1371 0.389035755493827
1372 0.389222215817015
1373 0.389402087364948
1374 0.389563229245937
1375 0.389673802945395
1376 0.389728696859887
1377 0.389747010932822
1378 0.389726975362854
1379 0.389609401792834
1380 0.389570755820177
1381 0.389544669394829
1382 0.389505187175025
1383 0.389488341888891
1384 0.389445300422097
1385 0.389376835758366
1386 0.389311348306551
1387 0.389279451205773
1388 0.389171535364382
1389 0.389032912679972
1390 0.388863069640759
1391 0.388628392807418
1392 0.388396083433829
1393 0.38815399805672
1394 0.387885849336391
1395 0.387589728648366
1396 0.387286782069467
1397 0.386975090091095
1398 0.3866340377373
1399 0.386264015850017
1400 0.385895960943371
1401 0.385504295521385
1402 0.385113303966512
1403 0.384717250983528
1404 0.384341857976421
1405 0.383938538217802
1406 0.383514191657698
1407 0.383107954130612
1408 0.382679462948505
1409 0.382312726805507
1410 0.381938324696502
1411 0.381674466112472
1412 0.381428181093115
1413 0.381342218086323
1414 0.381372467374482
1415 0.381469798282413
1416 0.38169843957426
1417 0.381950335873675
1418 0.382260592956871
1419 0.382621268386204
1420 0.383079496976277
1421 0.383507608912027
1422 0.383981001758671
1423 0.384428578333528
1424 0.384894115864163
1425 0.385303830286979
1426 0.385695031387509
1427 0.386055611376852
1428 0.386350531982219
1429 0.386655568564769
1430 0.386940360985015
1431 0.387237165339342
1432 0.387532755639394
1433 0.387825084031942
1434 0.388150729814579
1435 0.388472280758767
1436 0.388784398793925
1437 0.389101792512302
1438 0.389409576690741
1439 0.389728787826948
1440 0.38997074049662
1441 0.390184317035463
1442 0.390381164536119
1443 0.390498231440259
1444 0.390679017001361
1445 0.390885598546665
1446 0.391080806959779
1447 0.391267955195329
1448 0.391483668807563
1449 0.391721151764733
1450 0.391944430642216
1451 0.392195241251529
1452 0.392414632734637
1453 0.392602074980082
1454 0.392800461498322
1455 0.392983037023163
1456 0.393189906369968
1457 0.393425783672094
1458 0.39363210140045
1459 0.393844104789903
1460 0.394038567353735
1461 0.394215002925482
1462 0.394370797882386
1463 0.394499434793845
1464 0.394642499648728
1465 0.394753609701528
1466 0.394895490040531
1467 0.395062810123655
1468 0.395237015739783
1469 0.395410783580611
1470 0.395619860594096
1471 0.395849946511244
1472 0.396078061270086
1473 0.396290066758115
1474 0.396460253912542
1475 0.396628595934265
1476 0.39674898983075
1477 0.396925516505068
1478 0.397111210479051
1479 0.397326032409018
1480 0.397575541229559
1481 0.397803603473898
1482 0.398052397278602
1483 0.398275054296668
1484 0.3984919459273
1485 0.39867911169372
1486 0.398844761468043
1487 0.399008921455895
1488 0.3991284299345
1489 0.399299402382713
1490 0.399494941004013
1491 0.399683307901063
1492 0.399874276569498
1493 0.400096039970895
1494 0.400343639555397
1495 0.400570579479732
1496 0.400855095335388
1497 0.401052949382393
1498 0.401173369169714
1499 0.401323781046463
1500 0.401438024176241
1501 0.40157139065234
1502 0.401720722401715
1503 0.40187089997642
1504 0.402025103043107
1505 0.402175086308499
1506 0.402332725548842
1507 0.402484937811231
1508 0.402647005018588
1509 0.402775896819829
1510 0.402868025030492
1511 0.402986991114494
1512 0.403097038769849
1513 0.403204649303083
1514 0.403335190271086
1515 0.403462561956946
1516 0.403557512315636
1517 0.403674902476539
1518 0.403862660302349
1519 0.404048400175181
1520 0.404243247685579
1521 0.404458928555464
1522 0.40466968153435
1523 0.404867771290893
1524 0.405076705649055
1525 0.405326835247639
1526 0.405498243781988
1527 0.405626896161756
1528 0.40577244617058
1529 0.405876782097689
1530 0.406019042914313
1531 0.406187790756906
1532 0.406339325199333
1533 0.406489800552419
1534 0.406640677131319
1535 0.406813291792554
1536 0.406923735325361
1537 0.40700924043254
1538 0.407081334881086
1539 0.407077105680417
1540 0.407155124325315
1541 0.407277039821149
1542 0.407370027232819
1543 0.407455264941428
1544 0.407594209288255
1545 0.407750282220863
1546 0.407902736061446
1547 0.408121807712012
1548 0.408287991713519
1549 0.408404104814333
1550 0.408541816045325
1551 0.408694119270123
1552 0.408823372107739
1553 0.408927873043657
1554 0.409053543346098
1555 0.409188163289661
1556 0.409303787114387
1557 0.409418507586836
1558 0.409534724096085
1559 0.409629663264993
1560 0.409738366770977
1561 0.40987327833654
1562 0.409985388469534
1563 0.41009126249317
1564 0.410181507528362
1565 0.410250246483157
1566 0.41032712740123
1567 0.410379109278041
1568 0.410463576946339
1569 0.410561490494713
1570 0.410673854640518
1571 0.410797701167253
1572 0.410949130627968
1573 0.411147815258714
1574 0.411316185227769
1575 0.411509473086287
1576 0.411669085211579
1577 0.411788988095642
1578 0.411907882246269
1579 0.412002921843452
1580 0.412111775838552
1581 0.412208469757664
1582 0.412324889484454
1583 0.412467948500593
1584 0.412600274915423
1585 0.412718460472447
1586 0.412867380068224
1587 0.413060309251399
1588 0.413207154960809
1589 0.413370866087717
1590 0.413496273077643
1591 0.413532484982784
1592 0.413610476909031
1593 0.413701711981297
1594 0.413788793504765
1595 0.413884835394363
1596 0.413990126584976
1597 0.41407877621323
1598 0.414195582523798
1599 0.414335730794781
1600 0.414493489422445
1601 0.414664794746051
1602 0.414863401070172
1603 0.415029649320169
1604 0.415183513289312
1605 0.41530196230618
1606 0.415379363249138
1607 0.415476543147832
1608 0.415551414231104
1609 0.415665621896021
1610 0.415802958400876
1611 0.415912274406658
1612 0.416019683618335
1613 0.416151967012115
1614 0.416276579054966
1615 0.416414075124984
1616 0.416611330561261
1617 0.416692319635225
1618 0.416705027875764
1619 0.416777387651239
1620 0.416814394207724
1621 0.416885239482917
1622 0.417006090864389
1623 0.417094586196092
1624 0.417165171754043
1625 0.41723238431546
1626 0.417302818627365
1627 0.417381864412573
1628 0.417444368179317
1629 0.417522812820021
1630 0.417619725329041
1631 0.417725563750227
1632 0.417814908236701
1633 0.417964769292377
1634 0.418171873813786
1635 0.418333025308532
1636 0.418504081580636
1637 0.41867011710181
1638 0.41880650327356
1639 0.418979835289422
1640 0.41919998185917
1641 0.419342871299276
1642 0.419467337395155
1643 0.419573888374145
1644 0.41962903547643
1645 0.419707656753324
1646 0.419780128106295
1647 0.419885971191398
1648 0.419994794806489
1649 0.420121963735847
1650 0.420290062407199
1651 0.420425168750176
1652 0.420557342761788
1653 0.420658725381454
1654 0.420721333642204
1655 0.420846367128335
1656 0.421012858680692
1657 0.421148999827869
1658 0.421326968418666
1659 0.421477154581093
1660 0.421532890338465
1661 0.421638748456096
1662 0.421776323045239
1663 0.42184090702061
1664 0.421931707038941
1665 0.422049192246296
1666 0.422117432707624
1667 0.422235828717572
1668 0.422390019815196
1669 0.42250575869759
1670 0.422611805409854
1671 0.422698064158489
1672 0.422765589960318
1673 0.42283211196599
1674 0.422939981543661
1675 0.423069257908832
1676 0.423190691845865
1677 0.423375812241253
1678 0.42356364683831
1679 0.423726287185114
1680 0.423901999346653
1681 0.424013507013113
1682 0.424136399166315
1683 0.42426672256299
1684 0.424355461998233
1685 0.424491951189647
1686 0.424605300645121
1687 0.424752237831021
1688 0.424935195322638
1689 0.425060733975812
1690 0.425191218834094
1691 0.425289428022487
1692 0.425391108774275
1693 0.425542753704816
1694 0.42570800424068
1695 0.425865272568138
1696 0.426016106374365
1697 0.426214314639725
1698 0.42638830138249
1699 0.426573008770172
1700 0.42673389753961
1701 0.426865778071227
1702 0.426971696517463
1703 0.427011868634521
1704 0.427114322210079
1705 0.427253726374604
1706 0.427355621692612
1707 0.427512989616366
1708 0.427594157995211
1709 0.427527349988748
1710 0.427577006273697
1711 0.427708601447982
1712 0.427775328098163
1713 0.427896528503111
1714 0.427926090231184
1715 0.427814533147311
1716 0.427786364932339
1717 0.427733648359856
1718 0.427776765188584
1719 0.427909231042091
1720 0.428004925366279
1721 0.428175112777189
1722 0.428277598697693
1723 0.428334462965744
1724 0.428387779634396
1725 0.428395536677954
1726 0.428411843523696
1727 0.428400057818159
1728 0.428447514327451
1729 0.428545417715173
1730 0.428635074315926
1731 0.428723284173199
1732 0.428859083530924
1733 0.428998798325473
1734 0.429184099863603
1735 0.429465819974473
1736 0.429683004896915
1737 0.42991675260765
1738 0.430064966796744
1739 0.430144915853709
1740 0.430217238501884
1741 0.430237789338489
1742 0.430178827274506
1743 0.430178051185231
1744 0.430205905509541
1745 0.430236595243829
1746 0.43030714146583
1747 0.430399355069111
1748 0.430396137301578
1749 0.430360323182355
1750 0.430397292304926
1751 0.430452405566381
1752 0.430529384096035
1753 0.430616317581546
1754 0.430707530216897
1755 0.430770368610189
1756 0.430722026868199
1757 0.430735071045053
1758 0.430812125486733
1759 0.430862485301152
1760 0.43105757080594
1761 0.431241718444257
1762 0.431302429631103
1763 0.431412803848052
1764 0.431587837601396
1765 0.43175268750983
1766 0.431905550268161
1767 0.432045336268205
1768 0.432083978913496
1769 0.432068479313126
1770 0.432075497351739
1771 0.432053325020653
1772 0.431960977020153
1773 0.431988016926159
1774 0.432082901141259
1775 0.43217488472566
1776 0.43237631829403
1777 0.432509903863428
1778 0.432597032179956
1779 0.432682631656849
1780 0.43274499158533
1781 0.432822051812046
1782 0.432868779460553
1783 0.432866246528665
1784 0.432854700134114
1785 0.432786672442027
1786 0.432801973126595
1787 0.432865817201427
1788 0.432872818612241
1789 0.433038373324818
1790 0.433228343643857
1791 0.433390704752736
1792 0.433632563757817
1793 0.433806815087383
1794 0.43393046939328
1795 0.434097268074272
1796 0.434258537881771
1797 0.434362043496507
1798 0.434488811606743
1799 0.434610220513435
1800 0.434726254270908
1801 0.438010323835943
1802 0.438093247401141
1803 0.438066195774418
1804 0.437931459108418
1805 0.437924608819664
1806 0.437911822111698
1807 0.437967486686895
1808 0.438149276444573
1809 0.438298873082448
1810 0.438548204969466
1811 0.438580226288875
1812 0.438649023688608
1813 0.43863270372571
1814 0.438577961936158
1815 0.438594717654875
1816 0.438676581023656
1817 0.438902426632986
1818 0.439030586594033
1819 0.439133434436545
1820 0.439296258878052
1821 0.439448176931393
1822 0.439404736992604
1823 0.439503400928809
1824 0.439701554628734
1825 0.439811906580979
1826 0.439951193798052
1827 0.440039620929502
1828 0.44004137497528
1829 0.440056192323897
1830 0.440063383059581
1831 0.440044095860729
1832 0.440054572788083
1833 0.440073350931246
1834 0.440003855570373
1835 0.440031733793179
1836 0.440071658404256
1837 0.440109616248548
1838 0.440164736896687
1839 0.440263933046202
1840 0.44036322488913
1841 0.440507706013817
1842 0.440615316180749
1843 0.440735128065954
1844 0.440864745808725
1845 0.440843253929839
1846 0.440807413355107
1847 0.44080057251726
1848 0.440795201563467
1849 0.440745655586798
1850 0.440750691399502
1851 0.440781584098192
1852 0.44082218923378
1853 0.440822618650437
1854 0.440806195736704
1855 0.440820088112912
1856 0.440723131250224
1857 0.440650933612946
1858 0.440632684974679
1859 0.440678041453143
1860 0.440604439010056
1861 0.440594701021997
1862 0.440592484684372
1863 0.44036671505877
1864 0.440162189653143
1865 0.439883407160315
1866 0.439495144475347
1867 0.439144947229514
1868 0.43877477710998
1869 0.438380954658471
1870 0.438090644010137
1871 0.437853331674694
1872 0.437530755350614
1873 0.437105425612424
1874 0.436614010984395
1875 0.436087589290382
1876 0.435520591023499
1877 0.434992114399247
1878 0.434410102099024
1879 0.433841906684377
1880 0.433079250012256
1881 0.432220937099961
1882 0.431272317409316
1883 0.430155366216198
1884 0.429006914771506
1885 0.427811011389436
1886 0.426567888386238
1887 0.425293258476183
1888 0.423936784240645
1889 0.42249060514546
1890 0.42102970111284
1891 0.419521129420916
1892 0.417916263087835
1893 0.416375359396677
1894 0.414757485643901
1895 0.412897748151114
1896 0.410947433548255
1897 0.408973397807238
1898 0.406867525174054
1899 0.404933921390285
1900 0.40315129830895
1901 0.401409152907954
1902 0.399685780478025
1903 0.398087951080492
1904 0.396603267026069
1905 0.395255362560555
1906 0.394092328984658
1907 0.393027198741098
1908 0.392058754684746
1909 0.391243228170108
1910 0.390569132298663
1911 0.390011148786167
1912 0.389618889499476
1913 0.389440678052818
1914 0.389281505219641
1915 0.389229394603552
1916 0.389180855362639
1917 0.389236427205378
1918 0.389446439237657
1919 0.389700598693094
1920 0.39011748107115
1921 0.390471658237464
1922 0.390830602361473
1923 0.391201735649824
1924 0.391563886629627
1925 0.391952353659427
1926 0.392467628026354
1927 0.392965109423182
1928 0.393436403501351
1929 0.393950252665246
1930 0.394336878481607
1931 0.394702356169389
1932 0.395151569000815
1933 0.395633076180826
1934 0.396122027709814
1935 0.396648683727148
1936 0.397249690150881
1937 0.397706462278915
1938 0.398126608694329
1939 0.398607384784163
1940 0.398957034864793
1941 0.399412759803962
1942 0.400005180540893
1943 0.400462781105857
1944 0.40084243830883
1945 0.401270178762724
1946 0.401576213592634
1947 0.402047866357373
1948 0.40259622697692
1949 0.403260601155559
1950 0.403927533298479
1951 0.404437595786226
1952 0.404782978612485
1953 0.4051320781512
1954 0.405490838865961
1955 0.40580089415378
1956 0.406148713319587
1957 0.406480677528151
1958 0.406843852658993
1959 0.407182738064597
1960 0.407665498320742
1961 0.408046635220515
1962 0.408541568326958
1963 0.409040185135196
1964 0.409388086439618
1965 0.409825912163186
1966 0.410245772979555
1967 0.410694778194724
1968 0.411193932330354
1969 0.411614521818538
1970 0.412008187373293
1971 0.412437342415099
1972 0.4128549184586
1973 0.413167923245462
1974 0.413647859725227
1975 0.414121093255346
1976 0.414480884199288
1977 0.414929466912424
1978 0.415381821785265
1979 0.415846375052439
1980 0.416279337926581
1981 0.416759308735247
1982 0.417191250209689
1983 0.417541478623426
1984 0.417935349650074
1985 0.418353827182907
1986 0.418734590120976
1987 0.419136288780977
1988 0.419597287000262
1989 0.420018937076971
1990 0.420503291946194
1991 0.421013103081844
1992 0.421619245050082
1993 0.422103627661555
1994 0.422580806936969
1995 0.423001955278368
1996 0.423275695665003
1997 0.423614080389609
1998 0.42393832963535
1999 0.424360911549366
2000 0.424736203717096
2001 0.425149877177276
2002 0.425539967886606
2003 0.425950770814002
2004 0.426307837816001
2005 0.426633910576381
2006 0.426986467020706
2007 0.427264745275398
2008 0.42762245898293
2009 0.428091325588432
2010 0.428461964895872
2011 0.428771783788834
2012 0.429182550279346
2013 0.429571246028402
2014 0.429869588920487
2015 0.430249316820758
2016 0.430714160232305
2017 0.43111468710231
2018 0.43148105141714
2019 0.431885249690693
2020 0.432346684815635
2021 0.432703108428034
2022 0.433007904987596
2023 0.433322202116975
2024 0.433581002373841
2025 0.433815807197944
2026 0.434096345900819
2027 0.434501409933027
2028 0.434816181235378
2029 0.435022713220043
2030 0.435229005901498
2031 0.43533126338919
2032 0.435530387225765
2033 0.435751368744223
2034 0.435989492922705
2035 0.436306669163315
2036 0.436547446010418
2037 0.436738571681857
2038 0.43693427054724
2039 0.437049081522392
2040 0.437304016198075
2041 0.437503668706314
2042 0.43768776579745
2043 0.437871941463473
2044 0.438019622236248
2045 0.43822556815808
2046 0.438422306528362
2047 0.438705533851222
2048 0.439125302571157
2049 0.439415738206223
2050 0.439701624785436
2051 0.439971154596002
2052 0.440170016616349
2053 0.440356532981235
2054 0.440518404884124
2055 0.440731853318473
2056 0.440902405953415
2057 0.441028784020086
2058 0.441190765789285
2059 0.441361043423067
2060 0.441522119539022
2061 0.441731990515484
2062 0.441837336162629
2063 0.44186715062564
2064 0.441942400185298
2065 0.441870939508567
2066 0.441976137535039
2067 0.442200680131272
2068 0.4424726014114
2069 0.442764595456959
2070 0.443036987071405
2071 0.443239374245112
2072 0.443330921203416
2073 0.443561680049192
2074 0.443866200101531
2075 0.444042147095544
2076 0.444262173873786
2077 0.444377267024991
2078 0.444311625286365
2079 0.444348126273874
2080 0.444412171602772
2081 0.444438325816338
2082 0.444360408049164
2083 0.444436644285153
2084 0.444559447291314
2085 0.444752381210061
2086 0.444969548046194
2087 0.445386060237223
2088 0.445555444274399
2089 0.445578745402921
2090 0.445729410240631
2091 0.445849626711149
2092 0.445979246249605
2093 0.446226284696036
2094 0.446365637697127
2095 0.446314747393302
2096 0.446464797430896
2097 0.446786731361003
2098 0.4469376464075
2099 0.447069443515116
2100 0.447256750164609
2101 0.44725837561981
2102 0.447264837702658
2103 0.447419590621449
2104 0.447738954274241
2105 0.447922287037391
2106 0.448150184056254
2107 0.448304781923041
2108 0.448330016770131
2109 0.448462751596898
2110 0.448602818223552
2111 0.44878569943045
2112 0.449086326483351
2113 0.449290933796195
2114 0.449532728640646
2115 0.449661137417493
2116 0.449666642070345
2117 0.449619776002512
2118 0.449681874753734
2119 0.449817895835785
2120 0.450052464170205
2121 0.450497766238688
2122 0.450792039536015
2123 0.451075146286367
2124 0.451369217111554
2125 0.451696429317866
2126 0.45193391448888
2127 0.452192406082396
2128 0.452326458298707
2129 0.452247746044641
2130 0.45228522157303
2131 0.452346367220544
2132 0.452370397328299
2133 0.452413312049037
2134 0.452474770289373
2135 0.452403273278296
2136 0.452346657345274
2137 0.452259271412709
2138 0.452164325597853
2139 0.452033214827511
2140 0.451812820457816
2141 0.451678849290388
2142 0.451570902954414
2143 0.451444987230241
2144 0.451425290161563
2145 0.45127103954757
2146 0.451040547793966
2147 0.450773648732897
2148 0.450377859817673
2149 0.450054477177643
2150 0.449744278529346
2151 0.44940149429579
2152 0.449015398923611
2153 0.44874265408102
2154 0.448306799196557
2155 0.448039288148316
2156 0.447710739571394
2157 0.447403364119475
2158 0.447075608597874
2159 0.446745368448129
2160 0.446418113176867
2161 0.446146309935187
2162 0.445738008451931
2163 0.445190718063514
2164 0.444788309257301
2165 0.444337964397252
2166 0.443978032325723
2167 0.443927925012986
2168 0.443555189760759
2169 0.443009669492369
2170 0.442488605857744
2171 0.441745032328012
2172 0.441112688995704
2173 0.440633377465134
2174 0.439955105260129
2175 0.439452592704541
2176 0.438977404140402
2177 0.438593508308858
2178 0.438368111683534
2179 0.438001737795885
2180 0.437681934699257
2181 0.437222790156508
2182 0.436632616585842
2183 0.436068801947268
2184 0.435445311743635
2185 0.434826600011183
2186 0.434199480491148
2187 0.433549062782739
2188 0.432866761058085
2189 0.432194640328532
2190 0.431536181037497
2191 0.43083019125131
2192 0.429965212564596
2193 0.429310892164113
2194 0.428813022676933
2195 0.428192952143193
2196 0.427766798357454
2197 0.427464103235128
2198 0.426832548539427
2199 0.42595771130769
2200 0.425285563665855
2201 0.424475109657223
2202 0.423873702265592
2203 0.423469158086207
2204 0.423006239838097
2205 0.422516131304671
2206 0.422157621816445
2207 0.421873861021078
2208 0.42168037043096
2209 0.421504586895255
2210 0.421571494871238
2211 0.421815357342465
2212 0.422137426741149
2213 0.422801019505248
2214 0.423299052672981
2215 0.423694599308895
2216 0.424198191483745
2217 0.424737416736704
2218 0.425302285880759
2219 0.425887574309349
2220 0.426444195763096
2221 0.426889622856628
2222 0.427189094134558
2223 0.427569413505199
2224 0.427997815596512
2225 0.428265762303976
2226 0.428452356500036
2227 0.428618593075526
2228 0.428573482997004
2229 0.428758856948049
2230 0.429109994663633
2231 0.429315217151987
2232 0.429522420113089
2233 0.429762460888759
2234 0.429956754713258
2235 0.430145363322297
2236 0.430506037528568
2237 0.430605805645627
2238 0.430384590959779
2239 0.430370804344279
2240 0.430437496102994
2241 0.430367570322871
2242 0.4303288131124
2243 0.43027797312348
2244 0.430069422902469
2245 0.429792982672098
2246 0.429979168331241
2247 0.430012262689972
2248 0.430057533323826
2249 0.430375673002659
2250 0.430658845187408
2251 0.430949061240715
2252 0.431288083314961
2253 0.431899866573701
2254 0.432054846581804
2255 0.431956854075212
2256 0.432059131016739
2257 0.431959323015856
2258 0.431977654204399
2259 0.432208906116096
2260 0.432320682214013
2261 0.432272226828986
2262 0.432398098157335
2263 0.432719478032847
2264 0.432826880319404
2265 0.432863300019829
2266 0.432973287410762
2267 0.433026371944844
2268 0.433026599603172
2269 0.433112872798564
2270 0.433058087467851
2271 0.432749526572971
2272 0.432669995573208
2273 0.432585024699274
2274 0.432613887198779
2275 0.432937762793579
2276 0.433079246337153
2277 0.433211232191879
2278 0.433368977314525
2279 0.433181417577281
2280 0.432685621003453
2281 0.432460815225924
2282 0.432488512303104
2283 0.432608943197664
2284 0.432908831896084
2285 0.433087043632492
2286 0.433227266895252
2287 0.433219868562161
2288 0.433277636256878
2289 0.433021409136446
2290 0.432309359806196
2291 0.432078381768509
2292 0.431949943508732
2293 0.431750539002104
2294 0.431695205383964
2295 0.4316260415141
2296 0.431410079852252
2297 0.431355280377101
2298 0.431450609163536
2299 0.431670756070886
2300 0.432101818666919
2301 0.43225411273979
2302 0.432718709860143
2303 0.432587755466206
2304 0.431614013072827
2305 0.431254365301511
2306 0.430785110249475
2307 0.430564929252479
2308 0.430900984387009
2309 0.430969700593348
2310 0.430962292999389
2311 0.431032420474295
2312 0.431131401918344
2313 0.431177136653502
2314 0.43125011407347
2315 0.431240386858179
2316 0.431220737754721
2317 0.431067131401409
2318 0.430782301035746
2319 0.430535709535307
2320 0.430090228358654
2321 0.429784934257492
2322 0.429623837541648
2323 0.42972034894929
2324 0.429891826571758
2325 0.42994214105337
2326 0.429946006880469
2327 0.429394554960584
2328 0.429149429208213
2329 0.429240109296485
2330 0.429078264498179
2331 0.429193197822229
2332 0.42897145823693
2333 0.42829804937008
2334 0.42805696811414
2335 0.427980928852886
2336 0.427971952748293
2337 0.428308023641396
2338 0.428141461401836
2339 0.427906408968794
2340 0.427415923642752
2341 0.426370492662813
2342 0.426007260469598
2343 0.425712923889619
2344 0.425676226255918
2345 0.426199180033498
2346 0.426201223325473
2347 0.426210268952625
2348 0.425953549469456
2349 0.4253203239472
2350 0.425011044356665
2351 0.424662939229895
2352 0.424304126735495
2353 0.423773058181223
2354 0.423974441819278
2355 0.424834851796252
2356 0.424942208515358
2357 0.425298809828062
2358 0.425391260040813
2359 0.42450869507161
2360 0.424299728551201
2361 0.424799085756571
2362 0.424755724382796
2363 0.424351153986117
2364 0.424306579139156
2365 0.424251485074529
2366 0.424233693121244
2367 0.424657708726577
2368 0.424634122712466
2369 0.424408756381843
2370 0.424055111473365
2371 0.423104682361346
2372 0.422773577032871
2373 0.422698116419936
2374 0.422465019307593
2375 0.422725373896105
2376 0.422552637865439
2377 0.422012150090039
2378 0.421606959090751
2379 0.420864585557757
2380 0.42061087070354
2381 0.420822958861858
2382 0.420420905230116
2383 0.419963793221558
2384 0.419707390873952
2385 0.418740604805123
2386 0.418633613036338
2387 0.419392929803274
2388 0.419864044107439
2389 0.420760709319756
2390 0.421263662004808
2391 0.421960362759919
2392 0.421841647448625
2393 0.420831854388942
2394 0.420063444002752
2395 0.418374050342307
2396 0.41785159892457
2397 0.418208897994878
2398 0.418333452674562
2399 0.419256681240175
2400 0.419363206915573
2401 0.418960142587536
2402 0.418644594513753
2403 0.417658804891542
2404 0.417438513392214
2405 0.417870948123855
2406 0.417660372105766
2407 0.417506172282078
2408 0.417376119140142
2409 0.417005116669768
2410 0.416259866587802
2411 0.415421520955537
2412 0.414652860872733
2413 0.412727508834406
2414 0.412624781347414
2415 0.414430783809947
2416 0.414726083063175
2417 0.415161204480745
2418 0.415245550894872
2419 0.414457002897931
2420 0.413195086649934
2421 0.411631283457884
2422 0.410820591228661
2423 0.409076915566349
2424 0.408645993967166
2425 0.410610213376819
2426 0.409979385284377
2427 0.408097316998343
2428 0.407055368421815
2429 0.404689949985777
2430 0.403865006488573
2431 0.404514338616688
2432 0.4047333041547
2433 0.405542365881036
2434 0.405574607157055
2435 0.405467648277361
2436 0.404255008974229
2437 0.402113340941757
2438 0.400668830543543
2439 0.398277919366312
2440 0.398078608847495
2441 0.398975595664425
2442 0.399625579399823
2443 0.401830867003366
2444 0.402073323705113
2445 0.40259744204727
2446 0.40203285632554
2447 0.400373667909591
2448 0.398718566332814
2449 0.396546749608239
2450 0.396474372165259
2451 0.397589906101148
2452 0.399094207291115
2453 0.399742567207879
2454 0.39894815622263
2455 0.397082620472769
2456 0.39440541768386
2457 0.393414828503468
2458 0.392925686925534
2459 0.391627122198228
2460 0.391541582013659
2461 0.392268624049934
2462 0.393510954163364
2463 0.395010828913393
2464 0.396510033177114
2465 0.396208009079239
2466 0.393358539348678
2467 0.39138498877395
2468 0.388007709449205
2469 0.386247747793974
2470 0.385995689823656
2471 0.384972586838824
2472 0.383459100582629
2473 0.384548994126691
2474 0.387757654383431
2475 0.388872201219233
2476 0.392105356993779
2477 0.391783044612948
2478 0.385159437081906
2479 0.384950651357401
2480 0.38860918738695
2481 0.38873151281844
2482 0.390557792151046
2483 0.390688383728121
2484 0.385960650111242
2485 0.385834826456334
2486 0.388831289536201
2487 0.389916463230591
2488 0.39250383050394
2489 0.391780516322485
2490 0.387704477637523
2491 0.388570265342325
2492 0.387770076083683
2493 0.384796903972797
2494 0.383532109321955
2495 0.380155842600069
2496 0.377351341077381
2497 0.377698647684062
2498 0.381853163906401
2499 0.384456362226007
2500 0.381883319633162
