"Wavelength" "M086a_m5-w3"
350 0.069321904628517
351 0.0734793187574495
352 0.0780489135266568
353 0.0782986985792119
354 0.0733646276487537
355 0.0710217031674006
356 0.0738806451115795
357 0.0779108408657658
358 0.0751156298529179
359 0.077317876364794
360 0.0770793091958021
361 0.0731845944381898
362 0.0804140113112636
363 0.0777467259139801
364 0.0730448861955042
365 0.076277555954357
366 0.0733262339587973
367 0.0733349700006286
368 0.0762673201893044
369 0.0769785700438836
370 0.0793662900357742
371 0.0764020503685714
372 0.069187969368506
373 0.0694251158892388
374 0.0741180501597049
375 0.0779271091861597
376 0.0779575791865353
377 0.078766366738763
378 0.0773893059827168
379 0.0757474241270821
380 0.0766660201564607
381 0.0768439756737096
382 0.0769811535312384
383 0.0771916950888151
384 0.076764673529164
385 0.0736659375914618
386 0.0727567005011071
387 0.0758276647833374
388 0.076459974089424
389 0.0754128935535283
390 0.0747891817467628
391 0.0761839947699935
392 0.0761108734185335
393 0.0759765176233605
394 0.0759080086601854
395 0.075044806034122
396 0.0763463248777274
397 0.0774150864912303
398 0.0770278495292723
399 0.0775573691605775
400 0.0775389622115898
401 0.077550698160971
402 0.0781609938617149
403 0.0771419236211277
404 0.0769196083928837
405 0.0777311155116556
406 0.0780725682368302
407 0.0780041643374413
408 0.077902294455454
409 0.078104152612542
410 0.0788265264568991
411 0.0793363478153013
412 0.0794645419658436
413 0.0793312920893377
414 0.0793400988714374
415 0.079456540334656
416 0.0798117085417153
417 0.0805807912626466
418 0.0799449391335209
419 0.0796298852145035
420 0.080572634168554
421 0.080964832253136
422 0.0813774929489489
423 0.0817405380608372
424 0.0818235694851814
425 0.0815316683057397
426 0.081736048797237
427 0.0821832388548474
428 0.0815873486329691
429 0.0816901491615652
430 0.0824214420466381
431 0.0832818920228129
432 0.0836757657172638
433 0.0837717876601009
434 0.083708244042855
435 0.0836321164226311
436 0.0836339953098649
437 0.0841667705278829
438 0.0848975952335282
439 0.0845377371208293
440 0.0847894791758952
441 0.0853349898336979
442 0.0855616495594546
443 0.0855287278177471
444 0.0857433968763111
445 0.0862341309698564
446 0.0867287559314534
447 0.0872731875858815
448 0.0874758331282947
449 0.0872598846965544
450 0.0870929672016846
451 0.0873770802199215
452 0.0876607445858789
453 0.0875509669156737
454 0.0883304120473577
455 0.0885807361749045
456 0.0883248540235155
457 0.0888238602803315
458 0.089302493331814
459 0.0894805226308265
460 0.0893696668017991
461 0.0894107711666742
462 0.089795821236317
463 0.0901860752736426
464 0.0901327012778241
465 0.09017186444792
466 0.0904316950413064
467 0.0907301499025454
468 0.0905601060566261
469 0.0907301527423709
470 0.0911407903664831
471 0.0914889889002772
472 0.0916245270468733
473 0.0916176308994597
474 0.0917667736379994
475 0.0923957842492803
476 0.0923765293272394
477 0.0922397866573012
478 0.0924566834139554
479 0.0930034658083246
480 0.0930600394489775
481 0.0930661294417474
482 0.093658335749149
483 0.0937895008382599
484 0.0938857721943489
485 0.094141625187082
486 0.0944053017486575
487 0.0946817265054269
488 0.0948170076019902
489 0.0947935283489887
490 0.0951023135786241
491 0.0952902105256564
492 0.095461052533104
493 0.0959807390863969
494 0.0961698792390494
495 0.0963326224509043
496 0.0966605583810027
497 0.0969018169698492
498 0.0972420246270467
499 0.0975802169999125
500 0.0977782006208492
501 0.0980317367914213
502 0.0983283511633027
503 0.0986177538617152
504 0.0988260712468666
505 0.0990363608817423
506 0.0992538814938895
507 0.099500418771992
508 0.0999249707241502
509 0.100296736588136
510 0.100565500768324
511 0.100812370859279
512 0.101175971907606
513 0.101484363405482
514 0.101693345059599
515 0.102117742824069
516 0.102426573811587
517 0.102575698716727
518 0.102674614684834
519 0.103042784529686
520 0.103462692364337
521 0.103778336687654
522 0.103955604285112
523 0.104285375817351
524 0.104702702639791
525 0.105065156351188
526 0.105313323340648
527 0.105587991104973
528 0.105923720802489
529 0.10626652725082
530 0.106552224286924
531 0.106907524653559
532 0.107352502095707
533 0.107581749757587
534 0.107731235570573
535 0.107994725718357
536 0.108512302858975
537 0.108750508626383
538 0.109041780170178
539 0.109519336587694
540 0.109892384511422
541 0.110205839219199
542 0.110538170646269
543 0.110940540630287
544 0.111247710932028
545 0.111575903427632
546 0.11193925173417
547 0.112241134687732
548 0.112508839399682
549 0.112831445943341
550 0.113267025034003
551 0.113751847523588
552 0.114185651589625
553 0.114572218076948
554 0.11498156181897
555 0.115368136474993
556 0.115734758657948
557 0.116089741033332
558 0.116428880698755
559 0.116837198251136
560 0.117273459496912
561 0.117651284543774
562 0.117982783414339
563 0.118314022789922
564 0.118659682027904
565 0.118988914352373
566 0.119283230089477
567 0.119535578365098
568 0.1197683275421
569 0.120092511651158
570 0.120444924927482
571 0.12081956366186
572 0.121264702011044
573 0.121708635642339
574 0.122109056560125
575 0.122458752617762
576 0.12282811956393
577 0.123150961215814
578 0.123411597015907
579 0.12363533062651
580 0.12391838976707
581 0.124203875014218
582 0.124454185897515
583 0.124699308669515
584 0.125042773635297
585 0.125380032310618
586 0.125583831209387
587 0.125885991240309
588 0.126182901608927
589 0.126462618862985
590 0.126851844178437
591 0.127090880480763
592 0.127309996333616
593 0.127668889770253
594 0.128020898444554
595 0.128331059752487
596 0.128620327330046
597 0.128952847312605
598 0.12932193353296
599 0.129664246083447
600 0.129926197529717
601 0.130083063215334
602 0.130326195984138
603 0.130604153229297
604 0.13076809286536
605 0.131018644745163
606 0.131275826882306
607 0.131513225654018
608 0.131853891137218
609 0.132163127454425
610 0.132413484862013
611 0.132636777823195
612 0.132959450434056
613 0.133263538495808
614 0.133543694068873
615 0.133933853964093
616 0.134210241669794
617 0.13443102592811
618 0.134689742722606
619 0.134942127816405
620 0.13524175331579
621 0.135557712916058
622 0.135805032822009
623 0.136070876713601
624 0.136362425753465
625 0.136665661953753
626 0.136952308418706
627 0.137209525655361
628 0.137478067534046
629 0.13780819474729
630 0.138105876149577
631 0.138422094582245
632 0.138769011864473
633 0.13907986865644
634 0.139329956173719
635 0.139558899083184
636 0.139819991361419
637 0.140100388463423
638 0.140469039256491
639 0.140869230300365
640 0.141125933114983
641 0.141402903640807
642 0.141693904186248
643 0.141979292024732
644 0.142318703092314
645 0.142626653572381
646 0.142913859248973
647 0.143244199620902
648 0.143563663411131
649 0.143904797493482
650 0.144270399317956
651 0.144581494198032
652 0.144904884796739
653 0.145222728777996
654 0.145502489846054
655 0.145820221866359
656 0.14612902175832
657 0.146445937320723
658 0.146874236582251
659 0.147221410108156
660 0.147501689660089
661 0.147779275264717
662 0.148075500604451
663 0.148442939659514
664 0.148834996728263
665 0.14914168634405
666 0.149494025169675
667 0.149865628396406
668 0.150224231428737
669 0.150587064730287
670 0.150917265732461
671 0.151213169653901
672 0.151501062662387
673 0.151858099127887
674 0.152300056855297
675 0.15274251309547
676 0.152969411058069
677 0.153315030845406
678 0.153704591804513
679 0.154003471355965
680 0.154329346150017
681 0.154720867200583
682 0.155148859026138
683 0.155530768955952
684 0.15584352958648
685 0.156183368313834
686 0.156596029136158
687 0.156947821914501
688 0.157329668418761
689 0.157747140129676
690 0.158163752624946
691 0.158555377619853
692 0.158914047151977
693 0.159250593986202
694 0.159598115698074
695 0.160004634810845
696 0.160416854221237
697 0.160781255630258
698 0.161174238189417
699 0.161583910299494
700 0.161987123805136
701 0.162357484915089
702 0.162743240492668
703 0.16316138888715
704 0.163601947642861
705 0.164008324045262
706 0.164386518099451
707 0.164786090734758
708 0.165251295888947
709 0.165640135884174
710 0.166029595909183
711 0.16646211826177
712 0.166911264344826
713 0.16734322241882
714 0.167754808806612
715 0.168160098867635
716 0.168591535811652
717 0.169057330236853
718 0.169525619113696
719 0.169942390924082
720 0.170359131661152
721 0.170778716634892
722 0.171211957861878
723 0.171709902287373
724 0.172132326218742
725 0.172531030615772
726 0.17299981864055
727 0.173440287178177
728 0.173894324224148
729 0.174349112085912
730 0.1747339022919
731 0.175164776281788
732 0.17561090664454
733 0.176040382135341
734 0.176509567530675
735 0.176999478709164
736 0.177441596296954
737 0.177779457818653
738 0.178246784982641
739 0.178697155115799
740 0.179073187271515
741 0.17949226369111
742 0.179980750831738
743 0.180470071447151
744 0.180905069513243
745 0.181385806451903
746 0.181884634143013
747 0.182354284144023
748 0.182748744885474
749 0.183158699312427
750 0.18360456437037
751 0.184074751107956
752 0.184522190724961
753 0.184998534176349
754 0.185446986870051
755 0.185825352511829
756 0.186310093827562
757 0.186770753857522
758 0.18719561855215
759 0.187670259091722
760 0.188089959810605
761 0.188507464360894
762 0.188956842510333
763 0.189379960546662
764 0.189841706912176
765 0.190310937819156
766 0.190742773440046
767 0.191208041755616
768 0.191682708912793
769 0.192143931118805
770 0.192577014463735
771 0.193005228952056
772 0.193494959205009
773 0.194028417711843
774 0.194374093271823
775 0.194792226305372
776 0.195302824362901
777 0.195824782010093
778 0.196256693085443
779 0.1966878618723
780 0.197160024525273
781 0.197655360266795
782 0.198111007773455
783 0.198544052307588
784 0.198978349122554
785 0.199416593188674
786 0.199852165359877
787 0.200298044678194
788 0.200763002132618
789 0.201198384799687
790 0.20164524814912
791 0.202108689401692
792 0.202559053374927
793 0.202981827695848
794 0.203439447558318
795 0.203948321984667
796 0.204411413520211
797 0.20484467911456
798 0.205289777130779
799 0.205779404905415
800 0.206262539751184
801 0.206696763906983
802 0.207112133352424
803 0.207583745590684
804 0.208040389990348
805 0.208484306389117
806 0.208934965771573
807 0.209423123631028
808 0.209880491208406
809 0.210366848914719
810 0.210909548957769
811 0.211303310431514
812 0.211686920335073
813 0.21213673782389
814 0.212663611320391
815 0.213116558035361
816 0.213542280128178
817 0.213961945298654
818 0.214344692711795
819 0.214857882700198
820 0.215336630939889
821 0.215684927436184
822 0.216150724284237
823 0.216682925148338
824 0.2171715391007
825 0.217533080845945
826 0.217963546034651
827 0.218394865159223
828 0.218836049252678
829 0.219353161989057
830 0.219845462581531
831 0.220276016752768
832 0.220680325694784
833 0.221186519874289
834 0.22162320883657
835 0.221966908024864
836 0.222276103443286
837 0.222714049515799
838 0.223210739568783
839 0.22371510720325
840 0.22418369744151
841 0.224586674095438
842 0.224937701607201
843 0.225309081304531
844 0.225810256303832
845 0.226395596999286
846 0.2268876857214
847 0.227244083778425
848 0.22767415812285
849 0.228060107370186
850 0.228462114133738
851 0.228929329918143
852 0.229339131034835
853 0.229755919535329
854 0.23019622548858
855 0.230651221213157
856 0.231109379905029
857 0.231505176135152
858 0.231867841433742
859 0.232295609373305
860 0.232718413899265
861 0.233183218837262
862 0.23370399026065
863 0.234228581632395
864 0.234657301020663
865 0.235027372485295
866 0.23540387431605
867 0.235831011399604
868 0.236253394809791
869 0.236653345057243
870 0.237043925282886
871 0.237501690542733
872 0.237939961156699
873 0.238363205280543
874 0.238821965570045
875 0.239271918180611
876 0.239706530837442
877 0.240156380979715
878 0.240667153719658
879 0.241079894005324
880 0.241442009000749
881 0.241815381974396
882 0.242228115670626
883 0.2426001015467
884 0.24300356518275
885 0.243472614507214
886 0.243864326885556
887 0.244326937096071
888 0.244779452311488
889 0.245144495772052
890 0.245648837950954
891 0.246093546410021
892 0.246463490855794
893 0.246851449167484
894 0.247368461627697
895 0.24790112648527
896 0.248351894385115
897 0.248679328416443
898 0.249047894420953
899 0.249486292559293
900 0.249958055136446
901 0.250377681797071
902 0.250722318344482
903 0.251131527261806
904 0.251605725450721
905 0.251910287601202
906 0.25235353774659
907 0.252842398295703
908 0.253280384137678
909 0.253762405938739
910 0.254204342685752
911 0.254657187455146
912 0.255143842118094
913 0.255484114773463
914 0.255853002484244
915 0.256240143001999
916 0.25660920893049
917 0.257118111081596
918 0.257537895707714
919 0.257914236265817
920 0.258389744462547
921 0.258821337177034
922 0.259266926979324
923 0.259741180158913
924 0.260212780749964
925 0.260594388935397
926 0.260957453780271
927 0.261330387045144
928 0.261704125694853
929 0.262167130625933
930 0.262600514514381
931 0.263010531836802
932 0.263521619063981
933 0.263906306440171
934 0.264227222586806
935 0.264583352077744
936 0.265046165313033
937 0.265456020352727
938 0.265924208023159
939 0.26643803676174
940 0.266770772058114
941 0.267202374239707
942 0.267705565351501
943 0.268188125231064
944 0.26856762344193
945 0.268945831498587
946 0.269320533221039
947 0.26970479458868
948 0.270176185379525
949 0.270638483549702
950 0.271028629770089
951 0.271350915875564
952 0.271715479839861
953 0.272166877898568
954 0.27261314146923
955 0.272988628342192
956 0.273370907552113
957 0.273722246895938
958 0.274150739400058
959 0.274666976708608
960 0.274984751912472
961 0.275381830431307
962 0.275859426827167
963 0.27634488459461
964 0.276793191081744
965 0.277226648440784
966 0.277648070929849
967 0.278056357285625
968 0.278457098006898
969 0.278770410118184
970 0.279091640851093
971 0.27949934723181
972 0.27991177665038
973 0.28031897019334
974 0.280788038439314
975 0.281323471791069
976 0.28175880900103
977 0.282004309121863
978 0.28232894931572
979 0.282848744195775
980 0.283174422383533
981 0.283430561359598
982 0.283731709830138
983 0.284160915256489
984 0.284727752156026
985 0.285148883752586
986 0.2854955739895
987 0.285902107333457
988 0.286431677005045
989 0.286847287991741
990 0.287249495916643
991 0.287667101717486
992 0.287945909559783
993 0.288375973217266
994 0.288726758184017
995 0.289034286854312
996 0.289685738209617
997 0.289993044148864
998 0.290264561516437
999 0.290665409699604
1000 0.291049530523984
1001 0.287922634283451
1002 0.288277795221814
1003 0.288548247772203
1004 0.288877531658515
1005 0.289256172202895
1006 0.289646630322486
1007 0.29002020021921
1008 0.290442333088982
1009 0.290949936512418
1010 0.29133359355698
1011 0.291657440130872
1012 0.291987088167919
1013 0.292248296861503
1014 0.292510359352592
1015 0.292884278020595
1016 0.293264079265475
1017 0.293609219144056
1018 0.29399483547224
1019 0.294338740778369
1020 0.294632781392056
1021 0.294892864360497
1022 0.295251961672292
1023 0.295637255392485
1024 0.296035237789198
1025 0.296478697030301
1026 0.296853643699504
1027 0.29715875108676
1028 0.297500203617845
1029 0.297831197957825
1030 0.298151934873742
1031 0.29850587490315
1032 0.298868068984105
1033 0.299253161007487
1034 0.299586846314373
1035 0.299922343578079
1036 0.300236141648877
1037 0.300497749275853
1038 0.300716220165534
1039 0.301058041179069
1040 0.301502333463903
1041 0.30190520327569
1042 0.302310027944918
1043 0.302686179504878
1044 0.30300884685149
1045 0.303370157216484
1046 0.303751600352789
1047 0.304120866233597
1048 0.304506282766678
1049 0.304857110530132
1050 0.305163897982828
1051 0.305452788065497
1052 0.305736920942262
1053 0.306056504892076
1054 0.306390891206651
1055 0.306724037139832
1056 0.30707564721645
1057 0.307411632148095
1058 0.307746312508009
1059 0.308134073647534
1060 0.308515223159039
1061 0.308846653953368
1062 0.309181273228104
1063 0.309512491736424
1064 0.309805207380397
1065 0.310077768562747
1066 0.31040706450705
1067 0.31073158036778
1068 0.311035217330891
1069 0.311324154650514
1070 0.311600191600319
1071 0.311863508447145
1072 0.312137047619618
1073 0.312444798099289
1074 0.312726078594063
1075 0.313011636855407
1076 0.313303952882295
1077 0.313599401453983
1078 0.313874880803542
1079 0.314164316592825
1080 0.31443433001276
1081 0.314692961380851
1082 0.314983385915076
1083 0.315273951256475
1084 0.315561692953188
1085 0.315864674821648
1086 0.316192092217795
1087 0.316512130290775
1088 0.316842144009757
1089 0.317125916637268
1090 0.31730367960881
1091 0.317524370988628
1092 0.317717880963124
1093 0.317944189004268
1094 0.318171880905324
1095 0.318472916678172
1096 0.318765003161015
1097 0.319024923099561
1098 0.319343902164052
1099 0.319694503598017
1100 0.319979961027352
1101 0.3202252106713
1102 0.320465053647596
1103 0.320682826628821
1104 0.320890975506595
1105 0.321151227717239
1106 0.321395910288724
1107 0.321595162752288
1108 0.321843920034822
1109 0.322116598344352
1110 0.322419334772936
1111 0.322706729227819
1112 0.32301887253669
1113 0.323322583682984
1114 0.323573590489795
1115 0.323866905751024
1116 0.324175770564535
1117 0.32443409183542
1118 0.324711332254928
1119 0.325005658753748
1120 0.32529990682655
1121 0.325596593244043
1122 0.325929566971669
1123 0.32622683766439
1124 0.326489433001656
1125 0.326771294887126
1126 0.327048865064729
1127 0.327347329620376
1128 0.327643219369036
1129 0.327954205075119
1130 0.328253102520862
1131 0.328522937582062
1132 0.328789182175158
1133 0.329028257400359
1134 0.329279784161584
1135 0.329569356645912
1136 0.329852147412558
1137 0.330146266902753
1138 0.330451041775802
1139 0.33077105862136
1140 0.331057632099111
1141 0.331361177215124
1142 0.331646802309432
1143 0.331899901106415
1144 0.332142632528585
1145 0.332440500106012
1146 0.332714706011215
1147 0.332984625630307
1148 0.333301727158934
1149 0.33360269004848
1150 0.333877547300371
1151 0.334177178600571
1152 0.334458978659696
1153 0.334730727423871
1154 0.334988611907786
1155 0.33525350925663
1156 0.335502271572818
1157 0.335774731092351
1158 0.336066126084395
1159 0.336355403982285
1160 0.336663794395888
1161 0.336946161227224
1162 0.33720157401115
1163 0.337460743827257
1164 0.337726746290359
1165 0.337978094108807
1166 0.338229548132003
1167 0.338507550557454
1168 0.338756761231922
1169 0.338981764098434
1170 0.339248145340259
1171 0.339543927190711
1172 0.339824720279547
1173 0.340132862775191
1174 0.340406934221189
1175 0.340662497582568
1176 0.340916860082991
1177 0.341147566896767
1178 0.341390332648506
1179 0.341649861008578
1180 0.341880972326962
1181 0.342098534356313
1182 0.342343051368202
1183 0.342567065835715
1184 0.342772580045604
1185 0.343030412446897
1186 0.343296592938259
1187 0.343527974917304
1188 0.34376370238673
1189 0.343985487188828
1190 0.34415771722593
1191 0.344363249642668
1192 0.344600686182637
1193 0.344814290736425
1194 0.345027982792765
1195 0.345223677301436
1196 0.345392487799692
1197 0.345571302781263
1198 0.345747459046629
1199 0.345919459921984
1200 0.346078754099932
1201 0.346254561571183
1202 0.34647162736102
1203 0.346713909601406
1204 0.346916801844207
1205 0.347127527620665
1206 0.347338405005819
1207 0.347514530636641
1208 0.347711942375245
1209 0.347962484936187
1210 0.348165538376492
1211 0.348312091239973
1212 0.348498581812224
1213 0.348687832459105
1214 0.34888431832535
1215 0.349118224542083
1216 0.349331567399066
1217 0.349526233671508
1218 0.349735739040831
1219 0.349944045326922
1220 0.350146132236992
1221 0.350360047771709
1222 0.350602013680065
1223 0.350783099320617
1224 0.350930939213059
1225 0.351109446668164
1226 0.351285227947522
1227 0.351434375823831
1228 0.351569883726619
1229 0.35173455354802
1230 0.351867077423608
1231 0.352032680626982
1232 0.35226710319499
1233 0.352470725829227
1234 0.352647013847729
1235 0.352841709765595
1236 0.353047801601625
1237 0.353257305323947
1238 0.353458543337987
1239 0.353658036085322
1240 0.353863302584907
1241 0.354061218059808
1242 0.354270905070413
1243 0.354502291671464
1244 0.354705250539535
1245 0.354895496031828
1246 0.355091595414777
1247 0.355276802105856
1248 0.355468216513348
1249 0.355669965234118
1250 0.355860076560496
1251 0.356035546464542
1252 0.356223331185858
1253 0.356428456744615
1254 0.356612207264908
1255 0.356775949519826
1256 0.356961547620884
1257 0.357157191734343
1258 0.357326712093881
1259 0.357517192872642
1260 0.357731550395427
1261 0.357932721077297
1262 0.358111488544082
1263 0.358333651362466
1264 0.358590970717479
1265 0.358822666640162
1266 0.359096944806465
1267 0.359294568831264
1268 0.359418958580715
1269 0.359589222726874
1270 0.359737734318923
1271 0.359898331891177
1272 0.360089313722615
1273 0.360273124009971
1274 0.360436520313645
1275 0.360616060151432
1276 0.360819621686009
1277 0.361012635830595
1278 0.361186822646299
1279 0.361389736066022
1280 0.361591996750711
1281 0.361798197989633
1282 0.361999996936662
1283 0.362226600133525
1284 0.36240611507543
1285 0.362559394355564
1286 0.362715979140624
1287 0.36285014970574
1288 0.362987882009016
1289 0.363109081107405
1290 0.363259324392023
1291 0.363429641589451
1292 0.363578891680023
1293 0.363758667842787
1294 0.363896080230469
1295 0.363986755967615
1296 0.364086274786367
1297 0.36417819422416
1298 0.364260177764972
1299 0.364336804274374
1300 0.3644068005612
1301 0.364464642632459
1302 0.364493849662626
1303 0.364567679722777
1304 0.364662090855341
1305 0.364728089084615
1306 0.364818423489581
1307 0.364863759197868
1308 0.364843497900761
1309 0.364888021009144
1310 0.364939157971929
1311 0.365010526675571
1312 0.365118116357566
1313 0.36522102991089
1314 0.365330217812207
1315 0.365443606583472
1316 0.365578396306143
1317 0.365694818537574
1318 0.365808530486428
1319 0.365913569457337
1320 0.365995569062478
1321 0.366092598605775
1322 0.366191396894178
1323 0.366289579129521
1324 0.366405765128931
1325 0.366522006634127
1326 0.366683809031519
1327 0.366881709268201
1328 0.367054267281454
1329 0.367252338127293
1330 0.367431165753628
1331 0.367576678699095
1332 0.367756189876069
1333 0.367966626198934
1334 0.36814933557906
1335 0.368321532208619
1336 0.368506359496855
1337 0.368700896011487
1338 0.368869094641203
1339 0.369050201764021
1340 0.369196712393704
1341 0.369270453290725
1342 0.369400943503096
1343 0.369534135088159
1344 0.369692043920303
1345 0.36991686956235
1346 0.370104742308418
1347 0.370287804708619
1348 0.370470256972411
1349 0.370615145974867
1350 0.370716424585647
1351 0.370858360445064
1352 0.371000466454577
1353 0.371135309023351
1354 0.371291631477972
1355 0.371421726319817
1356 0.371504678815275
1357 0.371646005158722
1358 0.371821026181406
1359 0.371972890734893
1360 0.372127002497464
1361 0.372303043783346
1362 0.372468872704679
1363 0.372653979020827
1364 0.3729019478914
1365 0.373094121775115
1366 0.373244240342131
1367 0.373419348721239
1368 0.373598399956842
1369 0.373756468828393
1370 0.373937823853666
1371 0.374079185866207
1372 0.374180250991975
1373 0.374268122344198
1374 0.374373844395479
1375 0.37442015408971
1376 0.37443999390955
1377 0.374437949511271
1378 0.374405776535494
1379 0.374310382891477
1380 0.374254300866219
1381 0.374200641490042
1382 0.374131817978595
1383 0.37404788951935
1384 0.37399374137736
1385 0.373943752490257
1386 0.373890081701663
1387 0.373904743424839
1388 0.373812237748383
1389 0.37365732989978
1390 0.373501452472362
1391 0.373299433034115
1392 0.373081007344506
1393 0.372853505287148
1394 0.372606539380288
1395 0.372325427374631
1396 0.37203157652405
1397 0.371712007970796
1398 0.371401892437915
1399 0.371067264438631
1400 0.37074871034453
1401 0.370432191788835
1402 0.370153080510833
1403 0.369865815426485
1404 0.369566130947108
1405 0.369279241064969
1406 0.369001434027807
1407 0.368716955058394
1408 0.368424225157091
1409 0.368159594902257
1410 0.367873106258043
1411 0.367675340750993
1412 0.367473207397336
1413 0.367423636219168
1414 0.367471938623067
1415 0.367577960048768
1416 0.367796410385878
1417 0.368046767382684
1418 0.368344793660938
1419 0.368701826704428
1420 0.369155008894469
1421 0.369592247306176
1422 0.370087586937437
1423 0.370549256186577
1424 0.371026468639094
1425 0.371467240054368
1426 0.371901899571026
1427 0.372295211414305
1428 0.37263195651541
1429 0.372979486120425
1430 0.373302060863183
1431 0.373626195689248
1432 0.373942371880963
1433 0.374285069306765
1434 0.37460108037794
1435 0.374896823287426
1436 0.375187153012285
1437 0.375461957603574
1438 0.375742824382075
1439 0.376024235697091
1440 0.376286332642249
1441 0.376540189127846
1442 0.376796764180152
1443 0.377039277082857
1444 0.377283552238321
1445 0.377524709053171
1446 0.377785047920122
1447 0.378054044560012
1448 0.378306385525103
1449 0.378590407936124
1450 0.378819067376717
1451 0.378995605554077
1452 0.379195532432271
1453 0.379387740181867
1454 0.379570465949517
1455 0.379747308150065
1456 0.379931229307288
1457 0.380114179763812
1458 0.38028187710429
1459 0.380459931695216
1460 0.380618731853083
1461 0.380726609216057
1462 0.380876150326092
1463 0.381048392064184
1464 0.381211887001676
1465 0.381388112505688
1466 0.381565348148362
1467 0.381720658761717
1468 0.381904488283763
1469 0.382099409570843
1470 0.382331983945055
1471 0.382564185900149
1472 0.382779649936489
1473 0.382958757316901
1474 0.383124361737542
1475 0.383291190517487
1476 0.383431618783069
1477 0.383604294129837
1478 0.383786206105891
1479 0.383976290185997
1480 0.384181257035183
1481 0.384380242169577
1482 0.384588422568109
1483 0.384791638869351
1484 0.384995915713249
1485 0.38518676738527
1486 0.385376543005872
1487 0.385553730780438
1488 0.385709307384711
1489 0.385880942928734
1490 0.386062184802731
1491 0.386222495078467
1492 0.386358393573451
1493 0.386536342146406
1494 0.386733252884658
1495 0.386906404621734
1496 0.387118029126266
1497 0.387280220745421
1498 0.3873807648902
1499 0.387511647547854
1500 0.387633365662235
1501 0.387770427315529
1502 0.387924260654036
1503 0.388067581686281
1504 0.388201587607201
1505 0.388361707353686
1506 0.388542207856041
1507 0.388708667680614
1508 0.38890609213674
1509 0.389064887303731
1510 0.389184913198479
1511 0.389307889165366
1512 0.389403186380943
1513 0.389516843301282
1514 0.389630143027643
1515 0.389759788413914
1516 0.389889510643501
1517 0.390057059319336
1518 0.390244532466804
1519 0.390406637297796
1520 0.390602454594277
1521 0.390798935946362
1522 0.390991500382863
1523 0.391193710221974
1524 0.391371593614148
1525 0.3915507716223
1526 0.391685224555503
1527 0.391786871829946
1528 0.391892788325544
1529 0.391953934000209
1530 0.392073376104978
1531 0.392214733901969
1532 0.392357042733475
1533 0.392539850019556
1534 0.392671977451571
1535 0.392806395186393
1536 0.392884701093619
1537 0.392893743566401
1538 0.392960031455788
1539 0.392992351084434
1540 0.393091205693988
1541 0.393247625003236
1542 0.393400728423649
1543 0.393591990414887
1544 0.393751149779469
1545 0.393924488658968
1546 0.394066754781407
1547 0.394167549426624
1548 0.394296255537797
1549 0.394421323721901
1550 0.394553782074663
1551 0.394694572118086
1552 0.394845327717635
1553 0.395002528996088
1554 0.395160783334151
1555 0.395342205490016
1556 0.395498730430992
1557 0.395653852416574
1558 0.395785094991107
1559 0.395903737491575
1560 0.395999957054202
1561 0.39604462112018
1562 0.396128691418439
1563 0.396217152862452
1564 0.396306050242442
1565 0.396426713737731
1566 0.396524165036017
1567 0.396600055358689
1568 0.39668082188865
1569 0.396757154386131
1570 0.396836523054035
1571 0.396882077217209
1572 0.396988998785115
1573 0.397143495102953
1574 0.397284604101111
1575 0.397471836940402
1576 0.397635491154025
1577 0.397781688783397
1578 0.397917274735742
1579 0.398043085695909
1580 0.398171129347678
1581 0.398261327808271
1582 0.398393121631532
1583 0.398588351015216
1584 0.398728476269459
1585 0.398851926359662
1586 0.39898159049199
1587 0.399096555410041
1588 0.399181141430615
1589 0.399262362313387
1590 0.399334772039828
1591 0.39932784725405
1592 0.399379886531482
1593 0.399470881588739
1594 0.399570015409503
1595 0.399710519579315
1596 0.399842195804849
1597 0.399975285715314
1598 0.400111576830443
1599 0.400243090085566
1600 0.400385748689362
1601 0.400545870993457
1602 0.400712668441781
1603 0.400888651980346
1604 0.401034530870979
1605 0.401152478325084
1606 0.401239541996535
1607 0.401333228192616
1608 0.401398167336895
1609 0.401496837835372
1610 0.401611333284577
1611 0.401706537581101
1612 0.401797121160613
1613 0.401911105980226
1614 0.402019241242423
1615 0.40215133236772
1616 0.402331180362168
1617 0.40243811287073
1618 0.40251644127372
1619 0.402613141684912
1620 0.402687125692996
1621 0.402762689304096
1622 0.402854550877619
1623 0.402925613755769
1624 0.402965598370522
1625 0.403032333800789
1626 0.403105679238524
1627 0.403199216059606
1628 0.40329948631567
1629 0.403412754834543
1630 0.403552667803179
1631 0.403676643871954
1632 0.403791934734185
1633 0.403939853033936
1634 0.404104749819791
1635 0.404259460931965
1636 0.404435053458574
1637 0.404582688274489
1638 0.404720447376432
1639 0.404830779852954
1640 0.404935982427335
1641 0.404999712562593
1642 0.40500010673571
1643 0.405076993521481
1644 0.405145092576647
1645 0.405275776127292
1646 0.405469829127316
1647 0.405653318882358
1648 0.40587758193453
1649 0.406034557763509
1650 0.406182908186122
1651 0.406316315644163
1652 0.406413518775969
1653 0.406497065777743
1654 0.406560547239279
1655 0.406628148998957
1656 0.406732644675532
1657 0.406868086778314
1658 0.407041866852818
1659 0.40717552996416
1660 0.407234602182805
1661 0.407291514152713
1662 0.40734468172857
1663 0.407374031213224
1664 0.407431431365101
1665 0.407516744994115
1666 0.407563673848448
1667 0.407629104809937
1668 0.407764119601175
1669 0.407913052614749
1670 0.408049314292869
1671 0.408175767970094
1672 0.408268735192728
1673 0.408329415167782
1674 0.408436379109374
1675 0.408544142092654
1676 0.408643005087502
1677 0.408786545898254
1678 0.408884041196007
1679 0.408966115864378
1680 0.409095429275975
1681 0.409179196805219
1682 0.409298655198787
1683 0.409513948093531
1684 0.409685579807369
1685 0.409862935681274
1686 0.410042564286002
1687 0.41015951393754
1688 0.410296707516928
1689 0.410469536660281
1690 0.4106451933482
1691 0.410799858460996
1692 0.410952505248921
1693 0.411090669924453
1694 0.411175554273071
1695 0.411283079253301
1696 0.411449285532528
1697 0.411606325391414
1698 0.41177922368939
1699 0.411945123666684
1700 0.412077297389299
1701 0.412184889393636
1702 0.412270036116983
1703 0.412296975245674
1704 0.412374797290827
1705 0.412462258005901
1706 0.412557170660998
1707 0.412734927371813
1708 0.412819353513211
1709 0.412825573654835
1710 0.412864202959531
1711 0.412899450659236
1712 0.412894536342685
1713 0.412871326842207
1714 0.412838755548113
1715 0.412702033136654
1716 0.412689694379131
1717 0.412773465235969
1718 0.412846623573654
1719 0.412973954049814
1720 0.413078213211991
1721 0.413200122450378
1722 0.413271732375954
1723 0.413328709297758
1724 0.413362065267012
1725 0.413325452930102
1726 0.413318425140987
1727 0.413298570263199
1728 0.413329944983787
1729 0.41339517294527
1730 0.413473865784478
1731 0.413593065491047
1732 0.41370957869938
1733 0.41380337825505
1734 0.413943768012495
1735 0.4141461361812
1736 0.414296174007557
1737 0.4144765493244
1738 0.414574857663798
1739 0.414609987293556
1740 0.414655959620649
1741 0.414621446096414
1742 0.414575288101538
1743 0.41454855586315
1744 0.414580274490817
1745 0.414691525038434
1746 0.414809443379881
1747 0.414930187074034
1748 0.414968082271829
1749 0.41492939416254
1750 0.414888673862895
1751 0.414885675817564
1752 0.414933424541533
1753 0.414973420395359
1754 0.415046202669228
1755 0.415102954461572
1756 0.415072951023861
1757 0.415069153716572
1758 0.415114754722848
1759 0.415115245159619
1760 0.415164800319334
1761 0.415325147576316
1762 0.415409130891752
1763 0.415472349324097
1764 0.415574517503571
1765 0.415567274038407
1766 0.415626970304148
1767 0.41577329025144
1768 0.415822679449596
1769 0.415896034455624
1770 0.41591926112664
1771 0.415863333274732
1772 0.415877828393025
1773 0.415971076276075
1774 0.416185678925058
1775 0.416344750570005
1776 0.416531479152065
1777 0.416683713954183
1778 0.416821821053289
1779 0.416858459073872
1780 0.416834446535266
1781 0.416836113843575
1782 0.416768462637329
1783 0.416757491597463
1784 0.416755841611045
1785 0.416726570917105
1786 0.41676051633937
1787 0.416805012547422
1788 0.416847236755927
1789 0.416940297123413
1790 0.416999940853173
1791 0.417049720659021
1792 0.417152727919317
1793 0.417230268031544
1794 0.417322196432465
1795 0.417435586455688
1796 0.417539111603666
1797 0.417649057207292
1798 0.417761971241756
1799 0.417860573947276
1800 0.417964307387917
1801 0.412691233526568
1802 0.412759487636048
1803 0.412781804170167
1804 0.412777768054851
1805 0.412813458827307
1806 0.412865859992305
1807 0.412923610207153
1808 0.4129278475817
1809 0.413104956235004
1810 0.413429483427641
1811 0.413683155247515
1812 0.413957399004093
1813 0.414101588816473
1814 0.414095131608539
1815 0.414206472193424
1816 0.41425438961734
1817 0.414298492724992
1818 0.41432531250793
1819 0.414362672774007
1820 0.414268576071322
1821 0.414203257647652
1822 0.414214772507173
1823 0.414294419660671
1824 0.414400970943445
1825 0.414468313694867
1826 0.414593081776342
1827 0.414670648736081
1828 0.414655420497239
1829 0.41469212156767
1830 0.414794944220437
1831 0.414797125855657
1832 0.41474855336534
1833 0.414779375847538
1834 0.41476020114871
1835 0.414823776858273
1836 0.414896706683072
1837 0.415072415787614
1838 0.415128067456397
1839 0.415111536204463
1840 0.415145511586525
1841 0.415261069572442
1842 0.415336002475643
1843 0.415470238835353
1844 0.415571000301706
1845 0.41552266042904
1846 0.415518308281674
1847 0.415577609145049
1848 0.415690201074311
1849 0.415785686057045
1850 0.415926282959002
1851 0.416108971574455
1852 0.416147403956457
1853 0.416070286055833
1854 0.416008754088451
1855 0.415936487064903
1856 0.415878903146874
1857 0.415897715239109
1858 0.415889246039343
1859 0.415911788381597
1860 0.415812688247254
1861 0.415736463038088
1862 0.415704139054136
1863 0.415674554461475
1864 0.415588428665275
1865 0.415422655253683
1866 0.415190146097368
1867 0.414883962338363
1868 0.414438109408351
1869 0.414048071147967
1870 0.413688267607412
1871 0.413372655920588
1872 0.413097774791412
1873 0.412769110038396
1874 0.412551370759611
1875 0.412278944144255
1876 0.411900918217731
1877 0.411565056626342
1878 0.411142149041947
1879 0.410637026344339
1880 0.410021557401811
1881 0.409404909273724
1882 0.408710109085634
1883 0.407916246852779
1884 0.407044014344484
1885 0.406124109089371
1886 0.405162860175803
1887 0.404088968734152
1888 0.402946944777357
1889 0.401740504729238
1890 0.400459634846834
1891 0.399089137572617
1892 0.397622932777771
1893 0.396139512678822
1894 0.394672863802767
1895 0.393077634833265
1896 0.391432156981123
1897 0.389775472392744
1898 0.388010342077927
1899 0.386347403996029
1900 0.384697669610403
1901 0.383161337706636
1902 0.381682024970811
1903 0.380292369804569
1904 0.378981821374287
1905 0.377787188594827
1906 0.376782326436964
1907 0.375922104887841
1908 0.375195176658696
1909 0.374624946875008
1910 0.374151483555586
1911 0.373766189650073
1912 0.37353598226008
1913 0.373484388291393
1914 0.373476185522874
1915 0.373515812374869
1916 0.373542395804299
1917 0.373630210168871
1918 0.37381269762358
1919 0.374093364355817
1920 0.374508242359023
1921 0.374865963262517
1922 0.375153422909196
1923 0.375592411173963
1924 0.376080617812659
1925 0.376669481995364
1926 0.377317145452433
1927 0.377980456051399
1928 0.378536679056676
1929 0.378940127599277
1930 0.379346628293539
1931 0.379781532919209
1932 0.380250660912375
1933 0.380791896127481
1934 0.381246933537464
1935 0.381666376018749
1936 0.382142019699083
1937 0.382494507439589
1938 0.382954251879995
1939 0.383501707333875
1940 0.383941377942791
1941 0.384492500648248
1942 0.384993276847337
1943 0.385422010550715
1944 0.385774977508348
1945 0.386184472343261
1946 0.386488200260533
1947 0.386907505592611
1948 0.387391503717731
1949 0.387959775411207
1950 0.388450885682073
1951 0.388990973142506
1952 0.389466104292853
1953 0.389824503873203
1954 0.39019836465521
1955 0.39053082506144
1956 0.390854814736598
1957 0.391126874925728
1958 0.391452632806776
1959 0.391759554482083
1960 0.392170424274698
1961 0.392511458584122
1962 0.392867334347142
1963 0.393275449163614
1964 0.393605203964768
1965 0.39395125430326
1966 0.394337456106562
1967 0.394741277561022
1968 0.395139774241337
1969 0.395556862624316
1970 0.3960911603656
1971 0.396488491734175
1972 0.396818545280326
1973 0.3971007142159
1974 0.397409767647687
1975 0.397675384731867
1976 0.398029738969183
1977 0.398418591834811
1978 0.398751833587613
1979 0.399078255108197
1980 0.399397633091437
1981 0.399667194433889
1982 0.399991815329979
1983 0.400308139117339
1984 0.400637563429166
1985 0.401012172866491
1986 0.401388087349675
1987 0.401701377697997
1988 0.402084023233274
1989 0.402371349767859
1990 0.402669554828544
1991 0.402988769796883
1992 0.403313873360527
1993 0.403643425879278
1994 0.40399722398018
1995 0.404300743820559
1996 0.404522872084133
1997 0.404844282068798
1998 0.405179607559605
1999 0.405613947614874
2000 0.406029501792362
2001 0.40641367548683
2002 0.406738984935698
2003 0.406934339771662
2004 0.407275439734956
2005 0.407716120362616
2006 0.408029202341563
2007 0.408313595834189
2008 0.408636971405797
2009 0.408845334647943
2010 0.409142878765769
2011 0.409564301461522
2012 0.409974025108827
2013 0.410235973560387
2014 0.410533224178938
2015 0.410846877606193
2016 0.411098132585379
2017 0.411426064585473
2018 0.411896957397732
2019 0.412202331426103
2020 0.412424833616382
2021 0.412700025556182
2022 0.412890010784991
2023 0.413139973149724
2024 0.413501905502873
2025 0.413776111562452
2026 0.413945278645069
2027 0.41411401650985
2028 0.414272481452149
2029 0.414452806811454
2030 0.414658062215362
2031 0.414982759463924
2032 0.415192609400522
2033 0.415311370448989
2034 0.41549127797254
2035 0.415636532861252
2036 0.415832407614411
2037 0.416106431897661
2038 0.416348545867167
2039 0.416639543110662
2040 0.416862857650025
2041 0.417017526119147
2042 0.417141132382266
2043 0.417258164155037
2044 0.417276995117995
2045 0.417440682359982
2046 0.417652260038506
2047 0.417880943978874
2048 0.418235618748244
2049 0.418474076649743
2050 0.418657123049719
2051 0.418863148449224
2052 0.41903477455733
2053 0.419200709792304
2054 0.419341118743223
2055 0.419576676305619
2056 0.419736910688576
2057 0.419896012542806
2058 0.419997983174622
2059 0.420025218085102
2060 0.420119108254045
2061 0.420209329668168
2062 0.420269193168366
2063 0.420361106562645
2064 0.420440777384047
2065 0.420381110105083
2066 0.420487841038663
2067 0.4207153077173
2068 0.420919320361016
2069 0.421210243691616
2070 0.421567249034576
2071 0.421802767498849
2072 0.422020215367396
2073 0.422173292102169
2074 0.422195122575238
2075 0.422323749772371
2076 0.422486606538359
2077 0.422609858479817
2078 0.422745438643168
2079 0.422900449122716
2080 0.423005296183887
2081 0.423130641736014
2082 0.423349417477702
2083 0.423483749948388
2084 0.423500195502689
2085 0.42367909199083
2086 0.423727386589116
2087 0.42367899564255
2088 0.423745746054976
2089 0.42382924133277
2090 0.423898865663295
2091 0.423966973835829
2092 0.424147601770774
2093 0.424436292355538
2094 0.424600130981072
2095 0.424781761904111
2096 0.424975840914247
2097 0.425143792731304
2098 0.425202232229876
2099 0.425224535971434
2100 0.425298745535452
2101 0.425207641520074
2102 0.425078776027717
2103 0.425146495738794
2104 0.425375810742428
2105 0.425537308961596
2106 0.425760729685936
2107 0.425976055553849
2108 0.426223356124129
2109 0.426409013913087
2110 0.426611022577989
2111 0.426760720730754
2112 0.426841688607933
2113 0.42691302460402
2114 0.426906629753507
2115 0.426979685636501
2116 0.427083150862151
2117 0.42713841362029
2118 0.427292217671564
2119 0.427565563111653
2120 0.427773519049135
2121 0.427984327395401
2122 0.428222419790857
2123 0.428472444669666
2124 0.428714550890597
2125 0.429072520654279
2126 0.429227636387665
2127 0.429212474697831
2128 0.429309609052854
2129 0.429319270138343
2130 0.429385040636782
2131 0.429583348789354
2132 0.429716678705705
2133 0.429825723477722
2134 0.429905190762288
2135 0.429925592825883
2136 0.429983030238081
2137 0.429911126152756
2138 0.429714335219516
2139 0.429585479156306
2140 0.429437078827665
2141 0.42922997303861
2142 0.429019852176118
2143 0.42878110762108
2144 0.428462373269649
2145 0.42817577336746
2146 0.427900885549267
2147 0.427613828531892
2148 0.427239416668351
2149 0.426974000540284
2150 0.426879216546011
2151 0.426619940763455
2152 0.426282491727776
2153 0.426026656066749
2154 0.42562488125724
2155 0.425188330995767
2156 0.42486839956734
2157 0.424642484423874
2158 0.424362177157469
2159 0.424118006860899
2160 0.423831549398181
2161 0.423555173861308
2162 0.42322285936372
2163 0.422834857647423
2164 0.422461540177776
2165 0.422069590785539
2166 0.421664716345959
2167 0.421308917813548
2168 0.42083529603736
2169 0.420232316459743
2170 0.419682376087712
2171 0.418977247348257
2172 0.41847750738074
2173 0.418124158631404
2174 0.417808003064126
2175 0.417497904374454
2176 0.417328728563719
2177 0.417003826154295
2178 0.416650126823114
2179 0.416205936930684
2180 0.415683104216269
2181 0.415147490705532
2182 0.414430921207048
2183 0.41394239726784
2184 0.41363182167972
2185 0.41313067912774
2186 0.412692352063976
2187 0.412151708791343
2188 0.411397452959629
2189 0.410727598576951
2190 0.410077002517633
2191 0.409402166928723
2192 0.408585013110174
2193 0.407976777599024
2194 0.407496751012387
2195 0.407076038922154
2196 0.406659678475062
2197 0.406286587709046
2198 0.405771531696006
2199 0.405062007838332
2200 0.404574041852375
2201 0.404145201954869
2202 0.403682871516538
2203 0.403261203493411
2204 0.402870753732487
2205 0.402380802015274
2206 0.402140021320322
2207 0.402046913672843
2208 0.402053662516654
2209 0.402210726693674
2210 0.402427793503282
2211 0.402806077581039
2212 0.403152125941927
2213 0.40365097469805
2214 0.404027204302593
2215 0.40418915300241
2216 0.404592244375953
2217 0.405212635522707
2218 0.405622088142047
2219 0.406083556529981
2220 0.406642548982791
2221 0.40703441679843
2222 0.407202535091446
2223 0.407523079732286
2224 0.407952413690094
2225 0.40821038226206
2226 0.408336733176788
2227 0.408579065396047
2228 0.408785802000635
2229 0.409011693034787
2230 0.409378207938144
2231 0.409591934632224
2232 0.409738456414699
2233 0.409828942977862
2234 0.409726339391848
2235 0.409813736540686
2236 0.410049956816922
2237 0.410078255813656
2238 0.410079924612853
2239 0.410107478025029
2240 0.409985806820691
2241 0.409896592228216
2242 0.409830815337584
2243 0.409852419076832
2244 0.409850546416063
2245 0.409841146932941
2246 0.410241129445086
2247 0.41062167981068
2248 0.410689002186782
2249 0.410826566703263
2250 0.410947773462753
2251 0.410840344057225
2252 0.411004488639239
2253 0.411458494017003
2254 0.41160524081009
2255 0.41164118793868
2256 0.411723334257273
2257 0.411690636311713
2258 0.411748757677526
2259 0.411923539698536
2260 0.411981803689329
2261 0.411932460199031
2262 0.412001236563769
2263 0.412117191482871
2264 0.412163205580231
2265 0.412265735216938
2266 0.412328938326358
2267 0.412274203625537
2268 0.412272883364601
2269 0.41231832460996
2270 0.412337415738316
2271 0.412411343030804
2272 0.412397310537123
2273 0.412346769712324
2274 0.412217206042914
2275 0.411818190845017
2276 0.411646307107711
2277 0.411369535278406
2278 0.411569751791087
2279 0.411784143788098
2280 0.411944612376182
2281 0.41221955052252
2282 0.41242183182227
2283 0.412588452905553
2284 0.412741418014815
2285 0.412652210686625
2286 0.412271561841138
2287 0.412124851685876
2288 0.411864763461745
2289 0.41180702571405
2290 0.411956101838302
2291 0.412009801128992
2292 0.412162579747945
2293 0.412123771097017
2294 0.411994987096225
2295 0.411889536741929
2296 0.411625377137349
2297 0.411485006324159
2298 0.4113648819808
2299 0.41137723400476
2300 0.411556319614022
2301 0.411564221101145
2302 0.411777377343475
2303 0.411663236006384
2304 0.411113564142992
2305 0.410847466273647
2306 0.410443129889718
2307 0.410224986311176
2308 0.410285889113681
2309 0.410252807933814
2310 0.410236680925803
2311 0.410306260831948
2312 0.410632580569124
2313 0.410584326165193
2314 0.410236779946813
2315 0.410084987643646
2316 0.409651870538916
2317 0.409445408300644
2318 0.409639571794414
2319 0.40979794116051
2320 0.410092120607706
2321 0.41012226592504
2322 0.41034507270015
2323 0.41036667623222
2324 0.410289802972362
2325 0.410186289655569
2326 0.40997220797237
2327 0.409821622459314
2328 0.409857115638558
2329 0.409993639281237
2330 0.410110655485291
2331 0.410041804658634
2332 0.409505531535465
2333 0.408772503496983
2334 0.407840140777883
2335 0.407222355586831
2336 0.407336510826836
2337 0.408128034599687
2338 0.408378231321911
2339 0.409240071834549
2340 0.409209392196178
2341 0.40833163208103
2342 0.40811364446053
2343 0.407941010710861
2344 0.407808106295598
2345 0.407869514660553
2346 0.407567723599833
2347 0.407297419796346
2348 0.406603290279336
2349 0.405236907675079
2350 0.404820866028105
2351 0.404311341150242
2352 0.404497566289976
2353 0.40579454640595
2354 0.40635522018818
2355 0.407024704200834
2356 0.407404772251637
2357 0.407351480637943
2358 0.407676565103695
2359 0.408399029614554
2360 0.408173850894696
2361 0.407576602953178
2362 0.40702244515569
2363 0.405514134417846
2364 0.404928055366304
2365 0.404890316817928
2366 0.40484864403196
2367 0.405174574322446
2368 0.40525152523214
2369 0.405566596739923
2370 0.405431263577425
2371 0.404687626017845
2372 0.404580989653331
2373 0.404825806957413
2374 0.404513990747974
2375 0.404125235387594
2376 0.403961969935812
2377 0.40338410090556
2378 0.403104460083609
2379 0.403528579630489
2380 0.403533629839613
2381 0.40324084592507
2382 0.402638941381814
2383 0.401565616187352
2384 0.401275430911105
2385 0.401290543534288
2386 0.400976900913002
2387 0.400740273422037
2388 0.400921878452217
2389 0.401067865606696
2390 0.401254919147425
2391 0.4022680075098
2392 0.402791814887698
2393 0.402532879945788
2394 0.402477517923027
2395 0.402976781321996
2396 0.402949069334525
2397 0.402316632588045
2398 0.401957505424306
2399 0.401348419494104
2400 0.40111801658949
2401 0.401302441138317
2402 0.40130686544487
2403 0.401444039692943
2404 0.40132730046537
2405 0.401272243798696
2406 0.400808803290508
2407 0.399807881886917
2408 0.39903780724586
2409 0.397993291409212
2410 0.397122089654084
2411 0.396344447220664
2412 0.396309164282868
2413 0.396735126402569
2414 0.39655613421258
2415 0.396536246278664
2416 0.396583833231035
2417 0.396243722517707
2418 0.396506049625616
2419 0.398120997193828
2420 0.397646307093835
2421 0.395608534764123
2422 0.394768152907706
2423 0.393720127994305
2424 0.392315332318121
2425 0.391316994728377
2426 0.390613988693379
2427 0.388939949414914
2428 0.388280661873295
2429 0.389053000217907
2430 0.389007624878188
2431 0.388344179257487
2432 0.388604645587193
2433 0.390093755559071
2434 0.390058254442381
2435 0.389561402321291
2436 0.388796835082724
2437 0.386856127506915
2438 0.385598596943006
2439 0.38453833675975
2440 0.384054974799647
2441 0.38363230584585
2442 0.383244556708529
2443 0.384753409206444
2444 0.385166475782933
2445 0.383984153142483
2446 0.383172922798633
2447 0.381361925612791
2448 0.37989176151597
2449 0.379403167275817
2450 0.379098382048233
2451 0.378212620262411
2452 0.37745153652351
2453 0.377477893473125
2454 0.378200164998744
2455 0.380064913015134
2456 0.381203970758144
2457 0.381091906810047
2458 0.379481386542537
2459 0.377784480111783
2460 0.378234847590253
2461 0.379489165159361
2462 0.382000130677326
2463 0.382938115403638
2464 0.381969502114749
2465 0.38053585450358
2466 0.377129612165367
2467 0.375629503729937
2468 0.374010833103119
2469 0.373132034600474
2470 0.373968854087195
2471 0.374314503978178
2472 0.375083047525729
2473 0.375437209722828
2474 0.376460444740175
2475 0.375956515834331
2476 0.37332737717147
2477 0.372090016125403
2478 0.369851474302427
2479 0.370088857943141
2480 0.374244889590412
2481 0.374407021736211
2482 0.373008674898304
2483 0.372709518506695
2484 0.370065064481385
2485 0.369459992158283
2486 0.372036900973661
2487 0.372071683023931
2488 0.370613856885931
2489 0.370767296832251
2490 0.370671035149162
2491 0.373470690299775
2492 0.374970311216132
2493 0.373456994960253
2494 0.372153811514694
2495 0.371118779480425
2496 0.369106100555461
2497 0.370277675016057
2498 0.372527401241267
2499 0.371458835292106
2500 0.368635338477172
