"Wavelength" "M086a_m2-w3"
350 0.090450827727915
351 0.0914229009243868
352 0.0885952335337204
353 0.0842473373342506
354 0.0815593193157429
355 0.0838625804103834
356 0.0895072448815149
357 0.0938948010787845
358 0.0911729541290849
359 0.0873409490292892
360 0.0840497322892025
361 0.0837587611497045
362 0.0918669221072616
363 0.0928311122111187
364 0.089509823057013
365 0.0886181448138732
366 0.0900134444226113
367 0.0883966791894292
368 0.0866104212727772
369 0.0907098356307344
370 0.0909041085504132
371 0.0891307107527672
372 0.0887859516943419
373 0.0932980478484896
374 0.0941465420530038
375 0.0921688921519668
376 0.0907106816768685
377 0.0943353723825538
378 0.0934996420969487
379 0.0897943168425474
380 0.0887494703836177
381 0.0895922354513571
382 0.0908850496425817
383 0.0916848565059739
384 0.0916782863720162
385 0.0903391838335687
386 0.0905771471902673
387 0.0928248787116026
388 0.0910012168684293
389 0.0927363908786783
390 0.0943350778512493
391 0.0908571481181888
392 0.0894371356741903
393 0.0911354961052188
394 0.0929073731850017
395 0.0897148330531616
396 0.0914754173068501
397 0.0931279953879662
398 0.0918414102817629
399 0.0930109171425507
400 0.0938275023350245
401 0.0934469592562366
402 0.0922037151010281
403 0.0927557275262412
404 0.0939866803020229
405 0.0946310258633503
406 0.0937785833905035
407 0.0945595500153021
408 0.0956415498194484
409 0.0959575341797646
410 0.0961452995171462
411 0.096161821929245
412 0.0963176737585864
413 0.0967978739416792
414 0.0968338042283316
415 0.0968698467867703
416 0.0970434313040662
417 0.0972071496596384
418 0.0975500822508941
419 0.0978345443176396
420 0.0979274672162648
421 0.0979442357124015
422 0.0987302243912758
423 0.0997903895862166
424 0.100200737628013
425 0.0996027860938027
426 0.099600023136069
427 0.100260114994321
428 0.100129969231061
429 0.100281638337013
430 0.100734281451816
431 0.101426873820791
432 0.102783180502851
433 0.103086753822965
434 0.102758377504076
435 0.103029348982355
436 0.103182136423717
437 0.103404117248644
438 0.10383930683816
439 0.104495567506609
440 0.10480121355913
441 0.104935124020891
442 0.105157368628984
443 0.105291366856091
444 0.105627222789095
445 0.10623920596018
446 0.106984565317489
447 0.107080822535113
448 0.107076442499029
449 0.107374766449702
450 0.107875817949694
451 0.108180889257624
452 0.108319464268367
453 0.108497869400319
454 0.109040694135628
455 0.109110428124619
456 0.108991509694256
457 0.109841159879472
458 0.110198913485604
459 0.110151964308448
460 0.110092845891076
461 0.110469836667051
462 0.110887256008988
463 0.111109961655799
464 0.111077971776386
465 0.111376857485302
466 0.111780601890495
467 0.111998617860241
468 0.111750368546583
469 0.112260722479407
470 0.112948922403297
471 0.113107961923736
472 0.113207102047329
473 0.113383263584461
474 0.113604524458712
475 0.113730201107471
476 0.113775985291693
477 0.11398968110524
478 0.114384278816257
479 0.114453295915
480 0.114609954779121
481 0.115054733247823
482 0.115744088956083
483 0.115760881408034
484 0.115805293658197
485 0.116189856079529
486 0.116693319993213
487 0.116715902201725
488 0.116751424111294
489 0.117210079407174
490 0.117440274769705
491 0.11775647126226
492 0.118139735396098
493 0.11838972709118
494 0.118633871875792
495 0.118991500068185
496 0.119455627587781
497 0.119797434631268
498 0.120141317381698
499 0.120522686749944
500 0.120942300075988
501 0.121385752551751
502 0.121680854854944
503 0.121909647950128
504 0.12242001694409
505 0.12284205361842
506 0.123125747111214
507 0.123359450503437
508 0.123841769604067
509 0.1241370100455
510 0.124323626420856
511 0.124773974978151
512 0.125180167412647
513 0.125571144906414
514 0.125967967912596
515 0.126268626798369
516 0.126678548281658
517 0.127096778463667
518 0.12737584650557
519 0.127833665456903
520 0.128353362541425
521 0.128801063651441
522 0.129060555817559
523 0.129448895639239
524 0.129877823559796
525 0.130215934734751
526 0.130572515536184
527 0.130990981644818
528 0.131432455736225
529 0.13180596058378
530 0.132216234992696
531 0.132749815380434
532 0.133340906663924
533 0.133554306065318
534 0.133839773237228
535 0.134259692356679
536 0.134696419109913
537 0.135125796996689
538 0.135605724783746
539 0.1361238968437
540 0.136547580115714
541 0.136961590477795
542 0.137409365699401
543 0.13789583792628
544 0.138308946422596
545 0.138687459659912
546 0.139090680788922
547 0.139586831661482
548 0.140110631605979
549 0.140624467124699
550 0.141143930937285
551 0.141835297952627
552 0.142533425030565
553 0.143157161822225
554 0.143693125312988
555 0.144237605779812
556 0.144701507068317
557 0.145071536668596
558 0.145544339041398
559 0.146075052661841
560 0.146571560815419
561 0.146952397588167
562 0.147398855945007
563 0.147843800261985
564 0.148248929241326
565 0.148643241621977
566 0.1490309692471
567 0.149369694681686
568 0.149663845118305
569 0.150156468480227
570 0.150712014600459
571 0.151314349765063
572 0.152061142771394
573 0.152815023029654
574 0.153501486942433
575 0.154078417584687
576 0.154531920078528
577 0.154987759534504
578 0.155415492161135
579 0.155698636382291
580 0.155869674313906
581 0.156024505481249
582 0.156218739540044
583 0.15640795897416
584 0.15673336933001
585 0.157157956190777
586 0.157578375102385
587 0.157941720291484
588 0.158327108725431
589 0.158776648087805
590 0.159276206749847
591 0.159715517469106
592 0.160209910537295
593 0.160840606866574
594 0.161328782093496
595 0.161698986928249
596 0.16204033143096
597 0.162482422785164
598 0.162974634081055
599 0.163395720825405
600 0.163685770244399
601 0.163963534234416
602 0.164205468244339
603 0.164396314155737
604 0.164551014800012
605 0.164931391690419
606 0.165247934891557
607 0.16540701967828
608 0.165747497250203
609 0.166138300482998
610 0.166491312896585
611 0.166767859557394
612 0.167135765385652
613 0.167578544592141
614 0.168004528235093
615 0.168257689661219
616 0.168645342951556
617 0.169079495179186
618 0.169416096743804
619 0.169655012418193
620 0.169990946249441
621 0.170418270479745
622 0.170785043801982
623 0.171133217676807
624 0.171507097148736
625 0.171916542630069
626 0.172287328954993
627 0.172655172692396
628 0.173032000616254
629 0.173414558001249
630 0.173764532147133
631 0.174131266685915
632 0.174534283775529
633 0.174936528296792
634 0.175305149790992
635 0.17563777717471
636 0.175961050548006
637 0.176369233855843
638 0.17678664035575
639 0.177191650477348
640 0.177619743657327
641 0.177959996963577
642 0.178333311308848
643 0.178815830390883
644 0.179210757696793
645 0.179542905903966
646 0.179865305537255
647 0.180248002331997
648 0.180708773043438
649 0.181176719204194
650 0.181604272395031
651 0.182010653543302
652 0.182413968065909
653 0.182809279832273
654 0.183183787372078
655 0.183533587122344
656 0.183926762624345
657 0.184371737753496
658 0.184800043394775
659 0.185238711907117
660 0.185671972746624
661 0.186084726331454
662 0.186493190946435
663 0.18695197549318
664 0.187433422998028
665 0.187854229925171
666 0.188294934087899
667 0.188769876916473
668 0.18925616505801
669 0.18966921535452
670 0.190065406388578
671 0.190487457893919
672 0.190960489200902
673 0.191412031979626
674 0.191899692407147
675 0.192408468468402
676 0.192806890995418
677 0.19319575807205
678 0.193639818664338
679 0.194158308232227
680 0.194640872153981
681 0.195121107182091
682 0.195593207924379
683 0.19602116158344
684 0.196457182212248
685 0.196934524860587
686 0.197451934413819
687 0.19793638886497
688 0.198420732990606
689 0.198950729181648
690 0.199551829690329
691 0.200065825031556
692 0.200519677194097
693 0.200964774294088
694 0.201461085479811
695 0.201956896887541
696 0.20243994227711
697 0.202920369613889
698 0.203452506935243
699 0.203992922721189
700 0.204513284762539
701 0.20500339807891
702 0.205496321717295
703 0.206006037617938
704 0.206543954451652
705 0.207136789802351
706 0.207656273631893
707 0.208152938439011
708 0.208735637009308
709 0.209323019351007
710 0.209824271461573
711 0.210256924373068
712 0.210774255722305
713 0.211417879244905
714 0.212052248390451
715 0.212562292016446
716 0.213081476158066
717 0.213651889630198
718 0.214248327520734
719 0.214799842248186
720 0.215325773968711
721 0.21585024310608
722 0.216403303676742
723 0.217036089142962
724 0.217589380001065
725 0.218142757526363
726 0.218806881330775
727 0.219351325184857
728 0.219893546244363
729 0.220456289562633
730 0.220950853545885
731 0.22151387918646
732 0.222077238302824
733 0.222593483731371
734 0.223199276838744
735 0.22379146870505
736 0.224321681408272
737 0.224797662933452
738 0.225416823485449
739 0.226008518806858
740 0.226532584624973
741 0.227181042601825
742 0.227757056962643
743 0.228294875815847
744 0.228873183030321
745 0.229503228387939
746 0.2301089845173
747 0.230684404739503
748 0.231271264405706
749 0.231846477749766
750 0.232461665703696
751 0.233115307795395
752 0.233702360519583
753 0.234254879947879
754 0.234819030363514
755 0.23542165406525
756 0.235979659801045
757 0.236496906563387
758 0.2370348268914
759 0.237681428165719
760 0.238245972260964
761 0.238779192194176
762 0.239350567936722
763 0.239989564207877
764 0.240613303588471
765 0.241218628185621
766 0.241819384295578
767 0.242354127535622
768 0.242865927327204
769 0.243414518057302
770 0.244058011420252
771 0.244666985456519
772 0.245299791805768
773 0.245969344050812
774 0.246506257062088
775 0.24703553874649
776 0.247608149952455
777 0.248231807410425
778 0.248820573870772
779 0.249431089632358
780 0.250074665714193
781 0.250712790692522
782 0.251322620848026
783 0.251878416468399
784 0.252400808691276
785 0.253012588313119
786 0.253578184897047
787 0.254143832591977
788 0.254784552245718
789 0.255371013701465
790 0.255919436429702
791 0.256474534961408
792 0.257090914705388
793 0.257665733106711
794 0.258280932155851
795 0.258952515491401
796 0.259506187572606
797 0.260044858754449
798 0.260622642384205
799 0.261255213633861
800 0.261864033866768
801 0.262453244416075
802 0.263024172601629
803 0.263580757038155
804 0.264166779437471
805 0.264795602639961
806 0.265424946236437
807 0.26592999047438
808 0.266595274578546
809 0.267336706190163
810 0.26799122876498
811 0.268533005312768
812 0.269039389843949
813 0.26955533302634
814 0.270098345983283
815 0.270640669892956
816 0.271273701744495
817 0.271995124899499
818 0.27267649386341
819 0.273261025848167
820 0.273747749258186
821 0.274189881683295
822 0.274721662560106
823 0.275292787260461
824 0.275899053619379
825 0.276532937637409
826 0.277105874048322
827 0.277663089982886
828 0.278239768691346
829 0.278849715897349
830 0.279442551085739
831 0.280029154109785
832 0.280617692737427
833 0.281198057900152
834 0.281705118897719
835 0.282197332531421
836 0.282738158733253
837 0.283297150799953
838 0.283842739465341
839 0.284420811667816
840 0.285076298002653
841 0.285635428644088
842 0.286141606138672
843 0.286674727729859
844 0.287320807244956
845 0.287997784276912
846 0.288551935041289
847 0.288998460924344
848 0.289640344207494
849 0.290192043455379
850 0.290689099689675
851 0.291225966548437
852 0.291803928402867
853 0.292364900279644
854 0.292898581713318
855 0.293438402547706
856 0.294117365144823
857 0.294718669476784
858 0.295238306125014
859 0.295844998639507
860 0.296385144596024
861 0.296953903237435
862 0.297590883974142
863 0.298213602565745
864 0.298747978701831
865 0.299252300742606
866 0.299794900622196
867 0.300392695804755
868 0.300912885110429
869 0.301416407717126
870 0.301998403419988
871 0.302590205392819
872 0.303144454588831
873 0.303697491795003
874 0.304309834437597
875 0.304847969434051
876 0.30537349548819
877 0.305963691914367
878 0.306667458784815
879 0.307250455528486
880 0.30773292960539
881 0.308184817201345
882 0.308678814690436
883 0.309203816736322
884 0.309749412031001
885 0.310323492122355
886 0.310983380619839
887 0.311681634149979
888 0.312287033816071
889 0.312730679835955
890 0.313251196070028
891 0.313799791328036
892 0.31433595931395
893 0.314854771415597
894 0.315534963911425
895 0.316169137223262
896 0.316715135969831
897 0.317261341877744
898 0.317712374129346
899 0.318285007119687
900 0.318990344983405
901 0.319589286122748
902 0.320006082953879
903 0.320458968504768
904 0.321028464521548
905 0.321515192282844
906 0.322086207512532
907 0.322658769322276
908 0.323203246482068
909 0.323919723853877
910 0.324508852650782
911 0.325043883465653
912 0.325634418936405
913 0.326151038308824
914 0.32666158973011
915 0.327198828719002
916 0.32777815306817
917 0.32840119907981
918 0.329031128722484
919 0.329601951383802
920 0.330069221259913
921 0.330527657062658
922 0.331063882826638
923 0.331734286705198
924 0.33250125058838
925 0.332928287288048
926 0.333420626552871
927 0.334041422605397
928 0.334540209204961
929 0.334990292161755
930 0.335520935279774
931 0.336151305012886
932 0.336774385357325
933 0.337270166133823
934 0.337791403065939
935 0.338410943340987
936 0.339047792141442
937 0.339560195120889
938 0.340124810959063
939 0.34079248167189
940 0.341367455674479
941 0.341937471758631
942 0.342542547423489
943 0.343128310388027
944 0.343522569830412
945 0.344125066879643
946 0.344783839726579
947 0.345332499902977
948 0.345820887740643
949 0.346460090341172
950 0.347119652365743
951 0.347647949238095
952 0.34803865778488
953 0.34859615730822
954 0.349174508374689
955 0.349630643340125
956 0.350099816310735
957 0.350715519832083
958 0.351382168400996
959 0.351973407346695
960 0.352464491492958
961 0.352992972612909
962 0.353596231429325
963 0.354213310662287
964 0.35463552005609
965 0.355292245112577
966 0.356058597294183
967 0.356705171717135
968 0.357175776594924
969 0.357732263048413
970 0.358258951422661
971 0.358658794505923
972 0.359133691946407
973 0.359690855505627
974 0.360273696881097
975 0.360833311103566
976 0.361398944915707
977 0.361827229260318
978 0.362288251420062
979 0.362877378028509
980 0.363364041048881
981 0.36379856616985
982 0.364403305072285
983 0.365208854295153
984 0.365834192508043
985 0.366326926444705
986 0.366787808618906
987 0.367285909262118
988 0.367796922587471
989 0.368350719222298
990 0.368916320104281
991 0.369475617610076
992 0.370048005931899
993 0.370638710480195
994 0.37118505988127
995 0.371695059238446
996 0.372256673249646
997 0.372686453866105
998 0.373155159386893
999 0.373687685505529
1000 0.374141635381333
1001 0.362551969894679
1002 0.362979336044495
1003 0.363315670971398
1004 0.363782169630958
1005 0.364339427968792
1006 0.364885323849825
1007 0.365467940051338
1008 0.366117195317464
1009 0.366658163807883
1010 0.367059156787981
1011 0.367396368023864
1012 0.367706027221297
1013 0.368062891248646
1014 0.368495663876421
1015 0.368969418113346
1016 0.369405628286386
1017 0.369865299392405
1018 0.37036972773174
1019 0.370829349018284
1020 0.37126959440402
1021 0.371701796000393
1022 0.372179571181732
1023 0.3726029973736
1024 0.373066635286195
1025 0.37364960132654
1026 0.374164809665845
1027 0.374676818599153
1028 0.375222426661806
1029 0.375680868216244
1030 0.376145732508437
1031 0.376611313323983
1032 0.377084582690059
1033 0.377523330327432
1034 0.378016371154421
1035 0.378525932758756
1036 0.379101968517808
1037 0.37967378292667
1038 0.380302611516016
1039 0.380913040395326
1040 0.381444228273396
1041 0.381951348408287
1042 0.382398190026341
1043 0.382884436691822
1044 0.383418696748602
1045 0.383927768058675
1046 0.384457632802766
1047 0.384993699681801
1048 0.385543792051847
1049 0.386033322475844
1050 0.386561637714638
1051 0.387132895094842
1052 0.387582475136346
1053 0.388023998947943
1054 0.38851055484335
1055 0.388888175533256
1056 0.38926399708672
1057 0.38970619814141
1058 0.390106533037043
1059 0.390496688100789
1060 0.39095695833734
1061 0.391463211593524
1062 0.391881232210792
1063 0.392272149176921
1064 0.392579276196802
1065 0.392859539330978
1066 0.393143632466401
1067 0.393425062433181
1068 0.393734935686839
1069 0.394047165179952
1070 0.394268465144851
1071 0.394398282484267
1072 0.394576284049502
1073 0.394788905284229
1074 0.394939436302847
1075 0.395112293748321
1076 0.39524858326796
1077 0.395359018240363
1078 0.395440347735152
1079 0.395527093640059
1080 0.395584926798631
1081 0.395698076265243
1082 0.395795730143278
1083 0.395922880293548
1084 0.396038550838415
1085 0.396107471254341
1086 0.396251127615358
1087 0.396333731597018
1088 0.396433812584933
1089 0.396583194172754
1090 0.396635546862338
1091 0.396724558098655
1092 0.396816906316358
1093 0.396933713871145
1094 0.397057371401283
1095 0.397205839040432
1096 0.39736323222326
1097 0.397507182120476
1098 0.397664810382873
1099 0.397871119164473
1100 0.398121500077063
1101 0.398333051014993
1102 0.39850235953128
1103 0.39869896494569
1104 0.398869633907099
1105 0.39908794109268
1106 0.399364844764751
1107 0.399714663554702
1108 0.400045945153651
1109 0.400407386407705
1110 0.400783585360683
1111 0.40112068518074
1112 0.401471848047694
1113 0.401861282908916
1114 0.402248410130459
1115 0.402677332884593
1116 0.403112030498172
1117 0.403512375194283
1118 0.403971843154076
1119 0.404443077379808
1120 0.404937133764895
1121 0.405454367625972
1122 0.406020714706085
1123 0.406543052375151
1124 0.407077404069241
1125 0.407590858001006
1126 0.408084007378362
1127 0.408573454774182
1128 0.409057376068069
1129 0.409537477430697
1130 0.410069072378265
1131 0.410592662311254
1132 0.411125536924535
1133 0.411690977489821
1134 0.41224700219201
1135 0.412806686840239
1136 0.413341664804242
1137 0.413875663901464
1138 0.414395870119781
1139 0.414842908129855
1140 0.415379441912044
1141 0.415989213563584
1142 0.416562762954408
1143 0.417157954762579
1144 0.417755209399505
1145 0.418304514648356
1146 0.418819454774529
1147 0.419332612230474
1148 0.419854002612374
1149 0.420390664856318
1150 0.420881399968051
1151 0.421362144266139
1152 0.421911128253001
1153 0.42243724964415
1154 0.422970539591633
1155 0.423476879159692
1156 0.423996653794696
1157 0.424461129305354
1158 0.424862808838805
1159 0.425312156797973
1160 0.425768154095657
1161 0.426194097099384
1162 0.426660345220209
1163 0.427134912801174
1164 0.427562678192084
1165 0.428003225457534
1166 0.428411167782003
1167 0.428812064541575
1168 0.429248935493864
1169 0.429638666055604
1170 0.430048080089326
1171 0.430484606850215
1172 0.430899369121258
1173 0.431317718104163
1174 0.431693803365447
1175 0.432059905598752
1176 0.432385310891968
1177 0.432633996509833
1178 0.432927832564826
1179 0.433232683430668
1180 0.433514243059975
1181 0.433819199474545
1182 0.434139327310523
1183 0.434401542761069
1184 0.434643547227812
1185 0.434898956009571
1186 0.435155163471393
1187 0.435396255982722
1188 0.435652395894611
1189 0.43587334220675
1190 0.436046333628785
1191 0.436250895455018
1192 0.436480558968161
1193 0.436678508886671
1194 0.436879568887857
1195 0.437051318776424
1196 0.437160675943858
1197 0.43730802541159
1198 0.437470418127506
1199 0.437629936869653
1200 0.437763312748971
1201 0.437896689582114
1202 0.438051690242669
1203 0.438234373560347
1204 0.438442815657803
1205 0.438715634681673
1206 0.438963831163062
1207 0.439219504356451
1208 0.439464755506738
1209 0.43971964088642
1210 0.43995872419246
1211 0.440167619807488
1212 0.440400713979714
1213 0.440647038612485
1214 0.440890675428505
1215 0.441151607874616
1216 0.441403256098975
1217 0.441647402957465
1218 0.441881017361352
1219 0.442137772985102
1220 0.442380474709924
1221 0.442630857879344
1222 0.442896090957679
1223 0.443132403458007
1224 0.443351058067456
1225 0.443584243861684
1226 0.443806993526671
1227 0.444040892922171
1228 0.444290316720585
1229 0.444530983809549
1230 0.444761642002136
1231 0.445002812539076
1232 0.445238284876404
1233 0.44549571803453
1234 0.44577572961236
1235 0.446049376982797
1236 0.446322402133815
1237 0.446635184678143
1238 0.446894600804909
1239 0.447129343870468
1240 0.447389335304985
1241 0.447643372978239
1242 0.447889470910318
1243 0.448147463880346
1244 0.448400274912962
1245 0.448621421182004
1246 0.448884840294347
1247 0.449178962804076
1248 0.449465086941589
1249 0.449756260449766
1250 0.45005894093773
1251 0.450356704764021
1252 0.450680434613769
1253 0.451048082643738
1254 0.451390360244658
1255 0.451735405882004
1256 0.4520789396189
1257 0.452396806571924
1258 0.452727882194673
1259 0.453093301888008
1260 0.453480480682967
1261 0.453874063776894
1262 0.454308240643577
1263 0.454708963281614
1264 0.455108768394671
1265 0.455493923244192
1266 0.455870254758393
1267 0.456231368246829
1268 0.456564751959328
1269 0.456918764634662
1270 0.457290257098083
1271 0.457618134875059
1272 0.457927013293116
1273 0.458243322653968
1274 0.458537833073696
1275 0.45882024039028
1276 0.459122240031172
1277 0.459392525030932
1278 0.459630259439524
1279 0.459856383754685
1280 0.460039481893045
1281 0.460209968665664
1282 0.460318892048319
1283 0.46037057357628
1284 0.460411039132011
1285 0.460399792019321
1286 0.460408389373332
1287 0.46040909701448
1288 0.460391747735174
1289 0.460378921343119
1290 0.460329860171341
1291 0.46027220304325
1292 0.460162026500681
1293 0.460035514132051
1294 0.45984659124674
1295 0.459579892696891
1296 0.459309625295855
1297 0.458984583015199
1298 0.458667604783968
1299 0.458337796085378
1300 0.458014198495307
1301 0.457676828853173
1302 0.457328656471035
1303 0.456987049347254
1304 0.456649120450266
1305 0.456290401855216
1306 0.455913453946574
1307 0.455564750507236
1308 0.455179981615475
1309 0.454879459492613
1310 0.454640619451306
1311 0.454394789778241
1312 0.454161045830538
1313 0.453981875697222
1314 0.453831839733364
1315 0.453699541075089
1316 0.453623511565787
1317 0.453550700598649
1318 0.453468264048527
1319 0.453424583486276
1320 0.453419823066541
1321 0.453427038845578
1322 0.453443850969294
1323 0.453482867735559
1324 0.453589801939233
1325 0.453722696106652
1326 0.453918696432374
1327 0.45419312118283
1328 0.454458568605373
1329 0.454757020632
1330 0.455063090418372
1331 0.455366709818908
1332 0.455731961162289
1333 0.456149270292691
1334 0.456551099355401
1335 0.456988020141847
1336 0.457421996631967
1337 0.457841139546339
1338 0.458282165787407
1339 0.45874884437094
1340 0.459217617597552
1341 0.45967875510419
1342 0.460168923578564
1343 0.460687193984905
1344 0.461205574631335
1345 0.461771103192503
1346 0.462295249015637
1347 0.462785462838452
1348 0.463293708296677
1349 0.463802601050196
1350 0.46429427665029
1351 0.464797608760376
1352 0.465309432065435
1353 0.4658498316332
1354 0.466406782665506
1355 0.466943615082747
1356 0.467509554284953
1357 0.468051408426352
1358 0.468558875116387
1359 0.469080544900064
1360 0.469606352968224
1361 0.470139710515838
1362 0.470668578828572
1363 0.471198220176394
1364 0.471744065119346
1365 0.47227768224434
1366 0.472790891348258
1367 0.473315882022721
1368 0.473846973311972
1369 0.474374871934719
1370 0.474939283446812
1371 0.475443061408032
1372 0.475929541652658
1373 0.47638424403729
1374 0.476800054579662
1375 0.477150365466337
1376 0.477424802830147
1377 0.477636521234221
1378 0.477821701252686
1379 0.477896293369828
1380 0.478055996125942
1381 0.478238137232246
1382 0.478389622698138
1383 0.478553852389362
1384 0.478687405527885
1385 0.478810845718798
1386 0.478881191357778
1387 0.478960890264172
1388 0.478939829166861
1389 0.478836603934919
1390 0.478705281018604
1391 0.47851015102597
1392 0.478286343234647
1393 0.478008260588506
1394 0.477728891169469
1395 0.477416794215801
1396 0.477091389697242
1397 0.476766098490707
1398 0.476410205913837
1399 0.476036666406329
1400 0.475626313055622
1401 0.475175245077238
1402 0.474718660850002
1403 0.474231703636859
1404 0.473742506059959
1405 0.47324468048868
1406 0.47274687200966
1407 0.4722296618266
1408 0.471667600572306
1409 0.471184808273318
1410 0.470681096583002
1411 0.470302564331556
1412 0.469946290759243
1413 0.469773597886099
1414 0.469708658218898
1415 0.469759451580045
1416 0.469985272475328
1417 0.470232083131445
1418 0.470573095756117
1419 0.470947493120773
1420 0.471415682909521
1421 0.471862029278836
1422 0.472360230312032
1423 0.472822937266718
1424 0.473307875345725
1425 0.473732244844032
1426 0.474114691562982
1427 0.474491272882024
1428 0.474799841770202
1429 0.475144635695273
1430 0.475504922114776
1431 0.475869051352221
1432 0.476236897270729
1433 0.476620836838782
1434 0.477037197839503
1435 0.477432668261206
1436 0.477823943821492
1437 0.478237153425432
1438 0.478597374862277
1439 0.478935709754467
1440 0.479236599317931
1441 0.479494688826438
1442 0.479768771961101
1443 0.480001457055434
1444 0.480279940544664
1445 0.480580346740615
1446 0.480887172449636
1447 0.481213017554588
1448 0.481531597745844
1449 0.481870939392917
1450 0.482179215581642
1451 0.482479708743414
1452 0.482764011805726
1453 0.483010750050176
1454 0.48328526342626
1455 0.483559339502181
1456 0.483843333369474
1457 0.484175425517524
1458 0.484443912775106
1459 0.484682782856139
1460 0.484917149064001
1461 0.485099999702735
1462 0.485308933418222
1463 0.485517390290803
1464 0.485742909541627
1465 0.485988097849158
1466 0.486225567826731
1467 0.486449162485527
1468 0.486716047750444
1469 0.486988595426176
1470 0.487289998536558
1471 0.487659137611496
1472 0.488010615578488
1473 0.48836361399081
1474 0.488674745522096
1475 0.488958167481417
1476 0.489192624694528
1477 0.48947764606089
1478 0.489746854403381
1479 0.490050504823988
1480 0.490409582159673
1481 0.490701885202817
1482 0.490970588770439
1483 0.491251686748064
1484 0.491515698087811
1485 0.491775300622713
1486 0.492028368206618
1487 0.492300639793587
1488 0.492548057899977
1489 0.492849634635776
1490 0.493194946462091
1491 0.493546565588128
1492 0.493933864024823
1493 0.494297504746704
1494 0.494702116956752
1495 0.495033323727163
1496 0.495334305192554
1497 0.495596750482715
1498 0.495794852427943
1499 0.495998373815237
1500 0.496154627674757
1501 0.496346392702067
1502 0.496548746969021
1503 0.496743594110736
1504 0.496945696441374
1505 0.497156053811967
1506 0.497360523255041
1507 0.49757646365409
1508 0.497826573059124
1509 0.498045746091286
1510 0.498242714438021
1511 0.498446864619771
1512 0.498639995169639
1513 0.498835363473669
1514 0.499023590380675
1515 0.499236702215042
1516 0.499446499146572
1517 0.499687157497619
1518 0.499957349262313
1519 0.500211239395898
1520 0.500456059388926
1521 0.500680623902835
1522 0.500907472365988
1523 0.501122825867723
1524 0.501333806566666
1525 0.501549775892046
1526 0.501738915082475
1527 0.501900467186425
1528 0.502082712218935
1529 0.502237252189194
1530 0.502459218192761
1531 0.502711670966366
1532 0.502985655803608
1533 0.503330579778023
1534 0.503598375492914
1535 0.503875364841284
1536 0.504080112546863
1537 0.504218286348197
1538 0.504364638249108
1539 0.504444595180599
1540 0.504601219460818
1541 0.504777867964569
1542 0.504966896674053
1543 0.50519696449772
1544 0.505418208325285
1545 0.505627559191531
1546 0.505875972367772
1547 0.506179883263347
1548 0.506430963708646
1549 0.506689035225756
1550 0.50691364853482
1551 0.507089235884888
1552 0.507275247502136
1553 0.507440955966477
1554 0.507632922641307
1555 0.507840857447095
1556 0.508028954439783
1557 0.508215886508234
1558 0.508413053376406
1559 0.508601013614826
1560 0.508789363845914
1561 0.50900909204526
1562 0.509194733421914
1563 0.509363734845943
1564 0.50950882134184
1565 0.509630067271032
1566 0.509745011608376
1567 0.509781848832025
1568 0.509913702452302
1569 0.51007741632412
1570 0.510275236062159
1571 0.510555860803977
1572 0.510826086983882
1573 0.511134476877968
1574 0.511405640915698
1575 0.511689901580708
1576 0.511934309232568
1577 0.512132891475022
1578 0.512325165003705
1579 0.512484070020134
1580 0.512653258705494
1581 0.512810635437894
1582 0.512974335780342
1583 0.513142596189733
1584 0.513314549328888
1585 0.513482605135525
1586 0.513663182890156
1587 0.513889137883943
1588 0.514061164001479
1589 0.514211951147517
1590 0.514351036290773
1591 0.514405583795257
1592 0.514521977634443
1593 0.514674326718837
1594 0.514829924825365
1595 0.515042036525818
1596 0.515221486802934
1597 0.515353048572941
1598 0.515528925302786
1599 0.515720375732323
1600 0.515904910233074
1601 0.516151606584316
1602 0.516431952163236
1603 0.516710465143765
1604 0.516959281013189
1605 0.517197962982029
1606 0.517431069895175
1607 0.51762559610618
1608 0.517780859551634
1609 0.517978029890921
1610 0.518165328385541
1611 0.518359559376956
1612 0.518581903398257
1613 0.518779763783352
1614 0.51894553137392
1615 0.519164944216777
1616 0.519428353523088
1617 0.519614861271452
1618 0.519786287790594
1619 0.519968011176743
1620 0.520106293873264
1621 0.520269148791177
1622 0.520477200457869
1623 0.52062666363651
1624 0.520726216990828
1625 0.520871938690367
1626 0.521007582178506
1627 0.521197937710186
1628 0.521422731640538
1629 0.521645598963101
1630 0.521899976305967
1631 0.522152731289911
1632 0.522407334772569
1633 0.522673021794144
1634 0.522970682945935
1635 0.523214609316271
1636 0.523437092033678
1637 0.523662589629884
1638 0.523855445465603
1639 0.524087127325631
1640 0.524349234309589
1641 0.524566331621633
1642 0.524777064603633
1643 0.524987940751822
1644 0.525163487414923
1645 0.525379825939503
1646 0.525622191286218
1647 0.525851419532846
1648 0.526103626920125
1649 0.526294875297355
1650 0.526457533116949
1651 0.526633405620295
1652 0.526766282667881
1653 0.526952410971479
1654 0.527151409644157
1655 0.527411610834822
1656 0.527707736261338
1657 0.527959836790573
1658 0.528267069508416
1659 0.528533135073303
1660 0.528682199717109
1661 0.528834774944926
1662 0.52898739520166
1663 0.529066560796738
1664 0.529196924456122
1665 0.529356983694147
1666 0.529490737607126
1667 0.529701860066339
1668 0.529924696469566
1669 0.530169965824408
1670 0.530445786169172
1671 0.530647125627613
1672 0.530810558988729
1673 0.530971565973128
1674 0.531144092897401
1675 0.531353798133583
1676 0.531625009009776
1677 0.531938833138248
1678 0.532215311522386
1679 0.532502590845269
1680 0.532797194969452
1681 0.533028517968563
1682 0.533318005662916
1683 0.533648830771641
1684 0.533929872916809
1685 0.534223655888579
1686 0.534493359455784
1687 0.534760553291507
1688 0.535038672939563
1689 0.535310812281505
1690 0.5356310303568
1691 0.535920669473038
1692 0.536207382780653
1693 0.536526248650021
1694 0.536796234376299
1695 0.537040721536293
1696 0.537309213890438
1697 0.53761140080753
1698 0.537888038051076
1699 0.538187202705855
1700 0.538442194944221
1701 0.538625936304681
1702 0.538836221759892
1703 0.53904708771755
1704 0.539243217325692
1705 0.539425591393272
1706 0.539634800867152
1707 0.53985736796737
1708 0.54004751498839
1709 0.540243095345955
1710 0.540431770712709
1711 0.540607195522996
1712 0.540767689105222
1713 0.540926039122241
1714 0.54105575036052
1715 0.54109545028895
1716 0.541229974785139
1717 0.541400963736695
1718 0.541615235097535
1719 0.541951614477819
1720 0.542179497752176
1721 0.542395389508576
1722 0.542547854517121
1723 0.542601432578025
1724 0.54270152422447
1725 0.542761056196851
1726 0.542868847523029
1727 0.54301674355412
1728 0.543151796888755
1729 0.543298151912388
1730 0.543483554648698
1731 0.543657088495092
1732 0.543905917846777
1733 0.5442167891219
1734 0.544533110563982
1735 0.544956673020886
1736 0.545224852608413
1737 0.545450122494019
1738 0.545618518462206
1739 0.545671498503547
1740 0.545768496949888
1741 0.545815068681209
1742 0.545874816989423
1743 0.545912493377087
1744 0.545995979176276
1745 0.546167703269095
1746 0.546344961535936
1747 0.546609386518436
1748 0.546830813198487
1749 0.547021005130276
1750 0.547279367804658
1751 0.547510883095615
1752 0.547761338389531
1753 0.548002643647856
1754 0.548163249470395
1755 0.548299833301255
1756 0.548373731171138
1757 0.548421795735894
1758 0.548509578587561
1759 0.548565966277237
1760 0.548721729593832
1761 0.548987910739551
1762 0.549178868330849
1763 0.549447438639327
1764 0.54974080977223
1765 0.549936922494465
1766 0.550254955569782
1767 0.550537002728904
1768 0.550673571752923
1769 0.550829952073611
1770 0.550935380026383
1771 0.551020738503538
1772 0.551143821508347
1773 0.551308826072947
1774 0.5515076042336
1775 0.551763076630166
1776 0.552125274229504
1777 0.552440683508768
1778 0.552820024692855
1779 0.553037061927295
1780 0.553086422569289
1781 0.553183994343973
1782 0.553269546301407
1783 0.553300207999384
1784 0.553419762001855
1785 0.553475912554599
1786 0.553600409098866
1787 0.553836405573844
1788 0.55408558643177
1789 0.554449004058115
1790 0.554831505560401
1791 0.555209585329655
1792 0.555625476926426
1793 0.556072957604694
1794 0.556463698937148
1795 0.556814552442183
1796 0.557284711235652
1797 0.557720204219657
1798 0.558072263663665
1799 0.55842030240182
1800 0.558706528237528
1801 0.556122077797733
1802 0.556207503330909
1803 0.556277066850163
1804 0.556289566435785
1805 0.556391818134437
1806 0.556521044832846
1807 0.556664148660683
1808 0.556873576471023
1809 0.557087415066015
1810 0.557356539188353
1811 0.557552252624464
1812 0.55780480751311
1813 0.55789361127504
1814 0.557857786073548
1815 0.557870253628055
1816 0.557856701382999
1817 0.557700633625579
1818 0.557781218429389
1819 0.558020478369197
1820 0.558178634599728
1821 0.55830720255834
1822 0.55823622914443
1823 0.55807711048971
1824 0.558034809131742
1825 0.558066062904949
1826 0.558318174330256
1827 0.558420460275173
1828 0.558431439295143
1829 0.558462012914648
1830 0.55848430991079
1831 0.558482816516284
1832 0.558459890318863
1833 0.558615423523648
1834 0.558616096460566
1835 0.558598488524416
1836 0.5586913186692
1837 0.558862811845118
1838 0.55891876819308
1839 0.558961964203873
1840 0.559111460368165
1841 0.559197481530762
1842 0.559298314965028
1843 0.559522622461975
1844 0.559734502341022
1845 0.559757751450481
1846 0.559751769836379
1847 0.559771152218805
1848 0.559783711751788
1849 0.559734602209423
1850 0.559748616747425
1851 0.559800683413931
1852 0.559779776123939
1853 0.559761623774145
1854 0.559761559552694
1855 0.559719974592802
1856 0.559688946751794
1857 0.55967582051757
1858 0.559650043621827
1859 0.559611198537599
1860 0.559558989918415
1861 0.559525680023442
1862 0.559348592796213
1863 0.558989683225145
1864 0.558617154221846
1865 0.558134166677294
1866 0.557573427271841
1867 0.55707565610119
1868 0.556585276594041
1869 0.556099930335345
1870 0.555657094902989
1871 0.555389549502608
1872 0.55512844689862
1873 0.554709221056573
1874 0.554274094369837
1875 0.553658107704952
1876 0.552873137643429
1877 0.55211113336925
1878 0.551229339519442
1879 0.550244442331167
1880 0.54913623867789
1881 0.548028699690282
1882 0.54679717529598
1883 0.545455311261097
1884 0.544078469096823
1885 0.542510118924332
1886 0.540818832502545
1887 0.539018949976399
1888 0.537090916769318
1889 0.535003415250546
1890 0.532875237429925
1891 0.530707571291046
1892 0.528476545886771
1893 0.526230631689962
1894 0.523855626687025
1895 0.521318007668784
1896 0.518624576883126
1897 0.515869791665875
1898 0.513139363248752
1899 0.510509805825431
1900 0.507823464844303
1901 0.505439571956374
1902 0.503209420634325
1903 0.501158164101998
1904 0.499253442724238
1905 0.497502393845798
1906 0.495919643877558
1907 0.494410099810229
1908 0.493154371381476
1909 0.492205558143183
1910 0.491375864488972
1911 0.490745466027444
1912 0.490246814492899
1913 0.489940443575084
1914 0.489713358961909
1915 0.489605674230872
1916 0.489518924482297
1917 0.489549122147762
1918 0.489757490680697
1919 0.490059124942759
1920 0.490572229563878
1921 0.491126110567928
1922 0.491845649515476
1923 0.492512494927103
1924 0.49321056560676
1925 0.493968129557319
1926 0.494760135147538
1927 0.495451224203478
1928 0.496168178806633
1929 0.496862640137826
1930 0.497449393465998
1931 0.498066303953967
1932 0.498714339345358
1933 0.499327297493033
1934 0.500003572467493
1935 0.500737948341545
1936 0.501521927627055
1937 0.502163793383024
1938 0.502926891651802
1939 0.503654891756189
1940 0.504235877037666
1941 0.504981043287091
1942 0.505706654667886
1943 0.506372430275789
1944 0.506993428302601
1945 0.507647392159344
1946 0.508236463329559
1947 0.50888673225043
1948 0.509557643464167
1949 0.510319771962329
1950 0.511014007075206
1951 0.511708711703521
1952 0.512362468730755
1953 0.512911209872429
1954 0.513447719376968
1955 0.513893987510696
1956 0.514389796571377
1957 0.514846915521414
1958 0.515376390686996
1959 0.51594256259891
1960 0.516595626917869
1961 0.517081124130994
1962 0.517536793040828
1963 0.518098614564471
1964 0.518639324014183
1965 0.519213083664956
1966 0.51988327826717
1967 0.520586124941635
1968 0.521291864321785
1969 0.522010025708289
1970 0.522925002917627
1971 0.523634994697773
1972 0.52426129700989
1973 0.524746945166097
1974 0.525272512662288
1975 0.525783883239289
1976 0.526298805485771
1977 0.526839359774884
1978 0.527424406692954
1979 0.528051566080108
1980 0.528640915124027
1981 0.529262501534141
1982 0.529884431960728
1983 0.53044095804849
1984 0.531047696776441
1985 0.531689923636857
1986 0.532395150767405
1987 0.533020387504466
1988 0.5336611460709
1989 0.534303348981988
1990 0.534870464111891
1991 0.535500419555811
1992 0.536189877002757
1993 0.53681969106765
1994 0.537455345759283
1995 0.538047294842107
1996 0.538551492969004
1997 0.539094714496731
1998 0.539638009353623
1999 0.540194140870526
2000 0.540781983780339
2001 0.541388041757933
2002 0.541876366289757
2003 0.542294017826724
2004 0.542770831258008
2005 0.543156200031046
2006 0.543632261249839
2007 0.544191711199188
2008 0.544724295068349
2009 0.545256279851068
2010 0.545795980232528
2011 0.546356924407946
2012 0.546955072233671
2013 0.547395764427273
2014 0.54788953695046
2015 0.548405658864571
2016 0.548877900242466
2017 0.549376896752989
2018 0.549965914831601
2019 0.550480738677465
2020 0.550950069937656
2021 0.551437411567065
2022 0.551956034818743
2023 0.552386641848004
2024 0.552770728805118
2025 0.553116799429723
2026 0.55342796525563
2027 0.553877995672024
2028 0.554287450210721
2029 0.554633789234648
2030 0.554898644851522
2031 0.55502777653635
2032 0.555216904865287
2033 0.555283050339479
2034 0.555533769740943
2035 0.555855093359798
2036 0.556242488409394
2037 0.556857586606279
2038 0.557321970177657
2039 0.557798940752514
2040 0.55815902054548
2041 0.558554695825094
2042 0.558888941817664
2043 0.559194557188781
2044 0.559501457730966
2045 0.559819123533851
2046 0.560059347918109
2047 0.560343971032566
2048 0.560670849273439
2049 0.560985580445996
2050 0.561269931994596
2051 0.56157550437638
2052 0.561964494948165
2053 0.562266007489522
2054 0.562428793304022
2055 0.562785266077455
2056 0.563061117255897
2057 0.563323080836214
2058 0.563559469315863
2059 0.563746216697043
2060 0.564032146628346
2061 0.564384949400288
2062 0.564607244220085
2063 0.564869420848703
2064 0.565068334649865
2065 0.565057783446115
2066 0.565197545776354
2067 0.565416604617104
2068 0.565629701650123
2069 0.565943499794126
2070 0.566200309822891
2071 0.566483296976576
2072 0.566814585211215
2073 0.567102642153833
2074 0.567393091042974
2075 0.567605204180293
2076 0.567766182124888
2077 0.567945508091191
2078 0.568064515612101
2079 0.568225618324117
2080 0.568380980611587
2081 0.568578214420151
2082 0.568784965629165
2083 0.56901861055577
2084 0.569294219916469
2085 0.569651872076936
2086 0.569896534711908
2087 0.57010106112063
2088 0.570313454806498
2089 0.570489201984327
2090 0.570674712438379
2091 0.570806339608988
2092 0.571070555118513
2093 0.571432250264669
2094 0.571699660695832
2095 0.572061679073436
2096 0.572341415044886
2097 0.572450111438573
2098 0.57263059796483
2099 0.57286201095045
2100 0.573031268816543
2101 0.573295116852927
2102 0.573629276282722
2103 0.573839217787729
2104 0.574048987166695
2105 0.574228752955399
2106 0.57425975395205
2107 0.574457123929275
2108 0.57474097653093
2109 0.575011857072333
2110 0.575351640891658
2111 0.575638387733808
2112 0.575907372812122
2113 0.576191975054384
2114 0.576516978011846
2115 0.576752086165833
2116 0.576916602353575
2117 0.577107836216634
2118 0.577241881567824
2119 0.577546830339129
2120 0.577857945425053
2121 0.578339222927382
2122 0.578640196043177
2123 0.578849325370022
2124 0.579166263889467
2125 0.579538210853999
2126 0.579794663301953
2127 0.580026301112678
2128 0.580283605340152
2129 0.58045431275698
2130 0.580630792402117
2131 0.580968042076633
2132 0.581136455632226
2133 0.58113147803842
2134 0.581142016908368
2135 0.581189190104332
2136 0.5811095315154
2137 0.581141472788446
2138 0.58126785488407
2139 0.581271774736848
2140 0.581262386122166
2141 0.581191952944307
2142 0.581040365779431
2143 0.580871126384008
2144 0.58070798612509
2145 0.580459841140918
2146 0.580091261088873
2147 0.579777299970904
2148 0.579411666775591
2149 0.579071147842158
2150 0.578849820654766
2151 0.578491361973136
2152 0.57795056219803
2153 0.5775569865146
2154 0.577257489205695
2155 0.576861809519109
2156 0.576462342485189
2157 0.576178531628774
2158 0.575754813008546
2159 0.575135380248867
2160 0.574684024423003
2161 0.574370869744946
2162 0.573874361522491
2163 0.573276353556639
2164 0.572768311041104
2165 0.572188495089399
2166 0.571683236449534
2167 0.57139127061502
2168 0.570879253124252
2169 0.570219556522663
2170 0.569603588609964
2171 0.568810750874496
2172 0.56817564919383
2173 0.567673267702304
2174 0.567134910326324
2175 0.566681177017598
2176 0.566340419461285
2177 0.565892008128706
2178 0.565455526497385
2179 0.564985165061113
2180 0.56455718462551
2181 0.563919251904799
2182 0.563078163853991
2183 0.562424284030241
2184 0.561671823588805
2185 0.561007266427759
2186 0.560549202211084
2187 0.560007758397777
2188 0.55946225109606
2189 0.558818663714087
2190 0.558152390473923
2191 0.557449861296744
2192 0.556531825139102
2193 0.555776373761641
2194 0.555165678234694
2195 0.554487340252323
2196 0.55380402496681
2197 0.553124121211988
2198 0.552439459742015
2199 0.551694165383194
2200 0.551002698913858
2201 0.550391416102063
2202 0.54967529790796
2203 0.548843614421433
2204 0.548141469358597
2205 0.547367957188655
2206 0.546843241095626
2207 0.546403738972534
2208 0.546206618235622
2209 0.546175723485616
2210 0.546362006071912
2211 0.546854709880706
2212 0.547387596148449
2213 0.548207401145942
2214 0.548937789053263
2215 0.5497319552799
2216 0.550471906688683
2217 0.551197333655546
2218 0.551937819268131
2219 0.552401518874563
2220 0.553031624106591
2221 0.553621572979623
2222 0.554099115691957
2223 0.554730618863431
2224 0.555626853354914
2225 0.556075518708601
2226 0.556369719846845
2227 0.556624977338385
2228 0.55652276238382
2229 0.556725493749256
2230 0.557092520213525
2231 0.557372898327695
2232 0.557776944889855
2233 0.55796661515087
2234 0.557917364983004
2235 0.558063508848027
2236 0.558307218400554
2237 0.558343125783274
2238 0.558400617837316
2239 0.55839726871799
2240 0.55806027465469
2241 0.557952197292095
2242 0.557978498713687
2243 0.558023908251338
2244 0.55825474445322
2245 0.558256668555251
2246 0.558388812265146
2247 0.558644400949335
2248 0.558551420855783
2249 0.558634685951291
2250 0.558746460017177
2251 0.558760337197252
2252 0.558964357999378
2253 0.559473423279168
2254 0.559616459156176
2255 0.559614164066148
2256 0.559720634819209
2257 0.559661015203193
2258 0.559801686940414
2259 0.560237489733721
2260 0.560380071150621
2261 0.56027418727801
2262 0.560477878557528
2263 0.560808069705144
2264 0.560955958282775
2265 0.561279673163417
2266 0.561441949932733
2267 0.561211807199089
2268 0.561253292691507
2269 0.561612341766035
2270 0.561620375260747
2271 0.561462485671181
2272 0.561402523916937
2273 0.561156282549055
2274 0.560991828710465
2275 0.560874624009422
2276 0.560846509296707
2277 0.560736313662327
2278 0.560926673743984
2279 0.560993556030615
2280 0.561049239296582
2281 0.561239542847329
2282 0.561239748693158
2283 0.561361055222319
2284 0.561535310516826
2285 0.561502850246689
2286 0.56124571544623
2287 0.561096339930238
2288 0.560913925250492
2289 0.560775516400679
2290 0.560532295899208
2291 0.560509871841678
2292 0.560660643012867
2293 0.560669592261742
2294 0.560770848179443
2295 0.560850439097054
2296 0.560974338949161
2297 0.560754803910788
2298 0.560345821325584
2299 0.560072540510915
2300 0.559248078320297
2301 0.55921015948292
2302 0.56017125277569
2303 0.560207701032634
2304 0.559988412554399
2305 0.559970881722645
2306 0.559488505820684
2307 0.559146960611406
2308 0.559185128675892
2309 0.559106725177007
2310 0.558571267853221
2311 0.558560761794728
2312 0.559202984776313
2313 0.559431611249195
2314 0.559548092556701
2315 0.559743306002882
2316 0.559857724390632
2317 0.55987711013166
2318 0.560203050930851
2319 0.560214271659679
2320 0.560007653452461
2321 0.559324458982451
2322 0.55889742095866
2323 0.558693879415288
2324 0.558540874446209
2325 0.558092875928391
2326 0.557806128700967
2327 0.557180358148011
2328 0.556507449979528
2329 0.556638265948033
2330 0.557009875641978
2331 0.557181935977614
2332 0.557052592132758
2333 0.557131877278059
2334 0.557065199011273
2335 0.556370310667593
2336 0.556078384819163
2337 0.556018746146795
2338 0.55588594871475
2339 0.555813042503965
2340 0.555571009158938
2341 0.555383127929927
2342 0.554970416120084
2343 0.554190441412829
2344 0.553586961762534
2345 0.552959111834064
2346 0.55245621685119
2347 0.552039583184907
2348 0.551526655703868
2349 0.551095425692622
2350 0.550650994007932
2351 0.549902893309788
2352 0.549652187784069
2353 0.549600641781755
2354 0.549890334863302
2355 0.550988745287277
2356 0.551114331475725
2357 0.550753372974854
2358 0.550985020104867
2359 0.55121957264626
2360 0.551111567691677
2361 0.55146759403286
2362 0.551145080890398
2363 0.54948397583548
2364 0.548985532070277
2365 0.549063293648865
2366 0.549170992456931
2367 0.549800449632122
2368 0.550137007890038
2369 0.550596575802373
2370 0.550466431835028
2371 0.549943280220826
2372 0.54960051093334
2373 0.548801295042731
2374 0.548434618133502
2375 0.548570341652289
2376 0.548215624085995
2377 0.547716985509735
2378 0.547329068017471
2379 0.546608418286924
2380 0.546395751798702
2381 0.546578274560585
2382 0.546076865769545
2383 0.545516855761846
2384 0.545167117947458
2385 0.544366291191186
2386 0.544192292004061
2387 0.544907107207902
2388 0.544731035799311
2389 0.543716765433063
2390 0.54384338826347
2391 0.544638141016675
2392 0.544643937272638
2393 0.545211797490767
2394 0.545087505869553
2395 0.543634925749726
2396 0.543066867092102
2397 0.542719029493539
2398 0.542496523977428
2399 0.542349988240044
2400 0.542449095221296
2401 0.54322034960477
2402 0.543270405774621
2403 0.543236791095327
2404 0.54315380453389
2405 0.54279466276595
2406 0.542286814790542
2407 0.541716495076128
2408 0.540875023771709
2409 0.539382775773405
2410 0.537974597502984
2411 0.536533963699475
2412 0.535241110092442
2413 0.533626160372039
2414 0.533097979606139
2415 0.533213677230409
2416 0.53342363162225
2417 0.534343840073116
2418 0.534835649326501
2419 0.536108135107759
2420 0.535299621438045
2421 0.532939805465637
2422 0.532048329599488
2423 0.530304234789284
2424 0.529034328504088
2425 0.52942806235459
2426 0.528497488383496
2427 0.526143443300654
2428 0.525338796694626
2429 0.525353882072449
2430 0.524294678850165
2431 0.522819204371792
2432 0.522002125451067
2433 0.521494540879586
2434 0.52043890919411
2435 0.519705227401897
2436 0.518956020588057
2437 0.516984910980443
2438 0.516075628829903
2439 0.516455020409549
2440 0.516112637869026
2441 0.515662073545938
2442 0.515347448893311
2443 0.514254818969116
2444 0.512559798099596
2445 0.510887435499721
2446 0.510956875833351
2447 0.511777791433383
2448 0.512850901222019
2449 0.51459258309471
2450 0.515058097896
2451 0.513880198655584
2452 0.51191391678947
2453 0.51074007529946
2454 0.511174629749041
2455 0.510450427255202
2456 0.508882811516898
2457 0.508130902100788
2458 0.50585798519039
2459 0.50322548505856
2460 0.503403243001159
2461 0.503373611427286
2462 0.501633100735546
2463 0.501309867114355
2464 0.50069412880475
2465 0.500200882446143
2466 0.501305495028774
2467 0.500799678031738
2468 0.499963510650223
2469 0.49767976928289
2470 0.491331012679677
2471 0.489339159889568
2472 0.487674909775385
2473 0.488924172257024
2474 0.497669131441466
2475 0.499551978140804
2476 0.499904983130953
2477 0.498857005218491
2478 0.490884960481137
2479 0.48996549187283
2480 0.493519627054551
2481 0.493100252387644
2482 0.493450441383873
2483 0.493263851613924
2484 0.490649411975411
2485 0.48894118287845
2486 0.489304459360964
2487 0.487125343554337
2488 0.481064779809545
2489 0.480267106643304
2490 0.481753664207259
2491 0.482647527432061
2492 0.485490443656543
2493 0.484985988105729
2494 0.48335955506536
2495 0.484420513484422
2496 0.484411029585532
2497 0.482355100608759
2498 0.482502366253928
2499 0.485503191248932
2500 0.483136203585358
