"Wavelength" "M088a_m5-w1"
350 0.122040031862664
351 0.119773816903261
352 0.115582768109578
353 0.110724909148773
354 0.106851710424087
355 0.105469541772875
356 0.106344667524709
357 0.107130645403284
358 0.104555957168338
359 0.105398103403133
360 0.104212475705001
361 0.101243008010996
362 0.110105124449489
363 0.10794324841765
364 0.10164879110047
365 0.10170181065211
366 0.0981956939993619
367 0.0975594417968155
368 0.100597372772621
369 0.103653390508807
370 0.0986807130350782
371 0.09397665721678
372 0.0930222217740481
373 0.0914134588748914
374 0.0933317689224818
375 0.0942307570855568
376 0.091730165371994
377 0.0941706108793948
378 0.0910407002817022
379 0.086526656279179
380 0.0881236829757925
381 0.0860577935129357
382 0.0862168331035396
383 0.0886847286864053
384 0.0876393168527924
385 0.0863914470391919
386 0.0856044465778869
387 0.0854817689151826
388 0.0866484389689557
389 0.0849704553937631
390 0.0830061303469142
391 0.0838200563533542
392 0.081449221854751
393 0.0799887383935116
394 0.0796945653781734
395 0.0778070486502065
396 0.0796270743482298
397 0.0804394635424617
398 0.0782480924532516
399 0.0785479097272954
400 0.0797119784620903
401 0.0796326249263007
402 0.0771989054434752
403 0.0760926221266581
404 0.07635047098057
405 0.0771734956742308
406 0.0773175034942308
407 0.0761420229213214
408 0.0755836461089809
409 0.0763303021377094
410 0.0762186967694123
411 0.0754318544095977
412 0.0753006041171046
413 0.0766612060186896
414 0.0764590035778627
415 0.0757468427649749
416 0.0755648442904155
417 0.0765739768887868
418 0.076187567195878
419 0.0756858634502996
420 0.0759583342573257
421 0.0757184315995012
422 0.0760625541268804
423 0.0766611446634925
424 0.0767749949516254
425 0.0762874292884722
426 0.0763543107485878
427 0.0769148836731928
428 0.0767196256816529
429 0.0763106811858101
430 0.0762299157310044
431 0.0767371274792442
432 0.0775065600973912
433 0.0777238593762666
434 0.0774751242912083
435 0.0773135739671858
436 0.0776683132483874
437 0.0779459690675651
438 0.077865735967899
439 0.0776414187664753
440 0.0780935281206095
441 0.0786364961145656
442 0.0785970562989594
443 0.0780985631794881
444 0.0782830683849808
445 0.0789773091779771
446 0.079246891805302
447 0.0793888938036057
448 0.0795173182845356
449 0.0797055566165285
450 0.0800007805846524
451 0.0800314824617712
452 0.0798385625546439
453 0.0797029473181411
454 0.0803279745328118
455 0.0806671524961913
456 0.0805421701171417
457 0.0805733668989447
458 0.0808912491137934
459 0.0810413106182628
460 0.080868583085885
461 0.0811664595207983
462 0.0816512404251607
463 0.0817948342800219
464 0.0812347395690351
465 0.081443743197912
466 0.0818270568478584
467 0.0819471174929444
468 0.0817803534223597
469 0.081830126518503
470 0.0820400339463731
471 0.0822634802696349
472 0.0826128652859553
473 0.0828607377633625
474 0.0829502206495563
475 0.0829499571046999
476 0.0829043603194664
477 0.0829060215998183
478 0.0830409530064999
479 0.0834290454569089
480 0.0834758869755253
481 0.0835514158560973
482 0.0841036648935385
483 0.083906643976438
484 0.0838942830034305
485 0.0843063506207842
486 0.0845085409748557
487 0.0848131570075216
488 0.0850203434530174
489 0.085002982397077
490 0.0851675552236818
491 0.0852858764242077
492 0.0853806161147532
493 0.085605556086016
494 0.0857913585978749
495 0.0859910658759164
496 0.0862480593267962
497 0.0865495747408684
498 0.0867596484549684
499 0.0869287811133597
500 0.0871303936550232
501 0.0871424776895888
502 0.0872508956777006
503 0.0875173699575594
504 0.0877370249484354
505 0.0880069700577266
506 0.0882223672832337
507 0.0883381222545843
508 0.0886282286667019
509 0.0888716290332019
510 0.0890808032216025
511 0.0893934847576661
512 0.0895399922436697
513 0.089714608040959
514 0.0900242663245233
515 0.0902909397034497
516 0.0905089488489142
517 0.0906896950555458
518 0.0908683359145534
519 0.0911185845731044
520 0.0914398666197668
521 0.0917684978036058
522 0.0919755077750234
523 0.0921256595443233
524 0.092306222263674
525 0.09257625814694
526 0.0928807163324051
527 0.0931642821952041
528 0.0934105239873397
529 0.0936387298653656
530 0.0939227686950855
531 0.0942510414523991
532 0.0945804772129812
533 0.0948310779319966
534 0.0950564682683372
535 0.095305861843375
536 0.0956111328360491
537 0.0958753258499789
538 0.0961937509926736
539 0.0965564613452499
540 0.0967632029204437
541 0.0970077729066076
542 0.0972659144927626
543 0.0974846484085252
544 0.097801150806598
545 0.0981297222656515
546 0.0984406584018495
547 0.0987662184677551
548 0.098983758674248
549 0.0992230713288927
550 0.099594816484934
551 0.0999840554264045
552 0.100377444189762
553 0.100700651213795
554 0.10087659507606
555 0.101248500561901
556 0.101667583282961
557 0.102004774519047
558 0.102325909257526
559 0.102616501819001
560 0.102919487096109
561 0.103272902837436
562 0.103524823937494
563 0.103799258072723
564 0.104134007674421
565 0.10442236878517
566 0.1046436974261
567 0.104842892389362
568 0.105079262236445
569 0.105378851103743
570 0.105589915904182
571 0.105777460561547
572 0.106193976969982
573 0.106523382663588
574 0.106794962406181
575 0.107085898354849
576 0.107406243784566
577 0.107636786588346
578 0.107830833280338
579 0.108125710111779
580 0.108369930153947
581 0.108584933492562
582 0.108809852395772
583 0.109071036451134
584 0.109411389152279
585 0.109720243987565
586 0.109888867039904
587 0.110173827063285
588 0.110430863643896
589 0.110653382438572
590 0.111034414255343
591 0.111224511424833
592 0.111368991919456
593 0.111651792033392
594 0.111858898849944
595 0.112105396412447
596 0.112363686890375
597 0.112502295005582
598 0.112792663984305
599 0.113132659416818
600 0.113394870120961
601 0.113554226528621
602 0.113762420479773
603 0.113991460266203
604 0.114145796321346
605 0.114424212968663
606 0.114699785698073
607 0.114902423958604
608 0.115111884212659
609 0.115397960012504
610 0.115684084642504
611 0.115877264962596
612 0.116100312044527
613 0.116351152765523
614 0.116623250931836
615 0.116913362042514
616 0.117140530363424
617 0.117336788352247
618 0.117551201051099
619 0.117781711762524
620 0.118038197843763
621 0.11829979395214
622 0.118525600814821
623 0.118718074856204
624 0.118972082059234
625 0.119311089657038
626 0.119558317417198
627 0.119818677959453
628 0.120072884563768
629 0.120266184239424
630 0.120514154280854
631 0.120793837365605
632 0.12107290093378
633 0.121324831244377
634 0.121615913264544
635 0.121873267665952
636 0.122029607803548
637 0.122242635041686
638 0.122536677265897
639 0.122863914634419
640 0.123114682004351
641 0.123328605741319
642 0.123584672087536
643 0.123913141952467
644 0.124176777393423
645 0.12443960052314
646 0.124697524457811
647 0.124915198476506
648 0.125180666532412
649 0.125495543372871
650 0.125822002216979
651 0.126068737938567
652 0.126303742135534
653 0.126534025382313
654 0.126752212274033
655 0.126989789737129
656 0.12728313978438
657 0.127620135651501
658 0.127931846378308
659 0.128207789842301
660 0.128471584505384
661 0.128750242518634
662 0.129039565561436
663 0.12935028044381
664 0.129657851548899
665 0.129918738102379
666 0.130226543015741
667 0.130550960031891
668 0.130857702078361
669 0.131150866170393
670 0.131431557182803
671 0.131717520733827
672 0.132025726190541
673 0.132305917823774
674 0.132617001257837
675 0.132948840478492
676 0.133180730061032
677 0.133494591404564
678 0.133838506975224
679 0.134129673621167
680 0.134445769252127
681 0.134784368711709
682 0.135132416364794
683 0.135469462546978
684 0.135773742974687
685 0.136068590643086
686 0.136374091858645
687 0.136677065604271
688 0.137015704073447
689 0.137369004916541
690 0.137692072221348
691 0.138001615421624
692 0.138307058381818
693 0.138618272728549
694 0.138948018993875
695 0.139277803361161
696 0.139600775543307
697 0.139924695315033
698 0.140303832644595
699 0.140672997199502
700 0.140996131583732
701 0.14127171085822
702 0.141590654485568
703 0.141972929255453
704 0.14239410358105
705 0.142767024919287
706 0.143085410612414
707 0.143403217725376
708 0.143782987199549
709 0.14412273794265
710 0.144471581360033
711 0.144844866851069
712 0.145198058152067
713 0.145593325102592
714 0.145977778997959
715 0.146308780343879
716 0.146683745182278
717 0.147099125178831
718 0.147506685095493
719 0.147839452337614
720 0.148210137586789
721 0.148595504202558
722 0.148970249398364
723 0.14934960922754
724 0.149680577384897
725 0.150032255013304
726 0.150481164749689
727 0.150898824386177
728 0.151252319351002
729 0.151563887334746
730 0.151905887698836
731 0.152337744425036
732 0.15273833288051
733 0.153044804595044
734 0.153464251539653
735 0.153876415885527
736 0.154262748126975
737 0.154655824534985
738 0.155076689430235
739 0.155438621768193
740 0.155752175084743
741 0.156175565265741
742 0.156550222074586
743 0.156914652866507
744 0.157325994446644
745 0.157718823583266
746 0.158088573317335
747 0.158448764788568
748 0.158824604357169
749 0.159218329815646
750 0.15961209193429
751 0.159988950785329
752 0.160337198694966
753 0.160719071582807
754 0.161140403353285
755 0.161576436222989
756 0.16197124025978
757 0.162334615120131
758 0.162691851846089
759 0.163076189455821
760 0.163470983747764
761 0.163860561211734
762 0.164242767711476
763 0.164644531555626
764 0.165040109600521
765 0.165441375969614
766 0.165861202690893
767 0.16624833675852
768 0.166634117955176
769 0.167033119087904
770 0.167438041387608
771 0.167801747602893
772 0.168209605046845
773 0.168673705355998
774 0.168983752256728
775 0.169327518031574
776 0.169730616236232
777 0.170152746272874
778 0.170535731049994
779 0.17095119601699
780 0.171402476122035
781 0.171823856695352
782 0.172210730620546
783 0.172561438246573
784 0.172904217157556
785 0.173332661143347
786 0.173726223358762
787 0.17409801179215
788 0.174496539909378
789 0.174879976186737
790 0.175258234775674
791 0.175648990054484
792 0.176069910775458
793 0.176459602273292
794 0.17686760700037
795 0.177307110092733
796 0.177678996723672
797 0.178101314078449
798 0.178535193695746
799 0.178913843608254
800 0.179294680928732
801 0.179654622145022
802 0.180005312761654
803 0.180384265028493
804 0.180789385398624
805 0.18120723729993
806 0.181607139924783
807 0.181933153253141
808 0.182322397015825
809 0.182775666391533
810 0.183238063521907
811 0.183622368135854
812 0.184024294452716
813 0.184433672782089
814 0.184795052274502
815 0.185216582095307
816 0.185599445461459
817 0.185929062591177
818 0.186310745615649
819 0.186722769507885
820 0.18709033065368
821 0.187403257653949
822 0.187847177675402
823 0.188236543183546
824 0.188617048791613
825 0.189076726317795
826 0.189438532298967
827 0.189819180614492
828 0.190251769841385
829 0.190685575494438
830 0.191073320559977
831 0.191421249370631
832 0.191772918493628
833 0.192212633557882
834 0.192543965968328
835 0.192845095812662
836 0.193215979146556
837 0.193584096813502
838 0.193942211024545
839 0.194352689138379
840 0.194861222330481
841 0.195231947393113
842 0.195547287007301
843 0.195878530796995
844 0.196265124144761
845 0.196746194987727
846 0.197150252121099
847 0.197441226491625
848 0.197856290317808
849 0.198239332372249
850 0.198599939325158
851 0.198973434669252
852 0.199340755662602
853 0.19967455738887
854 0.20003621953642
855 0.200492016409389
856 0.200916802141502
857 0.201256486192324
858 0.201549700195234
859 0.201901676123481
860 0.202297762306798
861 0.202722262067689
862 0.203138061481922
863 0.203486806101719
864 0.203883820336145
865 0.204257092257354
866 0.204571913112274
867 0.204995697713847
868 0.205371953298791
869 0.205708220735354
870 0.206071647983023
871 0.206524983844117
872 0.20692610355003
873 0.207269481672738
874 0.207632306068789
875 0.20802412241151
876 0.208394296628914
877 0.208755293344687
878 0.209174765732682
879 0.209582318905563
880 0.209941277310675
881 0.210246455369883
882 0.210530344238248
883 0.210879556800286
884 0.211300104538512
885 0.211745224428587
886 0.212104945732848
887 0.212449022648848
888 0.212782501218989
889 0.213108326852057
890 0.213495933834605
891 0.213894539248062
892 0.214281266390491
893 0.21466022125107
894 0.215099126272655
895 0.215523405734543
896 0.215883223069287
897 0.216173128308117
898 0.216496842721958
899 0.216884068597349
900 0.217323980712919
901 0.217765606764946
902 0.218091123178241
903 0.218415710839243
904 0.218805084817973
905 0.219187793141113
906 0.219554280824205
907 0.219917032114044
908 0.220288116378708
909 0.220662594433322
910 0.221056152325517
911 0.221463868188397
912 0.22186337085502
913 0.222198349602655
914 0.222558350064934
915 0.222907569885389
916 0.223204079174303
917 0.223574304831161
918 0.223924991919994
919 0.224276541743141
920 0.224677453750824
921 0.225004330905668
922 0.225365173627818
923 0.225805631806608
924 0.226288905490288
925 0.22660973816153
926 0.226926273608069
927 0.227299574977421
928 0.227677840588796
929 0.227991565860541
930 0.228370894551451
931 0.228805719738125
932 0.229134299441619
933 0.229355896937495
934 0.229640865669344
935 0.230028417756181
936 0.230380764191122
937 0.230792734239609
938 0.231259885469488
939 0.231704559202423
940 0.231988428059048
941 0.232267030708777
942 0.232623256337793
943 0.233049294704491
944 0.233425914944506
945 0.233816044142069
946 0.234167295133769
947 0.234483469193778
948 0.234903525029843
949 0.235310493917047
950 0.23568813715244
951 0.236019259561244
952 0.23623681479284
953 0.236604737079943
954 0.236967636644016
955 0.237224364046724
956 0.237634828144859
957 0.238058125327668
958 0.238456089380452
959 0.238826453689273
960 0.239187407991298
961 0.239547666186458
962 0.239925398157826
963 0.240302884102995
964 0.240575543891749
965 0.240958318269516
966 0.241386625346206
967 0.241741107630779
968 0.24198353962939
969 0.242296193227395
970 0.242670442833949
971 0.243036483968477
972 0.243327374618044
973 0.24377562635429
974 0.244192973008533
975 0.244478677384667
976 0.244989188731101
977 0.245230135888087
978 0.245460462868019
979 0.245874303336914
980 0.246113159505132
981 0.246395341163138
982 0.246785025305163
983 0.247243320701019
984 0.247625590936527
985 0.247947671121221
986 0.248252264120025
987 0.248596771688419
988 0.24903219737465
989 0.249450299317351
990 0.249866957777534
991 0.25022270250867
992 0.25035603495672
993 0.250750814507679
994 0.25109832981097
995 0.251276792534558
996 0.25156151690921
997 0.251919950017924
998 0.252297665054981
999 0.252668566281647
1000 0.253042693628905
1001 0.252520806552032
1002 0.252844605108257
1003 0.25318151032032
1004 0.253493749533784
1005 0.253839615640035
1006 0.254183314383741
1007 0.254484833899653
1008 0.254818992931502
1009 0.255219853067961
1010 0.255565693082386
1011 0.255883004257961
1012 0.256172914231615
1013 0.256434486722952
1014 0.256693560867877
1015 0.25697246074178
1016 0.257285484625739
1017 0.257614966036502
1018 0.258034718341717
1019 0.258376532719331
1020 0.258697564243247
1021 0.258970009953985
1022 0.259316409617523
1023 0.259618857364814
1024 0.259918871533214
1025 0.260295123838346
1026 0.260594230437145
1027 0.260853413750228
1028 0.261183580447159
1029 0.261487575931683
1030 0.261726411597054
1031 0.261942006270691
1032 0.262195773862203
1033 0.262423485146218
1034 0.262687870271619
1035 0.262991831025367
1036 0.263340235066624
1037 0.263636685074003
1038 0.263821520991959
1039 0.264030648095324
1040 0.264301425544167
1041 0.264530458876917
1042 0.264807222957817
1043 0.265173473743659
1044 0.265504346646481
1045 0.265772421023875
1046 0.266052590991402
1047 0.266350422595601
1048 0.266635329252064
1049 0.26686032754319
1050 0.26718688129178
1051 0.267574759015031
1052 0.267866622075873
1053 0.268176747193851
1054 0.26849607938209
1055 0.268764951848861
1056 0.269035403358011
1057 0.269331267345305
1058 0.269592517282626
1059 0.269839666401545
1060 0.270194526587088
1061 0.270580644694481
1062 0.270918802223479
1063 0.271259278788486
1064 0.271616548029848
1065 0.271929278100566
1066 0.27224110837687
1067 0.272567160772559
1068 0.272862072308303
1069 0.273168303169028
1070 0.273458356572432
1071 0.273765138370195
1072 0.274138059220327
1073 0.27452076405967
1074 0.274847667364131
1075 0.275159939104803
1076 0.275458196101599
1077 0.275740228168211
1078 0.275963192740679
1079 0.27624403927208
1080 0.27655974487246
1081 0.276852984729631
1082 0.277209232089964
1083 0.277559374144256
1084 0.277846295571723
1085 0.278142381391225
1086 0.278451578024509
1087 0.278742932297804
1088 0.279057751140439
1089 0.279383221096746
1090 0.279680728477821
1091 0.279997676123623
1092 0.280330243005681
1093 0.280646812054447
1094 0.280982249201995
1095 0.281262955585684
1096 0.281510599798925
1097 0.281738056004807
1098 0.281960505741996
1099 0.282268309639806
1100 0.282553503026541
1101 0.282791929683408
1102 0.283050567615663
1103 0.28327204714726
1104 0.283530998722929
1105 0.283837501037687
1106 0.284118757196929
1107 0.284407424562407
1108 0.284682205683917
1109 0.284953242840025
1110 0.285195809229263
1111 0.285423634939876
1112 0.285650422439704
1113 0.285880398415586
1114 0.286103316959051
1115 0.286351408879754
1116 0.286546458002136
1117 0.286708530985715
1118 0.286917167096863
1119 0.28713548519947
1120 0.287375063120474
1121 0.287626211969265
1122 0.287941425534307
1123 0.288180415320034
1124 0.288384694292678
1125 0.288599059350253
1126 0.288802386037328
1127 0.288957610884529
1128 0.289167167204543
1129 0.289382512857166
1130 0.289589444262611
1131 0.289846581225385
1132 0.290085847178097
1133 0.290307520181326
1134 0.290512300984785
1135 0.290688398958371
1136 0.290890940736594
1137 0.291098610956994
1138 0.291294031367069
1139 0.291511581131206
1140 0.291700397014515
1141 0.291821664177044
1142 0.292020077499563
1143 0.292259208228246
1144 0.292479990634769
1145 0.292723548813494
1146 0.292996936395335
1147 0.29321306825608
1148 0.293412222158009
1149 0.293591658427837
1150 0.293727131629559
1151 0.293861498759263
1152 0.294039521466995
1153 0.294239196963081
1154 0.294483662747512
1155 0.294703572527688
1156 0.29494045058234
1157 0.295157385107616
1158 0.295369870012723
1159 0.295569333588331
1160 0.295746696779825
1161 0.29594254063156
1162 0.29615959372728
1163 0.296368786891093
1164 0.296607068554379
1165 0.296825264270854
1166 0.29701261882206
1167 0.297223638311501
1168 0.297466781640467
1169 0.297703859142764
1170 0.297933723668669
1171 0.298175979616289
1172 0.298398606836468
1173 0.298600632970138
1174 0.298818924414092
1175 0.299036668881991
1176 0.29924594517111
1177 0.29944372210848
1178 0.299655779601506
1179 0.299863046734316
1180 0.300098891648388
1181 0.30032081479405
1182 0.300567759334737
1183 0.300793926130477
1184 0.300990439191277
1185 0.301221059177586
1186 0.301460341272412
1187 0.301663296604617
1188 0.301839317738071
1189 0.302041616280808
1190 0.302223211336067
1191 0.30242626645301
1192 0.302676703786387
1193 0.302897553651431
1194 0.303105723197163
1195 0.303305377155025
1196 0.303501386452456
1197 0.303680465809435
1198 0.303846559580014
1199 0.304004467141964
1200 0.30414938722998
1201 0.30428511850578
1202 0.304454672678394
1203 0.30464345099367
1204 0.304821623308153
1205 0.30500766091857
1206 0.305208196218095
1207 0.305419277056137
1208 0.305611904262608
1209 0.305820313473609
1210 0.306007975880693
1211 0.306151488574158
1212 0.306330582475274
1213 0.306539236242947
1214 0.306724505682029
1215 0.306909880653921
1216 0.307093631418911
1217 0.307258626627904
1218 0.307424585626708
1219 0.307636412975829
1220 0.30783250130092
1221 0.308017609562387
1222 0.308215364806663
1223 0.30838199888009
1224 0.308514273657814
1225 0.308665185494734
1226 0.308811535999004
1227 0.308957009032452
1228 0.309099702134518
1229 0.309249030593643
1230 0.309402104905022
1231 0.309548767814042
1232 0.309688683582911
1233 0.309847159870909
1234 0.310026283141031
1235 0.310176888082138
1236 0.310318506720461
1237 0.310472555397169
1238 0.310601929186005
1239 0.310735929828667
1240 0.310888172145585
1241 0.311062395769649
1242 0.311235999913846
1243 0.311422499617931
1244 0.311591492930662
1245 0.311760376832325
1246 0.311928023887805
1247 0.312076213689707
1248 0.312246696294357
1249 0.312446556818782
1250 0.312618975774632
1251 0.312781682466619
1252 0.312946592280995
1253 0.313108879336304
1254 0.313257503295843
1255 0.313412705028169
1256 0.313546779690369
1257 0.313663423457845
1258 0.313750051866857
1259 0.31385711214317
1260 0.313960824341682
1261 0.314072243395951
1262 0.314182987820706
1263 0.31430958758534
1264 0.314444639731802
1265 0.314582075168466
1266 0.314730948609853
1267 0.31488467187418
1268 0.315043071497001
1269 0.315199776980605
1270 0.315357679409603
1271 0.315526004206471
1272 0.315697151835285
1273 0.315872635943006
1274 0.316064244829394
1275 0.316250065837697
1276 0.316409129841767
1277 0.316606269746684
1278 0.316826687344759
1279 0.317053674616657
1280 0.317282220248073
1281 0.31754621600126
1282 0.317765355026312
1283 0.317965455653918
1284 0.318159226136004
1285 0.318327579794116
1286 0.318519233382877
1287 0.31870783290449
1288 0.318904509612016
1289 0.319119488625304
1290 0.319321673219612
1291 0.3195086084533
1292 0.319716190396736
1293 0.319953779138567
1294 0.320153106035365
1295 0.320359423695729
1296 0.320533936871923
1297 0.320621146755047
1298 0.32077699805732
1299 0.320945547506191
1300 0.32114358633794
1301 0.321342961056598
1302 0.321597038568639
1303 0.321788601631296
1304 0.321955298641256
1305 0.322121902404403
1306 0.322268847027879
1307 0.322425372854161
1308 0.322576015017899
1309 0.322732835693936
1310 0.32288602210658
1311 0.323053266902653
1312 0.323232226196547
1313 0.323405527424133
1314 0.323592167750059
1315 0.323763991052542
1316 0.323931590807132
1317 0.324087077937942
1318 0.324248773846993
1319 0.324377163840748
1320 0.324480673710378
1321 0.324574614492504
1322 0.324651977606165
1323 0.324693419676436
1324 0.324772529040483
1325 0.324850563489905
1326 0.324946088050007
1327 0.325064947348531
1328 0.325167582368559
1329 0.325264977267416
1330 0.325377997128044
1331 0.325483614794769
1332 0.325617865406571
1333 0.325803247696104
1334 0.325928548137511
1335 0.326046970548779
1336 0.326148110175141
1337 0.326204757344656
1338 0.326273835218413
1339 0.326362013236393
1340 0.326414647739068
1341 0.326414095617612
1342 0.326459470067401
1343 0.326502334603191
1344 0.326561402877883
1345 0.326675991464822
1346 0.326762151187455
1347 0.326839207941084
1348 0.326911552843699
1349 0.326964909442574
1350 0.326999889152846
1351 0.32704007932188
1352 0.327065673011001
1353 0.327101890170665
1354 0.327152082766139
1355 0.327176759038835
1356 0.327183161706049
1357 0.327208686867051
1358 0.327222766426981
1359 0.327252569656671
1360 0.327303629659474
1361 0.327348299472874
1362 0.327383610654515
1363 0.327437984704534
1364 0.327510818031778
1365 0.327576251485938
1366 0.327645558511823
1367 0.327718355424141
1368 0.327792265782937
1369 0.327861963095787
1370 0.327956171318424
1371 0.328017594165446
1372 0.328066911329262
1373 0.328095063487479
1374 0.328118244364666
1375 0.328080265230386
1376 0.328001701108764
1377 0.32788728797492
1378 0.327736098494229
1379 0.327511047394077
1380 0.32732377770367
1381 0.32711863019286
1382 0.326927012343896
1383 0.326724762364268
1384 0.32656254984985
1385 0.326427688244083
1386 0.326279189477127
1387 0.326187768687693
1388 0.326020831197828
1389 0.325813369831921
1390 0.32559548941886
1391 0.325344189368771
1392 0.325077435454265
1393 0.324805750346434
1394 0.324497020643448
1395 0.324127731605321
1396 0.323791515899943
1397 0.323450523887612
1398 0.323104646246522
1399 0.322793706885567
1400 0.322444817786122
1401 0.322057023795936
1402 0.321671120224158
1403 0.321287545300329
1404 0.320913019392837
1405 0.320559445094003
1406 0.320232530995861
1407 0.319899140992863
1408 0.319556510606484
1409 0.31926329223269
1410 0.318960765279584
1411 0.318753754064151
1412 0.318576196438268
1413 0.318509610319069
1414 0.318517453674233
1415 0.318608215209773
1416 0.318805243086053
1417 0.319036021266397
1418 0.319344167557384
1419 0.319680007749986
1420 0.320088825554241
1421 0.320482465417578
1422 0.320921425458407
1423 0.321334798717731
1424 0.321757202251441
1425 0.322149690931028
1426 0.322542236307355
1427 0.322894376138445
1428 0.323186943854558
1429 0.323501711285497
1430 0.323797461248988
1431 0.32410386854959
1432 0.324424108089311
1433 0.32474956601895
1434 0.325072815425273
1435 0.325378587288523
1436 0.325680776514674
1437 0.325985972318996
1438 0.326262580500647
1439 0.326526887986656
1440 0.326767083434672
1441 0.326978056875087
1442 0.327198034836664
1443 0.32740030118471
1444 0.327614802308853
1445 0.327838431713813
1446 0.328049180374806
1447 0.328260893171335
1448 0.328453710850038
1449 0.328634030248036
1450 0.328811198762894
1451 0.328962440930762
1452 0.329142230347364
1453 0.329324170654591
1454 0.329522226617655
1455 0.329751530120141
1456 0.32996277413198
1457 0.330205754382607
1458 0.330385274388131
1459 0.33052095037653
1460 0.330661185317166
1461 0.330768638465047
1462 0.330872491734908
1463 0.330961815219514
1464 0.331067913553045
1465 0.331164448038823
1466 0.331264971164584
1467 0.331364377903286
1468 0.331499431815557
1469 0.331633891247525
1470 0.331800170131369
1471 0.33203023812006
1472 0.332260484926086
1473 0.332493233272387
1474 0.332706528035938
1475 0.33287959101096
1476 0.33301118746591
1477 0.333174275848589
1478 0.333303739365463
1479 0.333491605560918
1480 0.333734964033358
1481 0.333918023094733
1482 0.334099327696766
1483 0.334272561969461
1484 0.334419053277732
1485 0.334563591361442
1486 0.334716423438404
1487 0.334848530699618
1488 0.334927966933315
1489 0.335073830832184
1490 0.335246743924931
1491 0.335417168397406
1492 0.335632141358765
1493 0.335810220276084
1494 0.335962425853019
1495 0.336132638142838
1496 0.336313653605489
1497 0.33647075990659
1498 0.336636578872823
1499 0.336774411043182
1500 0.336860654203172
1501 0.336979064652312
1502 0.337104083232082
1503 0.337221423229556
1504 0.337332482438118
1505 0.337472224516183
1506 0.337634976953666
1507 0.337774329095028
1508 0.337933260045938
1509 0.338073567762531
1510 0.338177904104157
1511 0.338289696349949
1512 0.338410959960522
1513 0.33851920437519
1514 0.338592134050123
1515 0.338699819485725
1516 0.338809839090838
1517 0.338952999783372
1518 0.339115560623631
1519 0.339247212163156
1520 0.339378908898993
1521 0.339509353417505
1522 0.339637335984326
1523 0.339767320003949
1524 0.339894110209503
1525 0.3400198929876
1526 0.340127086659483
1527 0.340222031961227
1528 0.340332529254325
1529 0.340436350912458
1530 0.340538106201251
1531 0.340640835322142
1532 0.340764770165009
1533 0.340887741798891
1534 0.341020914012957
1535 0.341203766332776
1536 0.341319999954187
1537 0.341404584505198
1538 0.341481830036297
1539 0.341514436748882
1540 0.341588996980725
1541 0.341673454380271
1542 0.341756308487296
1543 0.34185777493092
1544 0.341945790023299
1545 0.342015351093129
1546 0.342109014533022
1547 0.342223761283223
1548 0.34231976996991
1549 0.342408253678471
1550 0.342512163733895
1551 0.342609399187889
1552 0.342717890365443
1553 0.342847654801279
1554 0.34297505257283
1555 0.343111328312366
1556 0.34322919758874
1557 0.343351909959978
1558 0.343456961684152
1559 0.343524944614591
1560 0.343619531768581
1561 0.343734035800418
1562 0.343824793509339
1563 0.343916581870083
1564 0.34399762974279
1565 0.344050129308467
1566 0.344114594727342
1567 0.344157360175565
1568 0.34424754404625
1569 0.344374180796632
1570 0.344486955291495
1571 0.344636243319777
1572 0.344764148008411
1573 0.344875696316128
1574 0.344976004480891
1575 0.34508473957069
1576 0.345162865106317
1577 0.34518635791613
1578 0.345243435704771
1579 0.345292548797821
1580 0.34535926894059
1581 0.345442059609178
1582 0.34554724743098
1583 0.345683564621637
1584 0.345804659499339
1585 0.345935074990363
1586 0.346072212952262
1587 0.346235667558098
1588 0.346344758037267
1589 0.346420841988219
1590 0.346510885711992
1591 0.346554795526427
1592 0.346613938521383
1593 0.346716999965945
1594 0.346794619382271
1595 0.346838115227014
1596 0.34689890696126
1597 0.346956386851174
1598 0.347024508898847
1599 0.347129007335863
1600 0.347196873809254
1601 0.347267984885172
1602 0.347349053101251
1603 0.34741376969743
1604 0.347499366378222
1605 0.347585816728366
1606 0.347680084675911
1607 0.3477845227671
1608 0.347906831226309
1609 0.347990754207812
1610 0.348071577855987
1611 0.348144506563073
1612 0.348179520804263
1613 0.348262433914412
1614 0.348371728224235
1615 0.348460753702563
1616 0.348564857566599
1617 0.34863283726488
1618 0.348672312114083
1619 0.348743086400908
1620 0.348809165863802
1621 0.348876301346697
1622 0.348959472579406
1623 0.34903992098434
1624 0.349107149509775
1625 0.349194927476583
1626 0.349295657270829
1627 0.349410368421147
1628 0.349540948721323
1629 0.34965026460215
1630 0.349776083434637
1631 0.349867762671115
1632 0.349919615853487
1633 0.350011199865795
1634 0.350113145775075
1635 0.350208063085546
1636 0.350323266989159
1637 0.350394892329714
1638 0.350438551971608
1639 0.350493765717503
1640 0.35053502018578
1641 0.350581362502848
1642 0.350625471589787
1643 0.350690883033871
1644 0.350750016123933
1645 0.3508506432586
1646 0.350997474477479
1647 0.351096217249291
1648 0.351207645340422
1649 0.351266938161786
1650 0.351288166089766
1651 0.351308856552504
1652 0.351305476148765
1653 0.351302374385019
1654 0.351261564915133
1655 0.351306185925171
1656 0.351396253504494
1657 0.351553525992535
1658 0.351693186841513
1659 0.351764376923411
1660 0.35181699535993
1661 0.351878645542851
1662 0.351945270513805
1663 0.352035187276121
1664 0.352155775888739
1665 0.352218743661352
1666 0.352260033378769
1667 0.352326490087256
1668 0.3523777347255
1669 0.35244901099564
1670 0.352529969485665
1671 0.352598814411243
1672 0.352637942732597
1673 0.352621760474724
1674 0.352624749120362
1675 0.352628575236394
1676 0.352621300553065
1677 0.352677278173146
1678 0.352745004978153
1679 0.352782147873559
1680 0.352843687062889
1681 0.352903505224922
1682 0.352984614989487
1683 0.353124583544209
1684 0.353215118175705
1685 0.353301648479005
1686 0.35341235291165
1687 0.353522762390441
1688 0.353683170884706
1689 0.353850332273439
1690 0.35397221491684
1691 0.354083978417213
1692 0.354149230389073
1693 0.354144448500554
1694 0.354190001775899
1695 0.354231320792207
1696 0.354245250457373
1697 0.354306277601192
1698 0.354342005806624
1699 0.35434046238841
1700 0.354361448999008
1701 0.354386885743788
1702 0.354438190685681
1703 0.354507618126021
1704 0.354572171501149
1705 0.35467145164681
1706 0.354744514841109
1707 0.354804817667711
1708 0.354850840666752
1709 0.35488139880137
1710 0.35492169827466
1711 0.354958584690492
1712 0.354979361749132
1713 0.354987151449696
1714 0.354985871788729
1715 0.354952878768457
1716 0.354959399027106
1717 0.354972425153678
1718 0.355027324531204
1719 0.35515169339798
1720 0.355205081858229
1721 0.355272171489867
1722 0.355286726000674
1723 0.355210105087123
1724 0.355184511901972
1725 0.355163977224522
1726 0.355138053153709
1727 0.355115390633429
1728 0.355109232750007
1729 0.35511066323384
1730 0.355108537145066
1731 0.355113499891852
1732 0.355118110894732
1733 0.35509825707952
1734 0.35514547760096
1735 0.355235505868329
1736 0.355337062962911
1737 0.355514691142481
1738 0.355549752598771
1739 0.355536250678168
1740 0.355470556326213
1741 0.355392020136611
1742 0.355339490883655
1743 0.355298145408772
1744 0.355357341041314
1745 0.355413857497172
1746 0.355435669669872
1747 0.35549962591597
1748 0.355464461853255
1749 0.355370806462974
1750 0.355368116994722
1751 0.355389858938159
1752 0.355394411022734
1753 0.355472642948289
1754 0.355567685142701
1755 0.355565032386206
1756 0.355523721411194
1757 0.355473634602895
1758 0.355389427857547
1759 0.355340126375472
1760 0.355436294693225
1761 0.355549874746984
1762 0.355588595488117
1763 0.355665477074991
1764 0.355668364552005
1765 0.355593950840593
1766 0.355630025171379
1767 0.355696330607312
1768 0.355697746281991
1769 0.355728411364498
1770 0.355744876115972
1771 0.355702937748777
1772 0.355715748040712
1773 0.355699192157983
1774 0.355664977840656
1775 0.355625513222014
1776 0.355580006419554
1777 0.355553777845382
1778 0.355503726346888
1779 0.355480304799861
1780 0.355467660094498
1781 0.355446123799055
1782 0.355457915261284
1783 0.355388321018254
1784 0.355314444463932
1785 0.355228675431675
1786 0.35513411873995
1787 0.355091573345782
1788 0.355088375107394
1789 0.355155163791195
1790 0.35529714183486
1791 0.355414024763048
1792 0.355486999586781
1793 0.35555678807931
1794 0.35551805955621
1795 0.355518962243098
1796 0.35561654753105
1797 0.355605492945224
1798 0.355598236689775
1799 0.35553650459376
1800 0.355427434827743
1801 0.350454125398961
1802 0.350507944176037
1803 0.35039584511296
1804 0.350411138250949
1805 0.350425082332372
1806 0.350402238092833
1807 0.350477206346696
1808 0.35065179402056
1809 0.350769686702677
1810 0.350935008164651
1811 0.351056683844644
1812 0.351158356636825
1813 0.351173278790383
1814 0.351183483588989
1815 0.351302689553117
1816 0.351375140583298
1817 0.351439963577731
1818 0.351521566037541
1819 0.351643048732179
1820 0.351699095139392
1821 0.351682131622479
1822 0.35166251634492
1823 0.35160107645424
1824 0.351567826578524
1825 0.351607032377353
1826 0.351741041811669
1827 0.3518354726852
1828 0.351948867157268
1829 0.352073318474711
1830 0.352249457865014
1831 0.352300521138168
1832 0.352433452711117
1833 0.352500542675708
1834 0.352339308322445
1835 0.352382201525965
1836 0.352360534250795
1837 0.352234846867781
1838 0.352205402403589
1839 0.352252864801431
1840 0.352229944369207
1841 0.352284826362541
1842 0.352407367637638
1843 0.352554874631985
1844 0.352700198517729
1845 0.35275821215428
1846 0.352804086355025
1847 0.352822383132147
1848 0.35279440540243
1849 0.352713387394324
1850 0.352683041370637
1851 0.352771942254811
1852 0.35288332489516
1853 0.35289411473922
1854 0.352830754583262
1855 0.352737193662686
1856 0.352583627764734
1857 0.352521227793326
1858 0.352474394117134
1859 0.352545252938715
1860 0.352456730359994
1861 0.352356889293145
1862 0.352233094488938
1863 0.352049516885823
1864 0.351939649476659
1865 0.351813944905438
1866 0.351585590702635
1867 0.3512630962873
1868 0.350851282034698
1869 0.3503958612615
1870 0.349889790571816
1871 0.349441145550303
1872 0.349036772668722
1873 0.348579737374812
1874 0.348174044165081
1875 0.347740128749204
1876 0.347387226084413
1877 0.347095757380422
1878 0.346691627733643
1879 0.346274699688304
1880 0.345769707059978
1881 0.345064069660687
1882 0.344234492312595
1883 0.343312311929928
1884 0.342363345419314
1885 0.34137509199002
1886 0.340311746825536
1887 0.339231952554361
1888 0.337963009286524
1889 0.336517523897838
1890 0.335029924979375
1891 0.333612420239099
1892 0.332040464381895
1893 0.330578169817168
1894 0.32915671889922
1895 0.327477179734241
1896 0.325738858683954
1897 0.323977452784238
1898 0.322116473153772
1899 0.320349178998267
1900 0.318618410629671
1901 0.316940478132074
1902 0.315285716154005
1903 0.313681631692645
1904 0.31218808003911
1905 0.310862038345345
1906 0.309730936894988
1907 0.308826994427903
1908 0.308044181660264
1909 0.307370499387162
1910 0.306858204262083
1911 0.306531744662598
1912 0.306232690350551
1913 0.306076620852174
1914 0.305990040335296
1915 0.305845419251398
1916 0.305737955790728
1917 0.305795413629597
1918 0.30587355560654
1919 0.306044623949756
1920 0.306328377370291
1921 0.306646164149746
1922 0.307043773922764
1923 0.307445892231604
1924 0.307908614211523
1925 0.308382166487258
1926 0.308833736089546
1927 0.309218993087217
1928 0.309656893274328
1929 0.310119382350556
1930 0.310573481812175
1931 0.310950434524965
1932 0.311347519419636
1933 0.311695845604082
1934 0.312118232178221
1935 0.312526057439705
1936 0.313070113405054
1937 0.313600248153494
1938 0.314067590141306
1939 0.314524576273336
1940 0.314940382725776
1941 0.315423107400773
1942 0.315847225552276
1943 0.316255735478456
1944 0.316647594187738
1945 0.317043423459671
1946 0.317406230211117
1947 0.317795240901423
1948 0.31819545194297
1949 0.318592522699488
1950 0.319007227758458
1951 0.319395453237771
1952 0.319814854967057
1953 0.320204235473558
1954 0.320520777128648
1955 0.320763230873065
1956 0.321022647578509
1957 0.321149151433555
1958 0.32145217904886
1959 0.321846635277871
1960 0.322251071528158
1961 0.322642591243873
1962 0.323077277514644
1963 0.323418337973304
1964 0.323794355414171
1965 0.324231067870137
1966 0.324642019381088
1967 0.325082409721676
1968 0.325526334146889
1969 0.325985201699416
1970 0.326516086824869
1971 0.326975829546093
1972 0.327408442095674
1973 0.327825467643635
1974 0.328242732395086
1975 0.328592685078373
1976 0.328911283926038
1977 0.329279571109098
1978 0.329638813759367
1979 0.329948555103019
1980 0.33030079238932
1981 0.330736410725636
1982 0.331079635946026
1983 0.331347335093672
1984 0.3317157148373
1985 0.332109271582262
1986 0.332457478058622
1987 0.332926841718223
1988 0.333359481900829
1989 0.333752814709852
1990 0.334165400527241
1991 0.334597149306057
1992 0.335071053523877
1993 0.335499555272885
1994 0.335935640435137
1995 0.336319415521225
1996 0.336639494774342
1997 0.336980500651114
1998 0.337297867888952
1999 0.337646398241136
2000 0.338028247341606
2001 0.338327495316914
2002 0.338563794486224
2003 0.33871615108516
2004 0.338944655931948
2005 0.339065112822597
2006 0.339350618502492
2007 0.339801568627604
2008 0.340157825253166
2009 0.34056669579718
2010 0.340937176223151
2011 0.341299374443001
2012 0.341546193058568
2013 0.341866356798576
2014 0.342172659797498
2015 0.342452437005596
2016 0.342675946964881
2017 0.342988047326574
2018 0.343361961139178
2019 0.343649918531717
2020 0.343935210976443
2021 0.344215466003394
2022 0.344414913149393
2023 0.344653999808024
2024 0.344872463636838
2025 0.345235412700123
2026 0.34552246347988
2027 0.345777410439413
2028 0.346111091174287
2029 0.346374856512145
2030 0.346584663038895
2031 0.346742898647985
2032 0.346904825598992
2033 0.346973946517984
2034 0.347131474047363
2035 0.347356812098356
2036 0.347527864741221
2037 0.347659322281418
2038 0.347842116694318
2039 0.347984218399278
2040 0.348222375498464
2041 0.348539770490171
2042 0.348849936414914
2043 0.349104033400761
2044 0.349349853857059
2045 0.349573503356965
2046 0.349782802815412
2047 0.349918955188127
2048 0.349962735160054
2049 0.350078801670041
2050 0.350114619430148
2051 0.350262802466398
2052 0.350543784812503
2053 0.350779608344743
2054 0.351022638608969
2055 0.351302625937768
2056 0.351552084961284
2057 0.351836619704296
2058 0.35202609409178
2059 0.35216550534332
2060 0.35227728581349
2061 0.352308702055083
2062 0.352351580375822
2063 0.352370467179868
2064 0.352424077775095
2065 0.352416399462315
2066 0.352507830597826
2067 0.352694036318391
2068 0.35283827006782
2069 0.353077152048935
2070 0.353311669137801
2071 0.353522644426252
2072 0.353743307819939
2073 0.35393186530419
2074 0.354111213384606
2075 0.354234411066565
2076 0.354318082199525
2077 0.354402881811183
2078 0.354408742434134
2079 0.354498981599052
2080 0.354666905498707
2081 0.354745332719238
2082 0.354773274190943
2083 0.354858915501001
2084 0.354851984190721
2085 0.354979142717553
2086 0.355154853528051
2087 0.355487582786677
2088 0.355631789097734
2089 0.355741854184338
2090 0.355856655998498
2091 0.355859081851293
2092 0.35597363385564
2093 0.356165776749759
2094 0.356336974415526
2095 0.356494862064953
2096 0.356697096544086
2097 0.357003119209814
2098 0.357201600458755
2099 0.357341905589116
2100 0.357550461531289
2101 0.357690299535535
2102 0.357671221744161
2103 0.357711454844707
2104 0.357747468930294
2105 0.357783890103826
2106 0.357741436635452
2107 0.357837685534006
2108 0.357981129490426
2109 0.358161603858645
2110 0.358490901886973
2111 0.358713494349065
2112 0.358937897651805
2113 0.359126900375695
2114 0.359279028406614
2115 0.359381152988241
2116 0.359419965969249
2117 0.359452061167557
2118 0.359542127495527
2119 0.359608456295812
2120 0.359778524078894
2121 0.360086133883568
2122 0.360296829986061
2123 0.36053947397694
2124 0.360718423180093
2125 0.36082154272667
2126 0.360987007779102
2127 0.361147659261621
2128 0.361309841956563
2129 0.361561171076399
2130 0.361693192075931
2131 0.36178600211899
2132 0.361809670509869
2133 0.361632654769665
2134 0.361603796617804
2135 0.36164668192905
2136 0.361729378881319
2137 0.361801011548638
2138 0.362053931263614
2139 0.362024592607672
2140 0.361841902544344
2141 0.361655281947231
2142 0.361318468585122
2143 0.361093146818113
2144 0.360850182786534
2145 0.360682409615982
2146 0.360607169571094
2147 0.360462824031063
2148 0.360283547558303
2149 0.360162497365329
2150 0.360159049329078
2151 0.359987665752243
2152 0.359724641416946
2153 0.359527842829824
2154 0.359272796158251
2155 0.358927934148071
2156 0.358535270545369
2157 0.358168588978538
2158 0.357749820423686
2159 0.35715287819585
2160 0.356690331962032
2161 0.356358727502768
2162 0.355915274627766
2163 0.35534752870377
2164 0.354936415733302
2165 0.354581307480433
2166 0.35421914445436
2167 0.354016671331939
2168 0.353661280249085
2169 0.353144282401019
2170 0.352746963591985
2171 0.352321838949225
2172 0.351965947939646
2173 0.351808521299841
2174 0.351464138560919
2175 0.351190637765577
2176 0.35093583918023
2177 0.350630114316601
2178 0.350334873120761
2179 0.34996473963316
2180 0.349549840601021
2181 0.34907911910621
2182 0.348470398185959
2183 0.347995104664468
2184 0.347551297810348
2185 0.347089793188444
2186 0.346770267051288
2187 0.346285888302797
2188 0.345596663237039
2189 0.345042102275867
2190 0.344598057601698
2191 0.343973401601024
2192 0.343193829493606
2193 0.342602026630628
2194 0.342050548154484
2195 0.341337763217826
2196 0.340866148660436
2197 0.340542065085994
2198 0.340115037924355
2199 0.339613420380022
2200 0.339201435672654
2201 0.338900030976504
2202 0.338441146130783
2203 0.337861511059622
2204 0.337428395874489
2205 0.336976078363963
2206 0.336582122246831
2207 0.336185941902653
2208 0.336030244397964
2209 0.335937369981091
2210 0.336016878014649
2211 0.336453124686055
2212 0.336805113986874
2213 0.337166412712769
2214 0.337604491377003
2215 0.338258719973324
2216 0.338702249219797
2217 0.339083662718483
2218 0.339423925692996
2219 0.339646332335318
2220 0.339861075692157
2221 0.340404876923811
2222 0.341282479759679
2223 0.341758668072957
2224 0.34236509023228
2225 0.342625719612163
2226 0.342422560390495
2227 0.342543004155938
2228 0.342634819551977
2229 0.342833939669038
2230 0.343250717006377
2231 0.343435411339426
2232 0.34355365927232
2233 0.343675578918626
2234 0.343610339864016
2235 0.343679931931768
2236 0.34406215044678
2237 0.344032852370558
2238 0.343729293647719
2239 0.343556263164917
2240 0.342963362165298
2241 0.342786034084807
2242 0.34308136908403
2243 0.343191036292135
2244 0.343428418023619
2245 0.343557363269398
2246 0.3436203977764
2247 0.343610792267349
2248 0.343741247205793
2249 0.343890217198846
2250 0.343954085574884
2251 0.343961849090808
2252 0.34404557674858
2253 0.34416668194154
2254 0.344164337750732
2255 0.344073722178937
2256 0.344184084375483
2257 0.34423740376997
2258 0.344415222609382
2259 0.344968047117892
2260 0.345175365878062
2261 0.345209956291048
2262 0.34524260803603
2263 0.345075204430379
2264 0.345105531062876
2265 0.345224670780151
2266 0.345301665683804
2267 0.345384164345643
2268 0.345572851474087
2269 0.345940262263608
2270 0.346030760487962
2271 0.346153073743299
2272 0.346159675332792
2273 0.345743548922637
2274 0.345536281953375
2275 0.345401951704077
2276 0.345273503582525
2277 0.345081355817664
2278 0.34517441125879
2279 0.345238214498061
2280 0.345146625454823
2281 0.34499762323152
2282 0.344907213338809
2283 0.344836058324847
2284 0.345049956348171
2285 0.345235708757744
2286 0.345702466630935
2287 0.345769164442704
2288 0.345682077124576
2289 0.345546711841606
2290 0.345061743126171
2291 0.345019360692202
2292 0.345250511096
2293 0.345323693341243
2294 0.34552007156915
2295 0.345600849577054
2296 0.34553051676284
2297 0.345436531054101
2298 0.345257261716559
2299 0.345323675162914
2300 0.345554740095522
2301 0.345540220565625
2302 0.345801923923538
2303 0.345602441999543
2304 0.344676244836909
2305 0.344251453635463
2306 0.343860243674516
2307 0.343535345782033
2308 0.343343810580957
2309 0.343379602171567
2310 0.343508619148057
2311 0.343769796063803
2312 0.344724897959073
2313 0.345010491551786
2314 0.34492348469841
2315 0.344836361679332
2316 0.344164358698305
2317 0.343919128687162
2318 0.344133125645622
2319 0.344064422962933
2320 0.34417091916383
2321 0.343725436429292
2322 0.343605726410876
2323 0.343503064366068
2324 0.343372402782354
2325 0.343215446887152
2326 0.34276474408829
2327 0.342064428394966
2328 0.341349241235621
2329 0.341221916666015
2330 0.341165628420886
2331 0.340934377181862
2332 0.341043558173353
2333 0.341218204270608
2334 0.341267796684113
2335 0.341795675857201
2336 0.341983025025378
2337 0.342218605025622
2338 0.342011466261131
2339 0.341453002093023
2340 0.341076394518725
2341 0.340374822013622
2342 0.340252110816037
2343 0.340671897506063
2344 0.340372222057022
2345 0.339829369905408
2346 0.33968158386532
2347 0.339292857515376
2348 0.339066949354584
2349 0.339540033383946
2350 0.339346244514316
2351 0.338400984735299
2352 0.338224080142511
2353 0.338187710252345
2354 0.338299737606657
2355 0.33927370415054
2356 0.339136164764924
2357 0.338256476593854
2358 0.33799038480907
2359 0.337261716717949
2360 0.337073725843273
2361 0.337886789644537
2362 0.337899267872357
2363 0.337395560827915
2364 0.337374206326336
2365 0.337275209257969
2366 0.337419021200165
2367 0.338088752005762
2368 0.338332961957977
2369 0.338518819344216
2370 0.338427761958355
2371 0.338198609210853
2372 0.337652124390045
2373 0.336340203972331
2374 0.336002359521867
2375 0.336048249776044
2376 0.335914087685254
2377 0.336409842315692
2378 0.336543155577679
2379 0.336088968428648
2380 0.335855605788423
2381 0.335749433099579
2382 0.335565127019953
2383 0.335374005912846
2384 0.335284211607563
2385 0.33535774605741
2386 0.335401218046979
2387 0.335417069009275
2388 0.33527499833859
2389 0.335004129723886
2390 0.334895387589882
2391 0.334899303268149
2392 0.334648250860864
2393 0.334263626004808
2394 0.334086836624667
2395 0.333942097231372
2396 0.333484684814983
2397 0.332942840820298
2398 0.332674789471301
2399 0.331989029170975
2400 0.331829691956015
2401 0.332615031546948
2402 0.332589431542075
2403 0.332092368250299
2404 0.332048100652304
2405 0.33180366919184
2406 0.332010341614309
2407 0.333139727170615
2408 0.333224462341468
2409 0.333021798015015
2410 0.332477367254102
2411 0.331015547475466
2412 0.330127628679478
2413 0.329176132910529
2414 0.328538807647782
2415 0.328590589325481
2416 0.327956553509889
2417 0.32682570422519
2418 0.326204176488902
2419 0.325438093665186
2420 0.324600282087318
2421 0.324017137467252
2422 0.324073280665061
2423 0.324441132639837
2424 0.324101704619342
2425 0.324252489262199
2426 0.323938793015984
2427 0.322373872961821
2428 0.321843741065293
2429 0.322055401669796
2430 0.321917715203362
2431 0.321531646741789
2432 0.322024284896701
2433 0.323572197435737
2434 0.323010504496209
2435 0.321833503835013
2436 0.321056080103057
2437 0.31860845059329
2438 0.31819560089523
2439 0.319298720120434
2440 0.319827059228535
2441 0.320929891715775
2442 0.320582734153783
2443 0.321827172175934
2444 0.321693660373902
2445 0.319892987747508
2446 0.320233749552714
2447 0.319431861106743
2448 0.319305307680622
2449 0.319172844710431
2450 0.317954261117395
2451 0.317204207518308
2452 0.315079736673797
2453 0.314946504098471
2454 0.31566690704694
2455 0.315073233178498
2456 0.317102877632632
2457 0.31743337640131
2458 0.314654982455103
2459 0.312599434358498
2460 0.309315148407394
2461 0.306659614092945
2462 0.307478629009198
2463 0.309386045247804
2464 0.313823636433527
2465 0.315021517405306
2466 0.314934867413901
2467 0.314357581214204
2468 0.309947508630973
2469 0.308165232506645
2470 0.307252733943992
2471 0.306877442630519
2472 0.308291574363408
2473 0.309116342563275
2474 0.310786737026508
2475 0.311416035205525
2476 0.311179970239889
2477 0.311048291284575
2478 0.310629944635566
2479 0.309580226029729
2480 0.307485040797211
2481 0.307638216922055
2482 0.309186995544063
2483 0.308673355538607
2484 0.307978755303809
2485 0.308735516053231
2486 0.308305372582871
2487 0.30865192799329
2488 0.311733269774668
2489 0.312244189824658
2490 0.310706746289159
2491 0.310264183861994
2492 0.310723918836317
2493 0.310823528591821
2494 0.307881638860985
2495 0.305920393601164
2496 0.305330639185985
2497 0.304796224249084
2498 0.306314034875322
2499 0.307211766518631
2500 0.305336377244856
