"Wavelength" "M092a_m1-w2"
350 0.0904405729435283
351 0.0834198212190576
352 0.0825933594893897
353 0.0844955643324539
354 0.080910187638325
355 0.0840292426177483
356 0.0829515818781818
357 0.0787709462481742
358 0.082293159795951
359 0.080775304568281
360 0.079436081830892
361 0.082316979172052
362 0.0871091814772604
363 0.085654938043108
364 0.0789557503422853
365 0.0725596858202322
366 0.0774925335970624
367 0.0786985631899123
368 0.0772552735366843
369 0.0822548764922227
370 0.0826296843938809
371 0.0808629439849896
372 0.0794055225251489
373 0.0789058877286932
374 0.0772490288764008
375 0.0755185028589398
376 0.0750721784045422
377 0.0764647299303728
378 0.0753557050826636
379 0.0736385080699291
380 0.0747850543292445
381 0.0752814073185843
382 0.0757372282908828
383 0.0761702576512742
384 0.0758480808992575
385 0.0745021890900036
386 0.0754489059745138
387 0.078796251812376
388 0.0768031100112999
389 0.0754271213697383
390 0.0751240061265396
391 0.0746951814965595
392 0.0743494286525481
393 0.0737143338321757
394 0.0728905816920036
395 0.0724193830211653
396 0.0740626017202903
397 0.0746513149503559
398 0.0732824760520486
399 0.0744751630719482
400 0.0750897381527542
401 0.0749566795149058
402 0.0745809433600449
403 0.073152527961018
404 0.0726278654923317
405 0.0730999577661487
406 0.0732454954253168
407 0.0733882521406767
408 0.0733613193425254
409 0.0733844681107876
410 0.0746683788971547
411 0.0743452193923763
412 0.0737638778668977
413 0.0746533289406281
414 0.0739593455672055
415 0.0740009080480245
416 0.0749825510156141
417 0.0752446702818175
418 0.0744269098294269
419 0.074210193959622
420 0.0752406313923955
421 0.0753918659890674
422 0.0755372436902806
423 0.0759971644753494
424 0.0766538457196858
425 0.0759609170966433
426 0.075479066684114
427 0.0758480459696864
428 0.0765954979223337
429 0.0766948057170869
430 0.0766277813077912
431 0.0769947694675201
432 0.0780022595711199
433 0.0784083433316382
434 0.0781840372311742
435 0.0779127747692361
436 0.0779418938132459
437 0.078330543858853
438 0.0788700462639025
439 0.0790891285751141
440 0.0790823230938464
441 0.0791529259290506
442 0.0794389607634339
443 0.0793259254995923
444 0.0794837152080306
445 0.0798985919850975
446 0.0801586406529947
447 0.0804163013095112
448 0.0808211279026788
449 0.0812240831059803
450 0.0809361467355227
451 0.0812996719190687
452 0.0815612250319903
453 0.0809121067701414
454 0.0813895714364328
455 0.0816334026113456
456 0.0815553536808608
457 0.0821819314358199
458 0.0826596221092304
459 0.0825536271477851
460 0.0820805224434242
461 0.0828511967698319
462 0.0831998583288834
463 0.0830639619046153
464 0.083034142061945
465 0.0830913131297343
466 0.0834061767820353
467 0.0838085432885355
468 0.0837152723595888
469 0.0838980977158996
470 0.0841478524815046
471 0.0841955793462417
472 0.0844314796024205
473 0.0846575827456541
474 0.0848173377239657
475 0.0849550892310547
476 0.0850830963635119
477 0.0852180870410545
478 0.0853378525089528
479 0.0853190896935332
480 0.0854940866543969
481 0.0859335878439566
482 0.0864837982054645
483 0.0863751619320673
484 0.0864185077340303
485 0.0868385979013048
486 0.0871304574564316
487 0.0872432943152862
488 0.0873817329019036
489 0.0876649096552126
490 0.087708885085837
491 0.0880096784935217
492 0.0883929877163138
493 0.0883485161975092
494 0.0884044865950104
495 0.0886209137680468
496 0.0889565034609722
497 0.0893136666968754
498 0.0896969217785753
499 0.0900266086221413
500 0.0902078426630185
501 0.0901588213675738
502 0.0903190964866212
503 0.0907047876923929
504 0.0908628408237824
505 0.0911899358119321
506 0.0915330051813007
507 0.0917539640528083
508 0.0921693387432494
509 0.0924337283445601
510 0.0925947729722556
511 0.0929267884816017
512 0.0931939049906928
513 0.0935060070330674
514 0.0938941362289514
515 0.0941485347629189
516 0.094322137329769
517 0.094498817758593
518 0.0947659309765231
519 0.0951256637983766
520 0.095395993638727
521 0.0955583206900956
522 0.0958021537741227
523 0.0959875110967279
524 0.0962344211080421
525 0.0966501720629307
526 0.0970923330439508
527 0.0974303545128178
528 0.0976609715590118
529 0.0978812459717787
530 0.0981136032747111
531 0.0984805646481171
532 0.0989572824734841
533 0.0991401434774896
534 0.0993091093325477
535 0.0996076888379312
536 0.100061539020708
537 0.100276261292519
538 0.100538974150475
539 0.100964880178666
540 0.101311256917849
541 0.101653557060209
542 0.101954191414249
543 0.10218458048695
544 0.102484821504101
545 0.102815605309792
546 0.103162277952784
547 0.103541662830246
548 0.103893249328284
549 0.104271069706671
550 0.104709898469978
551 0.105105943584686
552 0.105516182364288
553 0.105907376103854
554 0.106200593870015
555 0.106497726822497
556 0.106833645730553
557 0.107217038663125
558 0.107629271312163
559 0.10804573391457
560 0.108447525467672
561 0.10881574295802
562 0.109098799423331
563 0.109406743245245
564 0.109752671234843
565 0.11000186671032
566 0.110207259968044
567 0.110417047081421
568 0.110670969569926
569 0.110958576685998
570 0.111328930309745
571 0.111759716890213
572 0.112162900963783
573 0.112531549718873
574 0.112866520117531
575 0.113195520871329
576 0.113620556345117
577 0.113960491162549
578 0.114187740615522
579 0.114382333753829
580 0.114676671227823
581 0.11497568999639
582 0.115210301208239
583 0.115413569126794
584 0.115653026566621
585 0.115886910310301
586 0.116066934226275
587 0.116358821664881
588 0.116705080547821
589 0.117060914807047
590 0.117416538211054
591 0.117686391525665
592 0.117945728997092
593 0.118268272406695
594 0.118539402358217
595 0.118824490355177
596 0.119124775994003
597 0.119390283662298
598 0.119678834312545
599 0.120001251853501
600 0.120324893102224
601 0.120519843617572
602 0.120734830121381
603 0.120982344319562
604 0.121211169545233
605 0.121460594322366
606 0.121727812302821
607 0.121987574341467
608 0.122175233269012
609 0.12244559660077
610 0.122755779281808
611 0.123013729940722
612 0.123262102525577
613 0.123542234655197
614 0.123857562307606
615 0.124169828423733
616 0.12444528413157
617 0.124708119499875
618 0.124981172887904
619 0.125220302244807
620 0.125497426248063
621 0.125805625460734
622 0.126079440000831
623 0.126302514644207
624 0.126557619146602
625 0.126872494998717
626 0.127104469670125
627 0.127348456577925
628 0.127631752009581
629 0.127945929625011
630 0.12825715304003
631 0.128554142063456
632 0.128837459603209
633 0.129120751352834
634 0.129390117907395
635 0.129658494675558
636 0.12995028819443
637 0.130306952597534
638 0.130625407200133
639 0.1308898544062
640 0.13117492588837
641 0.131438619302491
642 0.131695448748958
643 0.131973663521248
644 0.132314894144468
645 0.132656203929803
646 0.132962866199499
647 0.133228749223673
648 0.133538722960397
649 0.133861009033558
650 0.134173051350849
651 0.134501903819787
652 0.134847089385588
653 0.135181626915845
654 0.135476821354433
655 0.13576072387978
656 0.136054648069061
657 0.136381794786582
658 0.136768173879591
659 0.137089727556493
660 0.137398584429614
661 0.137754639600746
662 0.138066023776073
663 0.138391318912602
664 0.138743701218524
665 0.139095359566296
666 0.139376295180704
667 0.139678578548312
668 0.140057515668382
669 0.140434376062994
670 0.140730291684408
671 0.141027607865046
672 0.141446747326212
673 0.14179291190977
674 0.142136016767192
675 0.142500874228954
676 0.142814570503637
677 0.14321061236861
678 0.143612179824583
679 0.143927751528999
680 0.144254074778139
681 0.144648345462012
682 0.145063833253809
683 0.145379343588456
684 0.145728560615185
685 0.146081800312005
686 0.146417717784869
687 0.146810365748932
688 0.147200970424225
689 0.147581283788667
690 0.147962326930636
691 0.148311210213242
692 0.148691680670413
693 0.149098472088797
694 0.149416341688913
695 0.149780847434497
696 0.150189322541117
697 0.150598160711976
698 0.150975892199129
699 0.15136330778005
700 0.151757252722205
701 0.152121625454043
702 0.152526717432416
703 0.152953085682139
704 0.153362931860145
705 0.153703885334462
706 0.15408900258206
707 0.154540624716493
708 0.155016893602766
709 0.155359001015659
710 0.155720784302492
711 0.156156770238415
712 0.156557302173458
713 0.157037205015328
714 0.157502421497985
715 0.157868399961626
716 0.158278996140065
717 0.158703597358981
718 0.15913215800728
719 0.159565678531778
720 0.159956226513743
721 0.160364983442741
722 0.160825241539737
723 0.161291152615521
724 0.16171627530934
725 0.162136853118586
726 0.162591731078544
727 0.162940467128281
728 0.163328112635782
729 0.163791619356504
730 0.164241936605433
731 0.164704891807428
732 0.165160886515206
733 0.165583956463082
734 0.165940643094573
735 0.166327779096773
736 0.166774175615315
737 0.167259917030747
738 0.167711208007908
739 0.168129482987582
740 0.168544875744888
741 0.16901474029339
742 0.169484911609962
743 0.16994716654992
744 0.170393145745527
745 0.170760433016387
746 0.171182530823651
747 0.171667717968048
748 0.172139636115827
749 0.172639597545645
750 0.173069304259947
751 0.173418898826011
752 0.173858223630039
753 0.17435546506724
754 0.174851519808099
755 0.175290230542532
756 0.175688490707078
757 0.17611460374327
758 0.176552613750445
759 0.176929535968557
760 0.177422058904255
761 0.17789697429524
762 0.17829040311318
763 0.178790745517321
764 0.179251478336139
765 0.179696043656161
766 0.180182486561496
767 0.180631574273396
768 0.181027817407538
769 0.181427113170693
770 0.181934197582935
771 0.182383968796509
772 0.182862775362245
773 0.183407092416655
774 0.183843730811792
775 0.184222361986687
776 0.184610192083628
777 0.185067356051995
778 0.185538946631914
779 0.186028122682079
780 0.186515113637073
781 0.186961727117431
782 0.187415163290197
783 0.187877945803825
784 0.188339091011653
785 0.18877280083129
786 0.189222405233516
787 0.189662534020541
788 0.190064877781877
789 0.190525483358879
790 0.19097333738049
791 0.191407600897963
792 0.191886536495913
793 0.192277024548654
794 0.192664050307219
795 0.193131066119846
796 0.193693788372921
797 0.194190607826682
798 0.194638609031013
799 0.195102985335146
800 0.195551429814679
801 0.195987634686723
802 0.196425400067858
803 0.196882553324093
804 0.197336840380189
805 0.197781436186964
806 0.198217169552766
807 0.198652342241731
808 0.199103194042471
809 0.199590414884847
810 0.200103570354125
811 0.200533397664064
812 0.200971018511068
813 0.201436812392042
814 0.201909904339797
815 0.202402234153094
816 0.202891217119919
817 0.20335570998637
818 0.2037802210163
819 0.204186046282089
820 0.20461850079142
821 0.205079876595456
822 0.205448868929735
823 0.205837986646153
824 0.206300395130274
825 0.206837703566925
826 0.207329406712198
827 0.207800642324221
828 0.208271912638278
829 0.208751695189696
830 0.209224428828627
831 0.209671742600335
832 0.210091644768071
833 0.21050655040202
834 0.210923716831454
835 0.211331205337977
836 0.211718644536641
837 0.212084461644276
838 0.21256932142985
839 0.213127975135398
840 0.213624371931637
841 0.213989696891867
842 0.214400886012643
843 0.214898479195224
844 0.215380512334644
845 0.215809080646049
846 0.216251494605378
847 0.216716940732848
848 0.217088839987122
849 0.217478047485924
850 0.217920009944989
851 0.218394870070489
852 0.218782338377955
853 0.219191697679034
854 0.219664711590825
855 0.220190512713656
856 0.220682084813229
857 0.221102484725577
858 0.221469004826469
859 0.221845660282269
860 0.222307861115211
861 0.222778107940109
862 0.22322255693927
863 0.223699453468889
864 0.224133041195018
865 0.224495280700699
866 0.224830504512646
867 0.225324318384542
868 0.225844124876556
869 0.226328335682487
870 0.226760789184589
871 0.227205887683213
872 0.227649453851855
873 0.2280773432471
874 0.228493712126685
875 0.229023388575708
876 0.229469460846444
877 0.229796753816556
878 0.230153244476181
879 0.230618078955693
880 0.231123772216714
881 0.231587816878111
882 0.231953471863455
883 0.232370420649324
884 0.232787682185694
885 0.233177788728249
886 0.233688352764782
887 0.234215308544936
888 0.234665922357956
889 0.235023570013043
890 0.23552549069751
891 0.23596255704737
892 0.236341781078799
893 0.23676406166075
894 0.23719164120998
895 0.237606009345471
896 0.237998283766791
897 0.23838311043999
898 0.238899666677843
899 0.239428252117397
900 0.239870816418023
901 0.240205250977213
902 0.240598911498861
903 0.241109095335672
904 0.241665823245689
905 0.242057859069547
906 0.242505520375278
907 0.242932022554397
908 0.243294772455192
909 0.243760935783117
910 0.244186983059656
911 0.244564044176592
912 0.244934631647544
913 0.245360735522965
914 0.245844830520016
915 0.246346506886036
916 0.246809852861326
917 0.247180808689813
918 0.24765013862972
919 0.248175576157272
920 0.248620562332012
921 0.249042571718768
922 0.249464955555501
923 0.249898262774461
924 0.25034130914828
925 0.250800732616048
926 0.251165695200394
927 0.251446443689085
928 0.251776780863757
929 0.252377420814565
930 0.252873372144928
931 0.253193473876437
932 0.253618282857155
933 0.25402220153703
934 0.254523874952797
935 0.25507247589052
936 0.255416862983287
937 0.255848886086797
938 0.256308758653198
939 0.256776641871017
940 0.257356171864617
941 0.257774563175671
942 0.258168679457114
943 0.258616569507838
944 0.258972388332715
945 0.259402273188027
946 0.259783996582028
947 0.260071989496761
948 0.260465663124444
949 0.260843983105954
950 0.261288506043192
951 0.261813328817767
952 0.262215853963742
953 0.262630460037236
954 0.263108314974432
955 0.263627732367496
956 0.264065372293834
957 0.264423586791086
958 0.264725281545034
959 0.265053940215979
960 0.265594501658277
961 0.266184185046049
962 0.266711084763014
963 0.267110224626246
964 0.267381988134873
965 0.267780805588719
966 0.268278547626176
967 0.268765954811859
968 0.269181415104937
969 0.269419981646082
970 0.269690549283247
971 0.270139553611093
972 0.270552039886716
973 0.271014930936447
974 0.271549327117567
975 0.272080006564356
976 0.272374022795247
977 0.272764460295121
978 0.273126601928811
979 0.273388742200164
980 0.273833771375277
981 0.274228401369056
982 0.274576680132662
983 0.274986073171598
984 0.275620287539573
985 0.276167196438992
986 0.276593434399943
987 0.276928426908513
988 0.27718907887865
989 0.277500087205214
990 0.277987438000705
991 0.278614842922295
992 0.279134943433324
993 0.279453262841073
994 0.279662645226598
995 0.279890047639832
996 0.280232537480061
997 0.280679866849859
998 0.281217240960568
999 0.28177969487158
1000 0.282268701939595
1001 0.280016838567001
1002 0.280388676975909
1003 0.280788105136966
1004 0.28117399895208
1005 0.28155399024633
1006 0.281981763160912
1007 0.282421687868901
1008 0.282901254257445
1009 0.283345884927782
1010 0.283726460776424
1011 0.284026505626553
1012 0.28431195605301
1013 0.284611993153013
1014 0.284984065200431
1015 0.285366079914848
1016 0.285751822571798
1017 0.286168800794172
1018 0.286662082432899
1019 0.28705848373374
1020 0.287461694929962
1021 0.287771457756328
1022 0.288067414374411
1023 0.288445758908305
1024 0.288761201593048
1025 0.289167591576492
1026 0.289600192741313
1027 0.289923592477189
1028 0.290267414000949
1029 0.290645618333601
1030 0.291016480310161
1031 0.291331502051503
1032 0.291664507658334
1033 0.292030581793805
1034 0.292388631428712
1035 0.292702313772115
1036 0.293076740740325
1037 0.293504145446058
1038 0.293856199537637
1039 0.294152848796337
1040 0.294520526316975
1041 0.294907472634438
1042 0.295239607435252
1043 0.295634894307151
1044 0.296061521933809
1045 0.296426367684803
1046 0.296786702215845
1047 0.29718272170231
1048 0.297610538800725
1049 0.297992810579136
1050 0.298388858470393
1051 0.298769274110556
1052 0.29907041118712
1053 0.299403841937568
1054 0.299736551952262
1055 0.300113259470319
1056 0.300550182327435
1057 0.300935613441506
1058 0.301319561824662
1059 0.301721999505317
1060 0.302072035189306
1061 0.302382374339556
1062 0.302696242561566
1063 0.302976536116127
1064 0.303246543954108
1065 0.303606248074758
1066 0.304018256277626
1067 0.304365582463148
1068 0.304688460073101
1069 0.304981811818188
1070 0.305234476236823
1071 0.305513246274921
1072 0.305811884203261
1073 0.306097873026492
1074 0.306358823237585
1075 0.306632555963059
1076 0.306910295793924
1077 0.307201305019323
1078 0.307453324419284
1079 0.307728285721009
1080 0.308048676858685
1081 0.308345538513015
1082 0.308653855713612
1083 0.308977923877253
1084 0.309246422691852
1085 0.309494074645877
1086 0.309747786522477
1087 0.309983660305161
1088 0.310245965190863
1089 0.310510948948685
1090 0.310785926257428
1091 0.311061306434878
1092 0.311336534465708
1093 0.311600663042973
1094 0.311859697932573
1095 0.312127601074486
1096 0.312402320164663
1097 0.312673632990612
1098 0.312955823882064
1099 0.313257913492163
1100 0.313547783762149
1101 0.313849975553465
1102 0.31415697536781
1103 0.314459413536504
1104 0.314729759846439
1105 0.314994360558294
1106 0.315267057087516
1107 0.315527501143225
1108 0.315790745462894
1109 0.316056959244607
1110 0.31633232126901
1111 0.316630548671549
1112 0.316916367815335
1113 0.317237274909791
1114 0.317617913118072
1115 0.317983953664982
1116 0.318345044782473
1117 0.318729719270917
1118 0.319115421311441
1119 0.319451142418059
1120 0.319773614108831
1121 0.320092683591098
1122 0.320368160324614
1123 0.320678521229993
1124 0.321007727980944
1125 0.321330038595841
1126 0.321671022427533
1127 0.321989743137206
1128 0.322274049887239
1129 0.322603899744793
1130 0.32289503995395
1131 0.323216095574574
1132 0.323580119691123
1133 0.32389757863417
1134 0.324263280894431
1135 0.324649523464744
1136 0.324993130224587
1137 0.32531780197902
1138 0.325649228384713
1139 0.325955186129369
1140 0.326270456922341
1141 0.326600304139678
1142 0.32691326485506
1143 0.327221970785127
1144 0.327526464307083
1145 0.327786444768571
1146 0.328076859126125
1147 0.328390097622949
1148 0.32869443562
1149 0.329045981807632
1150 0.329390086585082
1151 0.329698946029064
1152 0.330039464117879
1153 0.330356719034427
1154 0.330657468741434
1155 0.33096166727797
1156 0.331261366457232
1157 0.331548129227928
1158 0.331840735541306
1159 0.332118937880669
1160 0.332376334231988
1161 0.332634976973583
1162 0.332937566320695
1163 0.333217817479307
1164 0.333521308370818
1165 0.333870268023065
1166 0.334157631956338
1167 0.334423921459366
1168 0.334725868778047
1169 0.33503589745992
1170 0.335345872302938
1171 0.335697079076679
1172 0.335996383727029
1173 0.336244421406906
1174 0.336532814931648
1175 0.33682673381
1176 0.337115961701843
1177 0.337447334406905
1178 0.337739562244705
1179 0.338006233443033
1180 0.338246423385939
1181 0.338505977430416
1182 0.338746757975385
1183 0.338986468001856
1184 0.339246424938608
1185 0.339506933193121
1186 0.339764343989473
1187 0.340026596095582
1188 0.340298611351337
1189 0.340565949400695
1190 0.340848237382403
1191 0.341093198115856
1192 0.341329294517601
1193 0.341545671291915
1194 0.341718723874936
1195 0.341911397485069
1196 0.342093247424408
1197 0.34229014407135
1198 0.342498338872405
1199 0.342709389455865
1200 0.342917692985335
1201 0.343134215062396
1202 0.343338811092853
1203 0.343530723694183
1204 0.343730193218582
1205 0.34392076658364
1206 0.344135517947997
1207 0.344380181142701
1208 0.344584011724538
1209 0.344768193659293
1210 0.344977751396807
1211 0.345184121538485
1212 0.34538005704715
1213 0.345594344417749
1214 0.345803174286644
1215 0.345985993257361
1216 0.346176098331282
1217 0.346378704303065
1218 0.346585541076962
1219 0.346778100305848
1220 0.346964460135195
1221 0.347162238802754
1222 0.347363467251476
1223 0.347577089784519
1224 0.34780243197685
1225 0.348017333975292
1226 0.348231014930676
1227 0.348457116053481
1228 0.348685992193899
1229 0.348921371664855
1230 0.349196023396376
1231 0.34942298831308
1232 0.349601546938363
1233 0.349810839125028
1234 0.350024765542456
1235 0.350228276894952
1236 0.350454365049279
1237 0.350663742869257
1238 0.350830613242568
1239 0.351002647405508
1240 0.351188220436068
1241 0.35137778051903
1242 0.351572482533624
1243 0.351766868336202
1244 0.351981827320665
1245 0.35222054664026
1246 0.352432951106741
1247 0.352645532635601
1248 0.352865163618787
1249 0.353081946563742
1250 0.353284364663906
1251 0.35349216978898
1252 0.353697447837414
1253 0.353887404129218
1254 0.354067435529277
1255 0.354237280548875
1256 0.354425807678848
1257 0.354618279991759
1258 0.35478605766104
1259 0.354990448402395
1260 0.355237219300836
1261 0.355438808687361
1262 0.355628115162145
1263 0.355830074933052
1264 0.356012137378954
1265 0.356222503468095
1266 0.356450853789162
1267 0.356679367112216
1268 0.356933988532258
1269 0.357159344516032
1270 0.357360063685737
1271 0.357589975853581
1272 0.357827732789686
1273 0.358049545022988
1274 0.358293485534051
1275 0.358520888897435
1276 0.358709612791491
1277 0.358911191600493
1278 0.359120744967452
1279 0.359340048477716
1280 0.359520622230692
1281 0.359683094911081
1282 0.359851715318469
1283 0.359999473684758
1284 0.360149948291213
1285 0.360291035002869
1286 0.36046363624151
1287 0.360652580603213
1288 0.360817695991392
1289 0.361023485839505
1290 0.361167937897622
1291 0.361253275361622
1292 0.361351181819142
1293 0.361415088825285
1294 0.361507284203106
1295 0.361637045425712
1296 0.361718370689948
1297 0.361768303378315
1298 0.361842013439869
1299 0.361906445265804
1300 0.361946034606813
1301 0.362022158254713
1302 0.362131097336181
1303 0.362236753067771
1304 0.362358514290284
1305 0.362441166674732
1306 0.362539879528989
1307 0.362588408522026
1308 0.36258022698587
1309 0.36258964323013
1310 0.362557928319011
1311 0.362589843460155
1312 0.362642225858581
1313 0.362704275978684
1314 0.362813292622962
1315 0.362907583767163
1316 0.362991318602704
1317 0.363088756812666
1318 0.363214446576447
1319 0.363316228653782
1320 0.36337995440607
1321 0.363490106165906
1322 0.363618050214768
1323 0.363742689486037
1324 0.363889992535146
1325 0.364087058090427
1326 0.36423715484761
1327 0.364359522930177
1328 0.364517657401168
1329 0.364675839556914
1330 0.364853948334482
1331 0.365043586360734
1332 0.365262579452476
1333 0.365511960362751
1334 0.365745197921279
1335 0.366014641893774
1336 0.366245204811115
1337 0.366437925341923
1338 0.366652359810835
1339 0.366857741081246
1340 0.367077296905446
1341 0.367343729775613
1342 0.367552175346928
1343 0.367728478673971
1344 0.367912975163874
1345 0.368055683807758
1346 0.368217104997216
1347 0.36838595432077
1348 0.368575166671222
1349 0.368774977250464
1350 0.368983019935905
1351 0.369194777307473
1352 0.369439381257312
1353 0.369644208172583
1354 0.36983472591346
1355 0.370017982641927
1356 0.370192363737453
1357 0.370347446799631
1358 0.370482677780465
1359 0.370625342620043
1360 0.370725561387533
1361 0.370888335404025
1362 0.371089872521346
1363 0.371282706300615
1364 0.371500988887003
1365 0.37171802346907
1366 0.371937082560392
1367 0.372151566961702
1368 0.372377633381956
1369 0.372596968901306
1370 0.372830885914874
1371 0.373016912194299
1372 0.373184901521908
1373 0.373343644460013
1374 0.373434320319059
1375 0.373495301148623
1376 0.373528246806005
1377 0.373536848095361
1378 0.373500569397062
1379 0.373418918694301
1380 0.373331069190987
1381 0.373198949083798
1382 0.373082321724688
1383 0.372934064412971
1384 0.372840255025346
1385 0.372785028455774
1386 0.37269244067021
1387 0.372648877165707
1388 0.37252669123445
1389 0.37236071909804
1390 0.372154671902271
1391 0.371914792541982
1392 0.371631727956269
1393 0.371281456893223
1394 0.370932902899563
1395 0.370530616183571
1396 0.370155623844528
1397 0.369792039337685
1398 0.369419064379145
1399 0.369078395994998
1400 0.368690004538145
1401 0.368264291813569
1402 0.367827695973948
1403 0.367395119969152
1404 0.366954879314132
1405 0.366516017685813
1406 0.366097580978423
1407 0.365645905613233
1408 0.365127486789143
1409 0.36474138913403
1410 0.364370737285311
1411 0.364093294360718
1412 0.363890107266731
1413 0.363770217572496
1414 0.363674986377462
1415 0.363740778205058
1416 0.363937831531853
1417 0.364202670634525
1418 0.364620063062498
1419 0.365020329213528
1420 0.365500802796103
1421 0.365959739850314
1422 0.366449070360336
1423 0.366911090862146
1424 0.367393337921746
1425 0.367827650772131
1426 0.368209908009743
1427 0.368610052121955
1428 0.368993014702174
1429 0.369370795910404
1430 0.369771792741075
1431 0.370144195045225
1432 0.370493015619313
1433 0.370825055487343
1434 0.37115647939953
1435 0.37147595979419
1436 0.37180242501233
1437 0.372130605838787
1438 0.372449779623099
1439 0.372766698351134
1440 0.373077835258424
1441 0.373379725795586
1442 0.373693670530528
1443 0.374026297757817
1444 0.374310549508996
1445 0.374587333252186
1446 0.37483925553262
1447 0.37503845455516
1448 0.375266794998273
1449 0.375499517543197
1450 0.375724670760708
1451 0.375945921499323
1452 0.376173442365469
1453 0.376419051098689
1454 0.376625171467112
1455 0.376821339356035
1456 0.377000521632468
1457 0.377125847819607
1458 0.377289157885018
1459 0.377460230225601
1460 0.377640427113324
1461 0.377834700707865
1462 0.378035656599765
1463 0.378245781209722
1464 0.378457584534678
1465 0.37869321911647
1466 0.378908351633598
1467 0.379109770801503
1468 0.379315685321999
1469 0.37953293915359
1470 0.379704492729441
1471 0.379890418859071
1472 0.380109679676923
1473 0.380341228666965
1474 0.380582418933663
1475 0.380804326481609
1476 0.38104128237056
1477 0.381248499142709
1478 0.381432548988818
1479 0.381609242314598
1480 0.381769540213572
1481 0.381941958380518
1482 0.382083155454501
1483 0.382279055274691
1484 0.382499708879949
1485 0.382743821285578
1486 0.38304258817079
1487 0.383295059435851
1488 0.38355593162766
1489 0.383792351254763
1490 0.384004045088039
1491 0.384204106013651
1492 0.384391953798798
1493 0.384574747848534
1494 0.384714955257428
1495 0.384900250465126
1496 0.385091882762451
1497 0.385313109813798
1498 0.385594341068498
1499 0.385828697820226
1500 0.386074559681242
1501 0.386287964558506
1502 0.386457850030544
1503 0.386630755495441
1504 0.386788435024416
1505 0.386950198458113
1506 0.387086405377259
1507 0.387255094427595
1508 0.387446917629689
1509 0.387634704030435
1510 0.387856478549024
1511 0.388050416976808
1512 0.388222221702302
1513 0.388396261572429
1514 0.388571194653836
1515 0.388724936532117
1516 0.38887124371411
1517 0.388995829860034
1518 0.38912915398512
1519 0.389276405026996
1520 0.389418216744513
1521 0.389586305138181
1522 0.389745892509871
1523 0.389886996175835
1524 0.390070264893863
1525 0.390281963480992
1526 0.390483711756871
1527 0.390705482435431
1528 0.390903625850665
1529 0.391112879012106
1530 0.391265101161324
1531 0.391381441353702
1532 0.3915076379619
1533 0.391591866365459
1534 0.391705759720902
1535 0.391833364225391
1536 0.391968416909829
1537 0.392094759029402
1538 0.392252267785431
1539 0.392457547384028
1540 0.392613212257636
1541 0.392759182151195
1542 0.3929089319027
1543 0.39303832805798
1544 0.39316753121105
1545 0.393310260736775
1546 0.393437305267095
1547 0.393514622413182
1548 0.393658794155113
1549 0.39382868930136
1550 0.39401290596646
1551 0.394274097218286
1552 0.394455327272419
1553 0.394625903795268
1554 0.394754182915116
1555 0.394811248801405
1556 0.394893392020791
1557 0.394941661972402
1558 0.395030828337372
1559 0.395138269279512
1560 0.395253431413201
1561 0.395412248900111
1562 0.395534131351044
1563 0.395655011503031
1564 0.395750657339646
1565 0.395780462473989
1566 0.395877733723842
1567 0.395998672186886
1568 0.396118514405476
1569 0.396272190539091
1570 0.396431080322919
1571 0.396585945187235
1572 0.396747902382612
1573 0.396936239031593
1574 0.397120068113953
1575 0.397303299186583
1576 0.397477644193036
1577 0.397670566792628
1578 0.397833670639182
1579 0.3979564651492
1580 0.39809809967893
1581 0.398240655184494
1582 0.398372775550301
1583 0.398510578454066
1584 0.398641132301039
1585 0.398778486263392
1586 0.398876101179322
1587 0.398939563337571
1588 0.399013592395734
1589 0.399031510406647
1590 0.399097120665366
1591 0.399225946349027
1592 0.399321691530714
1593 0.39943361638466
1594 0.39952000946272
1595 0.399552755641963
1596 0.399611906176206
1597 0.399648091400591
1598 0.399730238132536
1599 0.399839459006827
1600 0.399983160010144
1601 0.400168304642556
1602 0.400355699250921
1603 0.40052827116132
1604 0.400686781495274
1605 0.4007877381829
1606 0.400841074367161
1607 0.400903656321924
1608 0.400919500945447
1609 0.400992995486218
1610 0.401079551510337
1611 0.401191897739795
1612 0.401321310763894
1613 0.40149002528481
1614 0.401695072885465
1615 0.401889241807343
1616 0.402120632904915
1617 0.402313679459219
1618 0.40250161526944
1619 0.402644750452696
1620 0.402780710031654
1621 0.402847561981667
1622 0.402843107696271
1623 0.402876270089542
1624 0.402865143449101
1625 0.402923330349774
1626 0.403009065548127
1627 0.403128109300245
1628 0.403288661923669
1629 0.403437648537829
1630 0.403617550539221
1631 0.403764572511844
1632 0.403902991095917
1633 0.40402997405383
1634 0.40415020381021
1635 0.404253495731034
1636 0.404320131611192
1637 0.404456152434965
1638 0.404599939250067
1639 0.404775749192561
1640 0.405031697575265
1641 0.405178858138435
1642 0.405301401641053
1643 0.405396684793769
1644 0.405427857748631
1645 0.405499181743591
1646 0.405567562757425
1647 0.405643228023208
1648 0.405715125987804
1649 0.405819543677844
1650 0.405940301087235
1651 0.406069887215692
1652 0.406230625607414
1653 0.406357788432747
1654 0.406473741196704
1655 0.406586103911305
1656 0.406722634369277
1657 0.406883289454014
1658 0.407042222786709
1659 0.407207379849703
1660 0.407343743584022
1661 0.407463876351372
1662 0.40760112299555
1663 0.407739641661076
1664 0.407883306664517
1665 0.408006680885619
1666 0.40812566159894
1667 0.408285361325508
1668 0.408475412301293
1669 0.408705893714699
1670 0.408951257177807
1671 0.409164628473026
1672 0.409321453399083
1673 0.409418204543629
1674 0.409494413111943
1675 0.409522360066706
1676 0.409546445960891
1677 0.409593328125247
1678 0.409635241845247
1679 0.409694790353438
1680 0.409764772311356
1681 0.409892482515842
1682 0.410054689944157
1683 0.410217187380371
1684 0.410416016892787
1685 0.410610754274745
1686 0.410779538838163
1687 0.410934106865971
1688 0.411057910316037
1689 0.411177543090062
1690 0.411291790939089
1691 0.411458297388821
1692 0.411684152770404
1693 0.411838779914129
1694 0.412000852074365
1695 0.412156392657737
1696 0.412239807032685
1697 0.412381443984413
1698 0.412468366046845
1699 0.412497656550233
1700 0.412551019814042
1701 0.41254803115117
1702 0.412607484352931
1703 0.412713679233472
1704 0.412814824285298
1705 0.412971158663025
1706 0.413073392225618
1707 0.413125247925597
1708 0.413218499636669
1709 0.413313860137035
1710 0.413425418969375
1711 0.413612726561364
1712 0.413700749554661
1713 0.413724505704629
1714 0.413753540073527
1715 0.413704064038394
1716 0.41374287385821
1717 0.413836150474336
1718 0.413893139344203
1719 0.413979990292144
1720 0.414047638564262
1721 0.41407271540008
1722 0.414125907917809
1723 0.414202111027302
1724 0.414268594067559
1725 0.414349036916471
1726 0.414408836078456
1727 0.414456031612899
1728 0.41449242129875
1729 0.414496948338003
1730 0.414517611363691
1731 0.41454149045888
1732 0.414594846759241
1733 0.414648285959587
1734 0.414744714716852
1735 0.414877548779789
1736 0.415005506963446
1737 0.415167873260443
1738 0.415314201744637
1739 0.415481794529869
1740 0.415562670968399
1741 0.415632636472841
1742 0.415661374741269
1743 0.415693285788412
1744 0.415818212661451
1745 0.415906886114779
1746 0.415934234016139
1747 0.415937003842273
1748 0.415839859807847
1749 0.415737974520268
1750 0.415702686401249
1751 0.415752970908806
1752 0.41591040915041
1753 0.416061001526091
1754 0.416235185464095
1755 0.416380780974802
1756 0.416437737722126
1757 0.416525893032582
1758 0.416630867037883
1759 0.416704730624326
1760 0.416713576740861
1761 0.416644587887038
1762 0.416554207671518
1763 0.416492989698219
1764 0.41646703511626
1765 0.41644932666657
1766 0.416368362885926
1767 0.416282009902489
1768 0.416251799768843
1769 0.416305282502086
1770 0.41647914908545
1771 0.416596100935312
1772 0.41668819946952
1773 0.416813333109749
1774 0.416936920761522
1775 0.417060363705451
1776 0.417213225156188
1777 0.417342206241567
1778 0.417450271758362
1779 0.417546547099319
1780 0.417687284981571
1781 0.417639646126006
1782 0.417563423450548
1783 0.417454673395958
1784 0.417280542615035
1785 0.417191477180078
1786 0.417136355536629
1787 0.417088663173272
1788 0.417152521360274
1789 0.417288408963357
1790 0.41746520028795
1791 0.417657896254382
1792 0.417858207113925
1793 0.418081470678729
1794 0.418329503992881
1795 0.41855793901265
1796 0.41868479556057
1797 0.418730157384377
1798 0.418712735339294
1799 0.418690773169819
1800 0.418769000921039
1801 0.413884466956163
1802 0.41389569130056
1803 0.413867680593237
1804 0.413875104014475
1805 0.413971033938947
1806 0.414110218140621
1807 0.41420634064326
1808 0.414460313954356
1809 0.414531559968156
1810 0.414439306538266
1811 0.414375773947286
1812 0.414460947457809
1813 0.414483959861351
1814 0.414611942771661
1815 0.414853814565003
1816 0.414960939722883
1817 0.415000004312629
1818 0.41503178621297
1819 0.415051485824596
1820 0.41496492057849
1821 0.414927381358738
1822 0.414907901078662
1823 0.414779181427536
1824 0.414781156654625
1825 0.414822809523059
1826 0.414883280034278
1827 0.414945908294751
1828 0.415148635732285
1829 0.415211331780673
1830 0.415162673865677
1831 0.415208408309117
1832 0.415238116138382
1833 0.415183673695445
1834 0.415211069386972
1835 0.415230186410129
1836 0.415252012505012
1837 0.415288196346693
1838 0.415299782646616
1839 0.415295973941841
1840 0.415320591949909
1841 0.415285780517033
1842 0.415348001516682
1843 0.415487516043799
1844 0.415457497614345
1845 0.415420712332549
1846 0.41543268120618
1847 0.415442913451068
1848 0.415384158811979
1849 0.415498105020834
1850 0.415679569880166
1851 0.415749189393792
1852 0.415842907554814
1853 0.415870903149266
1854 0.4158512905208
1855 0.415829765232772
1856 0.415826741137691
1857 0.415811125326349
1858 0.41567344012225
1859 0.415404273886688
1860 0.415209794362857
1861 0.41506047525161
1862 0.414813239156939
1863 0.414661074384768
1864 0.414421587653187
1865 0.41398231043619
1866 0.413559754913881
1867 0.413186343177261
1868 0.412806730688413
1869 0.412467914761906
1870 0.412217132931413
1871 0.411987752965915
1872 0.411715165256798
1873 0.411328354569108
1874 0.410889223802077
1875 0.410386748299558
1876 0.409797901460003
1877 0.409206829787004
1878 0.408510695932761
1879 0.40776280958358
1880 0.406820179906859
1881 0.40581076030064
1882 0.404789616095874
1883 0.403696801438247
1884 0.402628513832108
1885 0.401500613025369
1886 0.400155221818535
1887 0.39869445878428
1888 0.397117806854342
1889 0.39538613649154
1890 0.393512270154029
1891 0.391680278990401
1892 0.389759415829298
1893 0.387755854385319
1894 0.385791972805522
1895 0.3836646959727
1896 0.381418146314917
1897 0.379181735158266
1898 0.376761021638531
1899 0.374520701510322
1900 0.372315790338195
1901 0.370271624191561
1902 0.368293849737447
1903 0.366540068894542
1904 0.364869387211506
1905 0.363304201280161
1906 0.361958423631297
1907 0.360818791386659
1908 0.359816711040024
1909 0.358940197358678
1910 0.358220849883149
1911 0.357596379137442
1912 0.357146023351246
1913 0.356886295187976
1914 0.356793993538813
1915 0.356738139131447
1916 0.356756782874896
1917 0.356797898211392
1918 0.356886367769186
1919 0.357064076871695
1920 0.357373706159552
1921 0.357742282645219
1922 0.358231556994004
1923 0.358715202649428
1924 0.359262636465764
1925 0.359842203500811
1926 0.360376269290224
1927 0.360985110605806
1928 0.361541424780931
1929 0.362073416581207
1930 0.362698269229638
1931 0.363336816738267
1932 0.363900086692246
1933 0.36445963001584
1934 0.3649548589803
1935 0.365365416079453
1936 0.365774046745846
1937 0.366184436926471
1938 0.366671327660385
1939 0.367173923644812
1940 0.367650505075055
1941 0.368194386813729
1942 0.368803973024627
1943 0.369386244199215
1944 0.370042452601556
1945 0.370587102941201
1946 0.371038610195401
1947 0.371550731676976
1948 0.372082755536428
1949 0.372509220744282
1950 0.372968482015234
1951 0.37351508112663
1952 0.373899412648559
1953 0.374363642023696
1954 0.374913404805065
1955 0.37558556984025
1956 0.376104678983287
1957 0.37665554012171
1958 0.377162718633102
1959 0.377573918793136
1960 0.377976212780516
1961 0.378478410416356
1962 0.378906282049893
1963 0.379260834710588
1964 0.379582518082862
1965 0.379883382748821
1966 0.380202215774669
1967 0.380604010490222
1968 0.38110847798308
1969 0.381562916256705
1970 0.382033163949108
1971 0.382532541132089
1972 0.383011566473761
1973 0.383541708261145
1974 0.384149071612685
1975 0.3847430087335
1976 0.385306320286288
1977 0.385807362007881
1978 0.386294244145652
1979 0.386719733107731
1980 0.387168098390027
1981 0.387622301151187
1982 0.388050707813438
1983 0.38844009248047
1984 0.388856698161492
1985 0.389261599907318
1986 0.389679050928961
1987 0.390093922822382
1988 0.390609984372583
1989 0.391143228805678
1990 0.391620556110943
1991 0.392141572562238
1992 0.3927132988306
1993 0.393229447016286
1994 0.393728556222346
1995 0.394244094265413
1996 0.394788307642206
1997 0.395251992974012
1998 0.395708171934677
1999 0.396082228158622
2000 0.396489534971181
2001 0.396828835531695
2002 0.397185310378006
2003 0.397580830971702
2004 0.397956031537669
2005 0.398247229298993
2006 0.398637726936888
2007 0.39905981989471
2008 0.399515853637735
2009 0.400172680949686
2010 0.40059621538973
2011 0.400877068821187
2012 0.40121292721983
2013 0.40162541219195
2014 0.40179637576112
2015 0.402102156678284
2016 0.402560587239142
2017 0.402916177543917
2018 0.403164936320325
2019 0.403493432629188
2020 0.403891370002738
2021 0.404246789584054
2022 0.404582881902025
2023 0.404908065271229
2024 0.405205180969609
2025 0.405529797962118
2026 0.405900163938335
2027 0.406311175407831
2028 0.406807548448054
2029 0.407276536736297
2030 0.407697257953145
2031 0.408132506508465
2032 0.408439147311548
2033 0.408579472977649
2034 0.408862021020992
2035 0.409097400264609
2036 0.409383605511849
2037 0.409855625277897
2038 0.410198388167374
2039 0.410508226503983
2040 0.410724354438348
2041 0.41086618426123
2042 0.411011716289498
2043 0.411208508942925
2044 0.411414198582634
2045 0.411587313446324
2046 0.411804370346363
2047 0.411980333244376
2048 0.412028637992426
2049 0.412214344598228
2050 0.412511708408666
2051 0.412748959478623
2052 0.413012401481336
2053 0.413261272150151
2054 0.413514068210255
2055 0.413695976601104
2056 0.413889889829912
2057 0.41410450587784
2058 0.414287870286485
2059 0.414376476707241
2060 0.414597123818222
2061 0.414921394796489
2062 0.415136005438922
2063 0.415368780140169
2064 0.415572459854705
2065 0.415674638671306
2066 0.415826596512659
2067 0.41599076497552
2068 0.41621460626094
2069 0.416430061330921
2070 0.416500289277355
2071 0.416596234870571
2072 0.416614787770346
2073 0.416777825611272
2074 0.416980736801685
2075 0.417187813852509
2076 0.417510881906231
2077 0.417746554615797
2078 0.417889850654343
2079 0.418113747597571
2080 0.418446419756282
2081 0.418648578136125
2082 0.418762174499863
2083 0.418943947191679
2084 0.419056318558578
2085 0.41924527682052
2086 0.419389349326699
2087 0.419601104897478
2088 0.419728663675263
2089 0.419754693159923
2090 0.419867760176307
2091 0.420010582489006
2092 0.420162500487911
2093 0.420409558979313
2094 0.420496356564665
2095 0.420425166190718
2096 0.420515110923028
2097 0.420604990388476
2098 0.420692156861456
2099 0.420828552148137
2100 0.421071583793423
2101 0.421250831505657
2102 0.421474412521667
2103 0.421704139598925
2104 0.422031290105624
2105 0.422296393856038
2106 0.422528529347556
2107 0.422737788229973
2108 0.422937839969229
2109 0.423161717619394
2110 0.42337757584843
2111 0.423568989885838
2112 0.423758025343048
2113 0.423966540440116
2114 0.424168172606415
2115 0.424339509565412
2116 0.424515270775734
2117 0.424695042638213
2118 0.424884399581397
2119 0.42506403936844
2120 0.425248881593562
2121 0.425550153368246
2122 0.425642319155349
2123 0.425547002752338
2124 0.425622208613628
2125 0.425564178303736
2126 0.425763280171623
2127 0.426349356970077
2128 0.426596796851095
2129 0.426712237374251
2130 0.426953279973948
2131 0.427145286351909
2132 0.427276416910052
2133 0.427442197743132
2134 0.427700248291214
2135 0.427885463124971
2136 0.427791942825473
2137 0.427766803639251
2138 0.427799401529262
2139 0.427697713742605
2140 0.427377551908509
2141 0.427265984910596
2142 0.427239177222352
2143 0.427143051250896
2144 0.427189405452412
2145 0.4269877064449
2146 0.426526671038775
2147 0.426237750654425
2148 0.425882697057304
2149 0.425586042171021
2150 0.425532221366819
2151 0.425268659415838
2152 0.424864295187795
2153 0.424452225063543
2154 0.424066799649616
2155 0.423582444088125
2156 0.423075620677579
2157 0.422514353829672
2158 0.422092722929397
2159 0.421618311192303
2160 0.421261839038664
2161 0.421162334687825
2162 0.420848261852359
2163 0.420492047934345
2164 0.420059690773544
2165 0.419423334037536
2166 0.418982979607217
2167 0.418590983609642
2168 0.418187241151865
2169 0.417924185723077
2170 0.417602058927274
2171 0.417250971506331
2172 0.416846740746617
2173 0.416408200780934
2174 0.415895800986031
2175 0.415598743847706
2176 0.415431581463953
2177 0.414969289968491
2178 0.414537453678968
2179 0.414053684399883
2180 0.413247908560946
2181 0.412649505085716
2182 0.412343287858412
2183 0.411732698234451
2184 0.410886790077582
2185 0.410175820684544
2186 0.409361836996465
2187 0.408667794021387
2188 0.40807414082568
2189 0.407503354611936
2190 0.407043898122498
2191 0.406500901545445
2192 0.405939205704293
2193 0.405382329936182
2194 0.40473036025904
2195 0.404170439733302
2196 0.40372404164642
2197 0.403230290472481
2198 0.402647825423389
2199 0.402049434106535
2200 0.401381971202015
2201 0.400494308108262
2202 0.399921436168145
2203 0.399449511966268
2204 0.39902600419211
2205 0.398770956261486
2206 0.398491578887383
2207 0.398104510545297
2208 0.398013825750049
2209 0.398136719283138
2210 0.398293501081103
2211 0.398599064960694
2212 0.399000954384605
2213 0.399508266541093
2214 0.400028825053529
2215 0.400799298083414
2216 0.401400508685109
2217 0.401808118097956
2218 0.402390971609922
2219 0.403099278871124
2220 0.403584187129842
2221 0.404108619040107
2222 0.404729795964595
2223 0.405162240676593
2224 0.405422130519718
2225 0.405734224522079
2226 0.406019208335866
2227 0.406297592254252
2228 0.406544208971591
2229 0.406786547596188
2230 0.407090800131565
2231 0.407213295757812
2232 0.407319632741823
2233 0.407195999940398
2234 0.406613488437803
2235 0.406493018630477
2236 0.406406141488564
2237 0.406442643248127
2238 0.406982399641361
2239 0.40719744072704
2240 0.407218119098932
2241 0.407278414870838
2242 0.407149246554213
2243 0.407208207759639
2244 0.407194266252173
2245 0.407602074244247
2246 0.408155571721077
2247 0.408491126156038
2248 0.408660204519961
2249 0.408672788124807
2250 0.408608059412389
2251 0.408115120197361
2252 0.408242460969268
2253 0.408682247835419
2254 0.40884420176131
2255 0.409272106524546
2256 0.409344528722871
2257 0.408912702849445
2258 0.40892737721078
2259 0.409099530642313
2260 0.409218630335225
2261 0.4095573364479
2262 0.409679863259545
2263 0.409644517145377
2264 0.409649509040373
2265 0.409493011346756
2266 0.409545819828565
2267 0.409870808575156
2268 0.409921920805784
2269 0.409781272672853
2270 0.40986766796711
2271 0.409879793546105
2272 0.409916034567385
2273 0.410336414287515
2274 0.410541132092567
2275 0.410468395499828
2276 0.41055856485346
2277 0.410764236741291
2278 0.410761575734348
2279 0.411014967095448
2280 0.411018658176318
2281 0.411095547700727
2282 0.411118356878981
2283 0.410827583903492
2284 0.410561988953364
2285 0.410454534643245
2286 0.410340852853591
2287 0.410158806962757
2288 0.410150893205206
2289 0.410025319077532
2290 0.409647380924826
2291 0.409429445521366
2292 0.409386165117659
2293 0.409216961556289
2294 0.408906251895002
2295 0.408796777933145
2296 0.408831378218569
2297 0.408686719573674
2298 0.40851589308632
2299 0.408424700500586
2300 0.408159293482927
2301 0.408154834167826
2302 0.408515417257608
2303 0.408567199944778
2304 0.408677142417944
2305 0.408548423373176
2306 0.407899021943287
2307 0.407771401714573
2308 0.407881602110328
2309 0.407846145203745
2310 0.408110934647926
2311 0.408145697176398
2312 0.40785460013087
2313 0.407695518847917
2314 0.407632510313324
2315 0.407485228596724
2316 0.40736561218062
2317 0.407081678916184
2318 0.406524970010487
2319 0.406159190575508
2320 0.405730202823147
2321 0.405392021999874
2322 0.405269617709148
2323 0.405582673189567
2324 0.405584627536614
2325 0.405338126884767
2326 0.405330518900954
2327 0.405241962500524
2328 0.405364891959164
2329 0.405854310086867
2330 0.405958517160557
2331 0.405891347164061
2332 0.405974304486548
2333 0.406014038058269
2334 0.406464715518939
2335 0.406588782962012
2336 0.406154730415295
2337 0.405149718765735
2338 0.404840574421922
2339 0.404314410654241
2340 0.403804281566997
2341 0.403870159203725
2342 0.403596953671289
2343 0.402637343044341
2344 0.402475615625376
2345 0.403155674610904
2346 0.402842656173506
2347 0.40224642780676
2348 0.40162582926586
2349 0.400419168481006
2350 0.399756954430056
2351 0.399329319601619
2352 0.398907719323428
2353 0.398133508888684
2354 0.398544279596662
2355 0.400086703084407
2356 0.400625637244023
2357 0.401886624025796
2358 0.40195778395691
2359 0.400288038354732
2360 0.399989373267011
2361 0.399941350368752
2362 0.400057321629714
2363 0.40112471928905
2364 0.401107118092836
2365 0.400403148797498
2366 0.400348104554381
2367 0.400126026520871
2368 0.399780887717929
2369 0.400010835183197
2370 0.399451444362659
2371 0.398014916969402
2372 0.397334652666354
2373 0.396739114032944
2374 0.396145849324476
2375 0.395838325788463
2376 0.395398302883357
2377 0.394470292262964
2378 0.394370575638752
2379 0.394957119618561
2380 0.395192797948391
2381 0.39611519195534
2382 0.396206317842599
2383 0.395408758279564
2384 0.395267813454256
2385 0.395153455024865
2386 0.394877845829888
2387 0.39479502249308
2388 0.3946793728534
2389 0.393867785626059
2390 0.394080478863407
2391 0.395348463779973
2392 0.395985839525724
2393 0.397346737084287
2394 0.397381770336163
2395 0.395914371689756
2396 0.395629839802657
2397 0.395475080002537
2398 0.394809513836436
2399 0.394859362654435
2400 0.393937816923641
2401 0.391082231672794
2402 0.390068072189339
2403 0.389816883705932
2404 0.389657989061205
2405 0.390738128119257
2406 0.390819329716348
2407 0.390265413698992
2408 0.390143121491467
2409 0.389962899532019
2410 0.389623766967618
2411 0.389536960810375
2412 0.389346402057575
2413 0.38852873513061
2414 0.388650985511629
2415 0.389628731092821
2416 0.38986881068175
2417 0.390459622099272
2418 0.390146790168392
2419 0.388784747849339
2420 0.38786836263645
2421 0.38658327285983
2422 0.385726502889728
2423 0.385725069179128
2424 0.384593010148198
2425 0.383068223433452
2426 0.381415488028071
2427 0.378179364334159
2428 0.377026299099356
2429 0.376749805972123
2430 0.376810067117255
2431 0.378428525836537
2432 0.379200588138874
2433 0.379540975936761
2434 0.38060201145565
2435 0.382617585197562
2436 0.382725835600602
2437 0.382764591527236
2438 0.381472135406623
2439 0.377426686426209
2440 0.376346954689772
2441 0.376023523735431
2442 0.377774892621662
2443 0.378487233279598
2444 0.377954920441186
2445 0.376461034950505
2446 0.373697206414664
2447 0.373132126852033
2448 0.374275991015078
2449 0.37325484077947
2450 0.372482874437183
2451 0.372337527973703
2452 0.370796576016741
2453 0.371348937707463
2454 0.371861754140226
2455 0.369924551022014
2456 0.369368048619332
2457 0.369419092824658
2458 0.367889969739863
2459 0.367173560986491
2460 0.366754968837019
2461 0.364743305318014
2462 0.364981643268903
2463 0.367258234133056
2464 0.364352126716777
2465 0.364693195009631
2466 0.367827484560681
2467 0.367587110833694
2468 0.368185612493302
2469 0.368180455821494
2470 0.363412542683597
2471 0.361686717712492
2472 0.363076971719865
2473 0.362754518055876
2474 0.361685409341712
2475 0.361487807249426
2476 0.360674726851449
2477 0.361281294105638
2478 0.364782085434837
2479 0.365263550303489
2480 0.364993793367328
2481 0.363513865288608
2482 0.358134165906789
2483 0.357756451324541
2484 0.359932609464404
2485 0.361220309289739
2486 0.365725082505025
2487 0.364943547585647
2488 0.360467404565568
2489 0.358578923466054
2490 0.354935852410648
2491 0.355711776829026
2492 0.356543369317094
2493 0.355940303212429
2494 0.356530810939093
2495 0.358728173020598
2496 0.359945581947556
2497 0.360518924896515
2498 0.360489392492742
2499 0.360427972123353
2500 0.362239105421676
