"Wavelength" "M092a_m4-w3"
350 0.0900322198778799
351 0.0896394114152374
352 0.0884351314234692
353 0.0861281071742278
354 0.0832060633968114
355 0.0868709009822729
356 0.0890179279576729
357 0.0874873425004551
358 0.0861939413660184
359 0.0875497686175663
360 0.0856958638232052
361 0.0812358484150573
362 0.088663713099674
363 0.0891887930563841
364 0.0845494353458855
365 0.081474410585781
366 0.0828207758890382
367 0.078547400620443
368 0.07447440225041
369 0.0825967187435651
370 0.0841875343345879
371 0.0824515164152051
372 0.080332569831902
373 0.0776444758412231
374 0.0793368560270993
375 0.0812406672612573
376 0.0801227819343536
377 0.080662908540482
378 0.0795024072898819
379 0.0776872587276565
380 0.0773609065105914
381 0.0756763488371233
382 0.0773361228415834
383 0.0806076675072814
384 0.0781257725727887
385 0.0760755148857932
386 0.0767458837796739
387 0.0794550812360852
388 0.0791710071489013
389 0.0783341418752277
390 0.077327549031706
391 0.0760352259955808
392 0.0747684191501051
393 0.0756380836875991
394 0.0769731982951428
395 0.0747731810198027
396 0.0757815509293281
397 0.0769295953832267
398 0.0761821848724083
399 0.0759840675710699
400 0.07601552323604
401 0.0760049947828664
402 0.0756776958042806
403 0.0747906448039648
404 0.0746524336405865
405 0.0752780827322947
406 0.0757058944974627
407 0.0761157791457243
408 0.076052487904538
409 0.0756147035828223
410 0.0760803571912334
411 0.075975625300867
412 0.0758266780710419
413 0.0763182777396079
414 0.0757847518069017
415 0.0761496337154329
416 0.077297448931747
417 0.0774407721656559
418 0.077250536164863
419 0.0770768640683516
420 0.0770814692531969
421 0.077106424962434
422 0.077419890655719
423 0.077992064061049
424 0.0785727164386156
425 0.0783766122857934
426 0.0784989742700045
427 0.0789322174469725
428 0.0785707074272915
429 0.0787360404121248
430 0.0791529063103887
431 0.0794823644440757
432 0.080126964519337
433 0.0800442432668242
434 0.0797254943930634
435 0.0801566235644945
436 0.0804634369996195
437 0.0806744052990796
438 0.0808330859562752
439 0.0809094365924883
440 0.0811839049173735
441 0.0815426503301465
442 0.0818008103183206
443 0.0818691247249337
444 0.0820116214172041
445 0.082335814034061
446 0.0828010871391621
447 0.083021424185124
448 0.0832391899198476
449 0.083545739427153
450 0.0836292000673923
451 0.0840999353791952
452 0.0842364756040303
453 0.0834979246200863
454 0.0839810494789311
455 0.0847284941198762
456 0.0851932277328661
457 0.0853043040478072
458 0.0852192212969037
459 0.0850836089644449
460 0.0851013304020631
461 0.0856577029840389
462 0.0863811901929998
463 0.0867040073099915
464 0.0862335521025716
465 0.0861611215103822
466 0.0866203828537851
467 0.0870877830595233
468 0.0863787275329251
469 0.0866378989340013
470 0.0871985371415802
471 0.0872155456969972
472 0.0877857486287337
473 0.088163200297565
474 0.0882038885715028
475 0.0881892808483558
476 0.0882015005536542
477 0.088337554749485
478 0.0885813085115896
479 0.0887190775540428
480 0.0888244218007378
481 0.0890601817267788
482 0.0895025438839208
483 0.089538160044058
484 0.0897262685690804
485 0.0901805203914545
486 0.0904670884040476
487 0.0906299127288662
488 0.0907770915001887
489 0.0909732390068855
490 0.0910460451447855
491 0.0913560259779903
492 0.09181483528093
493 0.0920765316679738
494 0.0922083623406748
495 0.0923196621616787
496 0.0925027185667559
497 0.0928091451307798
498 0.0931965878953629
499 0.093555948660136
500 0.0937833495805831
501 0.0939102530559529
502 0.0941589076313252
503 0.0945392061914948
504 0.09483000413256
505 0.0951819319392581
506 0.0955307640712872
507 0.0958081825458839
508 0.0960848122592801
509 0.0962804071726097
510 0.0964711332139832
511 0.0968089051816221
512 0.0971063040055388
513 0.0973586106337066
514 0.0976050198493308
515 0.0979268561699772
516 0.0982008110734423
517 0.0984493587747614
518 0.098730353594592
519 0.0989359567553203
520 0.0992733683125926
521 0.0997185388150031
522 0.0999482264064923
523 0.100201671904459
524 0.1005058468668
525 0.100830931043504
526 0.101142239668168
527 0.10145995015834
528 0.101780261945522
529 0.102084301565239
530 0.102429285664082
531 0.102788850955192
532 0.103138104119292
533 0.103506699918702
534 0.103712269820637
535 0.103887239549648
536 0.104269222071776
537 0.104657536997113
538 0.105072278041074
539 0.105504198509673
540 0.105866427234925
541 0.10621553927894
542 0.106568232176222
543 0.106918820092085
544 0.107208303658776
545 0.107502656579685
546 0.107844417136027
547 0.108244656147304
548 0.108611943220436
549 0.108959938605886
550 0.109324258295485
551 0.10972773901221
552 0.110156718041442
553 0.110564627018981
554 0.110899623035689
555 0.111311184657157
556 0.111746323384451
557 0.112156127812441
558 0.112565962816353
559 0.112928739021895
560 0.113316889967036
561 0.113803996042181
562 0.114129204161553
563 0.114395965675031
564 0.114690124503076
565 0.115031356985921
566 0.115356385579258
567 0.11565431204666
568 0.115941282613461
569 0.116268193800367
570 0.116629670797457
571 0.117015283495917
572 0.117410567671036
573 0.117770844237636
574 0.11813021826598
575 0.118512623185633
576 0.118867089980504
577 0.119145352816284
578 0.119406420669271
579 0.119758739286502
580 0.120097316367655
581 0.120382705604345
582 0.12061077397604
583 0.120810157610069
584 0.12114427075655
585 0.121525176850101
586 0.121797363173856
587 0.122017801026078
588 0.122291306303202
589 0.122652034619491
590 0.123046152373052
591 0.12332492385319
592 0.123577045723447
593 0.123910447707629
594 0.12423658876876
595 0.124524643288077
596 0.124809407945779
597 0.125169852255795
598 0.125469316551608
599 0.125763432908921
600 0.126090118583573
601 0.126345373575347
602 0.126595911127224
603 0.126863653569848
604 0.127143478722883
605 0.127392692457323
606 0.127650894885733
607 0.127930455824217
608 0.128176035299331
609 0.128495472097048
610 0.128848626085358
611 0.129158029721844
612 0.129445754538145
613 0.1297309919997
614 0.130024425703961
615 0.130327006658963
616 0.130629218569351
617 0.130923961919092
618 0.131206586753762
619 0.131471656041947
620 0.131781942513794
621 0.132111091768609
622 0.132375057679848
623 0.132663273098909
624 0.132993255659656
625 0.133333536600559
626 0.13355478480593
627 0.133837080711358
628 0.134185145386679
629 0.134522424457978
630 0.134839794093454
631 0.135156101664926
632 0.135481013453275
633 0.135805940070549
634 0.136092620884409
635 0.136346956346385
636 0.136601834506949
637 0.136932978230076
638 0.13726404841519
639 0.137579639171628
640 0.137928569170897
641 0.138230950778152
642 0.138538744794485
643 0.138890900052457
644 0.13920680465705
645 0.139491011006938
646 0.139795834108037
647 0.140188587966704
648 0.140554741177049
649 0.140879468776908
650 0.141189258191445
651 0.141564457955602
652 0.141931852264134
653 0.142261313680548
654 0.142555339063107
655 0.142908442383485
656 0.143247653366005
657 0.143576339672312
658 0.144003430255673
659 0.144367446599339
660 0.144693630226638
661 0.145030704167292
662 0.145316669331352
663 0.145654495453611
664 0.146043904985398
665 0.146406371983154
666 0.146766985471336
667 0.147123394942982
668 0.147483001599934
669 0.14789368593368
670 0.148221950551724
671 0.148522518209616
672 0.148910422919188
673 0.149263963908659
674 0.149655309461361
675 0.150081902348396
676 0.150413751684641
677 0.150809413545264
678 0.151208573443184
679 0.151537063397099
680 0.151920647154909
681 0.152359251249321
682 0.152791996350615
683 0.153123862094435
684 0.153525774765606
685 0.153925193663539
686 0.154270944334785
687 0.154672391634552
688 0.155083217742941
689 0.155488045597688
690 0.155886047739632
691 0.156290257314946
692 0.15668153471635
693 0.157049848632788
694 0.157399889433115
695 0.157852768908968
696 0.158347165774876
697 0.15878510727291
698 0.15916479528917
699 0.15953854794889
700 0.159927480441135
701 0.160325484514506
702 0.160758607943415
703 0.16120435882409
704 0.161632118921387
705 0.162003530817286
706 0.162416664115162
707 0.162877760931142
708 0.163342137743115
709 0.163740834960683
710 0.164142279687408
711 0.164572728052418
712 0.164986633941983
713 0.165483665150767
714 0.165969149365308
715 0.166359794170547
716 0.166796062832119
717 0.167275997564171
718 0.167764793192875
719 0.168210707777655
720 0.16866549210225
721 0.169109582905815
722 0.16953748385916
723 0.169996608303592
724 0.170393153500209
725 0.170806282773634
726 0.171326896979609
727 0.171747593246667
728 0.172203536995195
729 0.172720333656832
730 0.173194041626955
731 0.173649364552314
732 0.174129345403827
733 0.174629416072105
734 0.174988307091269
735 0.175409479130163
736 0.17588906240436
737 0.176330068621632
738 0.176810503474283
739 0.177269698805694
740 0.177702946240258
741 0.178199940711219
742 0.178686843311964
743 0.179182513763753
744 0.179691253111205
745 0.180068117497735
746 0.180515738454406
747 0.181038104257973
748 0.181505407484559
749 0.181947141989179
750 0.182383803832379
751 0.182828982849036
752 0.183283326054161
753 0.183782121043921
754 0.184299784170354
755 0.184798950576435
756 0.185292948643349
757 0.185772271061197
758 0.186219212938726
759 0.186620982434745
760 0.187119331640937
761 0.187627699932617
762 0.18808180241486
763 0.188546205063412
764 0.188981384726982
765 0.189424510963023
766 0.189922959510937
767 0.190442239143052
768 0.190902132419851
769 0.191320293914884
770 0.191799928159994
771 0.192267431135398
772 0.192776243373468
773 0.193330186114113
774 0.193775368976733
775 0.194176860971533
776 0.194598404251083
777 0.195091167689406
778 0.195614607386715
779 0.196116691074675
780 0.196594169441364
781 0.197088169229335
782 0.197557754134626
783 0.198030120562495
784 0.198522094381796
785 0.199001829972743
786 0.199467642144237
787 0.199918491368282
788 0.200362005704658
789 0.200842173458902
790 0.201308238164239
791 0.201777258582342
792 0.202317507185244
793 0.202774459320027
794 0.203206659231668
795 0.203692281951708
796 0.204283206734801
797 0.204798197265643
798 0.20522895607002
799 0.205649011570724
800 0.206185245924041
801 0.20670179999465
802 0.20717067573537
803 0.207651788895325
804 0.20813980007718
805 0.208596179734301
806 0.209020465535081
807 0.209478866004752
808 0.209963351810531
809 0.21044133587326
810 0.210890468918061
811 0.211355650256708
812 0.211846363925675
813 0.212372006790425
814 0.212929746849999
815 0.213455747001078
816 0.213907967731834
817 0.214300130500669
818 0.214706630456754
819 0.215199677771165
820 0.215706576885719
821 0.216161890482265
822 0.216598541701341
823 0.217027148109741
824 0.217493695362716
825 0.218030046126815
826 0.218540329006366
827 0.2190331798453
828 0.219520314448388
829 0.220007618669728
830 0.220447195777466
831 0.220882174517661
832 0.221329291934102
833 0.221742966244929
834 0.222213561229617
835 0.222675431502597
836 0.223077166908789
837 0.223532978761864
838 0.224064966877075
839 0.224633510369628
840 0.225156589098542
841 0.225517820328172
842 0.225963617210456
843 0.22651521612993
844 0.226975747910399
845 0.227395401128819
846 0.227836087637837
847 0.228325757873799
848 0.228829721554765
849 0.229290596395074
850 0.229742818067555
851 0.230219127441858
852 0.230658467611753
853 0.231119233137814
854 0.231590008493978
855 0.232043219733713
856 0.232552925917809
857 0.233042620397396
858 0.233490859357949
859 0.233927454733265
860 0.234322206145176
861 0.234762491440398
862 0.235281017048294
863 0.235813178986786
864 0.236247645339318
865 0.236622072298862
866 0.237008969917234
867 0.237459370551812
868 0.238004320832698
869 0.238567832196966
870 0.239060627647958
871 0.239518082314015
872 0.239966064715747
873 0.240435565231432
874 0.240948133893969
875 0.241466157595348
876 0.241938354178727
877 0.242344935285834
878 0.242705197927684
879 0.243086443551346
880 0.243538739462529
881 0.244046390865826
882 0.244509343576365
883 0.244967015501877
884 0.24538254005608
885 0.24576488689673
886 0.24626553781978
887 0.246802197234464
888 0.247296345137905
889 0.24771162001605
890 0.24815502723294
891 0.248613957901924
892 0.249092431489216
893 0.249578428271356
894 0.249946470956097
895 0.250331932487137
896 0.250752140870535
897 0.25114954295362
898 0.251726812783115
899 0.252290002914355
900 0.252738785065523
901 0.253135252490697
902 0.253637094004205
903 0.254182028200978
904 0.254674442577803
905 0.255039751891019
906 0.255441099949362
907 0.255849648713773
908 0.256245109438175
909 0.256721129997292
910 0.257178730929745
911 0.257577991356874
912 0.25793350360042
913 0.258347085381647
914 0.258834661163725
915 0.259374070050424
916 0.25990910620049
917 0.260324313541644
918 0.260814036146699
919 0.261330415526177
920 0.261744874115723
921 0.262195573164471
922 0.2627015225761
923 0.263214495282645
924 0.263666330644552
925 0.264148761772498
926 0.26457240273642
927 0.264953075231947
928 0.265392785735834
929 0.265871346353508
930 0.266247510857551
931 0.266549538322998
932 0.266967879325063
933 0.267404293954048
934 0.267930769638856
935 0.26852570038491
936 0.269040839214597
937 0.269475829868346
938 0.269807553123934
939 0.270142046861317
940 0.270728603490914
941 0.271216604821259
942 0.271670873400557
943 0.272169923814877
944 0.272674766178776
945 0.273089658862745
946 0.273406462363172
947 0.273700182695235
948 0.274135947260452
949 0.27463322751036
950 0.275105967784351
951 0.275545913954646
952 0.276103032842798
953 0.2764175886169
954 0.276776024973212
955 0.277365759394381
956 0.277790389521568
957 0.278201170759967
958 0.278613600219927
959 0.279031583284982
960 0.279505128999469
961 0.279925810146685
962 0.280330447770194
963 0.280758635588777
964 0.281152504495636
965 0.281557076084477
966 0.282041628944836
967 0.282592681676615
968 0.283004050873543
969 0.283392447180662
970 0.283751915185585
971 0.284090508237351
972 0.284513441582998
973 0.285002342707072
974 0.285533084344508
975 0.28606670472169
976 0.286551666505294
977 0.286909784449622
978 0.287217122999392
979 0.287564193744218
980 0.287967281618556
981 0.288454318699003
982 0.288922853122592
983 0.289312416621308
984 0.289703771923007
985 0.290253433940923
986 0.290688118157941
987 0.290930756841757
988 0.291369327914269
989 0.291795715770972
990 0.292280691427192
991 0.292832794405215
992 0.293299618501937
993 0.293549813531544
994 0.293829426701477
995 0.294230022158799
996 0.294576101519013
997 0.294948064600447
998 0.295480231880467
999 0.296034428402799
1000 0.296297816651387
1001 0.293867390739462
1002 0.294276553348747
1003 0.294758961790131
1004 0.295194060766043
1005 0.295623361645744
1006 0.296025568117264
1007 0.296388160473613
1008 0.296809487441913
1009 0.297199967322236
1010 0.297531904834823
1011 0.297832196895429
1012 0.298090986779357
1013 0.298445611154451
1014 0.298883114322117
1015 0.299307235612866
1016 0.29969866328962
1017 0.300106785785129
1018 0.300476410543569
1019 0.300831897794342
1020 0.301163459989978
1021 0.30161318644525
1022 0.302041817308048
1023 0.302386393293314
1024 0.302766341587731
1025 0.303202692926042
1026 0.303599930024261
1027 0.304015429533264
1028 0.304460779678191
1029 0.304871105838607
1030 0.305265348213502
1031 0.305537620331963
1032 0.305851328627411
1033 0.306147886254765
1034 0.306507502514466
1035 0.306858830343949
1036 0.307298451229547
1037 0.307781108500932
1038 0.308190722788272
1039 0.308466221940778
1040 0.308759974102197
1041 0.309099973173991
1042 0.309435028241354
1043 0.3099033928056
1044 0.310371204518363
1045 0.310736073777698
1046 0.311052113258352
1047 0.311394955875759
1048 0.311681752533068
1049 0.31205812478018
1050 0.312467171816682
1051 0.312800222214461
1052 0.313162456533023
1053 0.31349633690914
1054 0.313765886819052
1055 0.314184624609355
1056 0.31459840210765
1057 0.314961094895829
1058 0.315431200104338
1059 0.315809806497677
1060 0.316155114478511
1061 0.31646856465061
1062 0.316776420142707
1063 0.317003098449828
1064 0.317367022107996
1065 0.317760375918553
1066 0.318156916389458
1067 0.31856081553763
1068 0.318924844556423
1069 0.319287864801477
1070 0.319635097153983
1071 0.319985138840219
1072 0.320337736878067
1073 0.320639866825099
1074 0.32090412443602
1075 0.321214265839346
1076 0.321533437795343
1077 0.321843016520573
1078 0.322152260075148
1079 0.322538064259198
1080 0.322933147631349
1081 0.323307547820898
1082 0.323715847463408
1083 0.32414114443759
1084 0.324510547234622
1085 0.324853236150576
1086 0.325192602931654
1087 0.325452068160766
1088 0.325682560660374
1089 0.325983352020878
1090 0.326332557893158
1091 0.326664273482217
1092 0.327040125832701
1093 0.327387448454627
1094 0.327727154926221
1095 0.328010466395169
1096 0.328333329504698
1097 0.328692496491931
1098 0.328988258723559
1099 0.329241975928713
1100 0.329527865028571
1101 0.32983523137802
1102 0.330148343528103
1103 0.330535350857322
1104 0.330886177184067
1105 0.331168508768539
1106 0.331472696996322
1107 0.331767051685929
1108 0.332061445084955
1109 0.332341013798907
1110 0.332671622631654
1111 0.332992883318603
1112 0.333294070573154
1113 0.333614493282963
1114 0.333933842026041
1115 0.334219758070385
1116 0.334524614539022
1117 0.334861290294625
1118 0.335202110645823
1119 0.335541342467836
1120 0.335862336054858
1121 0.336182088425767
1122 0.336484944591223
1123 0.336776675390578
1124 0.337057057530449
1125 0.337357957224347
1126 0.337670264952679
1127 0.337958269282946
1128 0.338199222374338
1129 0.338468532104345
1130 0.338676036093699
1131 0.338869979628198
1132 0.33918133966705
1133 0.339510831146396
1134 0.339859278041755
1135 0.340226278603278
1136 0.340549719878685
1137 0.340828621322952
1138 0.341128980564754
1139 0.34144033371111
1140 0.341717669629041
1141 0.341983365179721
1142 0.3422490856447
1143 0.342480497786323
1144 0.342738665569242
1145 0.343008846592357
1146 0.343291846454195
1147 0.34359848558837
1148 0.343873202068183
1149 0.344174499548082
1150 0.344461331757945
1151 0.344705642892961
1152 0.344988132402099
1153 0.345251846810002
1154 0.34548687968456
1155 0.345759271389421
1156 0.346055594467478
1157 0.346320632278028
1158 0.34658411805992
1159 0.346850064505163
1160 0.347090046789235
1161 0.347367550181056
1162 0.347668933977131
1163 0.347956787494287
1164 0.348257275537773
1165 0.348575113030011
1166 0.348861397509733
1167 0.349162582081132
1168 0.349458770050278
1169 0.349710205364991
1170 0.349972652089293
1171 0.350222155332298
1172 0.350493854389736
1173 0.350767576716367
1174 0.351044983916492
1175 0.351336092618258
1176 0.351619137169752
1177 0.351892339439348
1178 0.352184141919792
1179 0.352483638832825
1180 0.352793128900502
1181 0.353118013541118
1182 0.353433192195247
1183 0.353702995486481
1184 0.353950248530628
1185 0.354212742076094
1186 0.354462899330683
1187 0.354700929704146
1188 0.354931511032762
1189 0.355198470983762
1190 0.355473594573628
1191 0.355720931996748
1192 0.355991691405611
1193 0.356249785867397
1194 0.356462352817453
1195 0.356687378893834
1196 0.356935771242238
1197 0.357178327151672
1198 0.357408126466077
1199 0.357645592771343
1200 0.357867138136461
1201 0.358067154498872
1202 0.358238201759779
1203 0.358423570105585
1204 0.358636479315424
1205 0.358873158407179
1206 0.359113248712627
1207 0.359393407826594
1208 0.359617438065322
1209 0.359811873038766
1210 0.360033958772216
1211 0.360251158399404
1212 0.360459413976643
1213 0.360677391869474
1214 0.36089745338302
1215 0.361092512205844
1216 0.361302506932193
1217 0.361536423103396
1218 0.361766740114929
1219 0.362002636817308
1220 0.362226977215001
1221 0.362447011876851
1222 0.362672199260272
1223 0.362881928830844
1224 0.363071901761626
1225 0.363278958517164
1226 0.363488477936902
1227 0.363694717246465
1228 0.363893391049899
1229 0.364112426842737
1230 0.364342516769547
1231 0.364568965429611
1232 0.364812385916072
1233 0.365049316782711
1234 0.365296131808009
1235 0.365512035866232
1236 0.365720758875267
1237 0.365909482728535
1238 0.366076917752439
1239 0.366253927158334
1240 0.36645115592586
1241 0.366669842801791
1242 0.366888353917776
1243 0.367121162082229
1244 0.367338401818426
1245 0.367563350347418
1246 0.367771757729079
1247 0.36794854832512
1248 0.368159709703995
1249 0.368398690050833
1250 0.368606118933998
1251 0.368795830453614
1252 0.369016861439673
1253 0.369256830709781
1254 0.36946197563619
1255 0.369680455238898
1256 0.369886188532203
1257 0.370057569635726
1258 0.370191380400878
1259 0.370398258698166
1260 0.370655409434945
1261 0.370865063636781
1262 0.371090674544041
1263 0.371296655068456
1264 0.371471532213714
1265 0.371650645828423
1266 0.371832721008728
1267 0.372010171164105
1268 0.372162389340928
1269 0.372338931994061
1270 0.37252137098355
1271 0.37272047932235
1272 0.372932543882482
1273 0.37314991677726
1274 0.373401514197805
1275 0.373626222347914
1276 0.373833920229271
1277 0.374047884651016
1278 0.37423364654216
1279 0.374452094782951
1280 0.37467756615203
1281 0.374931646901043
1282 0.375145881982127
1283 0.375366017055055
1284 0.375552035755746
1285 0.375692155143326
1286 0.37586172883776
1287 0.37603151208936
1288 0.376196472108011
1289 0.376356203139532
1290 0.376531444826412
1291 0.376706974256857
1292 0.376886935533081
1293 0.377073338832296
1294 0.377275279365136
1295 0.377496068394958
1296 0.377698066135992
1297 0.377927266190807
1298 0.378120115031812
1299 0.378273595307534
1300 0.378416664268716
1301 0.3785897518942
1302 0.378760408724337
1303 0.378939568326397
1304 0.379152432365163
1305 0.379322291254061
1306 0.379479863741901
1307 0.379616542694919
1308 0.379731585960634
1309 0.379842260392978
1310 0.379890239201348
1311 0.380032517883553
1312 0.380231759472334
1313 0.380395577591503
1314 0.380613436252171
1315 0.380785628246919
1316 0.38088094771204
1317 0.38103134751829
1318 0.38123427569364
1319 0.381388563242957
1320 0.381518653918394
1321 0.381670768942312
1322 0.381806215632153
1323 0.381933162200759
1324 0.38210041434691
1325 0.382314586793333
1326 0.382493166189027
1327 0.382667967928494
1328 0.382845136138769
1329 0.383018629740531
1330 0.38319328698608
1331 0.383361047384685
1332 0.383549576075616
1333 0.383748992241761
1334 0.383942412262657
1335 0.384153812969128
1336 0.384350460519221
1337 0.384537293658439
1338 0.384719620166851
1339 0.384917689702503
1340 0.38507837116835
1341 0.385223877094547
1342 0.385344933762309
1343 0.385400682292752
1344 0.385501900638186
1345 0.385601578298106
1346 0.385719902915181
1347 0.385864527115398
1348 0.386029865202909
1349 0.386195638353049
1350 0.386380994691542
1351 0.386529052532017
1352 0.386681911008614
1353 0.386807365080127
1354 0.38689539348249
1355 0.386995166989604
1356 0.387088643014109
1357 0.387185778409886
1358 0.38726422377499
1359 0.387375101111064
1360 0.3875007396256
1361 0.387634278676344
1362 0.387791525146881
1363 0.387940407122832
1364 0.388097556711844
1365 0.388244350998762
1366 0.388386449538806
1367 0.388529871076243
1368 0.388684130425648
1369 0.388809366613172
1370 0.388944690210217
1371 0.389032599427279
1372 0.389077794477897
1373 0.389111306813196
1374 0.389109552951654
1375 0.389075495006904
1376 0.389027508181399
1377 0.388953634197311
1378 0.38887079853458
1379 0.388760460515334
1380 0.388662792845472
1381 0.388565702957144
1382 0.388447296877661
1383 0.38830146907968
1384 0.388198235215445
1385 0.388113583816369
1386 0.387997707844717
1387 0.387926873044724
1388 0.387783793595451
1389 0.387590025870451
1390 0.387371070541812
1391 0.387128803400567
1392 0.386846843035786
1393 0.386494357486786
1394 0.386168231108415
1395 0.385818535033494
1396 0.385479120425705
1397 0.385153236336786
1398 0.384825727238244
1399 0.384512342115111
1400 0.384172790464392
1401 0.383839442453358
1402 0.383470382031578
1403 0.383077507118948
1404 0.382677399844198
1405 0.38226407427074
1406 0.38182178994375
1407 0.381423080538681
1408 0.381004687537576
1409 0.380662236819074
1410 0.380339200845612
1411 0.38011016867732
1412 0.379926642095403
1413 0.379834138650497
1414 0.379793137311018
1415 0.379892581848026
1416 0.380091444416182
1417 0.380371814362878
1418 0.380806882264532
1419 0.381238081951501
1420 0.381744380344634
1421 0.382245314605815
1422 0.382807634263602
1423 0.383327147142685
1424 0.383870946436064
1425 0.384354720354283
1426 0.38477742226166
1427 0.38521766427995
1428 0.38564005773301
1429 0.386044609966811
1430 0.386455736267257
1431 0.386849277513876
1432 0.387216474822914
1433 0.387561663769128
1434 0.387911760035986
1435 0.388286832260411
1436 0.388639434217721
1437 0.388985158203108
1438 0.389328780065931
1439 0.389659742966867
1440 0.390004308916447
1441 0.390355459889244
1442 0.390704214113919
1443 0.391083270466047
1444 0.391388948812282
1445 0.391672818226173
1446 0.391922217479483
1447 0.392098404764621
1448 0.392319457396859
1449 0.392551529162125
1450 0.392755468396612
1451 0.392955951816433
1452 0.393144703624427
1453 0.393300180570744
1454 0.393473329684564
1455 0.393666622395697
1456 0.393832465562909
1457 0.39397008919565
1458 0.394132411369203
1459 0.394286256172866
1460 0.394455729771403
1461 0.394658294363404
1462 0.394844511601168
1463 0.395002833496706
1464 0.395198771154362
1465 0.395429683055638
1466 0.395640156466908
1467 0.395872034548502
1468 0.396089926130676
1469 0.396297512603737
1470 0.396467368347845
1471 0.396660743161657
1472 0.396868895943198
1473 0.397091425232547
1474 0.39732086758689
1475 0.397523398866348
1476 0.397725272239594
1477 0.397918397639128
1478 0.398089809964737
1479 0.39826024076809
1480 0.39843187135928
1481 0.398604372299466
1482 0.398740057253251
1483 0.398936785714454
1484 0.399166839252781
1485 0.399400517919859
1486 0.399681102374391
1487 0.399920622789094
1488 0.400153148364968
1489 0.400376940778694
1490 0.400585219402445
1491 0.400783891572759
1492 0.400980158683505
1493 0.401162223108849
1494 0.401308255926254
1495 0.401489360001213
1496 0.40167343440496
1497 0.401869059011984
1498 0.402092524179355
1499 0.402304071999345
1500 0.402533664355708
1501 0.402727869492349
1502 0.402905045947539
1503 0.403074644256919
1504 0.403199512856015
1505 0.403360140192912
1506 0.40353082596551
1507 0.403708255085911
1508 0.403909325074766
1509 0.404101373299503
1510 0.404326068751748
1511 0.40449743466291
1512 0.404635806600341
1513 0.404769240351189
1514 0.404843285740471
1515 0.404947515297647
1516 0.405069976438453
1517 0.405184815636623
1518 0.405332172364449
1519 0.405472075141589
1520 0.405626366082556
1521 0.405785305875735
1522 0.405931342078869
1523 0.406068927323292
1524 0.406222559258183
1525 0.406378999532123
1526 0.406527105012565
1527 0.406682805122976
1528 0.406827133894077
1529 0.406970384573033
1530 0.407083546321557
1531 0.407181014280378
1532 0.407282296415283
1533 0.407339471445611
1534 0.40745483127274
1535 0.407603677598719
1536 0.407749261035351
1537 0.407901928849355
1538 0.408085447067201
1539 0.408307282119601
1540 0.408484880277279
1541 0.408668343995717
1542 0.408849373480198
1543 0.409005073303209
1544 0.40915553004681
1545 0.409336468569415
1546 0.409465451349766
1547 0.409515599092731
1548 0.409637123699817
1549 0.40975995639094
1550 0.409916569304532
1551 0.410132744143706
1552 0.410323063510547
1553 0.410553845042812
1554 0.410708221943862
1555 0.410822421870321
1556 0.410929376094929
1557 0.410975827565075
1558 0.411044024737081
1559 0.411110915619876
1560 0.41118982576243
1561 0.411259644631749
1562 0.41135145656881
1563 0.411462922058755
1564 0.411582492196755
1565 0.411697720235727
1566 0.411852878777913
1567 0.41207028692032
1568 0.412235832365619
1569 0.412404890464178
1570 0.412563008184963
1571 0.412674205534323
1572 0.412804695195604
1573 0.412962895900891
1574 0.413096188187953
1575 0.413172807278377
1576 0.413317680135867
1577 0.413545398175372
1578 0.413685037150486
1579 0.413803544626115
1580 0.413937639000022
1581 0.41399359621049
1582 0.414089526019894
1583 0.414239969400998
1584 0.41439028351843
1585 0.41457553002582
1586 0.414703029960679
1587 0.414814649543341
1588 0.414917117397519
1589 0.414950930587692
1590 0.415008579376211
1591 0.415086197525665
1592 0.415161340001842
1593 0.415234893319971
1594 0.415308053452479
1595 0.415369920014603
1596 0.415455738066846
1597 0.415533528926559
1598 0.415648169619052
1599 0.415804303772647
1600 0.415974100524468
1601 0.416147538374529
1602 0.416327124861307
1603 0.416487029779914
1604 0.416635814479991
1605 0.416740171170506
1606 0.416814833284768
1607 0.41689490278799
1608 0.416945042725533
1609 0.416996802400916
1610 0.4170477716178
1611 0.417113308696555
1612 0.417149774170955
1613 0.417254662647087
1614 0.417406799401896
1615 0.41754879574441
1616 0.417721245988825
1617 0.417865706306297
1618 0.418006663638365
1619 0.41814345097494
1620 0.418275803476961
1621 0.418391177042236
1622 0.418499357336277
1623 0.418599746230316
1624 0.418679603159157
1625 0.418777132829237
1626 0.418864967215229
1627 0.419002463474674
1628 0.419164471662638
1629 0.419318673710812
1630 0.419525907549988
1631 0.419640707465928
1632 0.419704247010335
1633 0.41979766681917
1634 0.419855126744999
1635 0.419943321547103
1636 0.420060839398953
1637 0.420164075179835
1638 0.420249760993996
1639 0.420378561720296
1640 0.420531194385934
1641 0.420672320240731
1642 0.420840134459296
1643 0.420966437009937
1644 0.421076355361434
1645 0.421182409244356
1646 0.421272144111596
1647 0.421350594433617
1648 0.421418253569227
1649 0.421486247635584
1650 0.421530003005785
1651 0.421619900879823
1652 0.421724224465813
1653 0.421833845864932
1654 0.421978042897807
1655 0.42208266726668
1656 0.422184055629261
1657 0.422288367382907
1658 0.422382318611434
1659 0.422510556557813
1660 0.422651347562804
1661 0.422787144490622
1662 0.422926249876116
1663 0.423059396710183
1664 0.423176876472238
1665 0.423270793102969
1666 0.423362721607038
1667 0.423497534439001
1668 0.423677114159788
1669 0.423893479974451
1670 0.424130285609166
1671 0.424295160675565
1672 0.424381355421438
1673 0.424461850325794
1674 0.424541988025695
1675 0.424593854171262
1676 0.424699544512046
1677 0.424816102261527
1678 0.424887216585907
1679 0.425025388637767
1680 0.425134827032088
1681 0.42522721430228
1682 0.425387450636744
1683 0.425523994225954
1684 0.425672844914408
1685 0.425878524266662
1686 0.426038605057545
1687 0.426164021704217
1688 0.426323800152891
1689 0.426446264283824
1690 0.426547414726195
1691 0.42668953066423
1692 0.426837774233469
1693 0.426974001980186
1694 0.427108557676298
1695 0.427225821998342
1696 0.427330744298646
1697 0.427422105496536
1698 0.427475945014887
1699 0.427487141825374
1700 0.427508661952726
1701 0.427500555852489
1702 0.427536667498196
1703 0.427621734013689
1704 0.427677663253149
1705 0.427711234195155
1706 0.427767468385018
1707 0.427804278211004
1708 0.427871790940528
1709 0.427990392288068
1710 0.428118536650503
1711 0.428281532518979
1712 0.428412823640756
1713 0.428598240123496
1714 0.428657433543851
1715 0.428583650921165
1716 0.428581719140118
1717 0.428527262125811
1718 0.428515696410909
1719 0.428575539788363
1720 0.42861331389504
1721 0.428637862482987
1722 0.428667967910479
1723 0.428696788827439
1724 0.428758668105074
1725 0.428843923553676
1726 0.428916410386636
1727 0.429043750121506
1728 0.429090122094402
1729 0.429038329314246
1730 0.429057348014717
1731 0.429094836655186
1732 0.429093976394508
1733 0.429096718490229
1734 0.429140849654275
1735 0.42915920150862
1736 0.429240877154213
1737 0.429420549991854
1738 0.429499268483304
1739 0.429538633839984
1740 0.42955854673202
1741 0.42961957336533
1742 0.429675533559403
1743 0.429687114837475
1744 0.429795977686125
1745 0.429877290857498
1746 0.429920321022237
1747 0.42998780363699
1748 0.429929349360316
1749 0.42984328957645
1750 0.429822229793397
1751 0.429823867871473
1752 0.429856348881814
1753 0.429925716925188
1754 0.430013468677602
1755 0.430090577736639
1756 0.430098875946345
1757 0.430068177945149
1758 0.430045483814714
1759 0.430031433724602
1760 0.430096830299983
1761 0.43017959537369
1762 0.43021884017532
1763 0.430206071719124
1764 0.430102594242107
1765 0.430028408623305
1766 0.429990644793535
1767 0.429990269731366
1768 0.430092132210864
1769 0.430144471024296
1770 0.430164890918083
1771 0.430218941925632
1772 0.430256823262402
1773 0.430347940066285
1774 0.430476188580897
1775 0.43060373893362
1776 0.430756348094392
1777 0.430929759843545
1778 0.431188942104836
1779 0.431317191679339
1780 0.431398508076348
1781 0.431377769248072
1782 0.431281522329736
1783 0.431181383917986
1784 0.431120231736696
1785 0.431043172755969
1786 0.430933950672991
1787 0.430840212329888
1788 0.430754817473567
1789 0.430743167962453
1790 0.430859661063898
1791 0.430959242584838
1792 0.43110554552441
1793 0.431306187394898
1794 0.431422386834724
1795 0.431524965736662
1796 0.431544242953063
1797 0.431443236071874
1798 0.43139286298764
1799 0.431429880863361
1800 0.431532221312129
1801 0.429518513513359
1802 0.429610062912662
1803 0.429760734768264
1804 0.429741667607556
1805 0.429765546345237
1806 0.42980743939497
1807 0.429797414818007
1808 0.429660993106007
1809 0.429713551980828
1810 0.429852039387026
1811 0.429896230921835
1812 0.430118331721956
1813 0.430293833420829
1814 0.430419966376582
1815 0.430587821613147
1816 0.430658426963368
1817 0.43066628572208
1818 0.430701539483554
1819 0.430680769153547
1820 0.430700407001204
1821 0.430705235728665
1822 0.43064123580396
1823 0.430564375879328
1824 0.430415007418501
1825 0.430434699994359
1826 0.430566643741839
1827 0.430705777414846
1828 0.431017967314226
1829 0.431157493197804
1830 0.431229917976704
1831 0.431272596269364
1832 0.431287090748727
1833 0.431319195941834
1834 0.431347766275606
1835 0.431362719385975
1836 0.431386598721609
1837 0.431379712164723
1838 0.431375876751277
1839 0.431392614475814
1840 0.431406284141141
1841 0.43134321470541
1842 0.43140870672281
1843 0.431471608492319
1844 0.43141306073858
1845 0.431438107161384
1846 0.431455490285142
1847 0.43148210167797
1848 0.431459580015962
1849 0.43163803906422
1850 0.431828239127151
1851 0.431869149996242
1852 0.431947274113581
1853 0.431952352203243
1854 0.431825764686009
1855 0.431816657461581
1856 0.431907630601504
1857 0.431916678712961
1858 0.431874481125141
1859 0.431816001677657
1860 0.431779401510665
1861 0.431631815177318
1862 0.431424100936104
1863 0.431229250540771
1864 0.430890632200915
1865 0.430415990547876
1866 0.430033019680446
1867 0.429695678855398
1868 0.429378268648641
1869 0.429076271177949
1870 0.42896350867453
1871 0.428785168505782
1872 0.428565295844257
1873 0.428344785416007
1874 0.42793685384386
1875 0.427574173220882
1876 0.42718864624238
1877 0.426730834117369
1878 0.426162732414586
1879 0.42556089280678
1880 0.424729519351116
1881 0.423819327288271
1882 0.422873707294339
1883 0.421907103874233
1884 0.420948939930966
1885 0.419929760859952
1886 0.418741259091354
1887 0.417463450931579
1888 0.416123791241552
1889 0.414684413046029
1890 0.413101839392338
1891 0.411605622851218
1892 0.410037352543889
1893 0.408327635758952
1894 0.406608475980718
1895 0.404668915464145
1896 0.402647558078225
1897 0.400630416695708
1898 0.398469496397306
1899 0.396471884799547
1900 0.394521379846377
1901 0.392670177464303
1902 0.390841270093279
1903 0.389290318650776
1904 0.38777961474164
1905 0.386323554409253
1906 0.385139295654751
1907 0.38411834174559
1908 0.383229783352964
1909 0.382566220208842
1910 0.381998586335846
1911 0.381551004767004
1912 0.381221546910329
1913 0.381043845975702
1914 0.380954009747504
1915 0.380966646416248
1916 0.380997175682382
1917 0.381096955145548
1918 0.381337251109776
1919 0.381564999104008
1920 0.381832662228905
1921 0.382194180321954
1922 0.382592873786318
1923 0.383044137943642
1924 0.383581755127423
1925 0.38423878436157
1926 0.384760888440084
1927 0.385378577172487
1928 0.385957859726466
1929 0.386392804204917
1930 0.386977695228124
1931 0.387562078340171
1932 0.388127483636811
1933 0.38874655473789
1934 0.389320413841356
1935 0.389837906222903
1936 0.39037618724537
1937 0.390979632102544
1938 0.391539586853552
1939 0.392090085451678
1940 0.392594785695439
1941 0.392990336349879
1942 0.393442785747049
1943 0.393949824615365
1944 0.394513156163871
1945 0.395011668352556
1946 0.395576319924991
1947 0.396057286309021
1948 0.396454771987011
1949 0.396879366967987
1950 0.397192843558718
1951 0.397566587753596
1952 0.398074604864452
1953 0.39850756048729
1954 0.398979039457193
1955 0.39965059214025
1956 0.400056612948319
1957 0.400269777124737
1958 0.400600836550885
1959 0.400924220734193
1960 0.401136403622305
1961 0.401484379450844
1962 0.401807003972486
1963 0.402078932994067
1964 0.402496688803896
1965 0.402910073218047
1966 0.40329580608014
1967 0.403714945062812
1968 0.404173223421838
1969 0.404578307082877
1970 0.404961687396898
1971 0.405386357089557
1972 0.405772461730798
1973 0.406222979319176
1974 0.406749217751533
1975 0.407343724044545
1976 0.407990813866183
1977 0.408465789917351
1978 0.408879759942243
1979 0.409172891506554
1980 0.409501149015671
1981 0.409723612276006
1982 0.410050951305881
1983 0.410426502454694
1984 0.410820650130773
1985 0.411269334910591
1986 0.41168547267782
1987 0.412084798768461
1988 0.412445158551179
1989 0.412811053679649
1990 0.413185602044772
1991 0.413666185167248
1992 0.414336730354923
1993 0.414819298873057
1994 0.415248503359369
1995 0.415726374990916
1996 0.416151326424682
1997 0.416552467973497
1998 0.416979899208996
1999 0.417429322546462
2000 0.417828049684468
2001 0.418136281014937
2002 0.418471495049248
2003 0.418846122778794
2004 0.41915811293675
2005 0.419383253431497
2006 0.419675387662618
2007 0.419950536857598
2008 0.420288314465462
2009 0.420688601362779
2010 0.421071553915072
2011 0.42151059697726
2012 0.421896710712259
2013 0.422321100421056
2014 0.422637230087055
2015 0.422906907109255
2016 0.423089253250624
2017 0.423397576763653
2018 0.423674141046086
2019 0.423992135028604
2020 0.424447444624539
2021 0.424794799980431
2022 0.425052198372272
2023 0.425360796423038
2024 0.425700605015056
2025 0.425993249658455
2026 0.426282304975558
2027 0.426636913488468
2028 0.426994970228918
2029 0.42727861832097
2030 0.42754353152884
2031 0.427772974993384
2032 0.428020064882215
2033 0.428195662592448
2034 0.428458217346607
2035 0.428810810444124
2036 0.429083085190037
2037 0.429396973540499
2038 0.429637202150717
2039 0.429793447460511
2040 0.429916962414097
2041 0.430115449134053
2042 0.430304252688459
2043 0.430486059983941
2044 0.430751334674673
2045 0.430870745172978
2046 0.43078780261513
2047 0.430946588566741
2048 0.431196706459839
2049 0.431389386911187
2050 0.431733740767647
2051 0.431979695859065
2052 0.432095015868172
2053 0.432234666591752
2054 0.432380315826942
2055 0.432538960730033
2056 0.43267502881923
2057 0.432749817433705
2058 0.432912959410711
2059 0.433101279974631
2060 0.433321145127904
2061 0.433638900264822
2062 0.433863025795222
2063 0.434065719446747
2064 0.434264561512724
2065 0.434402530080354
2066 0.43456954735976
2067 0.434769359405715
2068 0.434966286818549
2069 0.435099929576367
2070 0.435147984034571
2071 0.435225532831094
2072 0.435245319012616
2073 0.435305263854189
2074 0.435340371774963
2075 0.435496160634177
2076 0.435726011579665
2077 0.435899488978034
2078 0.436126678423247
2079 0.436372956415488
2080 0.436650788932603
2081 0.436819398615594
2082 0.436949958479007
2083 0.437115483064302
2084 0.437174310418576
2085 0.437289216425433
2086 0.437403709117701
2087 0.437632393864195
2088 0.437736634818995
2089 0.437734717204661
2090 0.437814552381583
2091 0.43790888882034
2092 0.437995465303231
2093 0.438115210919943
2094 0.438190866178009
2095 0.438213909120958
2096 0.438300487237407
2097 0.438394120999817
2098 0.438484067588499
2099 0.438565022924075
2100 0.438724540734017
2101 0.438872298403736
2102 0.439140493935032
2103 0.439330309477674
2104 0.439571138528196
2105 0.439755235909347
2106 0.439895958512344
2107 0.440004086858654
2108 0.440036591143827
2109 0.440193552007697
2110 0.440380023275281
2111 0.440545607107005
2112 0.440774787113706
2113 0.441015674538997
2114 0.441245422549211
2115 0.441452903022762
2116 0.441654819573159
2117 0.441940935264968
2118 0.442186065492985
2119 0.442457096131407
2120 0.442638972245008
2121 0.442864287470235
2122 0.442958022297638
2123 0.442839428271431
2124 0.442885532825564
2125 0.4429042193842
2126 0.443062559568606
2127 0.443416949094034
2128 0.44362996080509
2129 0.443881731571679
2130 0.444073012605898
2131 0.444164853399073
2132 0.444255475261028
2133 0.444344187970535
2134 0.444385434542943
2135 0.444492830783492
2136 0.44450696570178
2137 0.444531558775251
2138 0.444618722783447
2139 0.44454644698847
2140 0.44433493215293
2141 0.444206752344811
2142 0.44397690926249
2143 0.443882391941238
2144 0.443970202361662
2145 0.443869368426497
2146 0.443707029615689
2147 0.44356851915709
2148 0.443356908529758
2149 0.443138206685433
2150 0.443026977385842
2151 0.442766731001266
2152 0.442446247003701
2153 0.441947951458256
2154 0.441369729955932
2155 0.440910101047159
2156 0.44045025659009
2157 0.43999881467294
2158 0.439547753566105
2159 0.439163486824392
2160 0.43869195504815
2161 0.438156594732409
2162 0.437656589290108
2163 0.437136610103637
2164 0.436633144330009
2165 0.436139438794791
2166 0.435659885274375
2167 0.435185096049626
2168 0.4347136584089
2169 0.434271269575882
2170 0.433812847185652
2171 0.433329724065126
2172 0.43287187168425
2173 0.432341258351161
2174 0.431919824505319
2175 0.431657300004038
2176 0.431620467675232
2177 0.431211905870384
2178 0.430855143759599
2179 0.430284283547559
2180 0.429282942265325
2181 0.42859925545248
2182 0.428055637137186
2183 0.427404402767152
2184 0.426736715849872
2185 0.426099697101067
2186 0.425402622431252
2187 0.424764712848142
2188 0.424222059613773
2189 0.423603680302663
2190 0.422956571077689
2191 0.422336969370734
2192 0.421667897282581
2193 0.421074283085109
2194 0.420618871749639
2195 0.419994507483435
2196 0.419522649009652
2197 0.418983256636699
2198 0.418387212040526
2199 0.417754939081115
2200 0.417105651801928
2201 0.416328886651405
2202 0.415709497644527
2203 0.415084980949244
2204 0.414610454290239
2205 0.414299582419507
2206 0.413944823381861
2207 0.413514013966622
2208 0.413409618739823
2209 0.413423495857584
2210 0.413589393853725
2211 0.414119973198389
2212 0.414583992697333
2213 0.415082306085694
2214 0.415625802720019
2215 0.416248495375305
2216 0.416912379291306
2217 0.417695086631923
2218 0.418435781499665
2219 0.419037123132725
2220 0.4194474428262
2221 0.419852640597115
2222 0.419961475190057
2223 0.420407689519863
2224 0.421033632417031
2225 0.421529545438874
2226 0.422170679914445
2227 0.422557789846816
2228 0.422829631775477
2229 0.422961787496666
2230 0.422865123285271
2231 0.422848857958731
2232 0.422762664725348
2233 0.422621871687545
2234 0.422408636242782
2235 0.422295142004831
2236 0.422021205359386
2237 0.422035216535332
2238 0.422458704784203
2239 0.422582861940146
2240 0.422607551511964
2241 0.422740188166259
2242 0.422724820737342
2243 0.422812094423014
2244 0.423018937292646
2245 0.423373419881413
2246 0.423705555765742
2247 0.423973189891166
2248 0.424149531514592
2249 0.424313160236435
2250 0.424434343643253
2251 0.424366357692736
2252 0.424490868810693
2253 0.424769989952592
2254 0.424876952873911
2255 0.425013151538671
2256 0.424956829627091
2257 0.424574226764385
2258 0.424609269314067
2259 0.424816063117685
2260 0.424848859219519
2261 0.42502438694477
2262 0.425140442310833
2263 0.424948188708581
2264 0.425038959920274
2265 0.425456890365894
2266 0.425716660797629
2267 0.426020801493512
2268 0.426200571625677
2269 0.426261304474321
2270 0.426345770617273
2271 0.426363203335574
2272 0.426367551635849
2273 0.426257894024627
2274 0.42638665762648
2275 0.426798312511963
2276 0.426913592935923
2277 0.427145975307405
2278 0.427079429304355
2279 0.426807769806862
2280 0.4265982691104
2281 0.426468598830575
2282 0.42658729651886
2283 0.426925291070545
2284 0.426980655569411
2285 0.426775105326207
2286 0.426412020854127
2287 0.426142998508068
2288 0.425479201728192
2289 0.425272024740479
2290 0.425446043338845
2291 0.425432451664992
2292 0.425369697154626
2293 0.425423011907979
2294 0.42555346912217
2295 0.425730822219203
2296 0.426197337919609
2297 0.426116354490153
2298 0.425865589996732
2299 0.42554873096192
2300 0.424519479694258
2301 0.424265910253315
2302 0.4244558839479
2303 0.424423543877317
2304 0.424764297250119
2305 0.424836041535575
2306 0.424587111279413
2307 0.424521869055265
2308 0.424541565526225
2309 0.424535402850231
2310 0.424555210946145
2311 0.424521192325733
2312 0.424466029021
2313 0.424324306921273
2314 0.424121632761741
2315 0.423960209188553
2316 0.42381771690414
2317 0.423586181746634
2318 0.423239095470129
2319 0.422956648159391
2320 0.422406612732312
2321 0.422295140270652
2322 0.422616958399747
2323 0.42282983042011
2324 0.422971306057377
2325 0.4226166807201
2326 0.421914295024484
2327 0.421825211316312
2328 0.422262099919396
2329 0.422888801402306
2330 0.423626555818497
2331 0.423741406106938
2332 0.423361854512224
2333 0.42312139534928
2334 0.423027821318786
2335 0.422689301655353
2336 0.422226045846287
2337 0.421715889762221
2338 0.421479388006275
2339 0.421035139423949
2340 0.420810365048801
2341 0.421191521366031
2342 0.420883433543724
2343 0.420042648448838
2344 0.419700935157817
2345 0.419394335569185
2346 0.419164788148016
2347 0.419078177472238
2348 0.41896094841147
2349 0.418927912196067
2350 0.418832414290982
2351 0.418952990073611
2352 0.418679851938701
2353 0.417915754255321
2354 0.417618216961719
2355 0.417200759562734
2356 0.417306536087985
2357 0.41820185489909
2358 0.418396955379865
2359 0.418390023072115
2360 0.418414304466787
2361 0.418290374291731
2362 0.418095629140125
2363 0.417874320590348
2364 0.417729510768608
2365 0.417539640560975
2366 0.417056922243674
2367 0.416593265411587
2368 0.416073202792732
2369 0.414754081063434
2370 0.414430801222662
2371 0.415060063526149
2372 0.414943686536195
2373 0.41474107557364
2374 0.414752347233844
2375 0.414634107528623
2376 0.414302924819909
2377 0.414132830879734
2378 0.414157934344447
2379 0.413638701419593
2380 0.413671582086256
2381 0.414802407259233
2382 0.414829036761376
2383 0.414207134736492
2384 0.41401580869435
2385 0.413683334012501
2386 0.413188570091274
2387 0.412646278035892
2388 0.412461302468099
2389 0.412072726782871
2390 0.411799326124078
2391 0.412189391508396
2392 0.412391006783315
2393 0.412389760856239
2394 0.4123760901428
2395 0.412372967097768
2396 0.412289031278474
2397 0.412491643600038
2398 0.411780355012796
2399 0.410484230440789
2400 0.409758629127934
2401 0.407911199154506
2402 0.407328913302586
2403 0.408101693449081
2404 0.408379024523399
2405 0.408868463654256
2406 0.409458201890423
2407 0.41061724224506
2408 0.410784109136118
2409 0.410578739807721
2410 0.410294403250815
2411 0.409049941942498
2412 0.408232608372948
2413 0.407774011269235
2414 0.407027165266669
2415 0.405612257102238
2416 0.405711222779202
2417 0.406872467747675
2418 0.40699455340903
2419 0.407784648732933
2420 0.407323242642975
2421 0.405251357756022
2422 0.404108623355849
2423 0.403122944354314
2424 0.40256625946589
2425 0.402708148917744
2426 0.401840511532636
2427 0.400212037186522
2428 0.399736761740912
2429 0.398976513287249
2430 0.398759533665021
2431 0.400240488580706
2432 0.400031582503948
2433 0.399195848573284
2434 0.398143700203039
2435 0.395937572007995
2436 0.39533770400341
2437 0.394991341186084
2438 0.394788081003164
2439 0.395720122108571
2440 0.396604217402155
2441 0.397362911412121
2442 0.398642670668033
2443 0.399621480119481
2444 0.398919078629514
2445 0.397544751563436
2446 0.396503549642758
2447 0.39495348678561
2448 0.392437804047105
2449 0.389639730255818
2450 0.388624478861551
2451 0.388913053192559
2452 0.389156294974066
2453 0.391745837997096
2454 0.393357850243758
2455 0.391191312009847
2456 0.391324014529609
2457 0.391762281977439
2458 0.387845488869459
2459 0.386379161282335
2460 0.386447172474373
2461 0.384016427476664
2462 0.385653198425454
2463 0.387201330953478
2464 0.38491601672967
2465 0.385658530763334
2466 0.388883705730048
2467 0.389853234245048
2468 0.391808132490022
2469 0.392461461803109
2470 0.38976927645248
2471 0.388191804528404
2472 0.387454377917634
2473 0.386135038552385
2474 0.383829254839999
2475 0.383052023799424
2476 0.383040492570085
2477 0.382299760734003
2478 0.382231135973522
2479 0.381249026797876
2480 0.378569899375631
2481 0.378653355305119
2482 0.380769757946143
2483 0.380993003346564
2484 0.381916635016376
2485 0.382005724144797
2486 0.380104347872021
2487 0.378798726679279
2488 0.377569736689419
2489 0.377969706814495
2490 0.378581215773353
2491 0.381467664312024
2492 0.382801012095734
2493 0.384027797914692
2494 0.382697585917978
2495 0.377472488690731
2496 0.375131458531429
2497 0.375272215852898
2498 0.375523451040349
2499 0.378276577557257
2500 0.382950023417819
