"Wavelength" "M092a_m4-w2"
350 0.0830308203809825
351 0.0817294953654344
352 0.0868997259864685
353 0.0887903803304326
354 0.0779577818470122
355 0.0794299224941088
356 0.0851341990694191
357 0.0887956717312965
358 0.0880339480538015
359 0.0833445572858801
360 0.0797134925517351
361 0.0804823547911507
362 0.0853170546548598
363 0.0845243279420166
364 0.0799552623325315
365 0.0768208964987586
366 0.0789913076229828
367 0.0807182147014465
368 0.0813876847514745
369 0.0831112617188702
370 0.0828337286784287
371 0.0804215126034426
372 0.077234686698895
373 0.0760186586865532
374 0.0779907739016618
375 0.0810153822517624
376 0.0820802330938326
377 0.0774024867654278
378 0.075435987836522
379 0.0765021307678135
380 0.0774378466447428
381 0.0772340875013572
382 0.078046201577485
383 0.0794515508207491
384 0.0786284601287905
385 0.0758897049237886
386 0.0754076256293678
387 0.0782868952776962
388 0.0782395442733641
389 0.0781897907112338
390 0.0779483299439154
391 0.0768234817476063
392 0.0763798530578328
393 0.0754226069290824
394 0.0744289965689911
395 0.0750974522536844
396 0.0765047763283129
397 0.0760909576521389
398 0.0739906059807533
399 0.075781940958059
400 0.0753853562857188
401 0.0741743895976298
402 0.0746630237228642
403 0.0737776319695457
404 0.0740282251541507
405 0.0751132403722003
406 0.0747234925861082
407 0.0753101991278016
408 0.0754486948890919
409 0.0747060005692241
410 0.0754854520562513
411 0.0759813266795319
412 0.0760269988734163
413 0.075979458549417
414 0.0761338693753945
415 0.0763093495855516
416 0.0764087158557313
417 0.0764173707149702
418 0.0761407765670306
419 0.0756607693135911
420 0.0754132489346042
421 0.0765607494068134
422 0.0777426311620279
423 0.078368724760506
424 0.07827050212764
425 0.0777760949827622
426 0.0775507915070009
427 0.0776147195139704
428 0.0773947722337194
429 0.0778494645846278
430 0.0787946824024967
431 0.0796484668906641
432 0.0793640264092059
433 0.0792416048510766
434 0.0794511434740364
435 0.0796340632704633
436 0.0796730792436959
437 0.0796976401046713
438 0.0798552013058346
439 0.0802792571923051
440 0.0807491184348795
441 0.0810555664285862
442 0.0811010599238118
443 0.0810556627603333
444 0.0812243278587528
445 0.0816324786457702
446 0.0821074696750033
447 0.0824669736840568
448 0.0828781079696473
449 0.0832391480294749
450 0.082888477556917
451 0.0829095476648794
452 0.0831530245098816
453 0.0832234220383756
454 0.0835142355858278
455 0.0837768467330419
456 0.0840130891681097
457 0.0844333829988935
458 0.0847733396499316
459 0.0848353217715186
460 0.0847219996674796
461 0.0852216545769993
462 0.0855850429829803
463 0.0856944826141155
464 0.0857136751592313
465 0.0857225236177499
466 0.0858772742682921
467 0.0860947903805217
468 0.0860022701783356
469 0.0863727241298194
470 0.0866466829684638
471 0.0864012425262643
472 0.0868335079944727
473 0.0871201382274756
474 0.0872341501727171
475 0.0876232896423529
476 0.0875762329850832
477 0.0875547204250225
478 0.0878130560271205
479 0.0879202021038441
480 0.0878423839839912
481 0.0880093435678208
482 0.088738179020715
483 0.0887086509493911
484 0.0887989126123964
485 0.0892289717481748
486 0.0893802771677083
487 0.0898381509686777
488 0.0902604525567723
489 0.0903300674614996
490 0.0903934525778956
491 0.0906351399686992
492 0.0909480870587322
493 0.091078375580599
494 0.091281522817639
495 0.0915665554803667
496 0.0918901951533505
497 0.0921723636541438
498 0.0925175283430362
499 0.0927972411013202
500 0.0928909111921981
501 0.0931636882295478
502 0.0933963191276237
503 0.0935520827427273
504 0.0938226548819155
505 0.094141680536558
506 0.0945168763640727
507 0.0949147098584041
508 0.0951304306659609
509 0.0953240012614175
510 0.0956041545684574
511 0.0960143560450765
512 0.096286191206513
513 0.0965342943878312
514 0.0968286553929361
515 0.0970335621059395
516 0.0972813628853066
517 0.0975653440474773
518 0.0978315898199477
519 0.0980665921160022
520 0.0983606504337976
521 0.0987153227605597
522 0.0990186995968538
523 0.0992954946356025
524 0.0995737901397866
525 0.0998857492417756
526 0.1002778818078
527 0.100625169476163
528 0.10090946250591
529 0.101197058771478
530 0.101482406792305
531 0.101811699243585
532 0.102188692057621
533 0.102509332325966
534 0.102764473360722
535 0.103048314237244
536 0.103468530589356
537 0.103818474373764
538 0.104156288063024
539 0.104517142622221
540 0.104860302289637
541 0.105208791291963
542 0.105525909499168
543 0.105788148121303
544 0.106103972109994
545 0.106480743406986
546 0.106886583226661
547 0.107257513600123
548 0.107571738084181
549 0.107898876592232
550 0.108291075322818
551 0.108678411961935
552 0.109105798362493
553 0.10952295044381
554 0.109838431958765
555 0.110249461589533
556 0.110667107536012
557 0.111040002143777
558 0.111491503946225
559 0.111888900397925
560 0.112274574487766
561 0.112722809122879
562 0.113006337082799
563 0.113338689592133
564 0.113769706674808
565 0.114081210083891
566 0.114354550014627
567 0.114619261686775
568 0.114900184529629
569 0.115244124058245
570 0.115613444240202
571 0.115978482272485
572 0.116321857618606
573 0.116658862478012
574 0.117001563652481
575 0.117350224419759
576 0.117674689879544
577 0.117954112918904
578 0.118236107748961
579 0.118593157523235
580 0.118897995843572
581 0.119179345360145
582 0.119467006744971
583 0.119749678264969
584 0.120079698533522
585 0.120395219753986
586 0.120622998783588
587 0.120872383313212
588 0.121175371670345
589 0.12151222939606
590 0.121808006986612
591 0.122091114775144
592 0.122389175696502
593 0.122712892542489
594 0.123006632656857
595 0.123293749869178
596 0.123579527222475
597 0.123857884084851
598 0.124223252356945
599 0.124575726498602
600 0.124842847266871
601 0.125104805332297
602 0.125370437722437
603 0.125627080481806
604 0.125858230379299
605 0.126124597630389
606 0.126447583539924
607 0.126785104189435
608 0.126985269382003
609 0.1272905295571
610 0.127629853217796
611 0.127868575027461
612 0.1281457347324
613 0.128473840649584
614 0.128814317056785
615 0.129082706689578
616 0.129347185107639
617 0.129645812959809
618 0.129973702361381
619 0.130198567375051
620 0.130488908867333
621 0.130829959273385
622 0.131081006780473
623 0.131370123303727
624 0.131714513572177
625 0.132077267173602
626 0.132336150755334
627 0.132576293280089
628 0.13285406717321
629 0.133197908492035
630 0.133516548032228
631 0.133847003855219
632 0.134182405156773
633 0.134423763329773
634 0.134736235134081
635 0.135053268196001
636 0.135281834629573
637 0.13555938412498
638 0.135898907415672
639 0.13626379731032
640 0.136576046708337
641 0.136844124743621
642 0.137131995752377
643 0.13748393660187
644 0.137863590089513
645 0.138159419917984
646 0.138422400562304
647 0.138790578033557
648 0.139146217336163
649 0.139507937707152
650 0.139873137170369
651 0.140154408929933
652 0.140470202667977
653 0.14081782671145
654 0.141153455352282
655 0.141489322250536
656 0.141813806258165
657 0.142152957120734
658 0.142578789648473
659 0.142945240106062
660 0.14327090851456
661 0.143596340691895
662 0.143862363007638
663 0.144188158120394
664 0.144573635377343
665 0.144926812989159
666 0.145243818561921
667 0.145592524802808
668 0.146003453978741
669 0.146399723932231
670 0.146756500343504
671 0.147103640222411
672 0.147483075621524
673 0.147800729884048
674 0.148126592675931
675 0.148498600794921
676 0.148890656084563
677 0.149289114657434
678 0.149674532493114
679 0.150037021996301
680 0.150401065831161
681 0.150802940223944
682 0.15121951972841
683 0.151585332752611
684 0.151993157289974
685 0.152386858994223
686 0.152733909415622
687 0.153120407059893
688 0.153540180785376
689 0.153951941086945
690 0.154315259650065
691 0.154755166667136
692 0.155164096245665
693 0.15549239028315
694 0.155798773379449
695 0.156254710245971
696 0.156768996174208
697 0.157200840630472
698 0.157563525955565
699 0.157932631785857
700 0.158329012193072
701 0.158726141228227
702 0.159138165482879
703 0.159554080639634
704 0.159965379157184
705 0.160374553276327
706 0.160822631531422
707 0.1612746470099
708 0.161671842356484
709 0.162049149182598
710 0.162468770560387
711 0.16293255308427
712 0.163362167315777
713 0.163819165934546
714 0.164266851786794
715 0.164671621557847
716 0.165098353027959
717 0.165547872413104
718 0.166023885606759
719 0.166523759472764
720 0.166964812577251
721 0.167383088646921
722 0.167812566791713
723 0.16824869505182
724 0.168665908900589
725 0.169093064265058
726 0.169558056684033
727 0.169960333246971
728 0.170442076937413
729 0.170991672598704
730 0.171433922319575
731 0.171886209972386
732 0.172359740937261
733 0.172823543502959
734 0.173173914036399
735 0.173613877181139
736 0.17411725029927
737 0.174555099060887
738 0.175005863732194
739 0.1754343927808
740 0.175852996058978
741 0.176352544637527
742 0.176865284086541
743 0.17735068501752
744 0.17778917403298
745 0.17819856478862
746 0.178669175095731
747 0.179180778298458
748 0.179642062666412
749 0.180087910017633
750 0.180515683629962
751 0.180942252326579
752 0.181427156156025
753 0.181925623651285
754 0.182410548945067
755 0.182870835067052
756 0.183340751084977
757 0.183810138169301
758 0.184265961875022
759 0.184700114531061
760 0.185192785417952
761 0.185687042854092
762 0.186134621328259
763 0.186548772719495
764 0.187003449108344
765 0.187483439174128
766 0.187951727960401
767 0.188461707125155
768 0.188900382265632
769 0.189296029051349
770 0.189801319161294
771 0.190283039234954
772 0.190793521243904
773 0.191340663344556
774 0.19175790362997
775 0.192153799337773
776 0.192589091139698
777 0.193092424130438
778 0.193606196755791
779 0.194101285359167
780 0.19457261870449
781 0.195036486900353
782 0.1954766966474
783 0.195933204083815
784 0.196423684929587
785 0.196896698673564
786 0.197360714240223
787 0.197827505751698
788 0.198302203297071
789 0.1987470372754
790 0.19917311088807
791 0.199643622530413
792 0.200241604879912
793 0.200695575446599
794 0.201103240739709
795 0.201570908428705
796 0.202097289511408
797 0.202591800146736
798 0.203052399329811
799 0.203515652125487
800 0.204029665802748
801 0.204533659549926
802 0.205004380717867
803 0.205456451992706
804 0.205939996170358
805 0.206420066261481
806 0.206870473079851
807 0.20729747559793
808 0.207778633530595
809 0.208266849311126
810 0.208710411802657
811 0.209179235391154
812 0.209673210822328
813 0.210170322605268
814 0.210645342478586
815 0.211158793286435
816 0.21164849980186
817 0.212085603623987
818 0.212495222638341
819 0.212917937846806
820 0.213385802668173
821 0.21389377501489
822 0.214357771354118
823 0.21479533531674
824 0.215255692060292
825 0.215780547663015
826 0.216302783184223
827 0.216767102535952
828 0.217195717212942
829 0.217663687319977
830 0.218097431502848
831 0.218525539394263
832 0.21897521986544
833 0.219448692231905
834 0.21991650976227
835 0.220337229878772
836 0.220711337702608
837 0.221155966871606
838 0.22171405289514
839 0.222309507018775
840 0.222814250323344
841 0.223181302978272
842 0.223642124083761
843 0.224181495930796
844 0.224565872496104
845 0.224989031328156
846 0.22543070105157
847 0.225880703649601
848 0.226398015456406
849 0.226897209867401
850 0.227358666469863
851 0.227790934176744
852 0.228220484364687
853 0.228675521200107
854 0.229149340868595
855 0.229619291504517
856 0.230085767582946
857 0.230530194434503
858 0.230959950980803
859 0.23140167743564
860 0.231838847286534
861 0.232282358732664
862 0.232746489666935
863 0.233244270931542
864 0.233718978968408
865 0.234135102811639
866 0.234508992371552
867 0.234957412429571
868 0.235462453124793
869 0.235977683930836
870 0.236464654128418
871 0.236990582182548
872 0.237404608779012
873 0.237788870937958
874 0.2383276624685
875 0.238900478394584
876 0.239358306771896
877 0.239686271294217
878 0.240006657837198
879 0.24040732253084
880 0.240909638834555
881 0.241448809487237
882 0.241866629624294
883 0.242341505129872
884 0.242750077745395
885 0.243061896244232
886 0.24363064285346
887 0.244184629673843
888 0.244673017305765
889 0.245116053158755
890 0.245505486342905
891 0.245939644746472
892 0.246406585363047
893 0.246836616154336
894 0.247194595349788
895 0.247587710504753
896 0.248010093720928
897 0.248393997563161
898 0.248958487540078
899 0.249523257957138
900 0.249996688496306
901 0.250434765650394
902 0.250849939923431
903 0.251338970450141
904 0.251874972406594
905 0.252242358105391
906 0.252592355087887
907 0.252972853404628
908 0.253403859480861
909 0.253897073237873
910 0.254370854384259
911 0.254775860392525
912 0.255127394764097
913 0.255574688755025
914 0.256097113340174
915 0.256598060106804
916 0.257013081983554
917 0.257519040162457
918 0.258032137352813
919 0.258502534549611
920 0.258921909687502
921 0.259372551292193
922 0.25987139203055
923 0.260371937837978
924 0.260799329435014
925 0.261156385818223
926 0.261589776541874
927 0.262078879362505
928 0.262482946931687
929 0.262935497512806
930 0.263331226688134
931 0.263691496972324
932 0.264165004123107
933 0.264603490715839
934 0.265104808834607
935 0.265637283124861
936 0.266003934900285
937 0.266427488273434
938 0.266852278253275
939 0.267272476845225
940 0.267803168748231
941 0.26825041877482
942 0.268684306149709
943 0.269144246590832
944 0.269539033005561
945 0.269993365477178
946 0.270371647645728
947 0.270649835190415
948 0.271094150305494
949 0.271592069536755
950 0.272038154197249
951 0.272433857033484
952 0.272985302557439
953 0.273510792151209
954 0.273938913592087
955 0.274284719454771
956 0.274669997738744
957 0.275108366147065
958 0.275485673222657
959 0.275773675795871
960 0.276212094504646
961 0.276758621436248
962 0.277219514455957
963 0.277516424552946
964 0.277935340719552
965 0.278458223414402
966 0.278973580096313
967 0.279406478212568
968 0.279852733967492
969 0.280213639636381
970 0.280528369386621
971 0.28088446720955
972 0.281375456829842
973 0.281825500488241
974 0.282321712821227
975 0.282890151590418
976 0.283270497456686
977 0.283611671678425
978 0.283989910691403
979 0.284398194120461
980 0.28470445767859
981 0.285152737270605
982 0.285712030799119
983 0.286225964436101
984 0.286477751803296
985 0.286891739429779
986 0.287401756917619
987 0.287863848250594
988 0.288219980105322
989 0.288456247782183
990 0.28890424251809
991 0.289575706903588
992 0.289967339181999
993 0.290283984628848
994 0.290533328664486
995 0.290804233680371
996 0.291283684702365
997 0.291872871308311
998 0.292328344070196
999 0.292682213892743
1000 0.293227360975863
1001 0.290721810966603
1002 0.291122083912212
1003 0.291581350078593
1004 0.292003967557551
1005 0.292393231073491
1006 0.292825178365711
1007 0.293276385983634
1008 0.293726487847938
1009 0.294151619260805
1010 0.294555756693456
1011 0.294796188722172
1012 0.295121406410803
1013 0.295559760803961
1014 0.295921142556317
1015 0.296377724089737
1016 0.296762274352111
1017 0.297116610133869
1018 0.297401413061727
1019 0.297774065362911
1020 0.298145290139729
1021 0.298536134587481
1022 0.299044814273007
1023 0.299431269331783
1024 0.299750251021333
1025 0.300140281977485
1026 0.300482113108507
1027 0.300809664304678
1028 0.301181192884325
1029 0.301526690364111
1030 0.301891156357153
1031 0.30229977083513
1032 0.302689456673149
1033 0.303137598517265
1034 0.303512826579119
1035 0.303831221624103
1036 0.304155741099706
1037 0.304535474720044
1038 0.304860186778365
1039 0.305169061860721
1040 0.305525659719184
1041 0.305805154178775
1042 0.306097471621978
1043 0.306536311785557
1044 0.306955543796603
1045 0.307312717962772
1046 0.307723935907956
1047 0.30810423626991
1048 0.308440217890575
1049 0.30875750448852
1050 0.309180460531931
1051 0.309520841056534
1052 0.309835748542559
1053 0.310234643487049
1054 0.310563602890752
1055 0.310897392982705
1056 0.311316608278697
1057 0.311677962252461
1058 0.311976111748842
1059 0.312323974309445
1060 0.312692960644989
1061 0.312999410436508
1062 0.313319016700022
1063 0.313639947933176
1064 0.314010440214832
1065 0.314369046113495
1066 0.314774957591889
1067 0.315181925230681
1068 0.315487115689754
1069 0.315818647731713
1070 0.316167096883598
1071 0.316474509758548
1072 0.316852185467728
1073 0.317215871420406
1074 0.317508222955594
1075 0.317846042257046
1076 0.318175482509238
1077 0.318511404080986
1078 0.318812844984574
1079 0.319143669759616
1080 0.319489017126398
1081 0.319866904899987
1082 0.320285664949107
1083 0.320683098364635
1084 0.321054236556365
1085 0.321418767418361
1086 0.321732952017544
1087 0.321997275625863
1088 0.322303797336632
1089 0.322597368720596
1090 0.322927252003585
1091 0.323274420488715
1092 0.323688678350596
1093 0.324011519452681
1094 0.324305888875096
1095 0.324586581152797
1096 0.324896857386138
1097 0.325229991731761
1098 0.325566201885843
1099 0.325908931140779
1100 0.326195179281066
1101 0.326497190530159
1102 0.326826759922186
1103 0.32715341755524
1104 0.32748429311609
1105 0.327810954264847
1106 0.328120274843312
1107 0.328430058043827
1108 0.328722627661307
1109 0.328993333394262
1110 0.329253015298962
1111 0.329556946411351
1112 0.32984830687215
1113 0.330143011310077
1114 0.330441356485657
1115 0.330702508585481
1116 0.33099070399011
1117 0.331289253280412
1118 0.331648937283757
1119 0.332022891971901
1120 0.332319457008523
1121 0.332617816865802
1122 0.332885955341781
1123 0.33317149452828
1124 0.33344627254475
1125 0.333738196949303
1126 0.334069432599107
1127 0.334351960014915
1128 0.334555368286977
1129 0.334845192847065
1130 0.335119731122385
1131 0.33537284891079
1132 0.335724927625623
1133 0.336046776125887
1134 0.336350190999641
1135 0.336714731754632
1136 0.337021459394578
1137 0.337281245930704
1138 0.337569299770197
1139 0.337864961641695
1140 0.338128617698536
1141 0.33840110561802
1142 0.338672136935633
1143 0.338926168251891
1144 0.339142015024075
1145 0.339411928795677
1146 0.339657316630568
1147 0.339886937775543
1148 0.340159119482264
1149 0.340436904768781
1150 0.340739291194012
1151 0.341050057294215
1152 0.341352449642718
1153 0.341645129824941
1154 0.341927605029942
1155 0.342204001037725
1156 0.342470656330237
1157 0.342728736201713
1158 0.342972279163913
1159 0.343229783060206
1160 0.343482192467931
1161 0.34375222324368
1162 0.344030701622887
1163 0.344286666509116
1164 0.344560574406789
1165 0.3448641139269
1166 0.345135340906962
1167 0.345421707989973
1168 0.345724889936606
1169 0.346020841843908
1170 0.346315262364305
1171 0.346640352349386
1172 0.346929198556132
1173 0.3471877434504
1174 0.347445643147996
1175 0.347678818355374
1176 0.347945811701687
1177 0.348220860615206
1178 0.348499998427021
1179 0.348788797720835
1180 0.349103983640579
1181 0.349422084212189
1182 0.349727245400673
1183 0.350043262729092
1184 0.350325367570771
1185 0.350559347692684
1186 0.350783862917609
1187 0.351031706245544
1188 0.351287933230468
1189 0.351527770655655
1190 0.351778146757513
1191 0.352016345010918
1192 0.352219487847752
1193 0.352453975508932
1194 0.352704942996505
1195 0.352953658100361
1196 0.35323048495889
1197 0.35347417090092
1198 0.353703962546585
1199 0.353931414068265
1200 0.354134062926577
1201 0.354325390361692
1202 0.354528133364039
1203 0.35472179025823
1204 0.354918763878207
1205 0.355111987148021
1206 0.355323446604225
1207 0.355530901946011
1208 0.355756947829139
1209 0.356006592951501
1210 0.356248028346086
1211 0.356511254666703
1212 0.35675177228744
1213 0.356993398375542
1214 0.357211423959956
1215 0.357393237072878
1216 0.357590789614669
1217 0.357787011129458
1218 0.357970827832178
1219 0.358173941608965
1220 0.358387403193135
1221 0.35859961386374
1222 0.358815068204457
1223 0.35903639922488
1224 0.359259602259531
1225 0.359490601631793
1226 0.359737090831413
1227 0.35996789239965
1228 0.360198428143368
1229 0.360429641157811
1230 0.360668184956711
1231 0.360877137332097
1232 0.361052390091924
1233 0.361261836713783
1234 0.361489980924726
1235 0.361681693876003
1236 0.361879499338052
1237 0.362067386808559
1238 0.362211831257279
1239 0.362382414022105
1240 0.362576045168767
1241 0.362805020152982
1242 0.363028969769222
1243 0.363269431659283
1244 0.363489880938155
1245 0.363717551979733
1246 0.363935536607617
1247 0.364129295933721
1248 0.36434099421827
1249 0.364577301923074
1250 0.364780239249683
1251 0.364950749876467
1252 0.365156110804178
1253 0.365372181181452
1254 0.365576063962136
1255 0.365809507030204
1256 0.366019258658544
1257 0.366207098517503
1258 0.366369849517343
1259 0.366555710555067
1260 0.366739607261062
1261 0.366937881074219
1262 0.3671551447119
1263 0.367354166273415
1264 0.367576437627997
1265 0.367743891079248
1266 0.367852656261057
1267 0.368009243700535
1268 0.368149323175836
1269 0.368312753496507
1270 0.368500535145377
1271 0.368710314481279
1272 0.36894435964228
1273 0.369162680511951
1274 0.369411913536498
1275 0.36964143658207
1276 0.369834493400136
1277 0.370041146162559
1278 0.370241040520104
1279 0.370469207778912
1280 0.370691049692594
1281 0.370927751802537
1282 0.371130121675717
1283 0.371343531757454
1284 0.371499279702892
1285 0.371578212299385
1286 0.371736317023868
1287 0.371881016957338
1288 0.372068461074081
1289 0.372337198882148
1290 0.372548833367012
1291 0.372744415384485
1292 0.372948555754029
1293 0.373132102552277
1294 0.373333508043932
1295 0.373585669058981
1296 0.373774632376292
1297 0.373917779188995
1298 0.374081977496114
1299 0.374212058463314
1300 0.374341507456567
1301 0.374529494939958
1302 0.374764678915326
1303 0.374984257051518
1304 0.375247518025134
1305 0.375441943425538
1306 0.375620230689522
1307 0.375773259752126
1308 0.375879498654269
1309 0.375997912092813
1310 0.376074846124357
1311 0.376218158907555
1312 0.376393897808046
1313 0.376555976511921
1314 0.376766143919283
1315 0.376940115103808
1316 0.377067274654915
1317 0.377225187014054
1318 0.377404750127544
1319 0.377566712945046
1320 0.377725809707493
1321 0.377887663599735
1322 0.378044398680344
1323 0.378189841635704
1324 0.378350198252847
1325 0.378526135072391
1326 0.378682484247725
1327 0.3788288426723
1328 0.378988021811428
1329 0.379136289656462
1330 0.37931047917716
1331 0.37950863090387
1332 0.379692385983199
1333 0.379886128902673
1334 0.38006910526706
1335 0.380244871710471
1336 0.380418029671837
1337 0.380587633743226
1338 0.380755922386683
1339 0.380926937619127
1340 0.381082808070483
1341 0.381250732457445
1342 0.381381507906927
1343 0.38146350251297
1344 0.381570399826878
1345 0.381659536354061
1346 0.381763003281702
1347 0.381872955146172
1348 0.382010175570744
1349 0.382159234257836
1350 0.382332807898825
1351 0.38246706469808
1352 0.382613005377654
1353 0.382735394039645
1354 0.382821705638767
1355 0.382913522819044
1356 0.383014810291182
1357 0.383090662681155
1358 0.383112145584245
1359 0.38320229067708
1360 0.383304347963695
1361 0.383432804343565
1362 0.383623003183584
1363 0.38377962202482
1364 0.383934548368476
1365 0.384086940074858
1366 0.384232186672725
1367 0.384378773525768
1368 0.38454551288125
1369 0.384677541545363
1370 0.384807277206368
1371 0.384898352239258
1372 0.384959799077333
1373 0.384994712925869
1374 0.384979588910499
1375 0.38495443184908
1376 0.384912420308641
1377 0.384848254365678
1378 0.384753016376197
1379 0.384634573822835
1380 0.384508624928656
1381 0.384343833588151
1382 0.384195187475425
1383 0.384019508188312
1384 0.38391252007088
1385 0.383855792734489
1386 0.383748926348146
1387 0.383704821568016
1388 0.383565489533931
1389 0.383344375807468
1390 0.383125236671687
1391 0.382885174667479
1392 0.38261324353053
1393 0.382313748374179
1394 0.381991144317859
1395 0.381600698309422
1396 0.381252685743597
1397 0.380917624903536
1398 0.38057103980688
1399 0.380231814493749
1400 0.37990101231264
1401 0.379578572189318
1402 0.379223915929366
1403 0.37888885730269
1404 0.378580053933077
1405 0.378229485279999
1406 0.377865280250743
1407 0.377474753280231
1408 0.377032477888784
1409 0.376666300469919
1410 0.376262078256612
1411 0.375998644552552
1412 0.375796360227227
1413 0.375695004826791
1414 0.3756559544497
1415 0.375753879234201
1416 0.375962144291975
1417 0.37625863572813
1418 0.376715194039311
1419 0.377158401258886
1420 0.377690884222539
1421 0.378199667007476
1422 0.378749584954953
1423 0.379261108529729
1424 0.379790244752826
1425 0.380265881510237
1426 0.380684110411187
1427 0.381111752930584
1428 0.381521053185331
1429 0.381912802707739
1430 0.382293362274326
1431 0.382675421303973
1432 0.383053350267536
1433 0.383399985922537
1434 0.383750984775538
1435 0.384096962399287
1436 0.384446127382606
1437 0.384784912921815
1438 0.385121671472545
1439 0.385465593118588
1440 0.385799026143608
1441 0.386108395924043
1442 0.38644767038711
1443 0.386832344723645
1444 0.387134758834261
1445 0.387423145722185
1446 0.387672761005107
1447 0.387843725206327
1448 0.388055101989285
1449 0.388267278602469
1450 0.388477177118045
1451 0.388695027911328
1452 0.388890333204405
1453 0.3890738296123
1454 0.389255567987111
1455 0.389417113581568
1456 0.38959253171177
1457 0.389777518166989
1458 0.389952378550969
1459 0.390128315022584
1460 0.390297379844917
1461 0.390444439827528
1462 0.390615980406059
1463 0.390781132685178
1464 0.390973964771604
1465 0.391222765898799
1466 0.391433666716551
1467 0.391648432045107
1468 0.391847337328807
1469 0.392019914042898
1470 0.392171671457228
1471 0.392335915843986
1472 0.392528020509763
1473 0.392742444213622
1474 0.392961457954729
1475 0.393178566221809
1476 0.393417590111483
1477 0.393624429665449
1478 0.393827825056961
1479 0.393991065762402
1480 0.394115631233554
1481 0.394269545027341
1482 0.394380775629815
1483 0.394568661294475
1484 0.394817360684431
1485 0.395034839054894
1486 0.395284395351038
1487 0.395499198231525
1488 0.395674132595238
1489 0.395889182820569
1490 0.396135030291222
1491 0.396334147124405
1492 0.396519565193927
1493 0.396718330804221
1494 0.396877905942362
1495 0.397075113878709
1496 0.397314242572096
1497 0.397538924182619
1498 0.397784808888036
1499 0.397987717537731
1500 0.398173515344392
1501 0.398351709453029
1502 0.398488710977604
1503 0.398639908449158
1504 0.398787825814771
1505 0.398954754797537
1506 0.399119259909466
1507 0.399301974596803
1508 0.399522239896574
1509 0.399722766590154
1510 0.399951321151812
1511 0.400127062751963
1512 0.400260306297053
1513 0.400395612627134
1514 0.400495494035991
1515 0.40059835626064
1516 0.400698705734537
1517 0.400797890957427
1518 0.400912136110888
1519 0.401037993513859
1520 0.401183742946917
1521 0.40131782886213
1522 0.401455856093222
1523 0.40158387476406
1524 0.40172286458971
1525 0.401866507932502
1526 0.402024956495035
1527 0.402191171875854
1528 0.402352920312418
1529 0.402542411877662
1530 0.402685399536135
1531 0.402802897508517
1532 0.402922890983668
1533 0.403017236462145
1534 0.403129526615702
1535 0.403233571717633
1536 0.403372287839495
1537 0.403523531144935
1538 0.403691756079288
1539 0.403907404964704
1540 0.404077869849982
1541 0.404237275150772
1542 0.40439934177561
1543 0.404552289360815
1544 0.404690127668011
1545 0.404835628714076
1546 0.404950357709264
1547 0.404998693858036
1548 0.405122759853788
1549 0.405269523206381
1550 0.40542254033499
1551 0.405630588595595
1552 0.405803585079699
1553 0.405965497782743
1554 0.406116033963261
1555 0.406272797516442
1556 0.406393651274446
1557 0.406467176222755
1558 0.406569859486462
1559 0.406655718058517
1560 0.40676223790282
1561 0.406907761035002
1562 0.407023957564765
1563 0.407128512718433
1564 0.4072339932384
1565 0.407314788420752
1566 0.40742471455158
1567 0.407565081776216
1568 0.407678593420312
1569 0.407779609119848
1570 0.407901723452361
1571 0.408017637273503
1572 0.408139715778355
1573 0.408279216023633
1574 0.408429139487458
1575 0.408571013395877
1576 0.408731724484711
1577 0.408956262547529
1578 0.409120649414122
1579 0.409243998397066
1580 0.409386044912384
1581 0.409487993400051
1582 0.409619847678201
1583 0.409808427523988
1584 0.409957651091233
1585 0.410123497652069
1586 0.410233095013107
1587 0.410259948836074
1588 0.410326632469554
1589 0.41039006398791
1590 0.410437730442783
1591 0.410484678402322
1592 0.410553215131971
1593 0.410609815963188
1594 0.41067239786365
1595 0.41075683835496
1596 0.410857098732951
1597 0.410933841928223
1598 0.411055608181982
1599 0.411225977409682
1600 0.411417739449485
1601 0.411612864008899
1602 0.411789976024713
1603 0.41195367900985
1604 0.412056879597606
1605 0.412128857330177
1606 0.412155286594993
1607 0.412194314488654
1608 0.412196675528419
1609 0.412221017657198
1610 0.412246425930796
1611 0.412301030260696
1612 0.412342136771676
1613 0.412456630959875
1614 0.412629112662156
1615 0.412788126101714
1616 0.4129941298531
1617 0.413136773248666
1618 0.413257347158208
1619 0.413387231374263
1620 0.413486384915131
1621 0.413626323107407
1622 0.413805394638593
1623 0.413922072057862
1624 0.414021325496778
1625 0.414132347210211
1626 0.414202053761349
1627 0.414328334526781
1628 0.414498835705462
1629 0.414635322875969
1630 0.414782096396932
1631 0.414901614619096
1632 0.415005645220005
1633 0.415095209988038
1634 0.415155001936819
1635 0.415253734814228
1636 0.415342098238458
1637 0.415482950062912
1638 0.41568032115915
1639 0.415812194896399
1640 0.415950278736186
1641 0.416059243315801
1642 0.41612634768386
1643 0.416205424309974
1644 0.41627466239676
1645 0.416375216991645
1646 0.416489483824178
1647 0.416561512331731
1648 0.416652675669426
1649 0.416684778038388
1650 0.41662489740922
1651 0.416688464548774
1652 0.416774296641875
1653 0.416904667565014
1654 0.417120462899418
1655 0.417260965253856
1656 0.417408665694685
1657 0.417530355147026
1658 0.417635465655848
1659 0.417719736641725
1660 0.417790737360591
1661 0.417861494206879
1662 0.417948229681682
1663 0.418077666693912
1664 0.418207440771839
1665 0.418306009450449
1666 0.418445957969174
1667 0.418620131161191
1668 0.418789094085323
1669 0.419020542934917
1670 0.419213574131002
1671 0.41933516682203
1672 0.419469663827264
1673 0.419524500147795
1674 0.419591706872668
1675 0.419713502579647
1676 0.419812419292605
1677 0.419975916468567
1678 0.420144681560994
1679 0.420267894950941
1680 0.420376727799822
1681 0.420461764040043
1682 0.420541157709567
1683 0.420632103669019
1684 0.420758250741557
1685 0.420920455819551
1686 0.421065993218238
1687 0.421202488288972
1688 0.42134400976334
1689 0.421465565841995
1690 0.421591181377675
1691 0.421759573032575
1692 0.421905322071457
1693 0.421974695234805
1694 0.422101245206721
1695 0.422220417382619
1696 0.42229140034068
1697 0.422420482082194
1698 0.422473617838851
1699 0.422451217109981
1700 0.422464089816598
1701 0.422458138732208
1702 0.422481064567848
1703 0.422538116947386
1704 0.422582393548904
1705 0.422638774857978
1706 0.422688899018825
1707 0.422675986325456
1708 0.422746183218597
1709 0.42287442756802
1710 0.423005484617536
1711 0.423237492476971
1712 0.423391792407212
1713 0.42353191598648
1714 0.423592268005317
1715 0.42356620521079
1716 0.423551342901386
1717 0.423457260700282
1718 0.423438932199416
1719 0.423456278800371
1720 0.423472830011514
1721 0.423519156165878
1722 0.423563555104474
1723 0.423603033912356
1724 0.423669120241775
1725 0.423788727326463
1726 0.423843128709676
1727 0.423873076961912
1728 0.423896747486241
1729 0.423866372470764
1730 0.423866295076972
1731 0.423891281648288
1732 0.423912092625944
1733 0.423925900113357
1734 0.423946788034688
1735 0.423963354188971
1736 0.424011157802348
1737 0.424100553130877
1738 0.424160667781661
1739 0.424209636887394
1740 0.42429011585994
1741 0.424339931004071
1742 0.424379064270201
1743 0.424468456706914
1744 0.424605502070193
1745 0.42469481351423
1746 0.424770668070177
1747 0.42484937344139
1748 0.424814670321312
1749 0.424766593773659
1750 0.424733589576058
1751 0.42469524706662
1752 0.42471231306502
1753 0.424753519269658
1754 0.424840650991998
1755 0.424921719608527
1756 0.424907436740408
1757 0.424906937698062
1758 0.424899222225946
1759 0.424880004429073
1760 0.424936489205539
1761 0.424913164136651
1762 0.424894014503107
1763 0.424960845523316
1764 0.424961962258368
1765 0.425030079225423
1766 0.425093697364561
1767 0.425054757509365
1768 0.425079361849804
1769 0.425079226085101
1770 0.425088951043161
1771 0.425163926574295
1772 0.425233960881452
1773 0.425378478775742
1774 0.42561340884788
1775 0.425758744557467
1776 0.425918710938119
1777 0.426028106750429
1778 0.426082475864255
1779 0.426107889875477
1780 0.426129310567024
1781 0.426116087845942
1782 0.425998151301931
1783 0.425875870092682
1784 0.425758736089091
1785 0.425592714525726
1786 0.425475093590724
1787 0.425464757026971
1788 0.425397607330024
1789 0.425394731245732
1790 0.425485524448437
1791 0.425529642644275
1792 0.425666604846942
1793 0.425832027906146
1794 0.425975785301031
1795 0.426134999023376
1796 0.426134569452022
1797 0.426073994969231
1798 0.426088120061775
1799 0.426141968441701
1800 0.426307531373891
1801 0.423674949382192
1802 0.423798553853542
1803 0.423814147762427
1804 0.423872419698139
1805 0.42393754095542
1806 0.423982716683369
1807 0.42400736422794
1808 0.424010772382059
1809 0.424083717700943
1810 0.424102367257323
1811 0.424294863102323
1812 0.42453875745032
1813 0.42460805866538
1814 0.424703105609059
1815 0.424763108777035
1816 0.424806251094132
1817 0.424857726152291
1818 0.424876485516039
1819 0.424869317458445
1820 0.424820163901291
1821 0.424705397003743
1822 0.424693317004889
1823 0.424722097797462
1824 0.424734957299285
1825 0.424819450770638
1826 0.424993139891351
1827 0.425079102769219
1828 0.425156311397774
1829 0.425259312765555
1830 0.425324986285826
1831 0.425506962859277
1832 0.425589551579612
1833 0.425693361521631
1834 0.425744835652091
1835 0.425687097909399
1836 0.425719837382065
1837 0.425839059440979
1838 0.425833596392294
1839 0.425765960512255
1840 0.42578766876622
1841 0.425732884430765
1842 0.425687852387827
1843 0.425718999197259
1844 0.425739574432294
1845 0.425754733989309
1846 0.425835767645738
1847 0.425875191153365
1848 0.425933769699635
1849 0.425924036601384
1850 0.425963248696211
1851 0.425948750354396
1852 0.425951263488779
1853 0.426023912126362
1854 0.425963073098559
1855 0.426018391753943
1856 0.426165539238361
1857 0.426212945712235
1858 0.426197599314381
1859 0.426208557242425
1860 0.426057162931343
1861 0.425830468548761
1862 0.42559767458792
1863 0.425346412465495
1864 0.425026034521422
1865 0.424548129530094
1866 0.424177891108276
1867 0.423822058511462
1868 0.423443082674714
1869 0.423123010459935
1870 0.423012112624742
1871 0.422791084736004
1872 0.422605659422104
1873 0.422443235048544
1874 0.422110021325561
1875 0.421769864292769
1876 0.421355622447637
1877 0.420906946890349
1878 0.4203589779687
1879 0.419770662521967
1880 0.418968160160773
1881 0.41816082708627
1882 0.417329505155112
1883 0.416426401082379
1884 0.415534121189147
1885 0.414514998405073
1886 0.413312768921467
1887 0.412008824776058
1888 0.410635335920965
1889 0.409151892727874
1890 0.407604568732179
1891 0.406093055436428
1892 0.404530918083086
1893 0.402856258599701
1894 0.4011573347778
1895 0.399258906891395
1896 0.397156030247879
1897 0.395153215609033
1898 0.393051400721937
1899 0.391068918513733
1900 0.389160891371677
1901 0.387325222571678
1902 0.385486833870611
1903 0.383849737001858
1904 0.382304232867873
1905 0.380923678826051
1906 0.379777223363516
1907 0.378746138382362
1908 0.377899094109236
1909 0.377234092963987
1910 0.376671907050317
1911 0.376280822447658
1912 0.375951875030769
1913 0.375742585312416
1914 0.375598931019049
1915 0.375554633017917
1916 0.375564985794021
1917 0.375628630652154
1918 0.375747049031913
1919 0.375928734183604
1920 0.376222511843315
1921 0.376540052551242
1922 0.376932756988187
1923 0.377372376436626
1924 0.3778558027527
1925 0.378372465626747
1926 0.37895537782589
1927 0.37959429079959
1928 0.380171411956589
1929 0.380707815014934
1930 0.381361094898013
1931 0.382036858114114
1932 0.382611164869861
1933 0.383160027415635
1934 0.383718323916704
1935 0.384234318291928
1936 0.384674201585817
1937 0.385150700223877
1938 0.38568426522261
1939 0.386182871185592
1940 0.386612770552342
1941 0.38705278416428
1942 0.387585778640258
1943 0.388085953430331
1944 0.388570394550866
1945 0.38903380198921
1946 0.389496992243621
1947 0.389948656294241
1948 0.390355162398165
1949 0.390792687778588
1950 0.391203935482436
1951 0.391737892361382
1952 0.392273460787354
1953 0.392745007783315
1954 0.393250961954759
1955 0.39388020715253
1956 0.394276146888797
1957 0.394542111545091
1958 0.394862772550589
1959 0.395088131922301
1960 0.395288091657307
1961 0.395696669973379
1962 0.396065732869422
1963 0.396366016749236
1964 0.396713778237375
1965 0.396975745421316
1966 0.397269259783323
1967 0.39765230718437
1968 0.398145520672363
1969 0.398573409096394
1970 0.399020701891843
1971 0.399495142001479
1972 0.399965020634674
1973 0.400446997987004
1974 0.400951330838877
1975 0.401490364913626
1976 0.401977862046742
1977 0.402385603011891
1978 0.402848267402624
1979 0.403378474557776
1980 0.403771995064552
1981 0.404116544188595
1982 0.404457145262449
1983 0.404683336044577
1984 0.404952170240776
1985 0.405195623702184
1986 0.405537464904714
1987 0.405871726639936
1988 0.406181366117526
1989 0.40656040844013
1990 0.407021912683934
1991 0.407529074351693
1992 0.40815750759697
1993 0.408685159700244
1994 0.409245205733111
1995 0.409748397144093
1996 0.410184288902688
1997 0.41060715374215
1998 0.411024023664468
1999 0.411417204665836
2000 0.411800802973555
2001 0.412081999632912
2002 0.412409447388068
2003 0.412753002543716
2004 0.413071061279259
2005 0.413340000109903
2006 0.413697872223149
2007 0.414100696665838
2008 0.414466983573819
2009 0.41489876233111
2010 0.415248429679914
2011 0.415483834220918
2012 0.415812534400662
2013 0.416196328960402
2014 0.416541044686808
2015 0.416842327098101
2016 0.417150777703177
2017 0.417479035326577
2018 0.417729769330996
2019 0.418022095460827
2020 0.41842862538078
2021 0.418719987624381
2022 0.418893136238849
2023 0.419179640021194
2024 0.419532796449989
2025 0.419767879832238
2026 0.420195878034577
2027 0.420506561318752
2028 0.420772960508128
2029 0.421189786953988
2030 0.421495102399211
2031 0.421766117969363
2032 0.422033144276313
2033 0.422204555270009
2034 0.42247820157318
2035 0.422821196025709
2036 0.423117261444845
2037 0.423534836306156
2038 0.42380474075456
2039 0.424015707821934
2040 0.424053981492331
2041 0.424110208134987
2042 0.424286061882904
2043 0.424392493084402
2044 0.42453408889569
2045 0.424606497817592
2046 0.424548832730378
2047 0.424639416679041
2048 0.424760336821483
2049 0.424936763943622
2050 0.425233626950961
2051 0.425493680985443
2052 0.425784692818195
2053 0.426034594728132
2054 0.42632526824172
2055 0.426528933041573
2056 0.426694537122642
2057 0.426764478233809
2058 0.426962280531756
2059 0.427162165368643
2060 0.427377969727475
2061 0.427728367342036
2062 0.427929915020061
2063 0.42802118080548
2064 0.42816708109712
2065 0.428330761170521
2066 0.428405838823788
2067 0.428353364635642
2068 0.428462356186887
2069 0.428623201651216
2070 0.428695469615829
2071 0.428876275544397
2072 0.429243096872484
2073 0.429456834208589
2074 0.429586301404106
2075 0.429789957397588
2076 0.430016257427727
2077 0.430211627630845
2078 0.43041358054942
2079 0.4306285699063
2080 0.43086613316434
2081 0.431028530348451
2082 0.431166617597863
2083 0.431281668510197
2084 0.431303859130609
2085 0.431423357131506
2086 0.431397215152854
2087 0.431269452927012
2088 0.43131807359846
2089 0.431318047135889
2090 0.43145196868999
2091 0.431798625406412
2092 0.432034240498221
2093 0.432328475265767
2094 0.432467928495595
2095 0.432487391924794
2096 0.432610421729678
2097 0.432652738075939
2098 0.432733214000053
2099 0.432910165512614
2100 0.433099469089082
2101 0.433167557444061
2102 0.433282536542716
2103 0.43342596253694
2104 0.433586081043008
2105 0.433788711909238
2106 0.434132985779745
2107 0.434238770239545
2108 0.434128762796158
2109 0.434284570727824
2110 0.43443896214866
2111 0.434623498407164
2112 0.435096387208038
2113 0.435386297616623
2114 0.435548149162668
2115 0.43567943668225
2116 0.435717302152518
2117 0.435798738427939
2118 0.43600076142706
2119 0.436196470662244
2120 0.436366151205216
2121 0.436683023522718
2122 0.436832087387487
2123 0.436808071671228
2124 0.436875310819702
2125 0.436904934081469
2126 0.437039855871271
2127 0.437254190323298
2128 0.437410400129831
2129 0.437583682747887
2130 0.437813059816235
2131 0.438055075653334
2132 0.438261642664447
2133 0.438573372690074
2134 0.438805356348865
2135 0.43891131992437
2136 0.438891448745613
2137 0.438808032043947
2138 0.438595871464556
2139 0.438442611722672
2140 0.438137547519566
2141 0.43806016522821
2142 0.438116174466402
2143 0.438115142975421
2144 0.438327558763105
2145 0.4382613290977
2146 0.437957653203599
2147 0.437802806825162
2148 0.437623229979302
2149 0.437380573885768
2150 0.43729334088022
2151 0.436998001753301
2152 0.43648890749497
2153 0.435922065149534
2154 0.435422505188413
2155 0.435022044768164
2156 0.434494005899866
2157 0.433946790704871
2158 0.433496204831714
2159 0.433016825613329
2160 0.432489426585093
2161 0.432077465618618
2162 0.431566742572675
2163 0.430862553042102
2164 0.430294345682335
2165 0.429774271293247
2166 0.429306722739872
2167 0.428883207032651
2168 0.428482922557313
2169 0.428232264771333
2170 0.427849027859371
2171 0.42734580601847
2172 0.426907342416472
2173 0.426367977063308
2174 0.42599811616021
2175 0.425612685292637
2176 0.425327446216045
2177 0.424962220428606
2178 0.424657028529246
2179 0.424128381318505
2180 0.423482707848175
2181 0.422835990247242
2182 0.421986834797722
2183 0.42131090077161
2184 0.420703909558618
2185 0.42009860160945
2186 0.41950889941315
2187 0.418960201202636
2188 0.418508428269437
2189 0.417957110755997
2190 0.417457440490547
2191 0.416843356620709
2192 0.415974625625496
2193 0.415315645047737
2194 0.414710763415972
2195 0.414124709716553
2196 0.413733094680439
2197 0.413238291926523
2198 0.412760759246377
2199 0.412247729385008
2200 0.411765017985872
2201 0.411373859026022
2202 0.410792361978727
2203 0.41009169037291
2204 0.409453032186099
2205 0.408604961826458
2206 0.408043938936781
2207 0.407524107394245
2208 0.407316057731454
2209 0.407324600389954
2210 0.40751351036815
2211 0.408019503000708
2212 0.408569277230501
2213 0.409396256692923
2214 0.410086876340898
2215 0.410851339751104
2216 0.411583322872005
2217 0.412248221484624
2218 0.412923265808053
2219 0.413609335648021
2220 0.414016280126877
2221 0.414463586724071
2222 0.414729266723964
2223 0.415136983220684
2224 0.415608003853962
2225 0.415998819819011
2226 0.416418327141296
2227 0.416753589670253
2228 0.417152239657555
2229 0.417194085076508
2230 0.416881596099442
2231 0.416838353809293
2232 0.416639443078394
2233 0.416547208408642
2234 0.416652717889854
2235 0.416785600057579
2236 0.416934627236092
2237 0.417001581017645
2238 0.41720920323163
2239 0.417303969633771
2240 0.417114557856153
2241 0.417125978629986
2242 0.417246183967613
2243 0.41736172415977
2244 0.417473233165657
2245 0.417745837543005
2246 0.418065546165684
2247 0.418252823583989
2248 0.418331308204269
2249 0.418418890856244
2250 0.418443481753048
2251 0.418255812221887
2252 0.418363801831223
2253 0.41861099996408
2254 0.418785577592293
2255 0.419173418452708
2256 0.41921729699909
2257 0.418930463737709
2258 0.418997410396993
2259 0.419119849149529
2260 0.419156751844392
2261 0.419349906024853
2262 0.419501420312026
2263 0.419449899363674
2264 0.419541430314928
2265 0.419774631564633
2266 0.420034683466998
2267 0.4203922426142
2268 0.42061720509627
2269 0.420995439099358
2270 0.421096644428455
2271 0.420703079053465
2272 0.420658309048497
2273 0.420625020607314
2274 0.420743030919211
2275 0.421358633927344
2276 0.421637494846082
2277 0.421859473001018
2278 0.421848227507872
2279 0.421727079299286
2280 0.421525179804828
2281 0.421429543028111
2282 0.421376150921565
2283 0.421563104945398
2284 0.421520531578458
2285 0.421453439208983
2286 0.4214290356765
2287 0.4212236368556
2288 0.420756220860681
2289 0.42055126777204
2290 0.420375787397354
2291 0.420266210202188
2292 0.420283204245211
2293 0.420227414094762
2294 0.420168655284455
2295 0.420077721439675
2296 0.420151091765245
2297 0.419854324748415
2298 0.419139998969329
2299 0.418884979455723
2300 0.418537594752176
2301 0.41840195967853
2302 0.418716263268091
2303 0.418859892179261
2304 0.4190561143283
2305 0.41908625039356
2306 0.419161005839314
2307 0.41913932136075
2308 0.418709883186624
2309 0.418631611770392
2310 0.418744721148748
2311 0.418728704304749
2312 0.41904979467493
2313 0.418941491288373
2314 0.41845890471196
2315 0.41810254614091
2316 0.417483891701506
2317 0.417033396244445
2318 0.416511817977669
2319 0.416314105432112
2320 0.416428042225706
2321 0.416438545859711
2322 0.416746351794415
2323 0.417363695472698
2324 0.417594060210752
2325 0.417475341810649
2326 0.417311191569974
2327 0.417447383429294
2328 0.417390904028766
2329 0.417343801606964
2330 0.417453895295337
2331 0.417101703303077
2332 0.417195871991796
2333 0.417601838017362
2334 0.417323215160713
2335 0.416784195143821
2336 0.416257917342883
2337 0.415070959615928
2338 0.414797518344686
2339 0.415128205422916
2340 0.415083704667226
2341 0.415430732258806
2342 0.415125306751984
2343 0.414248793623457
2344 0.413620428278873
2345 0.412612233573464
2346 0.412306458213722
2347 0.412358780285373
2348 0.412503140366036
2349 0.413337585552578
2350 0.413385888302555
2351 0.413148928866709
2352 0.412810391953871
2353 0.41175955015757
2354 0.41174596572232
2355 0.412172221591091
2356 0.412634531544372
2357 0.414104627311666
2358 0.414067876002517
2359 0.413093152386796
2360 0.412755087538639
2361 0.411876766347666
2362 0.411519597426314
2363 0.411907017204555
2364 0.411871123586518
2365 0.411575319882662
2366 0.411504492509857
2367 0.411695562322847
2368 0.411373222066817
2369 0.410737596102541
2370 0.410294539780269
2371 0.409594271720367
2372 0.409199157087303
2373 0.409014590758427
2374 0.408821582155666
2375 0.408895735295197
2376 0.408612888772306
2377 0.408028773231767
2378 0.408051046087456
2379 0.40817388880769
2380 0.408129466230943
2381 0.408820483499416
2382 0.408641492150597
2383 0.407439424490838
2384 0.407040693743401
2385 0.406515388017506
2386 0.406610723685231
2387 0.40758079422751
2388 0.407828038788457
2389 0.408036601965175
2390 0.40815388374243
2391 0.408035689588836
2392 0.407897499069568
2393 0.408103689779826
2394 0.407732316341659
2395 0.40589193035666
2396 0.405981088386855
2397 0.407789240216341
2398 0.407388762243929
2399 0.407054498101793
2400 0.40647568907473
2401 0.402978513851055
2402 0.402490871195961
2403 0.40480614776047
2404 0.405220170823676
2405 0.405929666624001
2406 0.405832675870298
2407 0.404305066678321
2408 0.403555949841505
2409 0.402841776332406
2410 0.40263957175761
2411 0.403233544708306
2412 0.402754075229889
2413 0.401799836869349
2414 0.40111428992114
2415 0.399543785375257
2416 0.399222693347239
2417 0.399948797232251
2418 0.400572478567937
2419 0.402127387283716
2420 0.401937070578434
2421 0.401008756792001
2422 0.400483478441404
2423 0.399173219199793
2424 0.398198851808576
2425 0.397773129774521
2426 0.396417370714705
2427 0.393861887273712
2428 0.392811111763787
2429 0.392251686199472
2430 0.392122284507204
2431 0.392891509997371
2432 0.392981349263018
2433 0.39291067071852
2434 0.39297152428614
2435 0.393322326831935
2436 0.393401913645871
2437 0.393769176375982
2438 0.393009196406659
2439 0.391128657034973
2440 0.390273802449863
2441 0.389093455906796
2442 0.38975729625188
2443 0.39020059426165
2444 0.39208462848817
2445 0.391684275371279
2446 0.390059582446422
2447 0.390172944609883
2448 0.388807750568786
2449 0.386642707641601
2450 0.385441620691019
2451 0.384306002307106
2452 0.383125724612808
2453 0.382920913149328
2454 0.385025045750177
2455 0.384532835720114
2456 0.383115469500185
2457 0.385479880253
2458 0.385386536500462
2459 0.385758674946532
2460 0.388534478553366
2461 0.386436508931055
2462 0.385396094597562
2463 0.38663729228306
2464 0.386671750687584
2465 0.386290716460468
2466 0.384199833630829
2467 0.38293718407546
2468 0.382315503610522
2469 0.381418824958576
2470 0.380213820153821
2471 0.379407325189146
2472 0.378419482690625
2473 0.378185842819774
2474 0.379793767813192
2475 0.379527870084443
2476 0.378344364605053
2477 0.377091519795157
2478 0.374370944543832
2479 0.372869358669249
2480 0.371920389604016
2481 0.371471347214466
2482 0.371650451188961
2483 0.371929409786978
2484 0.372342149543599
2485 0.374046321193312
2486 0.377421483582664
2487 0.378083810087818
2488 0.379248437503114
2489 0.37826097788354
2490 0.373159985078095
2491 0.373359147408245
2492 0.371716340307481
2493 0.368344480954504
2494 0.369360455652465
2495 0.369505621452963
2496 0.369936693156717
2497 0.373265556705493
2498 0.375406612227081
2499 0.37860141676819
2500 0.382257888183724
