"Wavelength" "M094a_m4-w3"
350 0.111562478679191
351 0.102070394344381
352 0.107053602667492
353 0.113448311301194
354 0.10255441022202
355 0.102209147918501
356 0.103952092565388
357 0.102944883969672
358 0.0999026190674153
359 0.103117716718882
360 0.102952867151478
361 0.0973269451142941
362 0.102345062185708
363 0.102535346834051
364 0.0980629370765034
365 0.0935685035110393
366 0.0926640815628462
367 0.0925757153910888
368 0.0946630930937424
369 0.100852817663331
370 0.0977137505854879
371 0.0944915339634945
372 0.094876514072146
373 0.0930297697490752
374 0.0945153409528762
375 0.095524647996025
376 0.0935661722903868
377 0.0948849047511282
378 0.0949336262757845
379 0.0936841292787705
380 0.0925091441307362
381 0.0890634235352333
382 0.0867690716817144
383 0.0872765487886584
384 0.0899271226309843
385 0.0878743784769897
386 0.0857233124520004
387 0.086582310229508
388 0.0861357223396971
389 0.0869318839109861
390 0.0874236310375211
391 0.0856625279058292
392 0.0838150707229733
393 0.083607617642394
394 0.0843007239404769
395 0.083486733824314
396 0.0828877227790947
397 0.0823518407677445
398 0.0818914744768176
399 0.0824159053033336
400 0.0826159701787147
401 0.0827102713610075
402 0.0829975403981753
403 0.0818311802271067
404 0.0813468706667053
405 0.0818106705303362
406 0.0819967017441017
407 0.0819174372805246
408 0.0812975981677594
409 0.0805001839257271
410 0.0811447260115735
411 0.081688499580279
412 0.0817874002653104
413 0.081596300760763
414 0.0816698485784271
415 0.0816168976698936
416 0.0817188431216387
417 0.0826820777353454
418 0.0824480996432538
419 0.0818711206925494
420 0.0817840089045147
421 0.0819539700652067
422 0.0825574504104085
423 0.0832248915612915
424 0.0834788788797254
425 0.0833854696147539
426 0.0831732101503014
427 0.0830224002256082
428 0.0830527861220669
429 0.0835834700278337
430 0.0841601114209636
431 0.0844037564830701
432 0.0845255910872925
433 0.0842932852923196
434 0.0840233495315526
435 0.0841903266918352
436 0.0845082205260557
437 0.0848781530377427
438 0.0852507180487909
439 0.085623075825286
440 0.0860177799962165
441 0.0862729973630382
442 0.0862713227408312
443 0.0861001442191803
444 0.0862707653204109
445 0.0868756948108592
446 0.0876517571804435
447 0.087771327417692
448 0.0878956477213489
449 0.0882913525349408
450 0.0882437585199827
451 0.0883773766991176
452 0.0884401437255741
453 0.0881737928843569
454 0.0884859320581538
455 0.0890893820648289
456 0.0895284898336221
457 0.0893231506888705
458 0.0894369871834803
459 0.0896684042285388
460 0.0897500574667913
461 0.0897150520100021
462 0.0900698328027039
463 0.090458875503798
464 0.0903300059340763
465 0.0905300978915225
466 0.0907677500339021
467 0.0908150674165934
468 0.0906349918936199
469 0.0908950619347205
470 0.0913338556455497
471 0.0915931894746854
472 0.0918586619399743
473 0.0920964592631468
474 0.0922710930150319
475 0.0923543674583591
476 0.0923928091975041
477 0.0924447929680017
478 0.0925531314545429
479 0.0927443527145984
480 0.0928510564157273
481 0.0931260945173848
482 0.0937607102570309
483 0.0937274935959015
484 0.0938664745620262
485 0.0943097719551888
486 0.0943264838230692
487 0.0945668980973744
488 0.0948259147720407
489 0.0949121664480461
490 0.0952770508776545
491 0.0955611217491459
492 0.0957088381558465
493 0.0958624118437087
494 0.0961362473462816
495 0.0963203666885224
496 0.0963876801093272
497 0.0967192899304061
498 0.0971579713530184
499 0.0975169324957582
500 0.0976679806498195
501 0.0978716569226123
502 0.098154707110459
503 0.0984883426583758
504 0.0988036867688269
505 0.0991247334833336
506 0.099444783946588
507 0.0997597076855326
508 0.100105258035215
509 0.100338901579117
510 0.100542242692925
511 0.100911639652955
512 0.101206127965621
513 0.101443003558818
514 0.101679987647588
515 0.101985919007575
516 0.102290413808258
517 0.102531181938529
518 0.102691681180492
519 0.10299045583129
520 0.103377860189215
521 0.103744033095015
522 0.103933502628474
523 0.104189296585421
524 0.104537888604003
525 0.104937250909405
526 0.10533510757454
527 0.105685888510725
528 0.105984411018333
529 0.106262423260881
530 0.106609739833438
531 0.107026783889582
532 0.107444853102224
533 0.107665861622149
534 0.107862767965667
535 0.108183286591854
536 0.10870072055189
537 0.109015824171971
538 0.109345397872385
539 0.109774610542332
540 0.110093906387652
541 0.110452464452444
542 0.11082439780478
543 0.111156522051731
544 0.11152829601524
545 0.111840766226962
546 0.112129730745996
547 0.112564211455514
548 0.112981207674505
549 0.11341777029847
550 0.113915165457213
551 0.114399470383098
552 0.114845773884161
553 0.115274701737313
554 0.1157287760155
555 0.116109403918288
556 0.116478988195239
557 0.116876551633582
558 0.117234313458886
559 0.117646960905715
560 0.118095926249241
561 0.118509311985507
562 0.11879703546598
563 0.119142391285564
564 0.119554741894087
565 0.119777133932944
566 0.120037050023702
567 0.120293858367711
568 0.120499802213736
569 0.12090052481149
570 0.121346086115194
571 0.121815177774999
572 0.122404383869907
573 0.122841594086183
574 0.123277123683376
575 0.123814685586909
576 0.12415893697549
577 0.124466386715712
578 0.124777422973921
579 0.125066723167951
580 0.125346561746625
581 0.125575516001253
582 0.125761045158329
583 0.12601154612806
584 0.126295943330133
585 0.126568420293866
586 0.126805650336833
587 0.127159920144089
588 0.12751940326301
589 0.127836570644871
590 0.12816176944173
591 0.128528249641213
592 0.128921139592212
593 0.129315020713317
594 0.12971383022108
595 0.130076573628445
596 0.130408426091208
597 0.130751236248664
598 0.131078044195975
599 0.131384660843736
600 0.131653302805643
601 0.131800829715428
602 0.132018630727954
603 0.132294499866109
604 0.13252623582621
605 0.132826844177235
606 0.133132449811513
607 0.133401591498045
608 0.133654678652098
609 0.133993815755723
610 0.134338624967149
611 0.134580966597032
612 0.134825009599814
613 0.135161568972595
614 0.135550464197881
615 0.135811827573761
616 0.136126783669818
617 0.136441575984583
618 0.136688373171626
619 0.136936990879376
620 0.137276029177589
621 0.137666564324747
622 0.137978540217159
623 0.138211766412291
624 0.138502861008593
625 0.138904600560379
626 0.139228475907573
627 0.139498004941172
628 0.13975933437534
629 0.140069765587357
630 0.140430281321565
631 0.140768166850882
632 0.141071336918788
633 0.141432819745813
634 0.14175464444362
635 0.142052347871194
636 0.142368998174259
637 0.142694712102313
638 0.14302821945419
639 0.143369916044145
640 0.143720493817148
641 0.144039617651837
642 0.144343581257188
643 0.144661120834956
644 0.145026493676661
645 0.145352783420027
646 0.145661102963081
647 0.146034241231633
648 0.14644021680744
649 0.146830938587455
650 0.147184766703344
651 0.147530476860662
652 0.147900015675924
653 0.148248808991548
654 0.148533523730113
655 0.148913658187983
656 0.149284498352275
657 0.149621201405836
658 0.150017261660271
659 0.150355078578149
660 0.150710821583195
661 0.151144599629095
662 0.151471624227937
663 0.151843523938482
664 0.152255064741353
665 0.152587019085276
666 0.152921446528369
667 0.153325417462764
668 0.153802040123561
669 0.154224038761866
670 0.154583149348077
671 0.154940204940115
672 0.155364924720985
673 0.155704880998589
674 0.156077510632235
675 0.156509750073759
676 0.156869600445318
677 0.157299846170069
678 0.157737119084068
679 0.158105365863683
680 0.15851738672581
681 0.158977042552488
682 0.159432363444869
683 0.159796794625952
684 0.160163842098117
685 0.160559313260584
686 0.160987690727692
687 0.161442912213173
688 0.161856297305708
689 0.162269223100768
690 0.162749765009397
691 0.163130602480768
692 0.163544594600054
693 0.164023914037699
694 0.164418840507609
695 0.16485996978214
696 0.165329162599341
697 0.165771955120147
698 0.166165204088556
699 0.166595418723601
700 0.167057569313741
701 0.167475634066351
702 0.167946929858511
703 0.168429070435423
704 0.168881952885845
705 0.169324624498418
706 0.169775631619614
707 0.17024708512888
708 0.170735123876591
709 0.171164226200751
710 0.171619657596121
711 0.172114978387506
712 0.17255293059378
713 0.173077628183016
714 0.17360579203303
715 0.174047546752641
716 0.174506212445525
717 0.174999418700572
718 0.175523110543666
719 0.176052425644489
720 0.176532817385923
721 0.177005789779903
722 0.17749818426074
723 0.177979522016074
724 0.178457963411131
725 0.178942379805136
726 0.179440474196504
727 0.179950242026624
728 0.180454569812014
729 0.180960480472312
730 0.181497105182826
731 0.181997735802375
732 0.182489804240434
733 0.182991410058298
734 0.183429356890387
735 0.183908709574194
736 0.18441513246943
737 0.184886351541387
738 0.185410578885222
739 0.18588966803734
740 0.186326551745092
741 0.18688666291905
742 0.187407386734664
743 0.187902818138522
744 0.188416545311175
745 0.188918868825055
746 0.189448681596907
747 0.189985961411936
748 0.190479393863061
749 0.191002550346761
750 0.191544730905165
751 0.192082030166944
752 0.192588522980083
753 0.193124503258354
754 0.193646572536704
755 0.194108655545672
756 0.194604336253522
757 0.195125281762889
758 0.195637517197253
759 0.19610117028885
760 0.196668911201565
761 0.197227937940026
762 0.19771815602577
763 0.198283367419634
764 0.198819157793408
765 0.199321370880121
766 0.199822854958077
767 0.200356052326803
768 0.200852276120634
769 0.201332208451894
770 0.201895315787188
771 0.202459956834351
772 0.203025230599843
773 0.203596634783413
774 0.204171852129507
775 0.204610971261597
776 0.205024769875559
777 0.205573029539883
778 0.206102812067013
779 0.206620527338417
780 0.207136925856879
781 0.207661125348235
782 0.208210847528613
783 0.208774359423517
784 0.209334391383552
785 0.209875087677446
786 0.210381200026745
787 0.210856490480038
788 0.211330812679553
789 0.211918843683914
790 0.212480613855244
791 0.213002758245033
792 0.213582403910754
793 0.214045734841026
794 0.214510753873364
795 0.215081054346836
796 0.215746951156408
797 0.216313407386144
798 0.216791474302081
799 0.217268048349339
800 0.217785134153926
801 0.218350021325619
802 0.218928233485802
803 0.219463305146465
804 0.21999725331257
805 0.22053134007849
806 0.221051166099303
807 0.221523145209961
808 0.222087724184714
809 0.222708271519744
810 0.223296043547963
811 0.22378575275945
812 0.224274335724389
813 0.224791684807183
814 0.225329741905201
815 0.225924242564532
816 0.226541641411312
817 0.227135871850687
818 0.227655352061013
819 0.228099075446485
820 0.228526609834748
821 0.229005487940485
822 0.229594647047974
823 0.230166002746804
824 0.230712883386284
825 0.231271829729049
826 0.231821601055562
827 0.232395872496326
828 0.232982646885009
829 0.2335364766224
830 0.234099833045876
831 0.234629633562123
832 0.235106915254826
833 0.235566059605049
834 0.236086064921625
835 0.236600315539037
836 0.237054415844311
837 0.23755521203381
838 0.238093090976672
839 0.238684978871661
840 0.239322742695331
841 0.239816205671574
842 0.240314569725103
843 0.240841906103017
844 0.241301952899416
845 0.241845507324744
846 0.242439314508895
847 0.243017096413672
848 0.243510030011514
849 0.24400265586327
850 0.244553655685021
851 0.245161758948476
852 0.245680688073008
853 0.246142566404388
854 0.246637861622992
855 0.247241876722118
856 0.247795080934045
857 0.248340447545138
858 0.248863746366677
859 0.249309255436708
860 0.24977196738908
861 0.250276103690051
862 0.25082057482149
863 0.251384028949091
864 0.251863916810179
865 0.252311496798174
866 0.252817423359876
867 0.253482913791707
868 0.254083192726932
869 0.254592006665058
870 0.255077479234271
871 0.255659801813987
872 0.256226881948864
873 0.25675927786428
874 0.257292729532088
875 0.257804875489852
876 0.2583205412836
877 0.258837598145452
878 0.259328324942541
879 0.259807750319605
880 0.26033442529584
881 0.260898465742626
882 0.261385801642082
883 0.261932978767058
884 0.262486403193839
885 0.2630066527905
886 0.263602095333295
887 0.264139333151443
888 0.264654550414783
889 0.265212704013598
890 0.265767497028262
891 0.266305968485793
892 0.266800873160557
893 0.267242078896256
894 0.267730420854537
895 0.268264085956753
896 0.26882651521555
897 0.269396443332984
898 0.269997101195955
899 0.27053773999597
900 0.271031975263562
901 0.271603187134666
902 0.272137099892114
903 0.272676678590471
904 0.273244017692847
905 0.273792107525028
906 0.27431174453121
907 0.274803919522647
908 0.275292922184719
909 0.275840054595636
910 0.276396098473064
911 0.276885828145256
912 0.277308052496302
913 0.27789551435037
914 0.278409744355212
915 0.278931484477077
916 0.279582157303019
917 0.28015068321578
918 0.280734140164138
919 0.281285309021438
920 0.281728525765114
921 0.28221708442139
922 0.282752326626866
923 0.283316571504639
924 0.283878054005282
925 0.284391791725953
926 0.284910429937135
927 0.285442072830934
928 0.285957288853373
929 0.286479751453104
930 0.287000573356188
931 0.287497982852338
932 0.287960632547156
933 0.288578577564201
934 0.289215655842966
935 0.289791655845412
936 0.290354484672261
937 0.290912536620075
938 0.291358674529994
939 0.291773650152475
940 0.292485551212671
941 0.293083691679317
942 0.293601133304456
943 0.294127437164676
944 0.294690321611805
945 0.295271471686854
946 0.295746688188835
947 0.296124616701235
948 0.296676206701902
949 0.297132872431701
950 0.297639558420063
951 0.298295223377773
952 0.298914124236186
953 0.299443117659868
954 0.300001653029054
955 0.300625470118541
956 0.301066130158544
957 0.301507675978605
958 0.301921917404872
959 0.302340129295428
960 0.303051847036377
961 0.303652071873522
962 0.304160779458857
963 0.304670872422792
964 0.305132896251432
965 0.305704117040441
966 0.306284465400536
967 0.306796741584245
968 0.307411446438215
969 0.307808786706526
970 0.308119079298138
971 0.308590499856766
972 0.309409584560285
973 0.31000794147529
974 0.310485165783984
975 0.311027579243454
976 0.311556904878716
977 0.311998992346455
978 0.312441377720234
979 0.31294077849087
980 0.313396895142317
981 0.313805803597982
982 0.314380355653562
983 0.315151905367718
984 0.315741662450118
985 0.316359057703574
986 0.316949342800028
987 0.317446004453674
988 0.317860359970327
989 0.318187966918171
990 0.318715919847326
991 0.319431847149235
992 0.319860403357198
993 0.320250287112233
994 0.320736654007065
995 0.321268440077877
996 0.321624350597424
997 0.322016955748552
998 0.322533438802511
999 0.323180875065912
1000 0.323874377718168
1001 0.317100207891807
1002 0.317569130740343
1003 0.318103465294679
1004 0.318594071767182
1005 0.3190492822625
1006 0.319566779944135
1007 0.32013729843458
1008 0.320631336713344
1009 0.321114153643071
1010 0.32159247128513
1011 0.321911585109561
1012 0.322273225917036
1013 0.322770939805865
1014 0.323222796849889
1015 0.323696234083712
1016 0.324127136293357
1017 0.324576996295529
1018 0.325012830980842
1019 0.325455562972586
1020 0.325878225960705
1021 0.326382376672453
1022 0.326944827293972
1023 0.3274083995951
1024 0.327849827034419
1025 0.328358087412592
1026 0.328788868156574
1027 0.329207389353158
1028 0.329744115610741
1029 0.330265021421208
1030 0.330740630836322
1031 0.331187530543758
1032 0.33166305631184
1033 0.332106982751064
1034 0.332602703400464
1035 0.333142229025992
1036 0.333709269373957
1037 0.334209083116663
1038 0.334653318083628
1039 0.335090877221074
1040 0.335637177196933
1041 0.336133720102358
1042 0.336581354778264
1043 0.337150445836783
1044 0.337676752432368
1045 0.338180263341602
1046 0.338754627159435
1047 0.339246726272514
1048 0.339670612224155
1049 0.340031552581163
1050 0.340464271292931
1051 0.340893726918214
1052 0.341360246033547
1053 0.34185261315156
1054 0.342235699470536
1055 0.342611051234701
1056 0.343100908381564
1057 0.343546662653127
1058 0.343997491234273
1059 0.344495962369106
1060 0.344893872172408
1061 0.345201330614601
1062 0.345530708643727
1063 0.34582269778849
1064 0.346188066098608
1065 0.346589824303556
1066 0.346993351605041
1067 0.347399704688401
1068 0.347737680303915
1069 0.347993503043808
1070 0.348264563974619
1071 0.348540293369842
1072 0.348747380669157
1073 0.349005566030488
1074 0.349256050976049
1075 0.349466200773459
1076 0.349742595480216
1077 0.350085855820376
1078 0.350382270794987
1079 0.350645733571489
1080 0.350956664073464
1081 0.351224962313672
1082 0.351493437540337
1083 0.351810862532699
1084 0.352105043062337
1085 0.352357769326974
1086 0.352618862320718
1087 0.352854079652341
1088 0.353087238282386
1089 0.353368966345309
1090 0.353644236354035
1091 0.353907101234245
1092 0.354176591167366
1093 0.354434693220714
1094 0.354677656248719
1095 0.354904183892775
1096 0.355170638242907
1097 0.355441305515929
1098 0.355691621408332
1099 0.355986668443633
1100 0.356285247858656
1101 0.356557667938244
1102 0.35687040996783
1103 0.357199329613528
1104 0.357473840990842
1105 0.357767592323498
1106 0.358093841057432
1107 0.358420081767717
1108 0.358762983203987
1109 0.359129677204053
1110 0.359542496456627
1111 0.359921106712247
1112 0.360329404776806
1113 0.360763097470492
1114 0.361141423227703
1115 0.361553297058556
1116 0.362005092283174
1117 0.362466134996285
1118 0.362974350169517
1119 0.363411623904944
1120 0.363818981958389
1121 0.364238780083769
1122 0.364598810521696
1123 0.365017565822349
1124 0.365489977263175
1125 0.36592638639416
1126 0.366362840276866
1127 0.366815472684084
1128 0.367187761507959
1129 0.367605534888066
1130 0.368059351600569
1131 0.368479093504919
1132 0.368961439144574
1133 0.369459992215685
1134 0.369954680275716
1135 0.370474644199855
1136 0.370960229714076
1137 0.371438882298003
1138 0.371924544940296
1139 0.37240072403128
1140 0.372853358633947
1141 0.373308094720807
1142 0.37376452953555
1143 0.37419735002894
1144 0.374626904435516
1145 0.37509678375828
1146 0.375529820634737
1147 0.375971161347553
1148 0.376440880594309
1149 0.3768905665114
1150 0.377394917711875
1151 0.377881003230495
1152 0.378291830901424
1153 0.378694939431235
1154 0.379054149809688
1155 0.379441263510334
1156 0.379814510461082
1157 0.380204388958602
1158 0.380622242789663
1159 0.381019405038403
1160 0.381410356837028
1161 0.381788952902667
1162 0.382152850058599
1163 0.382532214203257
1164 0.382940043875002
1165 0.383382206318827
1166 0.383831561143539
1167 0.384278557456587
1168 0.384707285750776
1169 0.385092207205025
1170 0.385484764776756
1171 0.385883927767035
1172 0.38625258066299
1173 0.386586135921874
1174 0.386936551052462
1175 0.387274396981792
1176 0.387625361440192
1177 0.387997181796608
1178 0.388354681578232
1179 0.38871160000424
1180 0.389044435141361
1181 0.389398538695576
1182 0.389757757385119
1183 0.390102933488202
1184 0.390435030398437
1185 0.390749714043122
1186 0.391054467447792
1187 0.39135948257954
1188 0.39167001724177
1189 0.391970569832097
1190 0.392269800166778
1191 0.392537807617756
1192 0.392775340933725
1193 0.393036193024898
1194 0.393275371933174
1195 0.393540553767247
1196 0.393844385465756
1197 0.39412801225632
1198 0.394409007549011
1199 0.394693843763959
1200 0.394953500532482
1201 0.395195447229954
1202 0.395401351689138
1203 0.395588752096016
1204 0.395807530154736
1205 0.396021851669207
1206 0.39625530777979
1207 0.396525144551483
1208 0.396772236997045
1209 0.397004248014367
1210 0.397256374331205
1211 0.397538188978892
1212 0.397780433885125
1213 0.398001289800433
1214 0.398241740067021
1215 0.398452392962709
1216 0.39868632682824
1217 0.398944419511119
1218 0.39922267122423
1219 0.399485577902006
1220 0.399750466091973
1221 0.400036372502067
1222 0.400341239385285
1223 0.400631638044341
1224 0.400931830976814
1225 0.401225896620864
1226 0.40151348143286
1227 0.401798110539088
1228 0.402078896692484
1229 0.402372193659711
1230 0.402661201989688
1231 0.402955624582291
1232 0.403266651823963
1233 0.403573958754612
1234 0.40389942410717
1235 0.404189712759652
1236 0.404475684959851
1237 0.4047256640857
1238 0.40498259128037
1239 0.405234974054362
1240 0.405506041246664
1241 0.40581923954448
1242 0.406078703855006
1243 0.406313499912361
1244 0.406554362592587
1245 0.406753911207129
1246 0.407009758783769
1247 0.407281654874497
1248 0.407578667479438
1249 0.407935382984968
1250 0.408250313384075
1251 0.408558064572155
1252 0.408875580883977
1253 0.409190472630099
1254 0.409494292632912
1255 0.4097784317991
1256 0.410099661760539
1257 0.410440820021644
1258 0.410757560622263
1259 0.411111481500763
1260 0.41152750752898
1261 0.41187477348455
1262 0.412178189339553
1263 0.41254547796606
1264 0.412928969960374
1265 0.413293286917884
1266 0.413711816781767
1267 0.414057985246508
1268 0.414340039162724
1269 0.414639180965701
1270 0.414912450001783
1271 0.415203631262182
1272 0.4155148784106
1273 0.415791622158411
1274 0.416068536979829
1275 0.416320314145517
1276 0.416542133462175
1277 0.416746010639786
1278 0.416921324191633
1279 0.417092820790866
1280 0.417273553807611
1281 0.417454313208374
1282 0.417593812323674
1283 0.417733484031957
1284 0.417845218951049
1285 0.417911876474897
1286 0.417976759884729
1287 0.418041167782966
1288 0.418082458220353
1289 0.418072313817023
1290 0.418099292158499
1291 0.418141583819205
1292 0.418171890063936
1293 0.418225408876507
1294 0.418242784899394
1295 0.418252177978451
1296 0.418225336756896
1297 0.418153267848786
1298 0.418087350335
1299 0.417994286152551
1300 0.41789549535963
1301 0.41782709522313
1302 0.417760093035286
1303 0.417738010579989
1304 0.417765463285255
1305 0.417741862265954
1306 0.417739017543573
1307 0.41769746583786
1308 0.417597714672872
1309 0.417540775548274
1310 0.417454430696951
1311 0.417454840515106
1312 0.41751228310137
1313 0.417560293544989
1314 0.41766415451408
1315 0.417753127536456
1316 0.417812413513492
1317 0.417909576016989
1318 0.418070290259939
1319 0.418180747239428
1320 0.418245473462132
1321 0.418361130486053
1322 0.418464668865276
1323 0.418589894480031
1324 0.418768869865809
1325 0.419008300402839
1326 0.419249663068083
1327 0.419508752391313
1328 0.41979743046492
1329 0.420128530385314
1330 0.420443102218088
1331 0.420775087644399
1332 0.421100397288382
1333 0.421404938367223
1334 0.421752883666033
1335 0.422132362641087
1336 0.422497664994937
1337 0.422903838116061
1338 0.423260851408482
1339 0.423589195190489
1340 0.423912255158935
1341 0.424197480110799
1342 0.424506301132647
1343 0.424804221457638
1344 0.425129622180749
1345 0.425475704388004
1346 0.425833521177283
1347 0.426234870839855
1348 0.426605135635448
1349 0.426983223433504
1350 0.427382856483407
1351 0.427729209312791
1352 0.428056093711841
1353 0.428366229847312
1354 0.428636981643513
1355 0.42892334844651
1356 0.429208374491882
1357 0.429480736596186
1358 0.429738750712344
1359 0.430009908608867
1360 0.43024423365188
1361 0.43055049394629
1362 0.430893085081128
1363 0.431249909590631
1364 0.431655674932063
1365 0.432057498513647
1366 0.432469739880704
1367 0.432884972431833
1368 0.43333667130901
1369 0.433747243255869
1370 0.434172784779104
1371 0.434533211168469
1372 0.434868625539747
1373 0.43514998375336
1374 0.43533025131743
1375 0.435461223591341
1376 0.435538056635192
1377 0.435522700014739
1378 0.435522245363568
1379 0.435476433747811
1380 0.435455028032703
1381 0.435411949287114
1382 0.435395914153833
1383 0.435393749998679
1384 0.435396145873788
1385 0.435436899775478
1386 0.435412254067353
1387 0.435393497966245
1388 0.435309541930179
1389 0.435177141206494
1390 0.435001597987897
1391 0.434791764943403
1392 0.434528310345877
1393 0.434186885058106
1394 0.433849332833672
1395 0.433473260431558
1396 0.433087361516582
1397 0.432686416426061
1398 0.432280356965443
1399 0.431851377128811
1400 0.431424839900842
1401 0.430993731369542
1402 0.430567296601213
1403 0.430148620302023
1404 0.429720885139546
1405 0.429274471692674
1406 0.428841006601825
1407 0.428341924012958
1408 0.427767158622712
1409 0.42728764129868
1410 0.426743335452634
1411 0.426391508234777
1412 0.426114248772522
1413 0.425982312241018
1414 0.425955804563131
1415 0.426072365882694
1416 0.426335408374431
1417 0.42667957000185
1418 0.427182030678234
1419 0.427698998347051
1420 0.428344292864618
1421 0.428933484251331
1422 0.429568433108688
1423 0.43015700217549
1424 0.430750035783286
1425 0.431274047424579
1426 0.4317402689028
1427 0.432203355888757
1428 0.432595059431977
1429 0.433012065543501
1430 0.433434678755889
1431 0.433868950652487
1432 0.434316095693242
1433 0.434762017616528
1434 0.435178333196779
1435 0.435598662208304
1436 0.436030347715913
1437 0.436444438761441
1438 0.436877545475244
1439 0.43735429458377
1440 0.437764509182899
1441 0.438136671512923
1442 0.438537062730638
1443 0.438940818901048
1444 0.439306600185612
1445 0.439684644766584
1446 0.440006555482097
1447 0.440248681436914
1448 0.440544474933692
1449 0.440852706913619
1450 0.441138717749166
1451 0.44143778470433
1452 0.441708642000709
1453 0.441941478341116
1454 0.442185418619035
1455 0.442428212157659
1456 0.442665139280817
1457 0.442884652483928
1458 0.443125813783211
1459 0.443376058644523
1460 0.443624916767211
1461 0.443901859257231
1462 0.444149983878739
1463 0.444362189633233
1464 0.444597951394868
1465 0.4448480503514
1466 0.44507881523352
1467 0.445290816144574
1468 0.445540155222452
1469 0.445807503743463
1470 0.446037116717811
1471 0.44633019504673
1472 0.446664963546828
1473 0.447023797869888
1474 0.447396801459786
1475 0.447739372224369
1476 0.448109031500246
1477 0.448419636398885
1478 0.448678757527015
1479 0.448952443475585
1480 0.449212562498312
1481 0.449474938300944
1482 0.449715322136665
1483 0.449991505892158
1484 0.450290432862607
1485 0.45056589337346
1486 0.450863748202058
1487 0.451123909380638
1488 0.451321458861669
1489 0.45159450091687
1490 0.451896626514449
1491 0.452187499852621
1492 0.452516448254835
1493 0.452824659485228
1494 0.453109004987015
1495 0.453403413794302
1496 0.453711548392949
1497 0.454010926355522
1498 0.454315581929901
1499 0.45459191057318
1500 0.45487738008342
1501 0.455113492986987
1502 0.455288113403929
1503 0.455483289458461
1504 0.455629172289956
1505 0.455831120364437
1506 0.45607522330292
1507 0.456310465821565
1508 0.456586146458277
1509 0.456831124227029
1510 0.457069492048582
1511 0.45728523996977
1512 0.457450827263307
1513 0.4576540073724
1514 0.457867019341158
1515 0.458071828127799
1516 0.458291818168976
1517 0.458523137528702
1518 0.458726334664608
1519 0.458920823080202
1520 0.459122666617247
1521 0.459316086302588
1522 0.459527460139633
1523 0.459727637416812
1524 0.459982522468749
1525 0.46027678761409
1526 0.460550484791025
1527 0.46085776302656
1528 0.461114720138436
1529 0.461351923091051
1530 0.461573954096829
1531 0.461777306652509
1532 0.461969081379966
1533 0.462125955991998
1534 0.462316215419058
1535 0.462505249578798
1536 0.462706198654456
1537 0.462913533160432
1538 0.463151885063112
1539 0.463428921555584
1540 0.463654503553132
1541 0.46389291568783
1542 0.464105030407658
1543 0.464262265822271
1544 0.464444094806916
1545 0.464642901257898
1546 0.464822393565969
1547 0.464964866214974
1548 0.465155768147431
1549 0.465375267636104
1550 0.465576882432409
1551 0.465808864387475
1552 0.466005301341286
1553 0.466160495337981
1554 0.466341885999103
1555 0.466519560125908
1556 0.466710095644403
1557 0.466924360432367
1558 0.467119587030087
1559 0.467307541534972
1560 0.467502093693095
1561 0.467707813235883
1562 0.467881826733909
1563 0.468043937129362
1564 0.468203180769303
1565 0.468321138866106
1566 0.468470480223597
1567 0.468636401567761
1568 0.468806373534699
1569 0.46898392513527
1570 0.46917036667558
1571 0.469376564873211
1572 0.469570840515626
1573 0.469770110174013
1574 0.469962423653262
1575 0.470117913269619
1576 0.470318892482358
1577 0.470570905648692
1578 0.470780949580898
1579 0.471007942897334
1580 0.471208304262033
1581 0.471327737812904
1582 0.471505238067741
1583 0.471724876432986
1584 0.471923134395743
1585 0.472168959937071
1586 0.472358724743124
1587 0.472482617944748
1588 0.472627687310863
1589 0.472758887306481
1590 0.472884853429796
1591 0.473020659197891
1592 0.473148599846223
1593 0.47325512900724
1594 0.473367758138527
1595 0.473483774387669
1596 0.47360029026971
1597 0.473662265589606
1598 0.473811434228348
1599 0.474012034980116
1600 0.474237458110766
1601 0.474539890823361
1602 0.474825925600418
1603 0.475077059798997
1604 0.475314162160783
1605 0.475473088560182
1606 0.475582447539173
1607 0.475682044827019
1608 0.475699034829516
1609 0.475817485104918
1610 0.475953754469868
1611 0.476140373164247
1612 0.476379804702473
1613 0.476613295386045
1614 0.476880658578089
1615 0.477128723191301
1616 0.477402610506809
1617 0.477595402134548
1618 0.477776098170902
1619 0.477876528327433
1620 0.477877314539015
1621 0.477959238902215
1622 0.478020894964216
1623 0.47811534544053
1624 0.478244137960389
1625 0.478383803656002
1626 0.478505121461885
1627 0.478712832058941
1628 0.478997432710338
1629 0.479232800873162
1630 0.479513754719736
1631 0.479710779402913
1632 0.479856579139625
1633 0.480015257171599
1634 0.480138247606081
1635 0.480292394194753
1636 0.480441269773903
1637 0.480640714810074
1638 0.480868731059942
1639 0.481092596001555
1640 0.481353709376984
1641 0.481579963036475
1642 0.481803563765473
1643 0.481982974805462
1644 0.482141298032138
1645 0.482307246677497
1646 0.48244355168652
1647 0.482571755397305
1648 0.482699966392013
1649 0.482837344325017
1650 0.482926533638269
1651 0.483119464885251
1652 0.483375678567817
1653 0.483622047510203
1654 0.483924137788663
1655 0.484143420062599
1656 0.484391593349799
1657 0.48465450371384
1658 0.484832526009682
1659 0.484976374529977
1660 0.485097777055145
1661 0.485191213695482
1662 0.485359363349232
1663 0.485625535341715
1664 0.48587076663034
1665 0.486038080774524
1666 0.486219846464789
1667 0.486455685178426
1668 0.486687271377028
1669 0.486971678704283
1670 0.487280553580248
1671 0.487503784846806
1672 0.487699173244086
1673 0.487890700564288
1674 0.488064235194352
1675 0.488216432506815
1676 0.488374099162437
1677 0.488533463862169
1678 0.488656604669757
1679 0.488785961896699
1680 0.488920925777903
1681 0.489044975806482
1682 0.489231660613387
1683 0.489486725396497
1684 0.489759962717509
1685 0.490127956818929
1686 0.490497458446298
1687 0.490780657528
1688 0.491050604551456
1689 0.491249882184572
1690 0.491385419451689
1691 0.491536559859519
1692 0.491695824068833
1693 0.491799239870168
1694 0.491952708896503
1695 0.492187238349601
1696 0.492413815541999
1697 0.492766252825965
1698 0.493071833230777
1699 0.493192059319566
1700 0.493358175020976
1701 0.493468377044417
1702 0.493563704345647
1703 0.493656578548562
1704 0.493777542996956
1705 0.493826338671294
1706 0.493968307826641
1707 0.494218980721281
1708 0.494441557672334
1709 0.494712352720909
1710 0.494951338022355
1711 0.495202451535105
1712 0.495416775647135
1713 0.495618255955327
1714 0.495737812595016
1715 0.495749725295035
1716 0.495823860865725
1717 0.495868171990526
1718 0.495945035258927
1719 0.496088567709672
1720 0.496217304514626
1721 0.496327044431941
1722 0.496432704409068
1723 0.496558868964068
1724 0.496650592608024
1725 0.496703913651102
1726 0.49680344038308
1727 0.496914412505325
1728 0.497033227858437
1729 0.497155780481778
1730 0.497286514858869
1731 0.497443965071786
1732 0.497563786178291
1733 0.497689054710783
1734 0.497819956649094
1735 0.49789337468726
1736 0.498065748157073
1737 0.498309052435961
1738 0.498496576713124
1739 0.498701859735665
1740 0.498850891555745
1741 0.499067592248379
1742 0.499277818091734
1743 0.499466533267922
1744 0.499706909854821
1745 0.499847605128617
1746 0.499917603323151
1747 0.500000050376628
1748 0.499978778879314
1749 0.499905333008058
1750 0.499912095887389
1751 0.499935327108872
1752 0.500013302892608
1753 0.50019121279699
1754 0.500362319222041
1755 0.50056371795155
1756 0.500712622879431
1757 0.500796293013711
1758 0.500878155610136
1759 0.500944752981241
1760 0.501087332857818
1761 0.501145095266614
1762 0.501159069510569
1763 0.501264472338659
1764 0.501307158382058
1765 0.501431943174461
1766 0.501580430034169
1767 0.501613669447265
1768 0.501718276073458
1769 0.501829763432365
1770 0.501957252041626
1771 0.502153513635808
1772 0.502274404012118
1773 0.502459452835204
1774 0.502701313027552
1775 0.502915721597843
1776 0.503160951305081
1777 0.503377801225384
1778 0.503621240364165
1779 0.503739263952046
1780 0.503796994921162
1781 0.503773784160501
1782 0.503661578408963
1783 0.503526967901379
1784 0.503489686774121
1785 0.503465655597208
1786 0.503462797986309
1787 0.503635448999307
1788 0.50382742007788
1789 0.504049480172511
1790 0.504360599217947
1791 0.50462198879896
1792 0.504935650203572
1793 0.50535348575771
1794 0.505741338408328
1795 0.506035580429667
1796 0.5062607146365
1797 0.506422149616056
1798 0.506549124738025
1799 0.506731896941292
1800 0.506949960479271
1801 0.503929373729501
1802 0.503955398667123
1803 0.50390880273296
1804 0.503972224460336
1805 0.50401963009549
1806 0.50402485607387
1807 0.504072159010198
1808 0.50416818708296
1809 0.504267123016104
1810 0.504383952484559
1811 0.504414291861476
1812 0.504625639410735
1813 0.504734696664843
1814 0.504770855558326
1815 0.50508834140634
1816 0.505179695901016
1817 0.505119348829592
1818 0.505161491482284
1819 0.505257328340057
1820 0.505150392795256
1821 0.505110508013832
1822 0.505232772903369
1823 0.505182561589489
1824 0.505054140362197
1825 0.505065556517426
1826 0.505149813370156
1827 0.505199409129834
1828 0.505360542212048
1829 0.505402989722073
1830 0.505343118906298
1831 0.505329442442178
1832 0.505324031748956
1833 0.505345151569606
1834 0.505493903243632
1835 0.505563261433349
1836 0.505660956019291
1837 0.505836917488305
1838 0.505892390896702
1839 0.505855541226258
1840 0.50590665576765
1841 0.505975936650185
1842 0.50596390645908
1843 0.506092729680508
1844 0.506211267755227
1845 0.506210901740386
1846 0.50620187909841
1847 0.506209964902455
1848 0.506192270516705
1849 0.506239884243181
1850 0.506362561899197
1851 0.506429004706591
1852 0.506534058465725
1853 0.506610438113457
1854 0.506581329988502
1855 0.506601690938078
1856 0.506587612114883
1857 0.506512989650654
1858 0.506380042036054
1859 0.506181560994356
1860 0.505934493516607
1861 0.505712569054485
1862 0.505340278887195
1863 0.504902073495414
1864 0.504425605396137
1865 0.503761660654967
1866 0.503223932958225
1867 0.502722525197626
1868 0.502229590960213
1869 0.501740992450325
1870 0.501482748427224
1871 0.501187918892362
1872 0.500947480295708
1873 0.50068798938757
1874 0.50027374010997
1875 0.49978133589338
1876 0.499116625939216
1877 0.498428928531164
1878 0.497622223057387
1879 0.496732758659968
1880 0.495667735577556
1881 0.49458070166057
1882 0.493324312654894
1883 0.491967087420991
1884 0.490635403670225
1885 0.489143550816629
1886 0.487575563006004
1887 0.486002984264094
1888 0.484207306288034
1889 0.482256067149946
1890 0.480124117922003
1891 0.477923215164622
1892 0.475526094482287
1893 0.472994415582967
1894 0.470473079700863
1895 0.46775681913048
1896 0.464954673699275
1897 0.462264822762597
1898 0.459367333664031
1899 0.456646217858791
1900 0.453956179763127
1901 0.451449129394691
1902 0.448925401819473
1903 0.446840760635398
1904 0.444942081156694
1905 0.443217578671749
1906 0.441779076295495
1907 0.440481527503625
1908 0.439378732872419
1909 0.438475505058823
1910 0.437694329558019
1911 0.437078865877476
1912 0.436585701603877
1913 0.43622577956846
1914 0.436003738623425
1915 0.435940630308994
1916 0.436010941460826
1917 0.436229086240128
1918 0.436600459053347
1919 0.436950364375187
1920 0.437406677666899
1921 0.437872505161682
1922 0.43827345955262
1923 0.438818025463429
1924 0.439458270870774
1925 0.440186705139021
1926 0.440943865761341
1927 0.441827911686075
1928 0.442580681146255
1929 0.443278237257413
1930 0.444043134359458
1931 0.444848801175255
1932 0.445633985353058
1933 0.446502229108355
1934 0.447246956739562
1935 0.447911926994005
1936 0.448584351065181
1937 0.449259627211989
1938 0.450031528909351
1939 0.450753349228606
1940 0.45130534371478
1941 0.451881334428719
1942 0.452495813137768
1943 0.453128194518506
1944 0.453887519076491
1945 0.454494188774722
1946 0.454975805856077
1947 0.455566277717699
1948 0.456140364313891
1949 0.45672546328651
1950 0.457367197391453
1951 0.45800631230363
1952 0.458606268894108
1953 0.459284113609324
1954 0.460018092305309
1955 0.460944373947209
1956 0.461646973342196
1957 0.462278822047699
1958 0.462912562602344
1959 0.463481068208475
1960 0.463990380226389
1961 0.464594152535427
1962 0.465082337500538
1963 0.465460236009596
1964 0.46589122730195
1965 0.46623339243032
1966 0.466652535281143
1967 0.467133846112583
1968 0.467694840740964
1969 0.468216176406256
1970 0.468761778877643
1971 0.469358105445616
1972 0.47000559341768
1973 0.470562952038699
1974 0.471231105713574
1975 0.47192353730437
1976 0.472582855813026
1977 0.473332743652962
1978 0.473968699894422
1979 0.47459175609511
1980 0.475148693395326
1981 0.475566560647038
1982 0.476076796103407
1983 0.476629413760499
1984 0.477142377676269
1985 0.477641350429079
1986 0.478158940985104
1987 0.478636419547966
1988 0.479173671967401
1989 0.479841651752609
1990 0.480430522430139
1991 0.481070224036694
1992 0.481833000180554
1993 0.482438978238782
1994 0.482930242253036
1995 0.483526758712166
1996 0.484129390875352
1997 0.484655257912159
1998 0.485166256041919
1999 0.485739863082718
2000 0.486276067058434
2001 0.486747138862813
2002 0.487231311098673
2003 0.487793418590465
2004 0.488233637353202
2005 0.488540833415786
2006 0.488943515146516
2007 0.489302200080899
2008 0.489789915833738
2009 0.490402119231178
2010 0.490934939503844
2011 0.491503952965856
2012 0.492090195129838
2013 0.4926073954075
2014 0.493011194732942
2015 0.493409388091181
2016 0.493740344644847
2017 0.494162211823712
2018 0.4945464532303
2019 0.495013564727448
2020 0.495644388538503
2021 0.496112836973729
2022 0.496583247379619
2023 0.496954282300063
2024 0.497148406250848
2025 0.497419239381492
2026 0.497839933188105
2027 0.498103906449186
2028 0.498647802694164
2029 0.499313074447821
2030 0.499769969402717
2031 0.50018823236156
2032 0.50057037648068
2033 0.500745228568383
2034 0.501082656017046
2035 0.501500886020403
2036 0.501887564324975
2037 0.50236687612913
2038 0.50276541576074
2039 0.50314307971659
2040 0.503406812533753
2041 0.503745271461653
2042 0.504041344979357
2043 0.504339424256718
2044 0.504684897404468
2045 0.504924777890857
2046 0.505065955898876
2047 0.505256858920548
2048 0.505403559767405
2049 0.505601292871036
2050 0.505834987912834
2051 0.506079858001486
2052 0.506382549889666
2053 0.506604315431285
2054 0.506807396450219
2055 0.50696424429812
2056 0.507183082857228
2057 0.507381010620822
2058 0.507579722239586
2059 0.50777885546583
2060 0.508080394192711
2061 0.508423134767291
2062 0.508734072255199
2063 0.509205439212986
2064 0.509515271004629
2065 0.509626121156074
2066 0.509850858549779
2067 0.510083350513583
2068 0.510348668752795
2069 0.510588517230723
2070 0.510788223594848
2071 0.510989364530319
2072 0.511103396783672
2073 0.511321968243425
2074 0.511643025015279
2075 0.511857971932836
2076 0.512034101049889
2077 0.512244518555945
2078 0.512376423242878
2079 0.512602966313734
2080 0.513000277580419
2081 0.513225515818219
2082 0.513401980242967
2083 0.513566147134109
2084 0.513621496684148
2085 0.513689909424632
2086 0.513753100147825
2087 0.513789507129507
2088 0.513925251437719
2089 0.514082978049197
2090 0.514262494546531
2091 0.514532077861239
2092 0.514762597233973
2093 0.515023304203501
2094 0.515181148833433
2095 0.515210330019387
2096 0.515426069764784
2097 0.515649312133893
2098 0.515904713092257
2099 0.516320970244574
2100 0.516761536436689
2101 0.517044470301175
2102 0.517271966927127
2103 0.517487393410338
2104 0.517659820118828
2105 0.517823799516687
2106 0.517945006056868
2107 0.518094347733017
2108 0.518165986365486
2109 0.518384507184507
2110 0.518742524872982
2111 0.518985535851264
2112 0.519263557445765
2113 0.51953069826527
2114 0.519692397909419
2115 0.519915116905079
2116 0.520275620037159
2117 0.520478982305955
2118 0.52067215885401
2119 0.520947137784661
2120 0.521172871698837
2121 0.521415580022647
2122 0.521562409888666
2123 0.52162750992159
2124 0.521753032158994
2125 0.521728104736162
2126 0.521964442558362
2127 0.522486283293224
2128 0.522786527652831
2129 0.523153673989748
2130 0.523403330016657
2131 0.523406617119623
2132 0.52353303312301
2133 0.523707416094742
2134 0.523869100628429
2135 0.524065797515544
2136 0.524214348672751
2137 0.524244094494251
2138 0.52423233613026
2139 0.52409134715995
2140 0.523751659143874
2141 0.5235287250602
2142 0.523214521051965
2143 0.523002918725745
2144 0.522984933361712
2145 0.522734242332557
2146 0.52229980532795
2147 0.522041314033383
2148 0.521775853484154
2149 0.521486225294196
2150 0.5214495699546
2151 0.521153238084441
2152 0.520650696212523
2153 0.520052466966873
2154 0.519537336820597
2155 0.519050134959444
2156 0.518494705758371
2157 0.51795866743107
2158 0.517438012845568
2159 0.516803797126383
2160 0.51631435258357
2161 0.516000228987675
2162 0.515536100652873
2163 0.515093931622356
2164 0.514529807134377
2165 0.513724633294799
2166 0.513183416673742
2167 0.512724499655359
2168 0.51223104837796
2169 0.511947010947491
2170 0.511520571368044
2171 0.510930948712793
2172 0.510412974294281
2173 0.509998337942021
2174 0.509386511382847
2175 0.508840070457147
2176 0.508315709067979
2177 0.507698227045283
2178 0.506980877950815
2179 0.506391626815441
2180 0.505860129281197
2181 0.505182900670997
2182 0.504534406813641
2183 0.503794314551962
2184 0.502862633879896
2185 0.502039901711744
2186 0.501217384650503
2187 0.50043973406678
2188 0.499722099174083
2189 0.498932425688226
2190 0.498143658262895
2191 0.497358431932565
2192 0.496424996932689
2193 0.495656638406833
2194 0.494974777048269
2195 0.494438704247567
2196 0.493708014915905
2197 0.493064057160279
2198 0.492322483860278
2199 0.491318808837791
2200 0.490711522837611
2201 0.490361712213731
2202 0.48980891875354
2203 0.489401101884183
2204 0.488847750695888
2205 0.487929085112561
2206 0.487446673834825
2207 0.487022838866214
2208 0.486920442720617
2209 0.487137999300136
2210 0.487497634806516
2211 0.488313358374822
2212 0.488876591957738
2213 0.489334218578837
2214 0.490009410697753
2215 0.490767814593067
2216 0.491490219254383
2217 0.492370182595138
2218 0.493368539923965
2219 0.49407702858319
2220 0.494478769450323
2221 0.494963241445654
2222 0.4952862064518
2223 0.495822444316594
2224 0.496438590471611
2225 0.496964597516082
2226 0.497658582960815
2227 0.498090785862049
2228 0.498338095278475
2229 0.4985359949306
2230 0.498640608589059
2231 0.498648415993059
2232 0.498426569710898
2233 0.498380635024601
2234 0.498241036755835
2235 0.498308961170088
2236 0.498674744803512
2237 0.498847691759753
2238 0.499141841796975
2239 0.499205659411634
2240 0.498934884643325
2241 0.498846699558488
2242 0.498605693583737
2243 0.498595775218166
2244 0.498680018496373
2245 0.499044649194409
2246 0.499656877557655
2247 0.500037682672789
2248 0.500395794024944
2249 0.500532371708389
2250 0.500522631642486
2251 0.500145772646852
2252 0.50011324115448
2253 0.500099418836603
2254 0.500114847449044
2255 0.500217526480001
2256 0.500363269234827
2257 0.50046554291342
2258 0.500728578200694
2259 0.501290423402102
2260 0.501537590625448
2261 0.501724947532253
2262 0.501866930908737
2263 0.501771352830032
2264 0.50185549271593
2265 0.502069384016646
2266 0.502142293093041
2267 0.502105409629384
2268 0.502201175452624
2269 0.502328505886972
2270 0.5024290481283
2271 0.502703152963812
2272 0.502792870801546
2273 0.50251595009504
2274 0.502577775723069
2275 0.50300507049375
2276 0.503138572723385
2277 0.50314844411526
2278 0.503442513055208
2279 0.503476220824463
2280 0.502936967358005
2281 0.502879015243902
2282 0.502927009658446
2283 0.502845966155053
2284 0.50285700097156
2285 0.502813850311707
2286 0.502745797727947
2287 0.50263570040888
2288 0.502460941800285
2289 0.502397988769805
2290 0.502385530351845
2291 0.50231508684345
2292 0.502302808904769
2293 0.502286541933337
2294 0.502198827516381
2295 0.502107745789638
2296 0.502178391435808
2297 0.501953495610875
2298 0.501523666814205
2299 0.501145331761996
2300 0.500526522747175
2301 0.500124621621977
2302 0.499663328660529
2303 0.499482678669437
2304 0.49980644918494
2305 0.499702230362347
2306 0.499447007815604
2307 0.499407750578969
2308 0.499028140645332
2309 0.49901691874865
2310 0.499831359950383
2311 0.499959979074253
2312 0.499876781040462
2313 0.499659568163982
2314 0.498739485068205
2315 0.498268301805134
2316 0.498135569545125
2317 0.497750328465877
2318 0.497249002331477
2319 0.49694389048652
2320 0.496261515174149
2321 0.496296458958667
2322 0.496838400370193
2323 0.497229334330359
2324 0.497550399115241
2325 0.497356776930525
2326 0.497033898465892
2327 0.497232090369817
2328 0.49716057003049
2329 0.497341557623157
2330 0.497545441255762
2331 0.497187756603208
2332 0.497423384190739
2333 0.49774477599612
2334 0.497755032362456
2335 0.497655098905862
2336 0.49700811240824
2337 0.495678583200222
2338 0.495084279418652
2339 0.494321202631007
2340 0.493914034525695
2341 0.494314584637351
2342 0.493701103664713
2343 0.492287287788281
2344 0.492061332169575
2345 0.492141998408681
2346 0.491917008867932
2347 0.492437531819009
2348 0.492223159825125
2349 0.49114896911449
2350 0.490695087142692
2351 0.490316482027212
2352 0.49024014856749
2353 0.49036245137649
2354 0.490487533688947
2355 0.491178431515422
2356 0.491360050036404
2357 0.491174956024181
2358 0.490990873843373
2359 0.490401790628751
2360 0.490442149714291
2361 0.491064376037977
2362 0.491030738954603
2363 0.491169666402965
2364 0.49081422090381
2365 0.489517266677065
2366 0.48895183594752
2367 0.48859705890032
2368 0.488143881516456
2369 0.487766608922081
2370 0.487394350237561
2371 0.487143300488339
2372 0.486848581916045
2373 0.486542527487714
2374 0.486407790077526
2375 0.486436479176929
2376 0.486089904227315
2377 0.485610312941947
2378 0.485117025767264
2379 0.484012690119189
2380 0.483681579618386
2381 0.484017403132603
2382 0.484231104936364
2383 0.48484024721864
2384 0.485026992165991
2385 0.485165638321403
2386 0.484988973371844
2387 0.48416483301293
2388 0.484076061654142
2389 0.48429101721846
2390 0.484070367773881
2391 0.484139984947949
2392 0.483929738285339
2393 0.483245293003964
2394 0.4825677528038
2395 0.481601071542524
2396 0.48146635000454
2397 0.481992745510161
2398 0.481408333855622
2399 0.480523795776184
2400 0.480262988349981
2401 0.479287525052472
2402 0.478930063294933
2403 0.480083304874395
2404 0.480134685634281
2405 0.479223194956631
2406 0.478782146338696
2407 0.478394813174439
2408 0.478245396116777
2409 0.478510690967128
2410 0.478333389393578
2411 0.478259431352719
2412 0.477698136642281
2413 0.475896770041882
2414 0.47562933451519
2415 0.476389693423076
2416 0.476269397491886
2417 0.476823302342446
2418 0.476444133488872
2419 0.474964987672168
2420 0.473563353185693
2421 0.471730552461479
2422 0.470513533879224
2423 0.468981898929998
2424 0.468164180833259
2425 0.468554995805071
2426 0.467665186596673
2427 0.46622075899618
2428 0.465519668471881
2429 0.464628125564242
2430 0.464230564103036
2431 0.464482231402372
2432 0.464133291271861
2433 0.463245637000861
2434 0.463304998303858
2435 0.464159837265865
2436 0.464418946108288
2437 0.465236977971922
2438 0.464516065064733
2439 0.46252814126979
2440 0.461388647420921
2441 0.45950987379537
2442 0.460658846300474
2443 0.461332457565056
2444 0.461675320196269
2445 0.460682422160545
2446 0.459690459558288
2447 0.45914154254522
2448 0.458937023765729
2449 0.458596286672107
2450 0.457962061558247
2451 0.456432076527508
2452 0.454084519783638
2453 0.453450786991562
2454 0.452840820806152
2455 0.451307128697121
2456 0.450775566235902
2457 0.450548929431494
2458 0.449348223450962
2459 0.449599100162627
2460 0.451270547549726
2461 0.45139696334923
2462 0.452289774767466
2463 0.451971039704866
2464 0.449150298373391
2465 0.448295873216701
2466 0.447851743710622
2467 0.447165439467685
2468 0.448115775110748
2469 0.447156459097344
2470 0.443501384069134
2471 0.442102722353079
2472 0.441122806443653
2473 0.441430720452012
2474 0.443969470513373
2475 0.444980606383
2476 0.445971103073966
2477 0.446252680776734
2478 0.446182123162497
2479 0.445524538796097
2480 0.443645154614016
2481 0.442837960410082
2482 0.442665313895101
2483 0.441978152919527
2484 0.441043213315718
2485 0.44069233449454
2486 0.43992670120442
2487 0.438556043777201
2488 0.438188898032662
2489 0.437710923926533
2490 0.435618671213002
2491 0.440449996952052
2492 0.438606897985438
2493 0.435898958081169
2494 0.437722323697579
2495 0.434624332121247
2496 0.435812421065399
2497 0.439057910466552
2498 0.436426203004769
2499 0.439257232934723
2500 0.441499937490448
