"Wavelength" "M097a_m3-w1"
350 0.072802941284267
351 0.0687077930378144
352 0.0659171707774123
353 0.0651348170114832
354 0.063303318975795
355 0.0627091802104835
356 0.0673138562089092
357 0.072427362124807
358 0.0680116735566614
359 0.0686068631050334
360 0.0712311437670248
361 0.0722224240819729
362 0.0713546946192428
363 0.0704226981087174
364 0.0694911451193082
365 0.0682955794876916
366 0.0673289267420284
367 0.0654623151472432
368 0.0653752928797285
369 0.070514307903381
370 0.0728719512276109
371 0.0716110413260242
372 0.0686515145663948
373 0.0681383423320884
374 0.0699644139986236
375 0.0716077696951243
376 0.0709362841585773
377 0.0679797318210334
378 0.0662953008355156
379 0.067188315662157
380 0.0701284296080649
381 0.0715101151496688
382 0.0704963274265378
383 0.0691450778971079
384 0.0713609142396863
385 0.0696741497524833
386 0.0685961468485876
387 0.0708236058407637
388 0.0711947805366755
389 0.0705473443172614
390 0.070284908612292
391 0.0713062469237917
392 0.0708850879071264
393 0.0700803236117995
394 0.0694897661649533
395 0.0692350723996168
396 0.0710301189547621
397 0.072017021027799
398 0.0711718119027012
399 0.0719294619760102
400 0.072712150026352
401 0.0722550815385268
402 0.070405813209959
403 0.0712663068691996
404 0.0724621175580462
405 0.0726498516168285
406 0.0717418096357119
407 0.0728743562663546
408 0.0731290297762101
409 0.0717230210528261
410 0.0734753815497039
411 0.0743318544095806
412 0.0740342130888759
413 0.0735535268327729
414 0.0736842928542116
415 0.073882793751973
416 0.0740852700841623
417 0.074607946080966
418 0.0744169849291626
419 0.0742816858213526
420 0.0747069318412869
421 0.0750209918131938
422 0.0759362874981008
423 0.0768377459897339
424 0.0768496386062556
425 0.0762765570620667
426 0.0762405836437381
427 0.076638450341019
428 0.0762328293283667
429 0.0769019493794246
430 0.0776149457722806
431 0.0776246645270093
432 0.0784014343442559
433 0.0784937061566536
434 0.0781507426775371
435 0.0782683736233975
436 0.0784192598603747
437 0.0786477251007223
438 0.0789584197767335
439 0.0792698778584649
440 0.079659513857759
441 0.0799827815310022
442 0.080098262933444
443 0.0799746006490602
444 0.0802257758690329
445 0.0807192481401561
446 0.0808988248554106
447 0.0809303179075961
448 0.0812705071311028
449 0.0819145063634425
450 0.0820490348007284
451 0.0820531896365314
452 0.0820060623106433
453 0.0819951787482849
454 0.0825273945776518
455 0.082828111611825
456 0.0829033195226081
457 0.0834081094891481
458 0.0835792651780625
459 0.083545796574735
460 0.0835624729568692
461 0.0838100157471843
462 0.0840565093286084
463 0.084304476594672
464 0.0846293709450949
465 0.0848985200688584
466 0.0851152590613908
467 0.085230080079495
468 0.0851138497794972
469 0.085160559850894
470 0.0853126379979227
471 0.0854322359385706
472 0.0855165902525721
473 0.0857536609818812
474 0.0861747218535114
475 0.086653060960661
476 0.0865821583007831
477 0.08645736488513
478 0.0866095009650799
479 0.0867545520996999
480 0.0870010553661258
481 0.0874012487948515
482 0.0878749442033748
483 0.087689416636222
484 0.0878234111091409
485 0.0883818346415491
486 0.0884452553375465
487 0.088662766632122
488 0.0889298986945645
489 0.0890854139279977
490 0.0893128041463958
491 0.0894090810469411
492 0.08953471777972
493 0.0899983898353268
494 0.0902025423245128
495 0.0904263610977861
496 0.0907965364887975
497 0.0909400918380064
498 0.0911994796296642
499 0.091499345417266
500 0.0916661119280533
501 0.0918015820733695
502 0.0919967306767507
503 0.0922758579615458
504 0.0925931959546003
505 0.0928673629560305
506 0.093169576423577
507 0.093553686650595
508 0.0939413410275975
509 0.0940573024563592
510 0.0940664680102476
511 0.0943746457469489
512 0.0946607480742702
513 0.0950422594364776
514 0.0955186908754698
515 0.0957398602582945
516 0.0958869082497487
517 0.0961054410971422
518 0.0964636988732544
519 0.0965906958656495
520 0.0968071830498037
521 0.0972023172109998
522 0.0975315310624809
523 0.0977606367385848
524 0.0979639760345985
525 0.0982313118900328
526 0.0985864197553797
527 0.0989028702325714
528 0.0991727113198899
529 0.0994774963231518
530 0.0997648223308173
531 0.100094377253885
532 0.10048304937843
533 0.10081847298199
534 0.1010623647095
535 0.101270500375252
536 0.101538998048211
537 0.101859029848974
538 0.102238101483798
539 0.102635483088553
540 0.102933128516131
541 0.103287529978092
542 0.103648016263164
543 0.103937746983133
544 0.104272656677383
545 0.10458715101426
546 0.104884298138721
547 0.105240311704701
548 0.105611271316888
549 0.105973721777753
550 0.106329469631739
551 0.106749175632403
552 0.107161516378227
553 0.107521953074765
554 0.107820515992076
555 0.108214735068885
556 0.108637938964954
557 0.109025821067569
558 0.109383479539808
559 0.109775431417143
560 0.110180522897509
561 0.11054051569856
562 0.110819232180965
563 0.111102652480829
564 0.111407699577797
565 0.111644042868029
566 0.111853455820146
567 0.112077162739704
568 0.112358131212677
569 0.112743970351653
570 0.113148914431165
571 0.11353426116687
572 0.113912065519455
573 0.11431977021721
574 0.114729044484418
575 0.115110802728933
576 0.11548496665475
577 0.115733301330092
578 0.115926687637425
579 0.116234434995393
580 0.116573089931892
581 0.116860403115745
582 0.117079312966897
583 0.117335155283457
584 0.11756046530856
585 0.117744606347187
586 0.117928689311912
587 0.118320927505587
588 0.118736407314963
589 0.119069280922323
590 0.119340891176529
591 0.119635294181755
592 0.11993550418491
593 0.120208533530609
594 0.120470794233618
595 0.120790916519407
596 0.121143920097164
597 0.121432505634562
598 0.121721752610004
599 0.122038457750245
600 0.122360434460428
601 0.122546249652686
602 0.12275972484811
603 0.12303150843576
604 0.123318669950335
605 0.123577187745024
606 0.123842791427438
607 0.124112427249195
608 0.124291366728087
609 0.124547389849604
610 0.124864147372495
611 0.12516537189002
612 0.125430631226449
613 0.125703153380877
614 0.126003475752299
615 0.126322091036527
616 0.126652227676915
617 0.126947741970472
618 0.127184690554213
619 0.127436004092909
620 0.127728257449328
621 0.128030598268342
622 0.128278906760594
623 0.12857725969905
624 0.12889725799182
625 0.129202802602109
626 0.129492422555804
627 0.129770168081472
628 0.130051513411218
629 0.130355126836333
630 0.130681152479727
631 0.131013477021089
632 0.131333341148204
633 0.131618281127883
634 0.131923227582269
635 0.132235306638584
636 0.132528529893744
637 0.132821443054457
638 0.13312962567297
639 0.13344201262605
640 0.133722698082391
641 0.133985835791887
642 0.134281304327666
643 0.134631508870257
644 0.134961239857747
645 0.13528610241324
646 0.135621803341284
647 0.135978516969726
648 0.136292740006462
649 0.136616416193492
650 0.136974467522739
651 0.137307065426883
652 0.137660394617046
653 0.137992748820965
654 0.138252055959757
655 0.138521017414041
656 0.138826812348739
657 0.139178937481839
658 0.13957130516966
659 0.139919847294078
660 0.140280069874969
661 0.140691917482064
662 0.140998625226399
663 0.141303999831319
664 0.141643245139662
665 0.141993251316998
666 0.142325638148717
667 0.142672295405643
668 0.143053657901792
669 0.143448977953738
670 0.143779678040644
671 0.144100856236872
672 0.144500830978555
673 0.144820178520837
674 0.145164608862812
675 0.145563312909017
676 0.145907323177584
677 0.146279853510265
678 0.146656648998469
679 0.147002826208906
680 0.147363361321846
681 0.147744524753584
682 0.148125967204401
683 0.148472704969365
684 0.148879287744266
685 0.149263613711407
686 0.149584652806118
687 0.14998064939288
688 0.150365425162518
689 0.150729464658689
690 0.151098906866191
691 0.151492298519525
692 0.151890512239726
693 0.152269898403877
694 0.152604268070125
695 0.153033910803865
696 0.153472447266892
697 0.153818289454718
698 0.15419719490942
699 0.154573384976544
700 0.154961760406331
701 0.155413310387697
702 0.155833582710732
703 0.156216318930962
704 0.156583784292126
705 0.156984016523158
706 0.157391290851339
707 0.157819211926176
708 0.158280970126931
709 0.158679995184668
710 0.159093507668775
711 0.159532290276385
712 0.159901429081764
713 0.160346764084583
714 0.160823116623896
715 0.161263059270432
716 0.16171455790651
717 0.162158052457015
718 0.162582037645754
719 0.162985737189324
720 0.163422893687409
721 0.163870275304348
722 0.164317104854747
723 0.164806801042127
724 0.165259886133293
725 0.165675816605179
726 0.166080152916079
727 0.166456960625059
728 0.166871326970914
729 0.167338632831541
730 0.167816735458511
731 0.16822758963657
732 0.168661454969805
733 0.169169907518641
734 0.169598950734678
735 0.169998258126033
736 0.17041083851523
737 0.170869029089346
738 0.171335750256963
739 0.171772679485697
740 0.172190393321486
741 0.172666132360952
742 0.173144322155071
743 0.173601713122676
744 0.174037498244496
745 0.174500502534346
746 0.174955634522965
747 0.175396444769156
748 0.175839602249064
749 0.176329003015891
750 0.176779310322622
751 0.177167332558006
752 0.177606448358744
753 0.178084881519713
754 0.178564253298548
755 0.179004027227442
756 0.179402503374867
757 0.179868795994961
758 0.180360952429138
759 0.180733810129625
760 0.181266827448852
761 0.181785272256908
762 0.182183325532834
763 0.182652075391317
764 0.183079940904921
765 0.183512590702985
766 0.184011085939117
767 0.184433094215522
768 0.1848439218592
769 0.185293827423672
770 0.185802720638229
771 0.186273903696937
772 0.18677559163517
773 0.187325462683983
774 0.187763250852467
775 0.188130563863696
776 0.188504393591033
777 0.188958346287232
778 0.18943098855514
779 0.18993720284066
780 0.19046642721458
781 0.190979774545925
782 0.191408187340962
783 0.191859051915614
784 0.19238590822228
785 0.192855230561003
786 0.193288714837137
787 0.193724320172693
788 0.194193098117278
789 0.19464501716934
790 0.195059694353546
791 0.195474538506989
792 0.195964515134702
793 0.196393758228692
794 0.196812409783049
795 0.197285908475539
796 0.197853126799626
797 0.198376686550955
798 0.198839651175977
799 0.199275038666956
800 0.199719865690633
801 0.200151792672994
802 0.200576597020723
803 0.201023196143393
804 0.201509263966532
805 0.201997028019924
806 0.202450299917576
807 0.20284753542815
808 0.203279864164652
809 0.203751950604713
810 0.204242569169286
811 0.204753004887466
812 0.205225020703585
813 0.205665361743952
814 0.206120636513689
815 0.206614527917476
816 0.207115023499771
817 0.20759900186349
818 0.208059739543883
819 0.208462801741617
820 0.208857882391779
821 0.20928768724165
822 0.209726035411005
823 0.210208404988216
824 0.210708109666958
825 0.211183358369958
826 0.211648905948633
827 0.212104418811433
828 0.212564014348964
829 0.213045248188926
830 0.213471655884779
831 0.21390981417109
832 0.214378375269649
833 0.214790265839102
834 0.215219413500673
835 0.215633581521987
836 0.216007379304458
837 0.216412434436139
838 0.216891013541993
839 0.217413265276249
840 0.217908255105743
841 0.218313464776039
842 0.218744625409658
843 0.219226505396027
844 0.219691173059334
845 0.220154474585758
846 0.220597832830037
847 0.221018584559871
848 0.221445104282889
849 0.22186191489185
850 0.222282189331357
851 0.222718973132668
852 0.223161804202131
853 0.223618666842879
854 0.224100805037554
855 0.224612610970588
856 0.225125172185295
857 0.22559425216243
858 0.226029675371927
859 0.226477479395607
860 0.226855338340467
861 0.227249960387444
862 0.227716295119678
863 0.228230060181965
864 0.22862344375801
865 0.228966905462623
866 0.229354700052438
867 0.229786050179316
868 0.230289197124282
869 0.230770779570338
870 0.231163575142069
871 0.23169080903965
872 0.232168628049723
873 0.232606163563155
874 0.233106361314237
875 0.233553291569008
876 0.233932093146879
877 0.23427827403955
878 0.23466249750794
879 0.235077006693226
880 0.235520550766124
881 0.23596158538277
882 0.236330887061664
883 0.236835022910635
884 0.237324235603312
885 0.237706168065146
886 0.238233242089398
887 0.238698646432779
888 0.239113206820954
889 0.239542270439022
890 0.239977959471018
891 0.240351781469382
892 0.240742134100169
893 0.241246889583084
894 0.241652097707432
895 0.242109997378333
896 0.242579003516414
897 0.24290988410975
898 0.243426254594723
899 0.243945502096439
900 0.244385481991383
901 0.244829943119622
902 0.245242442152114
903 0.245700959016983
904 0.246189756796784
905 0.246538454486388
906 0.246945902881189
907 0.247381809615587
908 0.247813659669205
909 0.248320480626186
910 0.24872510351482
911 0.249059830401544
912 0.249418129606511
913 0.249870473917037
914 0.25030938537077
915 0.250756531340647
916 0.2512511359935
917 0.251689643158405
918 0.252208502593891
919 0.252714440930071
920 0.253063689310708
921 0.253471022891758
922 0.25390403185836
923 0.25435009478118
924 0.254810927998398
925 0.255275972924938
926 0.255670879175385
927 0.255991466520636
928 0.256317012630606
929 0.256863165625769
930 0.257326024075833
931 0.257666133731804
932 0.258134253114109
933 0.258473426001556
934 0.258909843394282
935 0.259484395281745
936 0.259951639242924
937 0.26034793197783
938 0.260704721199589
939 0.26110070131473
940 0.261653582613054
941 0.262155766472456
942 0.262615224810644
943 0.263047230629229
944 0.263410403373421
945 0.263812183363909
946 0.264210060234254
947 0.264570912571387
948 0.264941256962537
949 0.265326005608208
950 0.265795594226159
951 0.266343072805485
952 0.26679325644009
953 0.267193589872889
954 0.267549034296461
955 0.267888028270695
956 0.268298918419563
957 0.268635297666854
958 0.268935164476926
959 0.269309804628392
960 0.269906992951443
961 0.270428053428046
962 0.270875575553483
963 0.271298440291146
964 0.271630039968296
965 0.271977668340788
966 0.272454526610079
967 0.27304416794652
968 0.273457216838742
969 0.273742934377047
970 0.274012654749556
971 0.274381347248981
972 0.274907971683157
973 0.275381809135925
974 0.27581029265202
975 0.276239606684669
976 0.276651168102009
977 0.277007368839482
978 0.27732635516197
979 0.277637494790412
980 0.277954091085479
981 0.27832227357574
982 0.278781847162511
983 0.279328798867357
984 0.27989192934551
985 0.280402983352285
986 0.280759163784788
987 0.280992320220382
988 0.281338629755535
989 0.28181619644652
990 0.282352911336698
991 0.282800944617041
992 0.282989142755636
993 0.283335685334834
994 0.283593468649622
995 0.283774708579565
996 0.284289471884587
997 0.28471710480665
998 0.285219536403044
999 0.285802889073327
1000 0.286249885658731
1001 0.279913515432809
1002 0.28030922434926
1003 0.28072595400754
1004 0.281115815389085
1005 0.281534479742502
1006 0.281904017355098
1007 0.282221794827476
1008 0.282554634256582
1009 0.282950957778947
1010 0.283250727577347
1011 0.283558105236214
1012 0.2839531603223
1013 0.284342153251009
1014 0.284762116133072
1015 0.285127205155235
1016 0.285404646311265
1017 0.285769068884055
1018 0.28612564596961
1019 0.286478349241571
1020 0.286885258375441
1021 0.287305301365076
1022 0.287648875631115
1023 0.287910174047517
1024 0.288161422696591
1025 0.288529274709573
1026 0.288883129849816
1027 0.289173546275873
1028 0.289579429154339
1029 0.289943270804736
1030 0.290260120190887
1031 0.290665567397743
1032 0.291025096578617
1033 0.291323711330533
1034 0.291699677790589
1035 0.292102168310358
1036 0.292511855268123
1037 0.292960108631419
1038 0.293393377577905
1039 0.293782838725772
1040 0.294142497040117
1041 0.294477603341283
1042 0.294821962567519
1043 0.295223169909836
1044 0.295651458809556
1045 0.296029868767437
1046 0.296427864034752
1047 0.296792982471329
1048 0.29711921911763
1049 0.297403627283876
1050 0.297761166832839
1051 0.298066687054293
1052 0.29835500845884
1053 0.298650084034629
1054 0.298919346228864
1055 0.29927404826796
1056 0.2996553553048
1057 0.300010901060371
1058 0.300370085457801
1059 0.300683240883422
1060 0.300996662741961
1061 0.301312047393007
1062 0.301605998936173
1063 0.301868519353604
1064 0.302180182253359
1065 0.302491010455712
1066 0.302757860859284
1067 0.303072186087724
1068 0.303368322631626
1069 0.303633166175366
1070 0.303931773631634
1071 0.304217572597848
1072 0.304428926926226
1073 0.304628355972144
1074 0.304836919427986
1075 0.305012546221551
1076 0.305261150924827
1077 0.305562556858377
1078 0.305881049404876
1079 0.306177533835904
1080 0.306492455575239
1081 0.306731070083679
1082 0.306955685115416
1083 0.307205959603123
1084 0.307436690809148
1085 0.307695441406056
1086 0.307973334847717
1087 0.308193456987276
1088 0.308405855313508
1089 0.308649529184125
1090 0.308888512029704
1091 0.309148552649303
1092 0.309462521528785
1093 0.309742331007626
1094 0.310019081745952
1095 0.310274142513021
1096 0.310530047717057
1097 0.310743307721562
1098 0.311012815005971
1099 0.311292318819972
1100 0.311552921392963
1101 0.31186916570374
1102 0.312143635470363
1103 0.312409612003369
1104 0.312707182856175
1105 0.313015257852141
1106 0.313296970425523
1107 0.313570579983754
1108 0.31385188523262
1109 0.314125295482202
1110 0.314371556515246
1111 0.314660315162234
1112 0.314971644108607
1113 0.315282819817821
1114 0.315615200669201
1115 0.315945928682596
1116 0.316271902038483
1117 0.31660011143744
1118 0.316940014698499
1119 0.317271395835521
1120 0.317573794511094
1121 0.31788084531442
1122 0.31817560982098
1123 0.318468201503274
1124 0.31875248574932
1125 0.319049177978184
1126 0.319355888948734
1127 0.319643687854169
1128 0.319897250622356
1129 0.320188927950172
1130 0.320496709132487
1131 0.32081842578279
1132 0.321182670013779
1133 0.321534990166456
1134 0.321886727351275
1135 0.322205715697756
1136 0.322515670362843
1137 0.322812501148557
1138 0.323132407967105
1139 0.323452097906147
1140 0.323756876838259
1141 0.324078056245383
1142 0.324368787210207
1143 0.324628424137082
1144 0.324882923843887
1145 0.325180073635306
1146 0.325478739321021
1147 0.325741749052757
1148 0.326031985556968
1149 0.326294388618822
1150 0.326543703596986
1151 0.326852074873906
1152 0.327167132626457
1153 0.327448823948492
1154 0.327707506003463
1155 0.327985885869917
1156 0.328252473462777
1157 0.328524454480058
1158 0.328827331869074
1159 0.329106055089989
1160 0.329368720659491
1161 0.329610889927247
1162 0.329908924958282
1163 0.330217134669644
1164 0.330499692270982
1165 0.330816415910871
1166 0.33109869402165
1167 0.33135575475407
1168 0.331653162747209
1169 0.331965687082782
1170 0.332253073586775
1171 0.332528116800729
1172 0.332801684086473
1173 0.333068892870649
1174 0.333327415378586
1175 0.333577978249979
1176 0.333832223343062
1177 0.334075639912601
1178 0.334324468823879
1179 0.334562931316376
1180 0.334831821282886
1181 0.335128719375883
1182 0.33539031174892
1183 0.33564541333357
1184 0.335914026905536
1185 0.336167836114329
1186 0.336423792061052
1187 0.336677056960423
1188 0.336944210926953
1189 0.337197152685194
1190 0.33744566842148
1191 0.337671370430574
1192 0.337896235371968
1193 0.338099734274266
1194 0.338249486690701
1195 0.338439884865967
1196 0.338634598942949
1197 0.33883925450199
1198 0.339072533433696
1199 0.339301084115346
1200 0.339503601415975
1201 0.339721455023078
1202 0.339908465239984
1203 0.34009643065415
1204 0.340293239276847
1205 0.340496127896468
1206 0.340689066330983
1207 0.340890736798867
1208 0.341072236548638
1209 0.341219097142094
1210 0.341406229623343
1211 0.341626136776441
1212 0.341806214794183
1213 0.34197768531486
1214 0.342164339685668
1215 0.342320216418991
1216 0.342495364971195
1217 0.342705205910155
1218 0.342912691252106
1219 0.343099090640628
1220 0.343284124518993
1221 0.34346845867905
1222 0.343644836155646
1223 0.343839484314734
1224 0.34404060491849
1225 0.344242120448981
1226 0.344471567561017
1227 0.344659408682303
1228 0.344810062679176
1229 0.344994723404227
1230 0.345170824900918
1231 0.345363812003543
1232 0.345582726753749
1233 0.345802505378682
1234 0.346041800881533
1235 0.346255415483627
1236 0.34647875539828
1237 0.346674403582711
1238 0.34684715337756
1239 0.34702021368254
1240 0.347191996105088
1241 0.34736370164685
1242 0.347535605677735
1243 0.347692835891354
1244 0.347869897729777
1245 0.348046442231297
1246 0.348249883812791
1247 0.348475618735161
1248 0.348705317253257
1249 0.348983949576465
1250 0.349204787542632
1251 0.349390619761056
1252 0.349592320067267
1253 0.349776078123541
1254 0.349959815987404
1255 0.350159728001727
1256 0.3503519991943
1257 0.350538932445568
1258 0.350690885445901
1259 0.350881368447983
1260 0.351091336790126
1261 0.351280774812526
1262 0.351468986112613
1263 0.351672007428478
1264 0.351868507914878
1265 0.352075639406676
1266 0.352303876004237
1267 0.352523947939828
1268 0.352742175113861
1269 0.352956600627362
1270 0.353171545128143
1271 0.353390013407072
1272 0.353604472939838
1273 0.353818289058257
1274 0.354050643424931
1275 0.35425766421473
1276 0.354450720716672
1277 0.354632410303877
1278 0.354778928355848
1279 0.354953802707881
1280 0.355110219087746
1281 0.355259878973327
1282 0.355403574278853
1283 0.355550085449618
1284 0.355668680376677
1285 0.355768770568993
1286 0.355867430907997
1287 0.35594571856169
1288 0.356030206161405
1289 0.356126196427569
1290 0.356192600481588
1291 0.356225416789568
1292 0.356287624724437
1293 0.356339270385903
1294 0.356406785884794
1295 0.35650908839238
1296 0.356594561595381
1297 0.356685244486333
1298 0.356757282372573
1299 0.35682094567371
1300 0.356876147939893
1301 0.356912052523185
1302 0.356916620065692
1303 0.356954943759099
1304 0.356991307031339
1305 0.357037757600174
1306 0.357112028727662
1307 0.357156913981181
1308 0.357186854891608
1309 0.357224486345744
1310 0.357213920238477
1311 0.357297424519893
1312 0.357434969920328
1313 0.357563079986946
1314 0.357767815423267
1315 0.357916434991276
1316 0.358015418237499
1317 0.358144594829242
1318 0.358297306460589
1319 0.358416205435279
1320 0.358506026353647
1321 0.358626515642787
1322 0.358737835774294
1323 0.358850917015995
1324 0.358990705724343
1325 0.359181673635517
1326 0.359319482042859
1327 0.359428971007465
1328 0.359577192354031
1329 0.359712131093077
1330 0.359892388848342
1331 0.360107047934052
1332 0.360332437638412
1333 0.360594365009612
1334 0.360831945631042
1335 0.361081869701219
1336 0.36131813741444
1337 0.361549506288797
1338 0.361761595950936
1339 0.361971953164355
1340 0.362161474529921
1341 0.362320791611288
1342 0.362480521890287
1343 0.362616471955257
1344 0.362772668165318
1345 0.362927852301525
1346 0.363093759778002
1347 0.363258329768213
1348 0.363456503215824
1349 0.363671390064831
1350 0.363916193429254
1351 0.364124176162826
1352 0.364362652310754
1353 0.364536810149418
1354 0.364666737618694
1355 0.364789252635488
1356 0.364871909822703
1357 0.364978601763991
1358 0.365050101155701
1359 0.36518419097169
1360 0.365358786638821
1361 0.365530284892704
1362 0.365734351363136
1363 0.365929289187786
1364 0.366118891159997
1365 0.3663188990751
1366 0.366536733881018
1367 0.366743926057863
1368 0.366956157189488
1369 0.367154072227332
1370 0.367366437884669
1371 0.367531558075058
1372 0.367674407129422
1373 0.367802196277207
1374 0.367862914612582
1375 0.367861756214651
1376 0.367829626681447
1377 0.367741990956577
1378 0.367639284919913
1379 0.367472661939028
1380 0.36736570904595
1381 0.367245014878415
1382 0.367158541948372
1383 0.367106338620943
1384 0.367063771477604
1385 0.367062194666834
1386 0.367002454589783
1387 0.366957054209702
1388 0.366864559779088
1389 0.366739881246326
1390 0.366563218037447
1391 0.366349161860288
1392 0.366111285220218
1393 0.365794217584822
1394 0.36550331519661
1395 0.365229041745597
1396 0.364918609674215
1397 0.364590527024994
1398 0.364251483043388
1399 0.363882956424834
1400 0.363511940747301
1401 0.363130823955367
1402 0.362750662671624
1403 0.362357569342693
1404 0.3619584907868
1405 0.361582447390264
1406 0.361224454847856
1407 0.360834978384087
1408 0.360420626096597
1409 0.360079932415146
1410 0.359711234418142
1411 0.359460983588534
1412 0.35927743679573
1413 0.359180937937096
1414 0.35913127734426
1415 0.359203756389625
1416 0.359391022548711
1417 0.359630241809362
1418 0.359987661464622
1419 0.360345971610055
1420 0.360766767438097
1421 0.361194639648164
1422 0.361669232534874
1423 0.362121738365501
1424 0.362620697209129
1425 0.363056181957913
1426 0.363439180461939
1427 0.363833634530026
1428 0.364205942760926
1429 0.364568655951793
1430 0.364939867656526
1431 0.365295314880419
1432 0.365631903802512
1433 0.365947160653162
1434 0.366261646112094
1435 0.36659445773658
1436 0.366916717492809
1437 0.367236904594093
1438 0.367549216698852
1439 0.367855887719026
1440 0.368165999362378
1441 0.368476505086256
1442 0.368777040087288
1443 0.369103172604567
1444 0.369356658356242
1445 0.369566866140671
1446 0.369777031601565
1447 0.369932591458111
1448 0.370124369707488
1449 0.370334143128658
1450 0.370529810801019
1451 0.37072091753601
1452 0.370915243439293
1453 0.371102670614776
1454 0.371297462704135
1455 0.371501652053761
1456 0.371700341712717
1457 0.371910262209624
1458 0.372100035651113
1459 0.372277390186856
1460 0.372452284250966
1461 0.372613536101703
1462 0.372771308733862
1463 0.372910246992473
1464 0.373075850779357
1465 0.373265639293004
1466 0.373432975290201
1467 0.373585357737566
1468 0.37376732053361
1469 0.373962173161192
1470 0.374132714477419
1471 0.374331110589595
1472 0.374538371506985
1473 0.374753979241802
1474 0.374981213707367
1475 0.375203544062124
1476 0.375462482234433
1477 0.375688360659281
1478 0.375893648101094
1479 0.376080537484287
1480 0.376263842588179
1481 0.376428439847031
1482 0.376540178633795
1483 0.376712398106068
1484 0.376903303969359
1485 0.377100531230383
1486 0.377328301971822
1487 0.377541416210923
1488 0.377747486138929
1489 0.377967757865295
1490 0.378215211104388
1491 0.378420312642146
1492 0.378629142214954
1493 0.378801853061774
1494 0.378914330337679
1495 0.379060087019041
1496 0.379173029713359
1497 0.379346014886682
1498 0.379590659898249
1499 0.379775727388859
1500 0.379994159777452
1501 0.380151463538696
1502 0.380218860122976
1503 0.380325532498185
1504 0.38039719644551
1505 0.380525311111879
1506 0.380692615839687
1507 0.380863832346099
1508 0.38107459540042
1509 0.381278753590018
1510 0.381505159085652
1511 0.38170223761736
1512 0.381904407462272
1513 0.382074752602515
1514 0.382202939498864
1515 0.382327743880501
1516 0.382436358481116
1517 0.38252718120798
1518 0.382633994306874
1519 0.382748489148826
1520 0.382869130715005
1521 0.382996474247368
1522 0.38311699642092
1523 0.383227627288186
1524 0.383365701146483
1525 0.383511602586856
1526 0.383663218769853
1527 0.38384059773558
1528 0.383987119100516
1529 0.38414396824232
1530 0.38424570059037
1531 0.384305546598257
1532 0.384384635586032
1533 0.384397051048729
1534 0.384525617446868
1535 0.384738441362162
1536 0.384887211153502
1537 0.385068362056999
1538 0.385221640135983
1539 0.385316662579021
1540 0.385458075273357
1541 0.385634511105489
1542 0.38579404273266
1543 0.385964230424687
1544 0.386100970463308
1545 0.386230988083762
1546 0.386341245241747
1547 0.386398367342548
1548 0.386502048926111
1549 0.386609709601144
1550 0.386738230875282
1551 0.386896731608978
1552 0.38705123470019
1553 0.387240997737969
1554 0.387379252515072
1555 0.387510371871688
1556 0.387608663456648
1557 0.387655490810328
1558 0.387709515474796
1559 0.387714316028033
1560 0.387786515125789
1561 0.387881622668679
1562 0.387988576642843
1563 0.388165182779897
1564 0.388296245529507
1565 0.388394459375981
1566 0.388518033659408
1567 0.388647892694361
1568 0.388769604505434
1569 0.388892473300668
1570 0.389026899394509
1571 0.389157977889602
1572 0.389293219450791
1573 0.389459960163184
1574 0.389600158398106
1575 0.389725067527581
1576 0.3898416825015
1577 0.389940700277927
1578 0.390041485514268
1579 0.390122333970553
1580 0.390225033142351
1581 0.390314447763836
1582 0.390447872732697
1583 0.39063500370687
1584 0.390802141615776
1585 0.391010539413465
1586 0.391180464163316
1587 0.391318093394033
1588 0.391448640020063
1589 0.391566912487456
1590 0.391666486011642
1591 0.391735781066174
1592 0.39181517178594
1593 0.391899779002285
1594 0.39195842163786
1595 0.392000874200218
1596 0.392049220549631
1597 0.39203990822967
1598 0.392089915373908
1599 0.392193311097025
1600 0.392290001917402
1601 0.392437433942076
1602 0.392603151181364
1603 0.39271150200778
1604 0.392817970494602
1605 0.392893718803775
1606 0.392923058551326
1607 0.392988855277931
1608 0.393047952367896
1609 0.393143938735179
1610 0.393267917016128
1611 0.393363324334245
1612 0.393447948119277
1613 0.393602788081804
1614 0.393765921207048
1615 0.393957813757362
1616 0.394237182363421
1617 0.394421667072435
1618 0.394581004722873
1619 0.394696859133541
1620 0.394769132718767
1621 0.394858859865574
1622 0.394918658516793
1623 0.394986092505804
1624 0.395059546778224
1625 0.395135835338261
1626 0.395186163134138
1627 0.395286035058163
1628 0.395417273055789
1629 0.395549652610079
1630 0.395713977677785
1631 0.395830214665352
1632 0.395935962316034
1633 0.396047595152772
1634 0.396141550600846
1635 0.396227725183286
1636 0.396321944837731
1637 0.396401142718183
1638 0.396435300085711
1639 0.39653531156664
1640 0.396660206816556
1641 0.396803202590762
1642 0.396999339812633
1643 0.397125099881757
1644 0.397245627520922
1645 0.397334840961
1646 0.39736503053579
1647 0.397445835063235
1648 0.39754676280991
1649 0.397610307517906
1650 0.397663191751817
1651 0.3977376925281
1652 0.397783843561992
1653 0.397886695417213
1654 0.398036752967709
1655 0.398168491619102
1656 0.39832763602253
1657 0.398498444203375
1658 0.398625737646667
1659 0.398737750342008
1660 0.398835580280035
1661 0.398915777008441
1662 0.399021866282522
1663 0.399183860927434
1664 0.399332008275303
1665 0.399458511245086
1666 0.399631162994508
1667 0.399796655772646
1668 0.399942230285317
1669 0.40009644593504
1670 0.400249098030215
1671 0.400380519185801
1672 0.40050635464856
1673 0.400635902180114
1674 0.400730865272711
1675 0.400816273843695
1676 0.400935244011359
1677 0.401042597787448
1678 0.401168007376726
1679 0.401321630198441
1680 0.401437277350509
1681 0.401589253115465
1682 0.40175090087146
1683 0.401849876935649
1684 0.40195772730795
1685 0.402108651811018
1686 0.40227219052331
1687 0.402433356321849
1688 0.402590412695966
1689 0.402710343946799
1690 0.402799762790801
1691 0.402939618999862
1692 0.403136171893961
1693 0.403301286978711
1694 0.403469145564225
1695 0.403644198111688
1696 0.403775746434364
1697 0.403927598913325
1698 0.404028846112093
1699 0.404042173412462
1700 0.40407745795675
1701 0.404063548138681
1702 0.404092020299138
1703 0.404170537277656
1704 0.404218665983129
1705 0.404261493700449
1706 0.40430035521268
1707 0.404309345206653
1708 0.40433097756174
1709 0.404352365731156
1710 0.404408754684966
1711 0.404502273235466
1712 0.404582862665069
1713 0.404711407747591
1714 0.404752583410484
1715 0.404705083952333
1716 0.404714562219308
1717 0.404700168522933
1718 0.404726217556046
1719 0.404803188767088
1720 0.404874423285133
1721 0.404961044355309
1722 0.4050273873357
1723 0.405082349413143
1724 0.405172450548392
1725 0.405254215914985
1726 0.405368122416191
1727 0.405545707963743
1728 0.405686762876557
1729 0.405872790460002
1730 0.405918284114449
1731 0.405859509729239
1732 0.405847844072304
1733 0.405731020502736
1734 0.405741556619012
1735 0.405837881374838
1736 0.405953527339009
1737 0.406128734229136
1738 0.406260820221522
1739 0.4064312149667
1740 0.406557690273762
1741 0.406670632805418
1742 0.406779496805004
1743 0.406770279539719
1744 0.406840777832807
1745 0.406915284469394
1746 0.406925246583397
1747 0.406995735817112
1748 0.406926372769167
1749 0.40677895578432
1750 0.406708082030677
1751 0.406622357800616
1752 0.406593312522437
1753 0.406677410113843
1754 0.40678142101875
1755 0.406911990172862
1756 0.407035647263366
1757 0.4070887601429
1758 0.407131557612028
1759 0.407174473638877
1760 0.407282269054599
1761 0.407347752214211
1762 0.407318092837738
1763 0.407347944558538
1764 0.407310782339504
1765 0.407256939053339
1766 0.407246702233519
1767 0.407167983473424
1768 0.40708916725845
1769 0.407018699121714
1770 0.407002245327605
1771 0.407067230692954
1772 0.407181972034799
1773 0.407343569844694
1774 0.407602180123126
1775 0.407791707086506
1776 0.407975823383533
1777 0.408190448948912
1778 0.408440513714463
1779 0.40856974847044
1780 0.408699435624964
1781 0.408604726424712
1782 0.408470910496614
1783 0.408355403649247
1784 0.408315420916377
1785 0.408385775108285
1786 0.408442957698026
1787 0.408477842716887
1788 0.408531293701686
1789 0.408605741069501
1790 0.408715827781781
1791 0.408957273998911
1792 0.409193845205036
1793 0.409339910018441
1794 0.409543406551023
1795 0.409610239128272
1796 0.409596715235058
1797 0.409649828359444
1798 0.409660391696639
1799 0.409708424460715
1800 0.409821037262191
1801 0.407669509000269
1802 0.407875781483394
1803 0.40789215461342
1804 0.407769082769476
1805 0.407773425715009
1806 0.407746675495851
1807 0.407743411037028
1808 0.407805598820623
1809 0.407878049050199
1810 0.407986214668067
1811 0.407954766877607
1812 0.408024581851953
1813 0.408201196858883
1814 0.408298527188178
1815 0.408479419860492
1816 0.408555480798319
1817 0.408560444065507
1818 0.408580905005205
1819 0.408625415506417
1820 0.40850892790852
1821 0.408372509139807
1822 0.408446363641805
1823 0.408395618438659
1824 0.408343786308331
1825 0.408388681985941
1826 0.408504798120311
1827 0.408564252373547
1828 0.408735013019355
1829 0.408777217803186
1830 0.408682064807306
1831 0.408696087265695
1832 0.40877751363375
1833 0.40884817364799
1834 0.408989055342189
1835 0.409090922750364
1836 0.409192785527939
1837 0.409247627301301
1838 0.409294709357053
1839 0.409339948460853
1840 0.409432953150638
1841 0.409441524830772
1842 0.409465718491711
1843 0.409575278671127
1844 0.409596323946788
1845 0.409665070214809
1846 0.409785730885696
1847 0.409858807155755
1848 0.409888303104455
1849 0.410038367185086
1850 0.41012628050835
1851 0.410082314334195
1852 0.410100204529921
1853 0.410075527683261
1854 0.410057119973811
1855 0.410103216438224
1856 0.410162358311868
1857 0.410166341834442
1858 0.410111014362546
1859 0.409992178480896
1860 0.409889950988017
1861 0.409758380966823
1862 0.409547747256139
1863 0.409294795120153
1864 0.409015786038136
1865 0.408653487088224
1866 0.408310739519938
1867 0.408020643513292
1868 0.407780258387541
1869 0.407529330936075
1870 0.407337674445873
1871 0.407159094239011
1872 0.407022031501805
1873 0.406859881983103
1874 0.406627247310074
1875 0.406318325961964
1876 0.405864218017241
1877 0.405401957228028
1878 0.404854347867393
1879 0.40422398720065
1880 0.403499931140186
1881 0.402739035110408
1882 0.401852630723063
1883 0.400905916135392
1884 0.399929849056732
1885 0.398949555890135
1886 0.397928723359407
1887 0.396793242130844
1888 0.395564707265572
1889 0.394271236203008
1890 0.392847196409415
1891 0.391322887673181
1892 0.38976250217106
1893 0.388094194993225
1894 0.386339504142962
1895 0.384533499825479
1896 0.382644601164197
1897 0.380758733934512
1898 0.378813412682528
1899 0.376914925801138
1900 0.374914636138389
1901 0.373134209958792
1902 0.371390866650549
1903 0.369889920930318
1904 0.368541623309276
1905 0.367288516667909
1906 0.366170145401522
1907 0.365207328684768
1908 0.364337732999012
1909 0.363654108143678
1910 0.363132000536215
1911 0.362796410136486
1912 0.362514067720627
1913 0.362369515233996
1914 0.362333061524224
1915 0.362428235502488
1916 0.362626774415406
1917 0.362824442673069
1918 0.363113977025769
1919 0.363448312946262
1920 0.363738991126019
1921 0.364120587833337
1922 0.364638989932471
1923 0.365130436833151
1924 0.365600407465908
1925 0.366160675412678
1926 0.366810262852511
1927 0.367487368444218
1928 0.36815652352013
1929 0.368778095112132
1930 0.369376764702462
1931 0.369953249368734
1932 0.370512959195349
1933 0.371040219670036
1934 0.371585180540084
1935 0.372136383251429
1936 0.372680641909099
1937 0.373057372007138
1938 0.373594901454585
1939 0.374083071252231
1940 0.374458541158268
1941 0.375018683117634
1942 0.375510082193212
1943 0.375952385556263
1944 0.376328808761788
1945 0.376727678028626
1946 0.377064010990643
1947 0.377496635265997
1948 0.37798797914415
1949 0.378472257570929
1950 0.378910766902379
1951 0.379303334827792
1952 0.379659720234191
1953 0.380031813927735
1954 0.380513217576838
1955 0.381186191855989
1956 0.381645150770629
1957 0.382075486215526
1958 0.382495735729815
1959 0.382815311223471
1960 0.383104211321066
1961 0.383561998001342
1962 0.38396916620908
1963 0.384309453844723
1964 0.384656597717547
1965 0.384936440221122
1966 0.385224878394705
1967 0.385546026672692
1968 0.385858318780977
1969 0.386240747454097
1970 0.386693218626525
1971 0.38711328664133
1972 0.387560428675123
1973 0.388037152699051
1974 0.388458612808717
1975 0.388876056385592
1976 0.389257787672461
1977 0.389607739927345
1978 0.389985174784033
1979 0.390374001105379
1980 0.390712759996981
1981 0.391037703204629
1982 0.391367139100615
1983 0.39158805171598
1984 0.391914424211307
1985 0.392313057116159
1986 0.392762300537229
1987 0.393117078769403
1988 0.393459725061753
1989 0.393694863642236
1990 0.393903595554503
1991 0.39426897673721
1992 0.394792595434369
1993 0.395167176965396
1994 0.395595180275349
1995 0.395956862838726
1996 0.396152246368705
1997 0.396448895925216
1998 0.396775471190421
1999 0.397155452279315
2000 0.397550771616453
2001 0.39790591329981
2002 0.398237546066982
2003 0.398562756595047
2004 0.39885468913177
2005 0.399074245635192
2006 0.399350890450795
2007 0.399678457345719
2008 0.399965590822957
2009 0.400288354531871
2010 0.400524517228216
2011 0.400723262283929
2012 0.400802999622147
2013 0.400938831089478
2014 0.401121423260363
2015 0.401314839681396
2016 0.401575244046625
2017 0.401816544324855
2018 0.402058632874188
2019 0.402263106672256
2020 0.402493644115163
2021 0.402666448029453
2022 0.402683800904954
2023 0.40288698753439
2024 0.403189063407557
2025 0.403459819711342
2026 0.403793517669893
2027 0.404108302166503
2028 0.404345429614768
2029 0.404556965660547
2030 0.404799488905613
2031 0.405067161401761
2032 0.405338707743337
2033 0.405601472947787
2034 0.405878142927044
2035 0.406235826836985
2036 0.406476850445857
2037 0.406592819820206
2038 0.40681474774987
2039 0.407098553434756
2040 0.407279785065422
2041 0.40734798162907
2042 0.407627777907901
2043 0.407775098672903
2044 0.40776222089988
2045 0.407846987426036
2046 0.408007893959364
2047 0.408112948873085
2048 0.408182874298579
2049 0.408277051481347
2050 0.408323512902723
2051 0.408471049905514
2052 0.408728831616387
2053 0.408873566875858
2054 0.409002741678618
2055 0.409219273836259
2056 0.40931848852328
2057 0.409265730497165
2058 0.40935687338193
2059 0.409468713948429
2060 0.409608886029252
2061 0.409865032956847
2062 0.409982540282629
2063 0.410047735142308
2064 0.410140873564403
2065 0.410122618184477
2066 0.410185540466524
2067 0.410321814153602
2068 0.410486739240956
2069 0.41057008750807
2070 0.410576714864148
2071 0.41058549679826
2072 0.410475763862379
2073 0.410533657277941
2074 0.410658692361848
2075 0.410782252029721
2076 0.411038774363763
2077 0.411155192212973
2078 0.411133942896407
2079 0.411264025564705
2080 0.411500721941838
2081 0.411588959940166
2082 0.411701000915675
2083 0.411769422388155
2084 0.411714743339535
2085 0.411599956336261
2086 0.411558420943301
2087 0.411535514689583
2088 0.411611195930903
2089 0.411748425181067
2090 0.411851720816122
2091 0.412045746385783
2092 0.412158354857211
2093 0.412254810663564
2094 0.412248642645841
2095 0.412091770824326
2096 0.412128422715141
2097 0.412127943376374
2098 0.412192360422321
2099 0.412458995004641
2100 0.412722444226784
2101 0.412698032516428
2102 0.412841334622605
2103 0.412988782393347
2104 0.413103572479106
2105 0.413299731232284
2106 0.413692170066272
2107 0.413838751554199
2108 0.413867598502146
2109 0.413938842629409
2110 0.413890899732269
2111 0.413915334025119
2112 0.413973817235788
2113 0.414081611437553
2114 0.414223417042552
2115 0.414364284262801
2116 0.41456234411174
2117 0.414737127835077
2118 0.414951018844026
2119 0.415169172400442
2120 0.415356976131703
2121 0.415580806238799
2122 0.41572837553808
2123 0.415776778850776
2124 0.415919299757992
2125 0.416091539400016
2126 0.416245791145786
2127 0.41643070719881
2128 0.416590363920418
2129 0.416752126517301
2130 0.416856515691321
2131 0.416910937923233
2132 0.417004658995199
2133 0.417058826539026
2134 0.417151139350242
2135 0.417250629298674
2136 0.417219897207987
2137 0.41716843161473
2138 0.417018368012942
2139 0.416872628498001
2140 0.416625425664197
2141 0.416555249849344
2142 0.416571765529739
2143 0.416472726828433
2144 0.416519927424855
2145 0.416361698306456
2146 0.415946412333331
2147 0.415656636243151
2148 0.415309471730024
2149 0.415057975055802
2150 0.41491461756229
2151 0.414702468275105
2152 0.41457357734641
2153 0.414328019647816
2154 0.413945310119476
2155 0.413640324605642
2156 0.41325346620083
2157 0.412768636128311
2158 0.412389543461873
2159 0.412003189810664
2160 0.411661363939057
2161 0.411487629450424
2162 0.411075498143636
2163 0.410551229446687
2164 0.410056393714197
2165 0.409335020329758
2166 0.408849098546821
2167 0.408540397772354
2168 0.408176026591913
2169 0.407894333450066
2170 0.407574586798038
2171 0.407299448029004
2172 0.406905153944212
2173 0.406427066332101
2174 0.405924795212254
2175 0.405510893962611
2176 0.405110129696523
2177 0.404526073414657
2178 0.403884004159557
2179 0.403389643578462
2180 0.402799153040904
2181 0.402240233777785
2182 0.401973654611798
2183 0.401396515325164
2184 0.400462258827356
2185 0.399762890993475
2186 0.399065273109133
2187 0.398458286036654
2188 0.398026638871781
2189 0.397474808826625
2190 0.396913850856137
2191 0.396337314305109
2192 0.395689076425053
2193 0.395058221923898
2194 0.394417796704955
2195 0.39381268492601
2196 0.393268299038981
2197 0.392695771764097
2198 0.392093774637243
2199 0.391501324501523
2200 0.390948610246772
2201 0.390308433316395
2202 0.389826543024109
2203 0.389477335139327
2204 0.38910232445017
2205 0.388737410112588
2206 0.388456773658862
2207 0.388120933367982
2208 0.38807553322149
2209 0.388202617660902
2210 0.388463474271461
2211 0.389029657327778
2212 0.389515226136715
2213 0.390025788125422
2214 0.390618778221224
2215 0.391389350528014
2216 0.392013186684176
2217 0.392696092016346
2218 0.393303924265854
2219 0.393529512894864
2220 0.393669725458184
2221 0.393933239524134
2222 0.394032686159237
2223 0.394396862298967
2224 0.395037307833605
2225 0.395405824443739
2226 0.395779743901016
2227 0.396078802136879
2228 0.396287235739639
2229 0.39638711450416
2230 0.396334772123585
2231 0.396422150998577
2232 0.396452427184725
2233 0.396487739245784
2234 0.396634032737667
2235 0.396748715261531
2236 0.396728288772085
2237 0.396826670881818
2238 0.397156027914482
2239 0.397288988441307
2240 0.397347494941102
2241 0.397357278818081
2242 0.397217978288686
2243 0.397108939343304
2244 0.396833127191746
2245 0.396804646769808
2246 0.397012379142362
2247 0.397128817863638
2248 0.397471814345865
2249 0.397886345711836
2250 0.397946705457847
2251 0.397793958269719
2252 0.39769514661874
2253 0.397291161332496
2254 0.397305494984103
2255 0.397534625574025
2256 0.397657919148831
2257 0.397848754387487
2258 0.398172784856242
2259 0.39861876680149
2260 0.398909053596935
2261 0.399357808866642
2262 0.399582151786931
2263 0.399573083666899
2264 0.399515623415748
2265 0.399272730890152
2266 0.399256500231571
2267 0.399206799306307
2268 0.399208439100225
2269 0.39944161375161
2270 0.39956883948004
2271 0.399695369592449
2272 0.399673326986095
2273 0.399413640962968
2274 0.399451793193476
2275 0.399601065949959
2276 0.399634052275663
2277 0.39977986546496
2278 0.400019591948411
2279 0.400133111005713
2280 0.400104350124893
2281 0.400112121446507
2282 0.400431611313367
2283 0.40055412804462
2284 0.400575106810351
2285 0.400560415877738
2286 0.400676274909089
2287 0.400280712066416
2288 0.399358200845085
2289 0.399079639640622
2290 0.398701848853534
2291 0.398743177731796
2292 0.399506694375927
2293 0.399713300882052
2294 0.399833758304323
2295 0.399852843393401
2296 0.39987193667211
2297 0.399507021186814
2298 0.398682959295561
2299 0.398257067815006
2300 0.397572970838391
2301 0.397177031715006
2302 0.397315278515316
2303 0.397143832855359
2304 0.396752636320848
2305 0.396653975946702
2306 0.3966606404034
2307 0.396690854112511
2308 0.396931241836234
2309 0.397080103326577
2310 0.397373283378841
2311 0.397335882766866
2312 0.397065061773349
2313 0.396866599214656
2314 0.39644775228859
2315 0.396043223353519
2316 0.39573400930293
2317 0.395365462042482
2318 0.394796991700023
2319 0.394341452546904
2320 0.393732805040797
2321 0.393493230292042
2322 0.39402624928766
2323 0.394449883599521
2324 0.394931888779236
2325 0.3955529125465
2326 0.395406247854594
2327 0.39521456166129
2328 0.395268481251151
2329 0.395183437935336
2330 0.394952183923281
2331 0.394621064481197
2332 0.394456231120927
2333 0.394607915139811
2334 0.394877290366883
2335 0.394881212560402
2336 0.394638799611149
2337 0.394014945336846
2338 0.393771894056231
2339 0.393424989038392
2340 0.393252747343236
2341 0.393580463374173
2342 0.393204797658684
2343 0.392432013946442
2344 0.392025957594371
2345 0.391259815125934
2346 0.391025192868974
2347 0.39118772751891
2348 0.39124795974416
2349 0.391776954385545
2350 0.391766897713317
2351 0.391405661755391
2352 0.39137719500743
2353 0.391227331979976
2354 0.391034770245243
2355 0.391155030108476
2356 0.391071056653297
2357 0.390625024072192
2358 0.390368154796914
2359 0.390147294380221
2360 0.390011328812655
2361 0.389944498809465
2362 0.389837802349035
2363 0.389851912189365
2364 0.389953477199673
2365 0.390014723474936
2366 0.390156967883126
2367 0.390976649340975
2368 0.390491441197781
2369 0.388790983639593
2370 0.388207986611801
2371 0.387415088136955
2372 0.386840148976882
2373 0.387025493649708
2374 0.387212695889333
2375 0.387175625841984
2376 0.387263205216274
2377 0.38828920886588
2378 0.388422602379549
2379 0.387623519618969
2380 0.387401071612993
2381 0.387282832962647
2382 0.38704060749979
2383 0.386920211746395
2384 0.386752359077921
2385 0.386188164201793
2386 0.386095263204692
2387 0.386509583695887
2388 0.386626044243272
2389 0.386865039844397
2390 0.386873498694882
2391 0.386838101077115
2392 0.386267264053599
2393 0.38502189372495
2394 0.384539341049707
2395 0.383697928346714
2396 0.38364162319341
2397 0.385096442355193
2398 0.38504682182528
2399 0.384492841975087
2400 0.384104723297225
2401 0.382636485664063
2402 0.382413592052013
2403 0.38328390738886
2404 0.383459759438732
2405 0.383570340391496
2406 0.383883088554033
2407 0.384486736398413
2408 0.38406956172357
2409 0.383244640608178
2410 0.382722761413513
2411 0.381137268568269
2412 0.380679188889614
2413 0.381473309092898
2414 0.381810620942976
2415 0.381837385296991
2416 0.382357908048886
2417 0.383820307749932
2418 0.383577370830601
2419 0.383089005348333
2420 0.382272178886822
2421 0.37957313340994
2422 0.378474372546382
2423 0.377911458442427
2424 0.377492438253311
2425 0.378457369611611
2426 0.377311716316486
2427 0.374676284091032
2428 0.374142134665214
2429 0.373010998348813
2430 0.372833983658738
2431 0.375264623365085
2432 0.375659012055175
2433 0.374769683107333
2434 0.374545520634213
2435 0.374618386763205
2436 0.374202574318285
2437 0.37366284423524
2438 0.372960760642988
2439 0.371756069324747
2440 0.370840613810106
2441 0.36935803417269
2442 0.36881461731674
2443 0.369812841937331
2444 0.370451660638895
2445 0.371394719270582
2446 0.370447867899231
2447 0.368511171790181
2448 0.367839754551521
2449 0.365494437879931
2450 0.364592001644446
2451 0.364949395141236
2452 0.363034295188677
2453 0.363132414634876
2454 0.363323965213363
2455 0.361198063746845
2456 0.360791047478547
2457 0.360934189787709
2458 0.360631657689706
2459 0.362611776382815
2460 0.36484268726552
2461 0.365855586215249
2462 0.368424631795681
2463 0.368598853316525
2464 0.365076653477152
2465 0.364133935129624
2466 0.363670852950137
2467 0.362303828214561
2468 0.362281767339095
2469 0.360908229346657
2470 0.355695767798484
2471 0.353713015204607
2472 0.354325928874963
2473 0.354207414200667
2474 0.355462197463309
2475 0.355818439002047
2476 0.355311452555962
2477 0.355090330473604
2478 0.354600161796711
2479 0.354829827355304
2480 0.355623635617638
2481 0.355367811977771
2482 0.355217206300057
2483 0.355136559584638
2484 0.354012585871062
2485 0.354146266275324
2486 0.355928004704715
2487 0.354576313999202
2488 0.351956471408604
2489 0.35046782917804
2490 0.347242463695659
2491 0.348098512221581
2492 0.347311148988791
2493 0.348355968345127
2494 0.34890053755367
2495 0.346558136899491
2496 0.347301995013784
2497 0.346625210389192
2498 0.345709648930376
2499 0.348111803256264
2500 0.350972210285701
