"Wavelength" "M097a_m1-w1"
350 0.0801997466660919
351 0.0823039010373847
352 0.0780103771401802
353 0.0724849424133146
354 0.0745169789657195
355 0.0803188028116361
356 0.083727900590727
357 0.0826153700711365
358 0.0792772816651362
359 0.079516288833373
360 0.0799336976507023
361 0.0792146703879501
362 0.0824475108181993
363 0.0816772908140139
364 0.0792249192271915
365 0.0789768532933868
366 0.0794915867688832
367 0.0789839150323371
368 0.0785865285794256
369 0.0807567330260221
370 0.0843763695706763
371 0.0836897996889563
372 0.0785374198072595
373 0.0759815786079802
374 0.0795120845777755
375 0.0839434715150393
376 0.0843080570339717
377 0.0810138567345702
378 0.0806610096533228
379 0.0818829202570195
380 0.0806782284037253
381 0.0787504026746699
382 0.0808981774563856
383 0.0850945129693644
384 0.0835605060615212
385 0.0808713350764495
386 0.0801227821485886
387 0.0818116937545734
388 0.0818514231782797
389 0.082410993909664
390 0.0826354632750236
391 0.0815269565355157
392 0.0819215235795515
393 0.0821148200541019
394 0.0818642001085706
395 0.0822480319246263
396 0.0840306519302434
397 0.0841735209456905
398 0.082301711419435
399 0.0839614876139317
400 0.0840716789108861
401 0.0834974874970423
402 0.0841420489642889
403 0.0841650324355811
404 0.0846298094585148
405 0.0849508623138155
406 0.08356671970754
407 0.0842807363712885
408 0.0850323023354153
409 0.0847858083782012
410 0.0860505992583648
411 0.0862781676304155
412 0.0859627311481374
413 0.0862378290320551
414 0.0866117742768223
415 0.0866487741359948
416 0.0866495068843215
417 0.0873745430685314
418 0.0869682488058004
419 0.0867425225247926
420 0.0874792462964414
421 0.0878084988723591
422 0.0886052110294612
423 0.0894029796028223
424 0.0894870966681147
425 0.089375752448082
426 0.089420415018361
427 0.0895633436030845
428 0.0893937231996009
429 0.0895045008832422
430 0.0899882768617074
431 0.0906490630588944
432 0.0908493188042699
433 0.0910202810280233
434 0.0912533151892027
435 0.091489918775723
436 0.0917219543682405
437 0.0920223072674148
438 0.0924704106467844
439 0.0931459197549637
440 0.0936811813634839
441 0.0938104948439381
442 0.0935845507515253
443 0.0938875836059166
444 0.0943465457171002
445 0.0946765162644255
446 0.0947308060466686
447 0.0950719246337819
448 0.0955981204401097
449 0.0960175352764443
450 0.0958395662238196
451 0.0959873300979669
452 0.0961919991967402
453 0.0960707942862146
454 0.0965290397848143
455 0.0968843169401184
456 0.0969935441468704
457 0.0972166971327586
458 0.0975467778610104
459 0.0976794975633057
460 0.0975696027287289
461 0.0978809416165804
462 0.0984205981350891
463 0.098788994446455
464 0.0986600866977213
465 0.0988616940748661
466 0.099267856740803
467 0.0995656033744245
468 0.0993229625423016
469 0.0994878976657242
470 0.0998006218790487
471 0.0999013432932683
472 0.100201576873563
473 0.100387592185536
474 0.100524113360622
475 0.100865071863737
476 0.100697804619735
477 0.100633005021572
478 0.101001024435384
479 0.1012887533087
480 0.101320851696636
481 0.101520821342759
482 0.102276029955249
483 0.10243645214742
484 0.102538965540367
485 0.10285834239977
486 0.103267516110906
487 0.103494932085673
488 0.103603478921885
489 0.103738959012997
490 0.104041804361644
491 0.104270472536304
492 0.104397652665508
493 0.104539730301524
494 0.104792391388891
495 0.105168995850458
496 0.105590468536089
497 0.105826682975362
498 0.106113195986261
499 0.106542538098224
500 0.107063220919197
501 0.107135941536834
502 0.107328032338674
503 0.10778048811629
504 0.108115639745866
505 0.1085370812031
506 0.108914982759746
507 0.109146913391811
508 0.109436705248061
509 0.109641242636548
510 0.109845106994039
511 0.11024524287873
512 0.110564013504861
513 0.11087022425752
514 0.11121291387906
515 0.111500577675388
516 0.111815208609247
517 0.112152537711522
518 0.112478797496322
519 0.112774705833131
520 0.113153702315868
521 0.113584668382073
522 0.11385350087874
523 0.114195036482071
524 0.114631428732769
525 0.115089819249027
526 0.115365130686798
527 0.115655434121488
528 0.115992900251178
529 0.116286700199937
530 0.116698170168135
531 0.117117445851154
532 0.117468945770079
533 0.11786260484286
534 0.118239627483
535 0.118643465131391
536 0.119121357377371
537 0.11937892786829
538 0.119656755718759
539 0.120069137891616
540 0.120467349128939
541 0.120797489777754
542 0.121158647150809
543 0.12163839598498
544 0.122017191178675
545 0.122374872085233
546 0.122791496570265
547 0.123326344550514
548 0.123708123268944
549 0.124113059632052
550 0.124697390876824
551 0.125243204947512
552 0.125809823043409
553 0.126356609559757
554 0.126792513844493
555 0.127214728924549
556 0.127656004297047
557 0.128102399093032
558 0.128451965646565
559 0.128837102107464
560 0.129292204040723
561 0.129786024348177
562 0.130149093315899
563 0.130517368617945
564 0.130919302366088
565 0.131200717094568
566 0.131538500004514
567 0.131859136245494
568 0.132095900849682
569 0.132504648729708
570 0.133051118898086
571 0.13367177803696
572 0.134284964747361
573 0.134866292081137
574 0.135421996815582
575 0.135941734995956
576 0.136335176082651
577 0.136646731039084
578 0.136934367697531
579 0.137253511169931
580 0.137526253164383
581 0.137766095766238
582 0.138006994988543
583 0.138296988549811
584 0.138632248490387
585 0.138977581271062
586 0.139295149603292
587 0.139597011561974
588 0.13998344254157
589 0.140444582597947
590 0.140831179492167
591 0.141259016817803
592 0.141731863422626
593 0.142204157676324
594 0.142558589337328
595 0.14291196696862
596 0.143294368866752
597 0.14365958170334
598 0.143998699190234
599 0.144363939057614
600 0.144749480567247
601 0.144960118634699
602 0.145190339743696
603 0.145463332707716
604 0.145723264711628
605 0.146036283384471
606 0.146343609496726
607 0.146614018446316
608 0.146876010106272
609 0.147242137200131
610 0.147629970360661
611 0.147927709753177
612 0.148264037118717
613 0.148656922144041
614 0.14905800365877
615 0.149356316529386
616 0.149721903121556
617 0.150080233825895
618 0.150354922281696
619 0.150665564654512
620 0.151042682693743
621 0.151459515774742
622 0.151847308122428
623 0.152180116755444
624 0.15255132643763
625 0.152988056103351
626 0.153314700056632
627 0.153615859406776
628 0.153961448237707
629 0.154398046240808
630 0.15482781170458
631 0.155215849201857
632 0.15557282843763
633 0.155968229893422
634 0.15632595632967
635 0.156658235694001
636 0.157007693230232
637 0.157417170794015
638 0.157829100055841
639 0.158221789638673
640 0.158612664132094
641 0.158954115386347
642 0.159315119933541
643 0.159741130520147
644 0.16014544079101
645 0.160479850604661
646 0.160822233928814
647 0.161303403034801
648 0.161708247150955
649 0.162081007140198
650 0.162477592352131
651 0.162907666065235
652 0.163345156558968
653 0.163735485165295
654 0.164048591535044
655 0.164457637759325
656 0.164872512632398
657 0.165273421911293
658 0.165747877705394
659 0.166181662404805
660 0.166596524797536
661 0.167030836278397
662 0.167447117181208
663 0.167883836896004
664 0.168314790926114
665 0.168673606233676
666 0.16906679081103
667 0.169527263604186
668 0.170039496674634
669 0.170518044478273
670 0.170930603684504
671 0.171319910056287
672 0.171754013342421
673 0.172176086581531
674 0.172623628364657
675 0.173094008794355
676 0.173516623237829
677 0.174009760501828
678 0.174484562070363
679 0.17485593150332
680 0.175291452445002
681 0.175795740330903
682 0.176317353018009
683 0.176769342099396
684 0.177230794291513
685 0.177656871995761
686 0.178047574112021
687 0.178569873014778
688 0.179082461647797
689 0.179570009919793
690 0.180070639023905
691 0.180564847556226
692 0.181032547979518
693 0.181468483848205
694 0.181885536945332
695 0.182416629092439
696 0.18299685174824
697 0.183513334127732
698 0.183920347304322
699 0.184357338751247
700 0.184882398140802
701 0.185469292664036
702 0.185962388367414
703 0.186419586898071
704 0.186907182286417
705 0.187415937054221
706 0.18793056290395
707 0.188470015080233
708 0.189044563613728
709 0.189505157675991
710 0.189979274795319
711 0.190520586950948
712 0.191055643355694
713 0.191652126158545
714 0.192230351564596
715 0.192719240217454
716 0.193206808303725
717 0.193754405202865
718 0.194326290756062
719 0.194829328136639
720 0.195380959164071
721 0.195930310765064
722 0.196452922738566
723 0.197025948099075
724 0.197597557457149
725 0.198160810812312
726 0.198715776400192
727 0.199206853978448
728 0.19975525668827
729 0.200366589352938
730 0.200921245360007
731 0.201457362773278
732 0.202031846690661
733 0.202638802558811
734 0.203076847706091
735 0.203552559466218
736 0.204080805347953
737 0.204591780924508
738 0.205176740731525
739 0.205758288539748
740 0.206305963460532
741 0.206877104503052
742 0.207440185958118
743 0.208003256823326
744 0.208562600649776
745 0.209023887362201
746 0.209581652164978
747 0.210238945837726
748 0.210864245480172
749 0.211428528351179
750 0.212008226322754
751 0.212617271967647
752 0.213130857189955
753 0.213707095581102
754 0.214307724192239
755 0.21484848572881
756 0.215332556711543
757 0.21589165722066
758 0.216500293137823
759 0.217016139195473
760 0.217616758534168
761 0.218241448114209
762 0.21882062723439
763 0.21934409974501
764 0.219889904254566
765 0.220487604667428
766 0.221123384011717
767 0.221691736558809
768 0.222175903632289
769 0.222649439633613
770 0.223252083492726
771 0.223877685893013
772 0.224546080571323
773 0.225237644452643
774 0.225796066861322
775 0.226289340708758
776 0.226797270893246
777 0.227382719570151
778 0.227950471032744
779 0.228592475103781
780 0.229268889730499
781 0.229820271731578
782 0.23033480623871
783 0.230908761389859
784 0.231551367630388
785 0.232072761619662
786 0.232627511775557
787 0.23322026231684
788 0.233804018480312
789 0.234369770874248
790 0.234927974568312
791 0.235494804310986
792 0.236086902995935
793 0.236657301741933
794 0.237216397486548
795 0.237790425065584
796 0.238416810643988
797 0.239051788225812
798 0.239654696991171
799 0.240215533473201
800 0.240846839856102
801 0.241440980382805
802 0.241973985331765
803 0.242500355170828
804 0.243119288514292
805 0.243750775049948
806 0.244312146535282
807 0.244757624600672
808 0.245289527293388
809 0.245926677240498
810 0.246599537975802
811 0.247163456444581
812 0.247687197649005
813 0.248208895598577
814 0.248754169403649
815 0.249384152312653
816 0.250081325365013
817 0.250777227473733
818 0.251357555335063
819 0.2518609498487
820 0.252378611226884
821 0.252961714590175
822 0.253533275213172
823 0.254094540675019
824 0.254689685026422
825 0.255342811673625
826 0.255879292664665
827 0.256423042164357
828 0.257026499704837
829 0.257661557879226
830 0.258238774667841
831 0.258774296893224
832 0.259308370188929
833 0.259889059214543
834 0.260458281551534
835 0.261000015497264
836 0.261511024959357
837 0.261975540623229
838 0.262536762031526
839 0.263189433334337
840 0.26383267753982
841 0.264301087230227
842 0.264832202604298
843 0.265462001441611
844 0.26602181053004
845 0.266506742928675
846 0.267046722773241
847 0.26767771842392
848 0.268245205710475
849 0.268791215436886
850 0.269338323892042
851 0.269892752465576
852 0.270419683330159
853 0.270918308793011
854 0.27146009697511
855 0.272105590965394
856 0.27268011049077
857 0.273241387262156
858 0.273804227249278
859 0.274339927157461
860 0.274856933849105
861 0.275391350129937
862 0.275992638520034
863 0.276716333541017
864 0.27727566134524
865 0.277738507055258
866 0.278240149282604
867 0.278864496303543
868 0.279442639143765
869 0.280004742454368
870 0.280611180621383
871 0.281141810072738
872 0.28165543988581
873 0.282196145429709
874 0.282793946775209
875 0.28348083163153
876 0.284084140006326
877 0.284559047555525
878 0.285008493352105
879 0.285543035278543
880 0.286125981664108
881 0.286683489790964
882 0.287135824688868
883 0.287728067948569
884 0.288267971100695
885 0.28867698042425
886 0.289395153866302
887 0.290105842637906
888 0.290686565346083
889 0.291145878758219
890 0.291707243083222
891 0.292265566197139
892 0.292811228413555
893 0.293362295900049
894 0.293811473424653
895 0.294322357867486
896 0.294887997696711
897 0.29539743648401
898 0.296101343431954
899 0.296795494599789
900 0.297340537814386
901 0.297748838406351
902 0.298287872924935
903 0.298922190793125
904 0.299545278339197
905 0.300040614612544
906 0.300593725544802
907 0.3011451209493
908 0.301647147358255
909 0.302193913474913
910 0.302756118457034
911 0.303279951871636
912 0.303738362038675
913 0.304190961601086
914 0.304720702774734
915 0.305345803148397
916 0.306014554116477
917 0.306530615724056
918 0.30714581990984
919 0.307774269993807
920 0.308233808745892
921 0.308785200141939
922 0.309351285429697
923 0.309898451098449
924 0.31044217597973
925 0.311068760836423
926 0.311628274280734
927 0.312111965969586
928 0.312641936470292
929 0.31326459740144
930 0.31383543735325
931 0.314329548285967
932 0.31485834323263
933 0.315384555478108
934 0.316022937228582
935 0.316726458995012
936 0.31726247401822
937 0.317824407905139
938 0.318400373753521
939 0.318978262321945
940 0.319589293962037
941 0.320192831966374
942 0.320794870631731
943 0.321397270154661
944 0.321981593806658
945 0.322555704514775
946 0.323027080149345
947 0.323409134048307
948 0.323927860737376
949 0.32446110390834
950 0.324982148546566
951 0.325526718146164
952 0.326208956611909
953 0.326731291625406
954 0.327242136329735
955 0.327857436911323
956 0.328359930330156
957 0.328791707918724
958 0.329210511460479
959 0.329713703013283
960 0.330462854323157
961 0.33112279274804
962 0.331707033749228
963 0.332289562436516
964 0.332826878072409
965 0.333380693011456
966 0.333948305849266
967 0.334497174046695
968 0.334982361977196
969 0.335352686145202
970 0.335776947699189
971 0.336352931950559
972 0.336865675562267
973 0.337520385513657
974 0.338179571689269
975 0.338712126670377
976 0.339217625820781
977 0.339674885121461
978 0.340176190975244
979 0.340753021593125
980 0.341263085641741
981 0.34180016031433
982 0.342390523795748
983 0.342996123207443
984 0.343504385263704
985 0.344079612756275
986 0.344659523729749
987 0.34516001967158
988 0.345562585827522
989 0.346035023000789
990 0.346678303230047
991 0.347399302197962
992 0.34789437206255
993 0.348380570799163
994 0.348758629906002
995 0.349064848348494
996 0.349532320828863
997 0.350008090528456
998 0.350630488281328
999 0.351380209066213
1000 0.352051098619889
1001 0.341693055831828
1002 0.342161630501143
1003 0.342650121853839
1004 0.343127920501193
1005 0.343516891358728
1006 0.344010891859859
1007 0.34457774047558
1008 0.345141153291616
1009 0.345644455151426
1010 0.346142339604221
1011 0.346509172276236
1012 0.346864214540414
1013 0.347358622082673
1014 0.34786380447081
1015 0.34836114669429
1016 0.348812581218499
1017 0.34929352086064
1018 0.349770363311138
1019 0.350225602947217
1020 0.350666566132467
1021 0.351178996714022
1022 0.351630358610349
1023 0.352014711217721
1024 0.352465607501176
1025 0.352934634786875
1026 0.353422888371259
1027 0.353910983708119
1028 0.354337911435235
1029 0.354824149618573
1030 0.355379001037293
1031 0.355857678888012
1032 0.356341939604695
1033 0.356855675425616
1034 0.357348781644662
1035 0.357778987199079
1036 0.358277815249595
1037 0.358830484357154
1038 0.359358754137165
1039 0.359801390543605
1040 0.360286797463329
1041 0.36083854921079
1042 0.361359476693056
1043 0.361954514202251
1044 0.362600037184371
1045 0.363092321556168
1046 0.363555191709437
1047 0.364057604477727
1048 0.364563799710812
1049 0.365021546035171
1050 0.365536721028049
1051 0.366038082101348
1052 0.3665081773598
1053 0.366962919635535
1054 0.367357093472928
1055 0.367780434486358
1056 0.368226377937957
1057 0.368695155084902
1058 0.369186631790151
1059 0.369665120117673
1060 0.370083505609466
1061 0.370412271119736
1062 0.370792190827871
1063 0.371168968760247
1064 0.371542535150751
1065 0.37193010679997
1066 0.372356113978214
1067 0.372659200299097
1068 0.372914018944391
1069 0.373170200694895
1070 0.37340230108638
1071 0.37362774432119
1072 0.373865444319087
1073 0.374136699722384
1074 0.374389991760831
1075 0.374630308854073
1076 0.374874441360937
1077 0.375136116932888
1078 0.375355805428128
1079 0.375555877756999
1080 0.375806429836802
1081 0.376052270968866
1082 0.376246012070031
1083 0.376495838377396
1084 0.376749192316757
1085 0.376916915705753
1086 0.377110000733085
1087 0.377268203784029
1088 0.377377098271074
1089 0.377507073260644
1090 0.377679111979905
1091 0.377872034267268
1092 0.378091476067443
1093 0.378300828594296
1094 0.378531534847439
1095 0.37873897199592
1096 0.37899037114655
1097 0.379281638071447
1098 0.379516079735573
1099 0.379745315286958
1100 0.379968982130019
1101 0.380155400123063
1102 0.380381175304813
1103 0.380737387648464
1104 0.381109182541252
1105 0.381457767806318
1106 0.381786145208294
1107 0.382105583550948
1108 0.382417657305629
1109 0.382686940418069
1110 0.383005451800785
1111 0.383369733572759
1112 0.383766570126907
1113 0.384204969282242
1114 0.384635059224035
1115 0.385032764144898
1116 0.385434802734918
1117 0.385856892164869
1118 0.386311087224109
1119 0.386763077093381
1120 0.387242285259193
1121 0.387716352910405
1122 0.388178002607359
1123 0.388621382206172
1124 0.389074234527696
1125 0.389517902074187
1126 0.389937111519942
1127 0.390373014643287
1128 0.390789765336415
1129 0.39125057428307
1130 0.391697401967078
1131 0.392141916262713
1132 0.392657010260332
1133 0.393164459116715
1134 0.393716630986234
1135 0.3942788611192
1136 0.394791995966044
1137 0.395288502149291
1138 0.3957789350785
1139 0.396230391799454
1140 0.396706972701246
1141 0.397194522023601
1142 0.397673504582341
1143 0.398163344180093
1144 0.398628014546809
1145 0.39905165793761
1146 0.399477077382203
1147 0.39991919577127
1148 0.400359979330689
1149 0.400806047464981
1150 0.401322638577779
1151 0.401824305702425
1152 0.402299481255783
1153 0.402771457434455
1154 0.403249003258385
1155 0.403706590148942
1156 0.404152987123366
1157 0.404573289276631
1158 0.404975440729839
1159 0.405385508263874
1160 0.405773859729345
1161 0.406163503544368
1162 0.406581203840309
1163 0.40697915183881
1164 0.407375251041121
1165 0.40780995634643
1166 0.408226431031268
1167 0.408644865283974
1168 0.409089006684626
1169 0.409514366476865
1170 0.40991306619534
1171 0.410310294209133
1172 0.410682150659121
1173 0.41101399105235
1174 0.411341319807625
1175 0.411638867446528
1176 0.41197411444051
1177 0.412324439244785
1178 0.412652644480236
1179 0.412979996043538
1180 0.413338666165452
1181 0.41365541779086
1182 0.41393389516687
1183 0.41422686609056
1184 0.414489719007819
1185 0.414739296816464
1186 0.41500319273561
1187 0.415295081147549
1188 0.415644037327081
1189 0.415919941399858
1190 0.416201526873178
1191 0.41643818903034
1192 0.416606097026038
1193 0.416791058127716
1194 0.416954249756845
1195 0.417127321410371
1196 0.417276787025965
1197 0.417471248861131
1198 0.417692284839575
1199 0.417925628242891
1200 0.41818438380883
1201 0.418401799281858
1202 0.418572932553991
1203 0.418779518704592
1204 0.419008047429178
1205 0.419261521536828
1206 0.419488854105454
1207 0.419738588227984
1208 0.419961817666989
1209 0.420129642097892
1210 0.420356563619573
1211 0.420621240047991
1212 0.42086669737126
1213 0.42112732440859
1214 0.421382179516751
1215 0.42162927912822
1216 0.421872195475252
1217 0.422100337898334
1218 0.422353807073039
1219 0.422650002561865
1220 0.422912246001878
1221 0.423165828239253
1222 0.423439497088395
1223 0.42368871737807
1224 0.423884926272987
1225 0.424126758416525
1226 0.424413115216487
1227 0.424653243707845
1228 0.424854432479919
1229 0.425108269991622
1230 0.42538305370366
1231 0.425629900631094
1232 0.425880739877698
1233 0.42615042268792
1234 0.426416701811258
1235 0.42667145084895
1236 0.426944884879699
1237 0.427227388643885
1238 0.427470532232502
1239 0.427697496835161
1240 0.427923285136849
1241 0.428142021129635
1242 0.428382964155557
1243 0.428604782649731
1244 0.428863668896468
1245 0.42917145845537
1246 0.429452496806119
1247 0.429731248462513
1248 0.430014806365436
1249 0.430303254115349
1250 0.430581757576009
1251 0.430826322343731
1252 0.431131642300872
1253 0.431502324946691
1254 0.431811373097898
1255 0.432114103198292
1256 0.432435048188171
1257 0.432742867542565
1258 0.432991803833037
1259 0.433319492453669
1260 0.433715698346722
1261 0.434063602866124
1262 0.434407906294588
1263 0.434760109719411
1264 0.435111517564919
1265 0.435459797356551
1266 0.435824902911368
1267 0.436154917331945
1268 0.436448797418033
1269 0.436772014356567
1270 0.437086611291902
1271 0.437411099387919
1272 0.437789189422882
1273 0.438105649827633
1274 0.438390557634956
1275 0.438665903234662
1276 0.438906128334281
1277 0.439134045392159
1278 0.439341737767966
1279 0.439559422303322
1280 0.439749795159393
1281 0.439921384026813
1282 0.44007642351341
1283 0.44021183894399
1284 0.440347045515096
1285 0.440473770916864
1286 0.440576767330036
1287 0.440691871910779
1288 0.440745181597639
1289 0.440748401390387
1290 0.440743185352426
1291 0.440701454861738
1292 0.440652490840565
1293 0.440594828721474
1294 0.440512147031805
1295 0.440406114401683
1296 0.440285029112603
1297 0.440129454874388
1298 0.439982696387628
1299 0.439811696871048
1300 0.439664707241039
1301 0.439523559254794
1302 0.439390863091064
1303 0.439265642459954
1304 0.439167602160928
1305 0.439025554989941
1306 0.438883913259309
1307 0.43870832626131
1308 0.438490904727006
1309 0.438287319957381
1310 0.43802340741427
1311 0.437867226924668
1312 0.437746331323019
1313 0.437657957816819
1314 0.437647409694023
1315 0.437635002316964
1316 0.437620279959733
1317 0.437648194014485
1318 0.437746656883218
1319 0.437809654946623
1320 0.437847026091857
1321 0.437935921496299
1322 0.43803537212907
1323 0.43814212569631
1324 0.43829236284192
1325 0.43850806147635
1326 0.438687372103795
1327 0.438844511156946
1328 0.439074129262428
1329 0.439326753802911
1330 0.439608570047682
1331 0.439949433512992
1332 0.440275551475583
1333 0.440603331642943
1334 0.440955525216449
1335 0.441325609424704
1336 0.441708435116989
1337 0.442124874960473
1338 0.442519952558269
1339 0.442923947188928
1340 0.443313651043453
1341 0.443696842071414
1342 0.444064641094397
1343 0.444398979734741
1344 0.444765683388388
1345 0.445140467664368
1346 0.44551269744611
1347 0.445880013382945
1348 0.446286413951956
1349 0.446717661894617
1350 0.447166059826528
1351 0.44760441269457
1352 0.448105109209254
1353 0.448517149117344
1354 0.448865036984493
1355 0.449249283623793
1356 0.449626639366518
1357 0.449991565220955
1358 0.450348355222287
1359 0.450724759179387
1360 0.451067188764002
1361 0.45146855529179
1362 0.451932230557366
1363 0.452364687319046
1364 0.452815202181859
1365 0.453247333064228
1366 0.453643148237873
1367 0.454071942409283
1368 0.454524733565136
1369 0.454957677027993
1370 0.455466723028842
1371 0.455853874010208
1372 0.456168447720683
1373 0.456458267865316
1374 0.456658269900667
1375 0.456784380315358
1376 0.456916925104367
1377 0.457024992517718
1378 0.457101453632789
1379 0.457128408266316
1380 0.457193285501483
1381 0.457253623835527
1382 0.457297024615083
1383 0.457344120566705
1384 0.457389937352793
1385 0.457434652624702
1386 0.4574351472759
1387 0.45745019847712
1388 0.457407674578349
1389 0.457317377236731
1390 0.457182343150629
1391 0.45702226708547
1392 0.456810053687159
1393 0.456495282409127
1394 0.456224402312523
1395 0.455955562096416
1396 0.455658549411298
1397 0.455389438130413
1398 0.455060528367523
1399 0.454689594762853
1400 0.454284995940762
1401 0.453834334437635
1402 0.453359840869664
1403 0.452867895382889
1404 0.452355850684569
1405 0.451871608614672
1406 0.451396418424945
1407 0.450912482634531
1408 0.450407085170769
1409 0.449978238700695
1410 0.449514831273463
1411 0.449226963140032
1412 0.44903096276083
1413 0.448925625429847
1414 0.44888959503958
1415 0.449019887629378
1416 0.449267395811995
1417 0.449612095174889
1418 0.450156856221488
1419 0.450672931755695
1420 0.451268440422951
1421 0.451848790020222
1422 0.452487242937654
1423 0.453071702090986
1424 0.453669485130626
1425 0.454205953758315
1426 0.454674174663372
1427 0.455153332895614
1428 0.455604323926373
1429 0.456044064879717
1430 0.456480333250787
1431 0.456910884378955
1432 0.457329249469531
1433 0.457729352264011
1434 0.458116890415643
1435 0.458518331719557
1436 0.458910174088385
1437 0.459283388079078
1438 0.459677449233299
1439 0.460089751975366
1440 0.46047781618832
1441 0.460867976614832
1442 0.461237668785325
1443 0.461590685203389
1444 0.461936945532008
1445 0.462286398522512
1446 0.46259389975561
1447 0.462861501838351
1448 0.463155764463926
1449 0.463435998817294
1450 0.463712747793931
1451 0.464008975711036
1452 0.46428329816249
1453 0.46452696228718
1454 0.464785612529637
1455 0.465058544973571
1456 0.465309675892375
1457 0.465551532852027
1458 0.465787095868254
1459 0.465999406871034
1460 0.466228809459623
1461 0.466465965078915
1462 0.466694485282592
1463 0.466909668745042
1464 0.467150611680542
1465 0.467418026925701
1466 0.467660369776833
1467 0.467879795882085
1468 0.468145465357285
1469 0.468433914887756
1470 0.468695274987058
1471 0.469000453532224
1472 0.469304864364532
1473 0.469582896888023
1474 0.469883254149276
1475 0.470169015908415
1476 0.470485376118733
1477 0.470742519519507
1478 0.470966981361576
1479 0.471177275822454
1480 0.471351998861047
1481 0.47155044756718
1482 0.471725891453419
1483 0.471935578937712
1484 0.472166863070208
1485 0.472400792842165
1486 0.472641043454607
1487 0.472903668575985
1488 0.473184840743767
1489 0.473467603449042
1490 0.473792582263537
1491 0.474061849375437
1492 0.474307791021241
1493 0.474553677986669
1494 0.474759530722851
1495 0.474991685310308
1496 0.475233395065893
1497 0.47547686414677
1498 0.475745812791308
1499 0.475980151558694
1500 0.476215798217738
1501 0.476421448506197
1502 0.476564856531664
1503 0.476747209132004
1504 0.476907122208211
1505 0.477119607641343
1506 0.477408317830451
1507 0.477646879940823
1508 0.477890017902346
1509 0.478125855894476
1510 0.478339735888326
1511 0.47853922447779
1512 0.478721809369424
1513 0.478921285097063
1514 0.479105190675757
1515 0.479295198925422
1516 0.479493441525064
1517 0.479716032463067
1518 0.479967539769611
1519 0.480191758962766
1520 0.480383882089547
1521 0.480595731547596
1522 0.480785887104389
1523 0.480920688863626
1524 0.481112668922904
1525 0.481340607001366
1526 0.481543256606683
1527 0.481752279223903
1528 0.481934781017113
1529 0.482119417579331
1530 0.482261283498115
1531 0.482351239462275
1532 0.482490281523702
1533 0.482613879618736
1534 0.482770567849434
1535 0.482968844787233
1536 0.483152898212807
1537 0.483333443359131
1538 0.483526680275464
1539 0.483736666240879
1540 0.483936389903629
1541 0.484152027594736
1542 0.484337158562877
1543 0.484509634580555
1544 0.48466643100397
1545 0.484793833198673
1546 0.484933080680107
1547 0.485031806317184
1548 0.48521078786196
1549 0.485440423541419
1550 0.485649074644033
1551 0.485921689785609
1552 0.486132687146804
1553 0.486305520005783
1554 0.486467535866743
1555 0.486600480535817
1556 0.486742201849909
1557 0.486854523402976
1558 0.486996409176804
1559 0.487128435456052
1560 0.487316401441711
1561 0.487583777463463
1562 0.487781843430909
1563 0.488004483563014
1564 0.488178100607108
1565 0.488257786955739
1566 0.488386268186386
1567 0.488523379209988
1568 0.488661731407065
1569 0.488778204942209
1570 0.488955362238491
1571 0.489175363079934
1572 0.489390615694318
1573 0.489657796027153
1574 0.489907021620678
1575 0.490151887737014
1576 0.490376555142544
1577 0.490597871434433
1578 0.4908112546353
1579 0.491007664865796
1580 0.491188435304721
1581 0.491345597494407
1582 0.491522503649633
1583 0.491686133956665
1584 0.491860281818475
1585 0.492079308388441
1586 0.492263053268644
1587 0.492421179029134
1588 0.492581190675407
1589 0.492720422509159
1590 0.492866647715853
1591 0.49304879407173
1592 0.493178811140365
1593 0.493288039316317
1594 0.493372085192832
1595 0.493370681401248
1596 0.493416817743583
1597 0.493433055589732
1598 0.493522809754234
1599 0.493662000558292
1600 0.493860481889883
1601 0.494090481488826
1602 0.494312039449943
1603 0.494514030233519
1604 0.49468915698411
1605 0.49483978629826
1606 0.494962333092136
1607 0.495086058916109
1608 0.495175986133879
1609 0.495316669585531
1610 0.495470553564849
1611 0.495631783964811
1612 0.495798741863092
1613 0.496028989547621
1614 0.496287811979643
1615 0.496550984185863
1616 0.496879112130246
1617 0.497149032929985
1618 0.497402544332798
1619 0.497624417825955
1620 0.497836518035399
1621 0.498012114947849
1622 0.498148671613984
1623 0.498264440966366
1624 0.498343602258156
1625 0.498456541982046
1626 0.498531576473926
1627 0.498689476388354
1628 0.49890894228792
1629 0.499098703912241
1630 0.499329790419761
1631 0.499483302970695
1632 0.499599607088481
1633 0.499720046317943
1634 0.499796451390653
1635 0.499920744286318
1636 0.500042608629744
1637 0.500234660464894
1638 0.500462933022859
1639 0.500712127174761
1640 0.501037998745217
1641 0.501278264200295
1642 0.501507744699308
1643 0.501708681623198
1644 0.501862176856523
1645 0.50204762685646
1646 0.502235496580919
1647 0.502395467966641
1648 0.502557234739891
1649 0.502686409897916
1650 0.502760090096667
1651 0.502922203998836
1652 0.503092188177281
1653 0.503314258639696
1654 0.50362271151197
1655 0.503795793588515
1656 0.504020487576109
1657 0.504205772981123
1658 0.504383871127472
1659 0.504608702090668
1660 0.504786980350436
1661 0.504967008669826
1662 0.505186621432672
1663 0.505445370610133
1664 0.505714660340155
1665 0.505899068024637
1666 0.506088973188672
1667 0.506328187370216
1668 0.506519375739392
1669 0.506777367493021
1670 0.507074329000108
1671 0.5072708575957
1672 0.507442728937633
1673 0.507616582704677
1674 0.50778173127811
1675 0.507940904331825
1676 0.508166576291801
1677 0.508432862417469
1678 0.508669560521317
1679 0.508970599660925
1680 0.509262077093739
1681 0.509533287202714
1682 0.509832924715637
1683 0.510107843960322
1684 0.510388576423535
1685 0.510694543817322
1686 0.510994198124719
1687 0.511215940788954
1688 0.511413365286066
1689 0.511624675003266
1690 0.511782600974817
1691 0.511992974018722
1692 0.512278887394198
1693 0.512487335897217
1694 0.512681554869215
1695 0.512900175862084
1696 0.513075429162508
1697 0.51328989944507
1698 0.513525893921375
1699 0.51374044987654
1700 0.513949232822514
1701 0.51418686039117
1702 0.514342214420633
1703 0.514430097502962
1704 0.514547890652062
1705 0.514578227800265
1706 0.514682615593405
1707 0.514863708696202
1708 0.515010421272322
1709 0.515176149443286
1710 0.515350526571572
1711 0.515530045323491
1712 0.515697813977834
1713 0.515892337232337
1714 0.5160217262868
1715 0.51606485669364
1716 0.516182320089865
1717 0.516313405690855
1718 0.516421812523496
1719 0.516575653654322
1720 0.516713007960299
1721 0.516822848457971
1722 0.516912027757636
1723 0.516978652105585
1724 0.517060927786779
1725 0.517097247385573
1726 0.51721790651232
1727 0.517418131014504
1728 0.517587236183645
1729 0.517776282956425
1730 0.517932838905334
1731 0.518069537355349
1732 0.518227601723973
1733 0.518399432043939
1734 0.518536627431863
1735 0.518622096813948
1736 0.518812925037154
1737 0.519082821577387
1738 0.519218750143562
1739 0.519385625258205
1740 0.519396191289712
1741 0.519409031899642
1742 0.519529742568288
1743 0.519611373865658
1744 0.519790028322947
1745 0.519941958956829
1746 0.520059741461127
1747 0.520241896908063
1748 0.520328366889459
1749 0.520367968835206
1750 0.52045803830586
1751 0.520539389822822
1752 0.520683343572017
1753 0.520919679835404
1754 0.521211372239087
1755 0.521524883382239
1756 0.521788972777794
1757 0.522012877622801
1758 0.522141606228143
1759 0.522229795689457
1760 0.522369989755663
1761 0.522415617798134
1762 0.522453944545993
1763 0.522571662037661
1764 0.522628609621935
1765 0.522705221730369
1766 0.522780209512295
1767 0.52280393585352
1768 0.522890281390513
1769 0.523001462180468
1770 0.523114845919592
1771 0.523277394269307
1772 0.523395207291555
1773 0.523577402641462
1774 0.523843649411427
1775 0.524084197962466
1776 0.524368418946313
1777 0.524622250441135
1778 0.524882457243679
1779 0.52509269532284
1780 0.525271742547103
1781 0.525330531082247
1782 0.525347703260591
1783 0.525273336576928
1784 0.525206030056204
1785 0.525183701275161
1786 0.525205737348557
1787 0.525266139733026
1788 0.525366774141732
1789 0.525575144133827
1790 0.525856117886659
1791 0.526186725249222
1792 0.526613324852895
1793 0.527015961218684
1794 0.527367007384725
1795 0.527736559740869
1796 0.527955548964995
1797 0.528082819473928
1798 0.528279751315684
1799 0.528418859045589
1800 0.528625071140036
1801 0.530688159819414
1802 0.530778353218482
1803 0.530907210441442
1804 0.530985083278153
1805 0.531070784856876
1806 0.531088981404318
1807 0.53115585497747
1808 0.53127421344249
1809 0.531388088684169
1810 0.53153008910981
1811 0.531590192055348
1812 0.531632335234815
1813 0.531659073806068
1814 0.53181651649097
1815 0.532003875601048
1816 0.532099315211388
1817 0.532268527899376
1818 0.532307921040423
1819 0.532173201552754
1820 0.532095312032
1821 0.532104684084368
1822 0.532177142813686
1823 0.532182957500056
1824 0.532235004114818
1825 0.532383482870375
1826 0.532592414878072
1827 0.532751719897575
1828 0.533081638583608
1829 0.533223793297339
1830 0.533207069697096
1831 0.533255600193323
1832 0.53332211492385
1833 0.533245239033658
1834 0.533206579500414
1835 0.53318798824041
1836 0.533197631223188
1837 0.533188285293152
1838 0.533249252988676
1839 0.533404765965141
1840 0.533539813943669
1841 0.533487042020979
1842 0.533482299067739
1843 0.533542586061229
1844 0.5334679854475
1845 0.533540112172398
1846 0.533788243762778
1847 0.533975518794766
1848 0.534161386449089
1849 0.53437772332159
1850 0.534561203201579
1851 0.534566522819041
1852 0.534426921054656
1853 0.534354979447448
1854 0.534366866851171
1855 0.534385345272251
1856 0.534485041595112
1857 0.534503339432327
1858 0.53443415149764
1859 0.53425887488965
1860 0.534083558084003
1861 0.533897096511823
1862 0.533606107688706
1863 0.533218678355903
1864 0.532820984309189
1865 0.532276511955526
1866 0.531780058771919
1867 0.531406202911624
1868 0.531111529031263
1869 0.530837466782339
1870 0.53074265375805
1871 0.530647270403172
1872 0.530614699235583
1873 0.530566140114734
1874 0.530328900147852
1875 0.530095492561928
1876 0.529637093184232
1877 0.528992105668405
1878 0.528285515127931
1879 0.5274881856718
1880 0.526500199043984
1881 0.525437897371315
1882 0.524357731717736
1883 0.52322392920474
1884 0.522063060003354
1885 0.520891115674417
1886 0.519509600770484
1887 0.518006690783417
1888 0.516436363110611
1889 0.514748174285865
1890 0.51287402350243
1891 0.511108428348163
1892 0.509269854712213
1893 0.507220842761066
1894 0.505152811949724
1895 0.50290608797901
1896 0.500534926706958
1897 0.498149781416682
1898 0.495648909167122
1899 0.4932881395748
1900 0.490924945421041
1901 0.488686296996397
1902 0.486473182157964
1903 0.484516342949128
1904 0.482707180428867
1905 0.481052927325408
1906 0.479620333384162
1907 0.478457204747568
1908 0.477477951950136
1909 0.476788570201793
1910 0.476237392088346
1911 0.47593487696879
1912 0.475690036072687
1913 0.475618183152071
1914 0.475590573578832
1915 0.475652928899703
1916 0.475943750550683
1917 0.476265078183834
1918 0.476616119784498
1919 0.476960313669437
1920 0.477418017883492
1921 0.477945653635534
1922 0.478516600781637
1923 0.479139884793351
1924 0.479894951862336
1925 0.480631192724087
1926 0.481304022976099
1927 0.482077767004895
1928 0.48285530639952
1929 0.483575425579356
1930 0.484287652116191
1931 0.485040948020534
1932 0.485745773719825
1933 0.486387807114303
1934 0.487071266312852
1935 0.487794372075697
1936 0.488445717689347
1937 0.489014678197452
1938 0.489635357574208
1939 0.490205622117179
1940 0.490742862389362
1941 0.491414386803439
1942 0.492046468223145
1943 0.492634655523428
1944 0.493198851845922
1945 0.493752007615801
1946 0.494226799848466
1947 0.494795134725148
1948 0.495423144288389
1949 0.496004492393874
1950 0.496579972001892
1951 0.497151814812431
1952 0.497611830346118
1953 0.498119894097391
1954 0.498723704428742
1955 0.499463261479339
1956 0.500032283193487
1957 0.500623974470884
1958 0.501147918963604
1959 0.501535193573268
1960 0.501952915485315
1961 0.502480711871834
1962 0.50294891917597
1963 0.50334896327221
1964 0.503722977564762
1965 0.504051905961907
1966 0.50443153098956
1967 0.504854071234587
1968 0.50541404843942
1969 0.505814698599781
1970 0.506078479164728
1971 0.506518566497013
1972 0.506977605604634
1973 0.507426294805469
1974 0.508056637033857
1975 0.508725895476211
1976 0.509337035762323
1977 0.509897078034972
1978 0.510388185058231
1979 0.510807609656634
1980 0.511273280617452
1981 0.511663279913887
1982 0.512112114941589
1983 0.512641246638934
1984 0.513126158180335
1985 0.513578382396123
1986 0.514045175697173
1987 0.514525206276198
1988 0.515012179414287
1989 0.51547604202958
1990 0.515921586452342
1991 0.516412880868826
1992 0.51696029018735
1993 0.517430814381231
1994 0.517907083714406
1995 0.518343186954416
1996 0.518718812622004
1997 0.519088460511198
1998 0.519417489960773
1999 0.519768306730415
2000 0.520190544203981
2001 0.520547881483764
2002 0.520958133580371
2003 0.521487867601706
2004 0.521859295165311
2005 0.522131662838193
2006 0.522465262523747
2007 0.52274725534567
2008 0.52308408699057
2009 0.523502301262841
2010 0.523841429352041
2011 0.524170355711792
2012 0.524458993960134
2013 0.524686315101919
2014 0.524940390564794
2015 0.52516704204305
2016 0.525314689920107
2017 0.525617696702288
2018 0.525992883977719
2019 0.526337619861639
2020 0.526802427507538
2021 0.527158972461219
2022 0.527419193706624
2023 0.527718471804086
2024 0.527971494286788
2025 0.528293686369827
2026 0.528740801333002
2027 0.529131742125101
2028 0.529622534554918
2029 0.530128889340117
2030 0.530507193065223
2031 0.53079369612705
2032 0.53107923007029
2033 0.531228916731327
2034 0.53151420081957
2035 0.531869537202005
2036 0.532182242984525
2037 0.532555748399044
2038 0.532882093109389
2039 0.533224363107426
2040 0.533424911815414
2041 0.533544254440133
2042 0.533742980408333
2043 0.533865876291468
2044 0.533870171579007
2045 0.53392599061297
2046 0.533952183639785
2047 0.534064351467636
2048 0.534171869813919
2049 0.534374365435988
2050 0.534712623844207
2051 0.535021090068261
2052 0.53542641215178
2053 0.535701719431684
2054 0.535931857922711
2055 0.536137064826659
2056 0.536309145796881
2057 0.536353754512156
2058 0.536542578686629
2059 0.536795772781894
2060 0.537007233206723
2061 0.53723526103962
2062 0.5374681784031
2063 0.537705624650635
2064 0.53792071458159
2065 0.538199661916286
2066 0.538384282920915
2067 0.538487838433395
2068 0.538568416870671
2069 0.538716755115642
2070 0.538758048823526
2071 0.538868922364582
2072 0.539034196350958
2073 0.539160960927449
2074 0.539291639341274
2075 0.539374183389877
2076 0.539390676690558
2077 0.539476585599852
2078 0.539566948559379
2079 0.539664502080591
2080 0.539829782328954
2081 0.539942633555386
2082 0.539989420341472
2083 0.540075320522259
2084 0.540141307990035
2085 0.5403226314158
2086 0.540372714036729
2087 0.540380843558282
2088 0.540426097454824
2089 0.540420610576367
2090 0.540458355129158
2091 0.540536776449509
2092 0.540611184189781
2093 0.540731157977281
2094 0.540745364901485
2095 0.540659028293418
2096 0.540717479783226
2097 0.540747453107281
2098 0.540823804804623
2099 0.540994683089046
2100 0.541263460701634
2101 0.54146779721133
2102 0.54160248891697
2103 0.541836402542398
2104 0.542168248457966
2105 0.54240988521696
2106 0.542706416621491
2107 0.542846030083129
2108 0.542731595846524
2109 0.542903283133251
2110 0.543133286204045
2111 0.543388952547903
2112 0.543918116819024
2113 0.544268254526775
2114 0.544485140982613
2115 0.544722270824916
2116 0.544937325785376
2117 0.54511718809801
2118 0.545344629269887
2119 0.545640386834395
2120 0.545804628503669
2121 0.545954632950278
2122 0.546040411350434
2123 0.545978531388381
2124 0.546013750150516
2125 0.54602401995019
2126 0.54613640856335
2127 0.546363112227838
2128 0.546506313724407
2129 0.546645855550069
2130 0.546822602869469
2131 0.54692081523789
2132 0.54711254349512
2133 0.547392033623499
2134 0.547763071708241
2135 0.548033598532181
2136 0.548150537436714
2137 0.54820639864514
2138 0.548148354113772
2139 0.548010482814916
2140 0.547729115320527
2141 0.547549560131734
2142 0.547216542996583
2143 0.547107184561842
2144 0.547285489593622
2145 0.547182404889856
2146 0.547029157300831
2147 0.546868195022347
2148 0.546556191144542
2149 0.546270214513791
2150 0.546139751400652
2151 0.545794413635209
2152 0.545340455449836
2153 0.544700821616246
2154 0.544094502401569
2155 0.5434775151868
2156 0.542897855020776
2157 0.542298400786493
2158 0.541890538558489
2159 0.541629847639448
2160 0.541213479496009
2161 0.540904696535556
2162 0.540478216887115
2163 0.539916652544902
2164 0.539326634834923
2165 0.538629289757394
2166 0.538092608704581
2167 0.537539449841897
2168 0.53700926796701
2169 0.536737602384759
2170 0.536266313724008
2171 0.535622693719488
2172 0.535007846838059
2173 0.534286684121657
2174 0.533608483600723
2175 0.533077258958138
2176 0.53266585515219
2177 0.532117782494579
2178 0.531674185021248
2179 0.531079441488799
2180 0.53032704949554
2181 0.529606516700248
2182 0.52889216513709
2183 0.52810149792515
2184 0.527188659555125
2185 0.526369269314983
2186 0.525509231325636
2187 0.524736192833241
2188 0.524124933096042
2189 0.52335767389113
2190 0.522482049347082
2191 0.521720894761068
2192 0.520900187313778
2193 0.520154637043391
2194 0.519567408215943
2195 0.518995788965962
2196 0.518247174699892
2197 0.517443974419216
2198 0.516705078916886
2199 0.515927407463058
2200 0.515149686502408
2201 0.51440135535391
2202 0.513669283824484
2203 0.512804020311878
2204 0.512196406702732
2205 0.511699934372854
2206 0.511365722114916
2207 0.51115754403004
2208 0.511105638890385
2209 0.51116443279865
2210 0.511483688346047
2211 0.512108879279938
2212 0.512754817877871
2213 0.513661642330334
2214 0.514487887389954
2215 0.51538638870006
2216 0.516232473728902
2217 0.517050980404436
2218 0.517935702439293
2219 0.518803767007894
2220 0.519273948266916
2221 0.519894723037727
2222 0.5204032957733
2223 0.521032587412894
2224 0.521716972434529
2225 0.522373302257485
2226 0.523183141673107
2227 0.523696286074599
2228 0.524135630073094
2229 0.524342768834274
2230 0.524173397470846
2231 0.524232714238854
2232 0.524274220802839
2233 0.524228993937994
2234 0.524157561472207
2235 0.524158577715847
2236 0.523972326789793
2237 0.524081839724874
2238 0.524596455827007
2239 0.524843309561755
2240 0.525034294324251
2241 0.525244632387921
2242 0.52535612915532
2243 0.525460823325446
2244 0.525454644850196
2245 0.525770141516698
2246 0.525901926904632
2247 0.526054460424478
2248 0.5266232246088
2249 0.526980696848556
2250 0.52720488061126
2251 0.527434612627746
2252 0.527500288573181
2253 0.527118136886999
2254 0.527352055115548
2255 0.52799485566515
2256 0.52815345230099
2257 0.528354639241083
2258 0.528478235205277
2259 0.528099272803254
2260 0.528200588156177
2261 0.528734503589392
2262 0.529024126321647
2263 0.529382299673501
2264 0.52953497555548
2265 0.529423696932906
2266 0.529542357302059
2267 0.529725430115124
2268 0.529850224533751
2269 0.530065331009776
2270 0.530196268321653
2271 0.530173285342066
2272 0.530188912806625
2273 0.530273642471496
2274 0.530343624838352
2275 0.530347674606222
2276 0.530401818157317
2277 0.530348557291501
2278 0.530570430974314
2279 0.53096554626593
2280 0.531041103118445
2281 0.531153933458692
2282 0.531487946496852
2283 0.531627747120886
2284 0.531459807481716
2285 0.531105325645995
2286 0.530304051268474
2287 0.530093651692465
2288 0.529883085817842
2289 0.529872600389609
2290 0.530396874678254
2291 0.530535934000701
2292 0.530501078831088
2293 0.530504066054656
2294 0.530542051473686
2295 0.530496830507314
2296 0.530402701244707
2297 0.530159888848693
2298 0.529778120000769
2299 0.529443820321774
2300 0.528762337061494
2301 0.528645715272998
2302 0.529016527987174
2303 0.529053558860631
2304 0.529259709725347
2305 0.529350183742493
2306 0.529060018653581
2307 0.529065529056142
2308 0.529475260513195
2309 0.529534909144318
2310 0.529570185301314
2311 0.529391879434172
2312 0.528752754535908
2313 0.528355261263374
2314 0.527953555631532
2315 0.527573531214207
2316 0.527485703319574
2317 0.527140917872985
2318 0.526430942084483
2319 0.525994797319367
2320 0.525455981478201
2321 0.525048234650139
2322 0.525574046529845
2323 0.526249301026209
2324 0.526750216443124
2325 0.52692554123603
2326 0.526475744346497
2327 0.526189218649182
2328 0.526177695163657
2329 0.526563552460832
2330 0.526763737714638
2331 0.526479428160523
2332 0.526252017178134
2333 0.526373172898273
2334 0.526947801611874
2335 0.527191820367735
2336 0.526808727277971
2337 0.525760041711703
2338 0.525430371475752
2339 0.524895786219788
2340 0.52453777880569
2341 0.52476907514946
2342 0.524607627510599
2343 0.524102633519299
2344 0.523644222385288
2345 0.523354000080527
2346 0.522958464920335
2347 0.521966034129528
2348 0.521777543244298
2349 0.522458324029578
2350 0.522240710658271
2351 0.521930414901186
2352 0.521587062309338
2353 0.520488182456581
2354 0.5199732757064
2355 0.519837398500634
2356 0.519895082358871
2357 0.520079103975333
2358 0.520376379885793
2359 0.521200668992878
2360 0.521482589190593
2361 0.521665491691055
2362 0.521583146559802
2363 0.521285350240842
2364 0.520766430626057
2365 0.51980889180676
2366 0.519325368202781
2367 0.518649275789482
2368 0.518309211058011
2369 0.518277415603064
2370 0.518179949855329
2371 0.518531122234294
2372 0.518418609152762
2373 0.518144775253058
2374 0.517946506519844
2375 0.517341612897522
2376 0.517024534417673
2377 0.517048133202018
2378 0.51675353108735
2379 0.516105343843123
2380 0.515875598589722
2381 0.5156114863476
2382 0.51592964498164
2383 0.51735374455039
2384 0.517639131955819
2385 0.517850407816349
2386 0.517518951135143
2387 0.515725812444446
2388 0.514995416352965
2389 0.514423320824587
2390 0.514142020941608
2391 0.514679698184577
2392 0.514894224900681
2393 0.515213875986215
2394 0.515291190068155
2395 0.515037044582493
2396 0.515103112873517
2397 0.515946341777848
2398 0.515189919291191
2399 0.513197624869971
2400 0.512111843967247
2401 0.509937883729563
2402 0.50915591314179
2403 0.510019808649514
2404 0.510429487499685
2405 0.511294870528112
2406 0.511181071788332
2407 0.510916148665964
2408 0.510497733965648
2409 0.508929402484816
2410 0.508366862501819
2411 0.50860901135019
2412 0.508218397239591
2413 0.507249803890009
2414 0.507444444851677
2415 0.50862517752753
2416 0.508356919311185
2417 0.508448079137015
2418 0.507617413512829
2419 0.504243237157972
2420 0.503547322452786
2421 0.504543111154544
2422 0.504417157265214
2423 0.505760615263687
2424 0.504465093777834
2425 0.500401762780527
2426 0.498469395984421
2427 0.495894136231623
2428 0.494681844210472
2429 0.495605475989126
2430 0.495152604579334
2431 0.493928743822025
2432 0.494395749008492
2433 0.495364065193507
2434 0.496118478172866
2435 0.498671673133026
2436 0.498564224423165
2437 0.496944656670203
2438 0.495626773864887
2439 0.492989113722537
2440 0.491496406211722
2441 0.489964622680523
2442 0.489834143578778
2443 0.49118943424788
2444 0.492271769552342
2445 0.492098173173151
2446 0.492078540701319
2447 0.49020744270491
2448 0.488066606660367
2449 0.486034377736582
2450 0.483757820274464
2451 0.483618377929015
2452 0.484269040354585
2453 0.486058022503014
2454 0.487707464703587
2455 0.48591721013824
2456 0.484792234358225
2457 0.485237363001728
2458 0.483937061710176
2459 0.484214877624464
2460 0.484566619879846
2461 0.48243559523743
2462 0.48285745747773
2463 0.483697147851454
2464 0.48267949059863
2465 0.482131107529608
2466 0.48086055711001
2467 0.479373542066991
2468 0.477584195409324
2469 0.477208750517391
2470 0.477383433609644
2471 0.47671817339624
2472 0.477680190831299
2473 0.477397596590845
2474 0.474630980635409
2475 0.473343383573504
2476 0.472952095399509
2477 0.471606532133033
2478 0.469577848521495
2479 0.468894263088826
2480 0.468449526311792
2481 0.468673868695392
2482 0.470927618888785
2483 0.471501199541496
2484 0.47060482284578
2485 0.471208464713037
2486 0.472602051284457
2487 0.472029296438235
2488 0.472233111884465
2489 0.470575680723667
2490 0.465573080280136
2491 0.465399847439551
2492 0.464027148008311
2493 0.465651749769388
2494 0.466356106654388
2495 0.466825290223573
2496 0.467059963502948
2497 0.465662232563003
2498 0.465737305351866
2499 0.464761865772246
2500 0.466220747153048
