"Wavelength" "M097a_m5-w3"
350 0.0678160731320466
351 0.0680777909966809
352 0.0626995864917616
353 0.0587810806760984
354 0.0633863733895963
355 0.0639873376572906
356 0.0683594779492386
357 0.0726226528192027
358 0.064882803867437
359 0.0686413969712258
360 0.0679723175195222
361 0.0589237838242732
362 0.0691924655796259
363 0.0713608640348807
364 0.0676233548765399
365 0.0655478751740313
366 0.0596833046998684
367 0.0606240032586437
368 0.0662350835066627
369 0.0675388865563559
370 0.0686449589132119
371 0.0687603612839965
372 0.0671885868921783
373 0.0639645815296132
374 0.0667991267652846
375 0.0694914616682333
376 0.0668554376570795
377 0.0637181728613451
378 0.0658553379878571
379 0.0688714103798373
380 0.0663375876242659
381 0.0665603824420439
382 0.0664888064578744
383 0.0661837988254523
384 0.0688923465981864
385 0.0687289387181945
386 0.0683825827194039
387 0.0691863564388832
388 0.0660314870380238
389 0.0659043547779019
390 0.0670586772902648
391 0.0662412352438557
392 0.0678115109851954
393 0.0702010471611495
394 0.0711072157808602
395 0.068558368955161
396 0.0693331568641984
397 0.0703246528929807
398 0.0694113812979555
399 0.0688639914333954
400 0.0696300867001779
401 0.0705285013877379
402 0.0701382482062564
403 0.068996017123195
404 0.0695657621241289
405 0.0710650158227051
406 0.0705195193657526
407 0.0700096468184733
408 0.0700382505425339
409 0.070631156753714
410 0.0715972870059523
411 0.0710849761028573
412 0.07048342054233
413 0.0713734727441329
414 0.0711881883535482
415 0.0711900749651458
416 0.0718008746545634
417 0.0725628619382658
418 0.0723872526302631
419 0.0720130124340178
420 0.0720561994207697
421 0.0722075328434825
422 0.0728530967080721
423 0.0735870145314408
424 0.0738513198161534
425 0.0739104067038197
426 0.0738844278162422
427 0.0737892816431056
428 0.0735656916039399
429 0.0737579104967215
430 0.0744476032457069
431 0.0753208222941486
432 0.0753485721046779
433 0.0752912812408136
434 0.0753137625703526
435 0.0753519104898367
436 0.0757025225158024
437 0.0759965323092582
438 0.0760577225393659
439 0.0760142635543369
440 0.0764675947914201
441 0.0768287012019613
442 0.0766006826494011
443 0.0764737521590211
444 0.0769925734892732
445 0.077766443235755
446 0.077918259511785
447 0.0779300775482405
448 0.078114288012427
449 0.0784314517367974
450 0.0782526500460584
451 0.078866238714932
452 0.0793538868458654
453 0.0787303611916708
454 0.0789022523670736
455 0.0792578623893826
456 0.0794859361248155
457 0.0796267292806475
458 0.0799159947160982
459 0.0801754686148882
460 0.0802447007451629
461 0.0801022757514285
462 0.0805054173064211
463 0.0808972716944248
464 0.0804428327482083
465 0.0804909406669017
466 0.0810421846694435
467 0.0816002493234247
468 0.0812252926973331
469 0.0814049030921679
470 0.0818182669804893
471 0.081930976148625
472 0.0821154333721611
473 0.0821989148370976
474 0.0822530993285634
475 0.0824794484197822
476 0.0825834363837212
477 0.082675352804644
478 0.0828301522933909
479 0.0829547513954437
480 0.0829608256625189
481 0.0831510907347053
482 0.0837537120699555
483 0.0837709040385474
484 0.083866235216047
485 0.0842651374332685
486 0.0846129904432066
487 0.0847477452784421
488 0.084922330827803
489 0.0852786434320901
490 0.0852835687301051
491 0.0854085417288413
492 0.0856720462235337
493 0.0858299460343714
494 0.0860209942247858
495 0.0861719640800427
496 0.0863056167018183
497 0.0866762964943515
498 0.0870427892682243
499 0.0873233691861933
500 0.0874974488420669
501 0.0875293127112945
502 0.0876722779186811
503 0.0879823832890697
504 0.0882913168654368
505 0.0885917206387156
506 0.0888794335644047
507 0.0891526409233498
508 0.0894108203274446
509 0.0895294204174909
510 0.0896679364694868
511 0.0901156284871524
512 0.0904511729635036
513 0.0907476269282999
514 0.0910601966531911
515 0.0912632974309096
516 0.091436618547787
517 0.0916456682724992
518 0.0919373842002287
519 0.0922761122645681
520 0.0925965690377945
521 0.0928528593824575
522 0.0930227299802046
523 0.0932328971474382
524 0.0934957890623571
525 0.093792873381699
526 0.0941261087156708
527 0.0944600907196902
528 0.0947497813788364
529 0.0949540123050499
530 0.0951731146222742
531 0.0954939409224797
532 0.0959139858628219
533 0.0962542223194408
534 0.0964530193068769
535 0.0966632390495302
536 0.0970766092180362
537 0.0972964194265241
538 0.0975391562313968
539 0.0979064814854493
540 0.0982406017664587
541 0.098540121240699
542 0.0988342270062763
543 0.0991564806356264
544 0.0994901765793542
545 0.0998100337700165
546 0.10011235106973
547 0.100415151700374
548 0.100695365818201
549 0.101024781978323
550 0.101450138933389
551 0.101896947943436
552 0.102266204832023
553 0.10258318050912
554 0.102954021736183
555 0.103370051805281
556 0.10374038131692
557 0.104039390505724
558 0.104403953714466
559 0.104752966521493
560 0.105097311224244
561 0.105464847058524
562 0.105746368394505
563 0.106078495337923
564 0.106459017300132
565 0.106670410517156
566 0.10691920421338
567 0.107181348937722
568 0.107404671914832
569 0.1077019307271
570 0.108021393850709
571 0.108367465209162
572 0.108793584738484
573 0.10914379500813
574 0.109489556790931
575 0.109881257878591
576 0.110167442545162
577 0.110396771875223
578 0.110616888396524
579 0.110873792897224
580 0.111164212236404
581 0.111454253120486
582 0.111724185179327
583 0.111988893617464
584 0.112232818924343
585 0.112498337316914
586 0.112826800640003
587 0.113120457814994
588 0.113422007520696
589 0.113732420447361
590 0.113990053424898
591 0.114219787547888
592 0.114486770906255
593 0.114821913337408
594 0.115082013426706
595 0.115380085618877
596 0.11569424491616
597 0.115898205338714
598 0.116124104915028
599 0.116399568457962
600 0.116704499629933
601 0.116951801648936
602 0.117164526403365
603 0.117383826708965
604 0.117655534714743
605 0.117959102496983
606 0.118241839887024
607 0.118474131213568
608 0.118658169180901
609 0.118953959108624
610 0.119289802257805
611 0.119537544673122
612 0.119743735217053
613 0.120003221664359
614 0.120326188057836
615 0.120626511993882
616 0.120904263574205
617 0.121166385118579
618 0.121424062101353
619 0.12168382936657
620 0.121971399900943
621 0.122273444460852
622 0.122550497689391
623 0.122821856848059
624 0.123131312304575
625 0.123472148776893
626 0.123708568090235
627 0.123923218834003
628 0.124191038021908
629 0.12455723048151
630 0.124856093385872
631 0.125135173479172
632 0.125429293750079
633 0.125720008296037
634 0.125998059787731
635 0.126259680131708
636 0.12651693295952
637 0.126836564846983
638 0.127174426627598
639 0.127496292034389
640 0.127784730850285
641 0.128069422818099
642 0.128358645080362
643 0.128662965066927
644 0.129026510197725
645 0.129347036253559
646 0.129627722357795
647 0.129932816930854
648 0.130206632740085
649 0.130521715749872
650 0.130894613301162
651 0.13120261399481
652 0.131493988435998
653 0.13179016218755
654 0.132102668972086
655 0.132426374265832
656 0.132742869550813
657 0.133064583240907
658 0.133441934804103
659 0.133715825445793
660 0.133993416043241
661 0.134375881366609
662 0.134681436986691
663 0.135003006991611
664 0.135361751824334
665 0.135719134115059
666 0.136042408452404
667 0.136375689444602
668 0.136744832701814
669 0.137110223267569
670 0.137422033080716
671 0.137715513208922
672 0.138052440394128
673 0.13835712077377
674 0.138714178045262
675 0.139119292944215
676 0.139426774862126
677 0.139759976988933
678 0.140099712785867
679 0.140411630287228
680 0.140762330714873
681 0.141151899916114
682 0.141557525242556
683 0.141940953416872
684 0.142309773686472
685 0.142659346491371
686 0.142994970149717
687 0.143350518101329
688 0.143692426284647
689 0.144041159385192
690 0.144433522215541
691 0.144832730730791
692 0.145217027927942
693 0.145567346398014
694 0.145862627432769
695 0.146284763073183
696 0.146705797960992
697 0.146992893259579
698 0.147385219792335
699 0.147792570903503
700 0.148164205648903
701 0.148496070575515
702 0.148885856779123
703 0.149304763672098
704 0.149712080861642
705 0.150090599417353
706 0.150498356748029
707 0.150922439881674
708 0.151322876048687
709 0.151721743749243
710 0.15210424981699
711 0.152479722467049
712 0.152890210378623
713 0.153338131343868
714 0.153785413977459
715 0.154192225823949
716 0.15454870066571
717 0.154951399847171
718 0.155388392455183
719 0.155778434044306
720 0.156219863053431
721 0.156650636060674
722 0.15704258674823
723 0.157481601410858
724 0.157894640534276
725 0.158296600197609
726 0.158718748528475
727 0.159101693580144
728 0.159491028855119
729 0.1599195629915
730 0.160395788976615
731 0.160802435277422
732 0.16120931346241
733 0.16166604816708
734 0.16204545737138
735 0.162471694377082
736 0.162933299027595
737 0.16335799382048
738 0.163787156982057
739 0.164176256353654
740 0.164541387414569
741 0.164991269997034
742 0.165450833412019
743 0.165885934298753
744 0.166285323353533
745 0.166670941761699
746 0.167120089021445
747 0.167602785095975
748 0.168026435907816
749 0.168486473761004
750 0.168902417062876
751 0.169268953716047
752 0.169753870881479
753 0.170221582271378
754 0.170640609758056
755 0.171019603465081
756 0.171381647665759
757 0.171784471521049
758 0.172220527186302
759 0.172633183395623
760 0.173086578410263
761 0.173560253958249
762 0.174027417543226
763 0.174484495863294
764 0.17486578156517
765 0.175255989119439
766 0.175752473199352
767 0.176223969071429
768 0.1766351904278
769 0.177030273848217
770 0.177512514924349
771 0.177974874587616
772 0.178448867608323
773 0.178938441716614
774 0.179328829812869
775 0.179682475829686
776 0.180071184166202
777 0.180542859606698
778 0.18098030369692
779 0.181445627075211
780 0.181929854595592
781 0.182354788400597
782 0.182762156951678
783 0.18320551710321
784 0.1836986022846
785 0.184171231446836
786 0.184563020232293
787 0.184934052467144
788 0.185367973834889
789 0.185802799453349
790 0.186233063039833
791 0.18665383369025
792 0.187061478238831
793 0.18746441293176
794 0.187884732079029
795 0.188340277691202
796 0.18884103029804
797 0.189314722433138
798 0.189739304278242
799 0.190134779018212
800 0.190607038456105
801 0.191052505987008
802 0.191455224711433
803 0.191871825503265
804 0.192319401804426
805 0.192760974958133
806 0.193176633989217
807 0.193585993538561
808 0.194024552889178
809 0.194488922799323
810 0.194952948505501
811 0.195364264103108
812 0.195791516585014
813 0.196233494749433
814 0.196655068103935
815 0.197095598775041
816 0.197568723244487
817 0.198038305384913
818 0.19841686350836
819 0.198821286663637
820 0.199233318498273
821 0.199626953377965
822 0.200026446140134
823 0.200443654165954
824 0.200903908243261
825 0.201408595440958
826 0.201834566582959
827 0.20219912377772
828 0.202581167683776
829 0.203081896069022
830 0.203563345759787
831 0.20398687597553
832 0.204359469542832
833 0.204732672260499
834 0.205134049423993
835 0.205523585288968
836 0.205874109900781
837 0.206248461122549
838 0.206715293193038
839 0.207253284531805
840 0.207773179183297
841 0.208098101950063
842 0.208506462816214
843 0.209008571055894
844 0.209365210077015
845 0.209772476181898
846 0.210175720460718
847 0.210558004740688
848 0.211024846927529
849 0.21146157839413
850 0.211860867140915
851 0.212251834576731
852 0.212682830372039
853 0.21306720597913
854 0.213427739584153
855 0.21383895619215
856 0.214360875716309
857 0.214813086738306
858 0.215171475729399
859 0.215548850877858
860 0.215907737401981
861 0.216321348291326
862 0.21681206524741
863 0.21731421573561
864 0.217731463646603
865 0.218045022181354
866 0.218321472644566
867 0.218774795090275
868 0.219212196017991
869 0.21960162278256
870 0.219991935265123
871 0.220519492445537
872 0.221011148120528
873 0.221415796900444
874 0.221780728288164
875 0.222227281588942
876 0.222647533034895
877 0.222989391332454
878 0.22328740510601
879 0.223680868898494
880 0.224149434522525
881 0.22460421325627
882 0.224909144478434
883 0.225335384813387
884 0.225787719218936
885 0.22617090615139
886 0.226606074755376
887 0.227023445363673
888 0.227426659278999
889 0.227841626386858
890 0.228297063023048
891 0.228652064930947
892 0.228965531577769
893 0.229357908965909
894 0.22967657318338
895 0.230098072321279
896 0.230572890486636
897 0.230915864630449
898 0.231384132996139
899 0.231923439512973
900 0.232398358697035
901 0.232661064027514
902 0.233008185957039
903 0.233463973768046
904 0.233947811252592
905 0.234307488407777
906 0.234698600522439
907 0.235066673103524
908 0.235392010273797
909 0.235822195348074
910 0.236258454884799
911 0.236673989992646
912 0.237063066317945
913 0.237408371325679
914 0.237825480080842
915 0.238288573590505
916 0.23872793109365
917 0.239138727148517
918 0.239555573307054
919 0.239962918954354
920 0.240330255484108
921 0.240684194330685
922 0.241098917959732
923 0.24153565857714
924 0.241904372354739
925 0.24230793568063
926 0.242653950804234
927 0.242972573735858
928 0.243388961264599
929 0.243855560906222
930 0.244279147626268
931 0.244625657859883
932 0.244941660811411
933 0.245378302728705
934 0.245855082501589
935 0.246303918034851
936 0.246717555046829
937 0.247053350117739
938 0.2473573774728
939 0.24773499794426
940 0.248321419203483
941 0.248772060292722
942 0.249079983517748
943 0.249364353511191
944 0.249807707789952
945 0.250269047194906
946 0.250609318697706
947 0.250846743639051
948 0.251262043377752
949 0.251630236967341
950 0.252037958457806
951 0.252521390688209
952 0.252877434732425
953 0.253226242854169
954 0.253598277853868
955 0.253999839128822
956 0.254434478654062
957 0.254786034631142
958 0.255136677253427
959 0.255557868916051
960 0.255964019393411
961 0.256369494618016
962 0.256806447005378
963 0.257249741255251
964 0.257534613937187
965 0.257782129624356
966 0.258187786261089
967 0.258792799632971
968 0.259260292525932
969 0.25951314845317
970 0.259776855903519
971 0.260202305933128
972 0.260541263103289
973 0.260959427318051
974 0.261440149913489
975 0.261884989551283
976 0.262145613057282
977 0.262336976226134
978 0.262636564957391
979 0.263103663620584
980 0.263535699180849
981 0.263913211117825
982 0.264316566193531
983 0.2647664784644
984 0.265125540598334
985 0.265496956647369
986 0.265867707592496
987 0.266204672646845
988 0.266489718995947
989 0.266766536344965
990 0.267130973203891
991 0.267595975349764
992 0.268045862909771
993 0.268442430758756
994 0.268738505560308
995 0.269005069080304
996 0.269407153966762
997 0.269585942640928
998 0.269958607131518
999 0.270548976734281
1000 0.270916072859538
1001 0.268783663346297
1002 0.269157518771348
1003 0.269549058383461
1004 0.269938135480878
1005 0.270435415767764
1006 0.270811074060341
1007 0.271125922313097
1008 0.271395150715149
1009 0.271645958722146
1010 0.271951378466199
1011 0.272270701624931
1012 0.272650913814272
1013 0.273098192943342
1014 0.273449287456496
1015 0.273780495983912
1016 0.274079295369363
1017 0.274368768479589
1018 0.274611848860629
1019 0.274894819461412
1020 0.275153752392505
1021 0.275490640236349
1022 0.275883046696166
1023 0.276235287918508
1024 0.276597265751083
1025 0.276934605357486
1026 0.277270475377155
1027 0.277562583735894
1028 0.277845447789503
1029 0.278196511792113
1030 0.278547829824601
1031 0.278893530838143
1032 0.279217349803562
1033 0.279541228819123
1034 0.279865470919765
1035 0.280156030825068
1036 0.280467471605259
1037 0.280822709273964
1038 0.281147552292728
1039 0.281398051994957
1040 0.281678895921732
1041 0.281979313442888
1042 0.282265839390872
1043 0.28265894514426
1044 0.283046852996223
1045 0.283376963478424
1046 0.28376319475609
1047 0.284124202919636
1048 0.284457822187985
1049 0.284785470640153
1050 0.285191099893247
1051 0.28551004321186
1052 0.285777090750675
1053 0.286073984527756
1054 0.286349959463862
1055 0.286702989711235
1056 0.287093446486521
1057 0.287448051775606
1058 0.287775834994936
1059 0.288102786208971
1060 0.288420331638106
1061 0.2886716473464
1062 0.288946904152385
1063 0.28921334791034
1064 0.28947159625414
1065 0.289749584872446
1066 0.290121180316223
1067 0.290486216580316
1068 0.29079632534265
1069 0.291121661815339
1070 0.29138728078723
1071 0.291591162518821
1072 0.291845252551064
1073 0.292054005627546
1074 0.29229290052977
1075 0.292641569861733
1076 0.292934506790584
1077 0.293211960387539
1078 0.293494924017485
1079 0.293778344675421
1080 0.294050337735117
1081 0.294394758976962
1082 0.294697952603507
1083 0.295005654147186
1084 0.295310092884927
1085 0.2955245241337
1086 0.295785512676999
1087 0.296056106450898
1088 0.296289651278487
1089 0.296559750576782
1090 0.29686826807586
1091 0.297157027704409
1092 0.297472233717001
1093 0.297733102078586
1094 0.297964557089733
1095 0.298168891478096
1096 0.298414849153172
1097 0.298684795577605
1098 0.298979705153125
1099 0.299272828053518
1100 0.299521419076866
1101 0.299748126568199
1102 0.299964074135098
1103 0.300224570414241
1104 0.300485174599567
1105 0.300725470604961
1106 0.30096900320256
1107 0.301215032503567
1108 0.301436721149928
1109 0.301627195665285
1110 0.301873171253175
1111 0.302108373164741
1112 0.302377406969618
1113 0.302689924449387
1114 0.30295665221777
1115 0.303225546030813
1116 0.303506424123503
1117 0.30376841729929
1118 0.304049010647117
1119 0.304320868250158
1120 0.304566022799937
1121 0.304829579748895
1122 0.305101820503888
1123 0.305355010367504
1124 0.30560848656201
1125 0.305863873963989
1126 0.306117734805899
1127 0.306346360084116
1128 0.30655291518495
1129 0.306789776169438
1130 0.307024334083381
1131 0.307266608110144
1132 0.307573588792312
1133 0.307883834633614
1134 0.308177087597775
1135 0.308468409447519
1136 0.30873840623518
1137 0.308969558822783
1138 0.309233000059364
1139 0.309530254642374
1140 0.309777146109426
1141 0.310000122963209
1142 0.310251598362088
1143 0.310503223654618
1144 0.310700105406785
1145 0.310941261395481
1146 0.311209962987815
1147 0.311458636282491
1148 0.311710340604307
1149 0.311956635490396
1150 0.312226601836901
1151 0.312510384704741
1152 0.312762700265534
1153 0.312998163251963
1154 0.31323371559989
1155 0.313457407187966
1156 0.313630233982265
1157 0.313849533908121
1158 0.314097250170156
1159 0.314338414313458
1160 0.314589870100955
1161 0.314836373446565
1162 0.315076993336008
1163 0.315299650850004
1164 0.315533753647676
1165 0.315798612741571
1166 0.316022585471413
1167 0.316257472694095
1168 0.316529686316334
1169 0.316777509333476
1170 0.317040032938977
1171 0.31736846633291
1172 0.317610964028031
1173 0.31779741738
1174 0.318002293691342
1175 0.31815029001295
1176 0.318357363364944
1177 0.318606085317935
1178 0.318845866107424
1179 0.319080503367478
1180 0.319371985358702
1181 0.319675764970915
1182 0.319908130666578
1183 0.32014110444726
1184 0.320364845187554
1185 0.320530161781738
1186 0.320701270092409
1187 0.320906382466277
1188 0.321134516001106
1189 0.321347369611186
1190 0.321598133154233
1191 0.321803482418003
1192 0.321975511793143
1193 0.32215273128514
1194 0.322296306770072
1195 0.322465477243303
1196 0.322638925578672
1197 0.322829336558123
1198 0.323038795202644
1199 0.323269755478157
1200 0.323470926017247
1201 0.323639584207548
1202 0.323789540950755
1203 0.323953047828992
1204 0.324133010096082
1205 0.324332000672867
1206 0.324528303773364
1207 0.324734926159069
1208 0.324932778356361
1209 0.325142767858058
1210 0.325324970924318
1211 0.325503291175234
1212 0.325664975563844
1213 0.325781249918516
1214 0.32593068838309
1215 0.326100123130955
1216 0.32624669430421
1217 0.326376217468984
1218 0.32653549320015
1219 0.326712212173227
1220 0.326866841926746
1221 0.327029031881847
1222 0.327218043471239
1223 0.327391964684284
1224 0.327532236904953
1225 0.327718519493846
1226 0.327944506266115
1227 0.328142877486057
1228 0.328345163385818
1229 0.328540127337542
1230 0.328730735187048
1231 0.32891208970898
1232 0.329090324567853
1233 0.329262044890109
1234 0.329413399876301
1235 0.329573571591113
1236 0.3297434307828
1237 0.329899607596698
1238 0.330046283696339
1239 0.330207047979251
1240 0.330369655057909
1241 0.330534244600352
1242 0.330697609031652
1243 0.330873016996856
1244 0.331025786005951
1245 0.331150596304723
1246 0.331311332891147
1247 0.331477574795207
1248 0.331652053655877
1249 0.331871510122297
1250 0.332044117946174
1251 0.332170496297557
1252 0.332342468735482
1253 0.332529434377946
1254 0.332703568852754
1255 0.332928629934454
1256 0.333100367448657
1257 0.333227872681131
1258 0.333330596146569
1259 0.333465991148604
1260 0.333580675269612
1261 0.333739280854328
1262 0.333939857647015
1263 0.33411608529018
1264 0.334308520368824
1265 0.334475194010328
1266 0.334615128316934
1267 0.334783070186929
1268 0.334947975602535
1269 0.335122386192311
1270 0.335312434498792
1271 0.335508303357002
1272 0.335705233436378
1273 0.335908852307347
1274 0.336157562706728
1275 0.336357252979892
1276 0.336509629210878
1277 0.336690569367256
1278 0.336857940801563
1279 0.337028122866294
1280 0.337214549070106
1281 0.337435053778913
1282 0.337630666101301
1283 0.337831096940481
1284 0.337993676539866
1285 0.338131747806474
1286 0.338286992578989
1287 0.338429504303726
1288 0.338560041309809
1289 0.3387096952736
1290 0.33882639105278
1291 0.338887305322429
1292 0.338984383337657
1293 0.339078116184464
1294 0.339193752855036
1295 0.339339946978433
1296 0.339471728603598
1297 0.339628074058612
1298 0.33975372192772
1299 0.339848788386208
1300 0.339949740761058
1301 0.340049182802068
1302 0.340134768516372
1303 0.340228478286902
1304 0.340339964095205
1305 0.340416809866265
1306 0.340483907534603
1307 0.340529995605983
1308 0.340545245138337
1309 0.340574064087258
1310 0.340559296258528
1311 0.340620086457297
1312 0.340716831460295
1313 0.340820028715748
1314 0.340984390830114
1315 0.341114535884435
1316 0.341223979333438
1317 0.341350318197782
1318 0.341505403928256
1319 0.341619159809534
1320 0.34170650187213
1321 0.341808283212304
1322 0.341876066617994
1323 0.341963159392208
1324 0.342074730041895
1325 0.342228587206936
1326 0.342338055703874
1327 0.342439129339464
1328 0.342549159882586
1329 0.342629768692413
1330 0.342761975487192
1331 0.34292227497072
1332 0.343089108325834
1333 0.343288295643282
1334 0.343469570012671
1335 0.343657629505916
1336 0.343836236458037
1337 0.344022481315346
1338 0.344179364836878
1339 0.344320450326176
1340 0.344454525184954
1341 0.344563904039116
1342 0.344673667746839
1343 0.344771860561824
1344 0.344881367381998
1345 0.344981619149845
1346 0.34509663073615
1347 0.345218482468108
1348 0.345362154582481
1349 0.345506185677542
1350 0.345664153752266
1351 0.345808976886706
1352 0.34596828309576
1353 0.34609172972515
1354 0.346194694569995
1355 0.346297608150575
1356 0.346392779942043
1357 0.346464971211892
1358 0.346521680531119
1359 0.346578574237335
1360 0.346584269212587
1361 0.346654283845929
1362 0.346751787189563
1363 0.346861609890115
1364 0.347010878876787
1365 0.347152926485829
1366 0.347309821909651
1367 0.347456277518854
1368 0.34761144348506
1369 0.347751280847967
1370 0.34789085085067
1371 0.348002383287646
1372 0.348102307779196
1373 0.34819142451401
1374 0.348207700494558
1375 0.348195366196493
1376 0.348157256452308
1377 0.348070034759026
1378 0.347976308568471
1379 0.347859742622005
1380 0.347742873859504
1381 0.347597466802003
1382 0.347464217120389
1383 0.347303148874767
1384 0.347212566008758
1385 0.347179959494887
1386 0.347088558759728
1387 0.347060871203393
1388 0.346929715992505
1389 0.346714855420573
1390 0.346486475225356
1391 0.346219058182377
1392 0.345929275528474
1393 0.345582598073199
1394 0.34525474410409
1395 0.344912543605785
1396 0.344570377968126
1397 0.344237750090585
1398 0.343893287851319
1399 0.343545560113896
1400 0.343183104869764
1401 0.342817352475701
1402 0.342428473925168
1403 0.342032450643628
1404 0.341630421662814
1405 0.341232579055279
1406 0.340830941608641
1407 0.34043635697053
1408 0.340024144245101
1409 0.339670070432191
1410 0.33930417510426
1411 0.339049046343933
1412 0.338836428648953
1413 0.338729549709089
1414 0.338686548437593
1415 0.338763760324421
1416 0.338939527119781
1417 0.339199713684676
1418 0.339603229441195
1419 0.340004355731856
1420 0.340504115454916
1421 0.340966653689519
1422 0.341476411588323
1423 0.341922292827004
1424 0.342344865742985
1425 0.342747873015353
1426 0.343096665921222
1427 0.34345917917932
1428 0.343812522433279
1429 0.344165723640756
1430 0.344516320806699
1431 0.344869788102519
1432 0.345218296064644
1433 0.345576502645253
1434 0.345950549627228
1435 0.346316186916393
1436 0.346662718567562
1437 0.347012672563801
1438 0.347327406240297
1439 0.347607603421892
1440 0.347902141844473
1441 0.348187339030509
1442 0.348475599353737
1443 0.348775255800356
1444 0.349039033516041
1445 0.349298403637733
1446 0.349520033174823
1447 0.349692501941311
1448 0.349894618200936
1449 0.350086817021191
1450 0.350277115949422
1451 0.350483503563881
1452 0.350671334770031
1453 0.350828282073518
1454 0.351010546118251
1455 0.351218600008977
1456 0.351391635788923
1457 0.351566669545465
1458 0.351718518243889
1459 0.351823702981193
1460 0.351952564234202
1461 0.352090039763044
1462 0.352216604328937
1463 0.352329550893906
1464 0.352459245558882
1465 0.352587353189094
1466 0.352723648071621
1467 0.352866001296676
1468 0.353032415500232
1469 0.353225769297682
1470 0.353396373765066
1471 0.353595768428526
1472 0.353824603642692
1473 0.354044135154137
1474 0.354273492625927
1475 0.354463996893212
1476 0.354642755349088
1477 0.354820844943319
1478 0.354972277574104
1479 0.355127292065114
1480 0.355293081354945
1481 0.355441995406999
1482 0.355549320983595
1483 0.355714056072195
1484 0.355903879948087
1485 0.35608946016041
1486 0.356307472694611
1487 0.356501234581039
1488 0.356686004236463
1489 0.356867555769571
1490 0.357067878108078
1491 0.357214012362066
1492 0.357308736525342
1493 0.357439571462308
1494 0.35753839270207
1495 0.357675488715596
1496 0.357850654697925
1497 0.358027630428028
1498 0.358242458597154
1499 0.35840577303234
1500 0.358564874191781
1501 0.358703041668737
1502 0.35877390258933
1503 0.358888025575186
1504 0.359000225980496
1505 0.359147524008481
1506 0.359320809494955
1507 0.359507275359484
1508 0.359747297154947
1509 0.359955352587713
1510 0.36018444165305
1511 0.360365312878104
1512 0.360491113322653
1513 0.360633464355828
1514 0.360770194574515
1515 0.360882768905487
1516 0.360997055209682
1517 0.361082692604778
1518 0.361163196767177
1519 0.361240483579475
1520 0.361338387674617
1521 0.36144894081239
1522 0.361545102468762
1523 0.36162189130911
1524 0.361739614888597
1525 0.361870487071192
1526 0.362009483106909
1527 0.362184477780629
1528 0.362319108713571
1529 0.362457016089293
1530 0.362548884374054
1531 0.36259370410988
1532 0.362674812062513
1533 0.362730398751804
1534 0.362826324058898
1535 0.362973629023389
1536 0.363074759724498
1537 0.363156149047192
1538 0.363260234785551
1539 0.363349278398228
1540 0.363465921148924
1541 0.363616321259665
1542 0.363754560121889
1543 0.363906869489747
1544 0.364030899328026
1545 0.364152068394996
1546 0.36425424986308
1547 0.364320790618989
1548 0.36440820378543
1549 0.364482588680216
1550 0.364586232385862
1551 0.364704098761022
1552 0.364834101863173
1553 0.365025268779818
1554 0.365135724656175
1555 0.365217241012518
1556 0.365286873822713
1557 0.365270230027523
1558 0.365329095563474
1559 0.365415326797158
1560 0.36551685758224
1561 0.365685386917255
1562 0.365795389128534
1563 0.365893989674874
1564 0.365978322615427
1565 0.36599604274233
1566 0.366073486405672
1567 0.366172241542464
1568 0.366282164711612
1569 0.366442012722416
1570 0.366572433748561
1571 0.366691797807539
1572 0.366816242527593
1573 0.366933975167219
1574 0.367053657532255
1575 0.367181224745529
1576 0.367300578518118
1577 0.367418947155281
1578 0.367527301333961
1579 0.367624063719526
1580 0.367723894005502
1581 0.367803061736743
1582 0.367905470668491
1583 0.368022568901742
1584 0.368143758630736
1585 0.368302071979605
1586 0.368426334659066
1587 0.368510173339085
1588 0.368629022325943
1589 0.368796655379851
1590 0.36888952372115
1591 0.368972116275576
1592 0.36902959043398
1593 0.368975027278711
1594 0.368971369856106
1595 0.368991585492051
1596 0.369020740080704
1597 0.369049504373291
1598 0.369115317730565
1599 0.369203684303485
1600 0.369317744358969
1601 0.369464772936912
1602 0.369621344692575
1603 0.369779846624052
1604 0.369922055929969
1605 0.370006678630647
1606 0.370056947108311
1607 0.370109854506407
1608 0.370110952516552
1609 0.370159117912787
1610 0.370220211441953
1611 0.370308545991072
1612 0.37040254069415
1613 0.370534503215693
1614 0.370724164404943
1615 0.370849483759753
1616 0.370977134230754
1617 0.371067255045157
1618 0.371109348356786
1619 0.371185115188746
1620 0.371251161886465
1621 0.37135288403918
1622 0.371482464152336
1623 0.371579143850108
1624 0.371679327807178
1625 0.371780221728894
1626 0.371848154397319
1627 0.371976799338674
1628 0.372153014057826
1629 0.37228972461018
1630 0.372445250317647
1631 0.372552374698324
1632 0.372629887917358
1633 0.372691202374986
1634 0.37272526352231
1635 0.372764774376569
1636 0.372770131167174
1637 0.372839347772787
1638 0.372929098061714
1639 0.373027592770124
1640 0.37316003799534
1641 0.373289175946015
1642 0.373431539566332
1643 0.373546925509499
1644 0.373668320938963
1645 0.373772877959008
1646 0.37385665020861
1647 0.37391546809153
1648 0.373972995537115
1649 0.374001288733908
1650 0.373961216307093
1651 0.374020300336522
1652 0.374101014583192
1653 0.374214803949649
1654 0.374400126795238
1655 0.374508694807273
1656 0.374632586436226
1657 0.374733259263403
1658 0.37482156679684
1659 0.374911026747209
1660 0.374958705131739
1661 0.374992829766817
1662 0.37505642802083
1663 0.375146024341365
1664 0.375279518174456
1665 0.375440148848292
1666 0.375594611416204
1667 0.37577287289903
1668 0.3759446025941
1669 0.376105878727647
1670 0.376244837248824
1671 0.376343035065186
1672 0.376423335606543
1673 0.376496755684051
1674 0.376596196006455
1675 0.376677663350953
1676 0.376752875506538
1677 0.376810681311879
1678 0.376835559589628
1679 0.376896744796006
1680 0.37697215712299
1681 0.377085807289318
1682 0.377215533359536
1683 0.377309504221039
1684 0.377453875897115
1685 0.377657026814221
1686 0.377816303142523
1687 0.377919995842857
1688 0.3780077962897
1689 0.378058513238631
1690 0.378131272310333
1691 0.378314083930277
1692 0.378525315508007
1693 0.378698142855989
1694 0.378822644861601
1695 0.378904129689281
1696 0.378988302504985
1697 0.379066363604889
1698 0.379124882753591
1699 0.379159865919356
1700 0.379209607908475
1701 0.379244937808895
1702 0.379281311223457
1703 0.379331052108639
1704 0.379376755514489
1705 0.379409820981004
1706 0.379456110957728
1707 0.379515702767254
1708 0.379568146596812
1709 0.379640830360278
1710 0.379672565527492
1711 0.379666078326889
1712 0.379691949922885
1713 0.379708395496429
1714 0.379715184492809
1715 0.379696248369289
1716 0.379767618485451
1717 0.379896877417249
1718 0.379983509126368
1719 0.380171170041832
1720 0.380244769125426
1721 0.38018139273546
1722 0.380180591176731
1723 0.38016338425371
1724 0.380170760769403
1725 0.380226126411278
1726 0.380245505952611
1727 0.380244087818804
1728 0.380250354489123
1729 0.380222056693155
1730 0.380242927980722
1731 0.380322492855672
1732 0.380363423056822
1733 0.380416479419843
1734 0.380447631669672
1735 0.380409985084456
1736 0.38044783799621
1737 0.380524877007514
1738 0.380572093526519
1739 0.380654991758686
1740 0.380709251389179
1741 0.380788448261372
1742 0.380872503194333
1743 0.380896646536544
1744 0.380948321837237
1745 0.380968418755214
1746 0.380989945320083
1747 0.381030806994454
1748 0.380976404161026
1749 0.380869832283173
1750 0.38078997338652
1751 0.380732693893147
1752 0.380749611058245
1753 0.380821851520318
1754 0.380895405214083
1755 0.380962347693849
1756 0.380984289432437
1757 0.381015310293828
1758 0.381070999417239
1759 0.381153313518439
1760 0.381294031433246
1761 0.381394891658334
1762 0.381407995975226
1763 0.381381661263913
1764 0.381306208015818
1765 0.381211828742174
1766 0.381131666991503
1767 0.381072534583651
1768 0.381079800447146
1769 0.381106963484537
1770 0.381142104359899
1771 0.381197920168901
1772 0.381135602731289
1773 0.381173967858989
1774 0.381258619064345
1775 0.381395302327605
1776 0.381628774679247
1777 0.381809642067652
1778 0.382063614722044
1779 0.382174135406389
1780 0.382198328815023
1781 0.382127962241038
1782 0.382014828274814
1783 0.381859196082884
1784 0.381781639038889
1785 0.381751834651858
1786 0.381651768889406
1787 0.381635463904972
1788 0.381646333616446
1789 0.381657204633268
1790 0.381768372075348
1791 0.381849631921597
1792 0.381918408467256
1793 0.382054070956127
1794 0.382210707576479
1795 0.382353219551123
1796 0.382416852061295
1797 0.38234506073194
1798 0.382240322840908
1799 0.382184710239526
1800 0.382175776495507
1801 0.379595765181658
1802 0.379699738060692
1803 0.379837609768557
1804 0.379886864307726
1805 0.379910364545392
1806 0.379819354653729
1807 0.379853036607974
1808 0.379912389113308
1809 0.379994201332242
1810 0.380092939659125
1811 0.380334581905162
1812 0.380553131697737
1813 0.38062569670032
1814 0.380753058834218
1815 0.380925055534345
1816 0.380990573866222
1817 0.380954415593893
1818 0.38098178388209
1819 0.38101920951648
1820 0.380988184295716
1821 0.380966740454608
1822 0.380918277407586
1823 0.38081749152884
1824 0.38066584222374
1825 0.380668311906797
1826 0.380779560710745
1827 0.380871093640697
1828 0.381124149816601
1829 0.38120659196843
1830 0.381233009154492
1831 0.381143396707071
1832 0.381031481596812
1833 0.380950386404878
1834 0.380869406195129
1835 0.380824004312687
1836 0.380830427588197
1837 0.380867610819916
1838 0.380924826558185
1839 0.381060393832349
1840 0.381191979001389
1841 0.381181516882924
1842 0.381158857209373
1843 0.381061678610286
1844 0.380924971828304
1845 0.380914690085513
1846 0.380979909433493
1847 0.381066347691193
1848 0.38123036339073
1849 0.381405848611466
1850 0.381432194932383
1851 0.381478779207942
1852 0.38155018041905
1853 0.381493338289529
1854 0.381577081523149
1855 0.381697129572615
1856 0.38171193792908
1857 0.381703613004388
1858 0.381631747645056
1859 0.381504072542892
1860 0.381319363702607
1861 0.381114961839342
1862 0.380867609842741
1863 0.380524088363616
1864 0.38015407211901
1865 0.379784802507875
1866 0.379500497250012
1867 0.379251230264747
1868 0.379105799573476
1869 0.378912121146215
1870 0.378697064606001
1871 0.378439686516536
1872 0.378193240059226
1873 0.377985392860642
1874 0.37773324049436
1875 0.377441809663822
1876 0.377103401337585
1877 0.37667647249273
1878 0.376168404385063
1879 0.375608806067997
1880 0.374928258339472
1881 0.374129443060791
1882 0.373291414575875
1883 0.372398536527903
1884 0.371489100293875
1885 0.370472348803416
1886 0.369320168329578
1887 0.368103210084703
1888 0.366831961295365
1889 0.365452214846414
1890 0.364055610037944
1891 0.362663202909281
1892 0.361190970817734
1893 0.359603019411671
1894 0.357891343589277
1895 0.356020398035718
1896 0.354004583483227
1897 0.352057473995791
1898 0.350097461382817
1899 0.348248107806042
1900 0.346525738239595
1901 0.344873849787302
1902 0.34324284997868
1903 0.341728228522424
1904 0.340399319754486
1905 0.339083026975575
1906 0.337971542312537
1907 0.337103970868385
1908 0.336398399492328
1909 0.335873792141762
1910 0.33542084516326
1911 0.335129787383542
1912 0.334867560364838
1913 0.334668101969218
1914 0.334565605118376
1915 0.334577240361738
1916 0.334645608232624
1917 0.334845198070198
1918 0.335084480163257
1919 0.335305316114367
1920 0.335711480115612
1921 0.336101570846864
1922 0.336507684707944
1923 0.336958018839292
1924 0.337491792466044
1925 0.337968274461053
1926 0.338484990974455
1927 0.339083421025531
1928 0.33964852413827
1929 0.340198718780904
1930 0.340745785198358
1931 0.341310333303873
1932 0.341839715792774
1933 0.342343236787956
1934 0.342852214417666
1935 0.343335849591796
1936 0.343836721719516
1937 0.344345666008622
1938 0.344935956631221
1939 0.345534078057221
1940 0.346040830327594
1941 0.346470876223568
1942 0.346900135519023
1943 0.347361793873025
1944 0.34781608200766
1945 0.348239011597539
1946 0.348674355107723
1947 0.349107135799438
1948 0.349508058957156
1949 0.349877620461497
1950 0.350268224152074
1951 0.350784735193238
1952 0.351184511278224
1953 0.351540176812083
1954 0.351964987417514
1955 0.35243955322949
1956 0.352832514405637
1957 0.353231591609903
1958 0.353618716622769
1959 0.353970113319945
1960 0.354287215913368
1961 0.354652476244435
1962 0.354987560926909
1963 0.355222200364333
1964 0.355492238642179
1965 0.355769080289523
1966 0.355998504363579
1967 0.356305284860758
1968 0.356714198851684
1969 0.357030529267306
1970 0.357279530957353
1971 0.357652777639362
1972 0.358035927899701
1973 0.358437663754774
1974 0.359055293405496
1975 0.35963784603254
1976 0.360206139895536
1977 0.360745688181743
1978 0.361146056480838
1979 0.361406560316094
1980 0.361714910965506
1981 0.361892086805774
1982 0.362185165278736
1983 0.362536405117239
1984 0.362881476266948
1985 0.363263058699039
1986 0.363645099237781
1987 0.364014215773624
1988 0.364358909035853
1989 0.364729595008493
1990 0.365031885442177
1991 0.365350951638094
1992 0.365680343903661
1993 0.365984128628947
1994 0.366230120475804
1995 0.366559600505502
1996 0.366876399266211
1997 0.367254983020128
1998 0.367710850799112
1999 0.368183917035929
2000 0.36870054264182
2001 0.36912386278605
2002 0.369458496692103
2003 0.369714351386805
2004 0.369960525289395
2005 0.370085219201742
2006 0.370283478828345
2007 0.370500860513709
2008 0.370730159937765
2009 0.370965659197195
2010 0.37120459149572
2011 0.371473393192184
2012 0.371714166110721
2013 0.371908540161309
2014 0.372144019948536
2015 0.372389257963788
2016 0.372606531773877
2017 0.372900154359683
2018 0.3732848279944
2019 0.373589846353171
2020 0.373883629861164
2021 0.374208247971344
2022 0.374543280558279
2023 0.374820381715583
2024 0.375057676790174
2025 0.375363895299383
2026 0.375698451639621
2027 0.376012000338735
2028 0.376338523465881
2029 0.376622571638159
2030 0.37685034088172
2031 0.376913483871661
2032 0.377091200406985
2033 0.37726522178205
2034 0.377528293656774
2035 0.377892384274138
2036 0.378161351288049
2037 0.378510938819833
2038 0.378762223354168
2039 0.378893075205548
2040 0.378990083339487
2041 0.379224866893408
2042 0.379357204508208
2043 0.379523185286644
2044 0.379771552030325
2045 0.379866450423433
2046 0.379855569119676
2047 0.37989777727332
2048 0.379811260015665
2049 0.379895410524229
2050 0.380055559513817
2051 0.380254335517303
2052 0.380661621851843
2053 0.380874539884628
2054 0.380987093566632
2055 0.381159899156865
2056 0.381307304882838
2057 0.38132160524078
2058 0.381503705668438
2059 0.381834918950413
2060 0.382045887007341
2061 0.382267736798349
2062 0.382427267164011
2063 0.382521496715139
2064 0.382614216935577
2065 0.382693400912608
2066 0.382734397901157
2067 0.382697640136854
2068 0.382719530419434
2069 0.38279682857773
2070 0.382815478964712
2071 0.382904273730745
2072 0.383083326362818
2073 0.383221777357449
2074 0.383326887858838
2075 0.383498170330022
2076 0.383738688154836
2077 0.383910485392714
2078 0.38409652972165
2079 0.384262053530271
2080 0.384404077163421
2081 0.384512884261865
2082 0.384561728640061
2083 0.384657654878531
2084 0.384755069578675
2085 0.384858318516592
2086 0.384916070499436
2087 0.385009149601259
2088 0.385047958978483
2089 0.384977555950702
2090 0.385021685034517
2091 0.385087266223161
2092 0.385183535625913
2093 0.385429715627927
2094 0.385471808174424
2095 0.385332621316733
2096 0.385406361908705
2097 0.385451093391549
2098 0.385541204689739
2099 0.385776781623951
2100 0.3860897618762
2101 0.386306983219331
2102 0.386496451313073
2103 0.386643890455569
2104 0.386775641860054
2105 0.386933143985008
2106 0.387037945521351
2107 0.38717583292589
2108 0.387401926049828
2109 0.387544493057241
2110 0.387589450520947
2111 0.387691690032941
2112 0.387758330500337
2113 0.38791612816762
2114 0.388200050838559
2115 0.38841150253264
2116 0.388665243580367
2117 0.388868494416115
2118 0.388956427668823
2119 0.389029113618215
2120 0.38922172639921
2121 0.38951986810488
2122 0.389639006568837
2123 0.389781502945868
2124 0.389831106231252
2125 0.389604126107433
2126 0.389655165443916
2127 0.389905759834822
2128 0.390015575483836
2129 0.390121845324336
2130 0.3902689737317
2131 0.390483385383635
2132 0.39050145497119
2133 0.390432347983648
2134 0.39042157518159
2135 0.390160848130483
2136 0.389905628247844
2137 0.389857157654703
2138 0.389995469492404
2139 0.390018531266094
2140 0.390156794759775
2141 0.390121060228582
2142 0.38993165036752
2143 0.389855862346802
2144 0.389845226198562
2145 0.389668683082913
2146 0.389412124346169
2147 0.389215266375192
2148 0.388883416307198
2149 0.388634362371917
2150 0.388630294888607
2151 0.388399319630681
2152 0.388074663038354
2153 0.387611792894182
2154 0.387132156011687
2155 0.386654998329589
2156 0.38621423988816
2157 0.385813824181377
2158 0.385401927320052
2159 0.385027119824265
2160 0.384549739611032
2161 0.3840136232554
2162 0.383524890947311
2163 0.382977397163698
2164 0.382474456553654
2165 0.381947817494215
2166 0.381575774041408
2167 0.381320839554449
2168 0.381011647770645
2169 0.380884515050139
2170 0.380604639929131
2171 0.380138348593387
2172 0.379734220291835
2173 0.379249463646436
2174 0.378904863027953
2175 0.378544375514527
2176 0.378315026220775
2177 0.377784128731438
2178 0.377091326182089
2179 0.376532720358667
2180 0.37585755044393
2181 0.375248192714064
2182 0.374804804876124
2183 0.374231092023665
2184 0.373466336032111
2185 0.372860579176173
2186 0.372434382868133
2187 0.371819944157482
2188 0.37110217454885
2189 0.370451689259387
2190 0.36967335754044
2191 0.369011618342988
2192 0.368514339665222
2193 0.36797351516901
2194 0.367470921785799
2195 0.366861294972685
2196 0.366512706660334
2197 0.365977192157232
2198 0.365437468421293
2199 0.364910348814518
2200 0.364406050664309
2201 0.363787991115325
2202 0.36327313340859
2203 0.362866561106987
2204 0.362395337563757
2205 0.361846305160031
2206 0.361440273261746
2207 0.361004194476197
2208 0.360805936737859
2209 0.360682294948024
2210 0.360831647022608
2211 0.3613152449583
2212 0.361779289999924
2213 0.362505704711341
2214 0.363111020987278
2215 0.363758575970279
2216 0.364327023628522
2217 0.364755301915561
2218 0.365346530324268
2219 0.365865333094397
2220 0.366155342052298
2221 0.366625405441219
2222 0.367132854348756
2223 0.367558905166201
2224 0.368037704280716
2225 0.368428167820225
2226 0.368744190604732
2227 0.369031343568917
2228 0.369300790466426
2229 0.369497659905033
2230 0.369605847435679
2231 0.369712832102567
2232 0.369835352073381
2233 0.369788224521338
2234 0.369491245939679
2235 0.369465266329029
2236 0.369496274789569
2237 0.369499162053748
2238 0.369691817621023
2239 0.36978675260215
2240 0.369703710153089
2241 0.369715598684477
2242 0.36995677228961
2243 0.369940497494632
2244 0.36956902553634
2245 0.369493113448375
2246 0.369691579090127
2247 0.36982621559621
2248 0.37040612651759
2249 0.371048355346005
2250 0.37137400153267
2251 0.371452555494115
2252 0.371661860325338
2253 0.3718123704359
2254 0.371901791551246
2255 0.372041422375974
2256 0.37201678219293
2257 0.371661918965432
2258 0.37174599420198
2259 0.372018263664347
2260 0.372157969393221
2261 0.372579730285552
2262 0.372731440770242
2263 0.372514029528173
2264 0.372574608269742
2265 0.372744824757534
2266 0.372843229251148
2267 0.373061534772369
2268 0.373157332289554
2269 0.373068856577265
2270 0.373112723780452
2271 0.373222629527857
2272 0.373266650815495
2273 0.373328126042445
2274 0.373419991896054
2275 0.373568563925875
2276 0.373564435885687
2277 0.37343477342825
2278 0.373401821164268
2279 0.373327952027077
2280 0.373191481962714
2281 0.37333623072773
2282 0.373476900038199
2283 0.373750724737182
2284 0.374102543345331
2285 0.374030185432843
2286 0.373848113072581
2287 0.373526163854583
2288 0.372641232309279
2289 0.3723669216467
2290 0.372423489540367
2291 0.372233590431778
2292 0.372140471465701
2293 0.371942454295102
2294 0.371446895111072
2295 0.371335215054596
2296 0.371522934761498
2297 0.371525965637225
2298 0.371605967200596
2299 0.371608683922117
2300 0.371470653767596
2301 0.371436479853938
2302 0.371528871873874
2303 0.371473787063194
2304 0.371337196737205
2305 0.371227805278955
2306 0.370995574852381
2307 0.370909357437642
2308 0.370984693492398
2309 0.370891425481664
2310 0.37075461302787
2311 0.370648892881891
2312 0.370541343039773
2313 0.370297513999902
2314 0.369886509028599
2315 0.36967728570715
2316 0.36958313229572
2317 0.369319430310197
2318 0.369021309590691
2319 0.368875682487741
2320 0.368568232573666
2321 0.368387050453678
2322 0.368631957743155
2323 0.368766426145025
2324 0.368412881160092
2325 0.36793302431006
2326 0.367719788083465
2327 0.367726423013831
2328 0.368132122521602
2329 0.368793392429998
2330 0.369746944168954
2331 0.369912386036616
2332 0.369515535171651
2333 0.369596018502294
2334 0.369013546973443
2335 0.368267472799154
2336 0.367661610538548
2337 0.367070770747492
2338 0.366786973758144
2339 0.366653491554621
2340 0.366270184437979
2341 0.366090334457696
2342 0.365927822548629
2343 0.365448855362019
2344 0.365259541629055
2345 0.365503366407023
2346 0.36535845354718
2347 0.364896305202384
2348 0.364784291351327
2349 0.364832842062517
2350 0.364820009348779
2351 0.364958570345589
2352 0.364878744172106
2353 0.36461106730513
2354 0.364567534595295
2355 0.364590935337154
2356 0.364468192026574
2357 0.364363093927495
2358 0.364327027704638
2359 0.364100323458474
2360 0.3641299856347
2361 0.364523627580473
2362 0.364615444328513
2363 0.364676579424884
2364 0.364625975002073
2365 0.364500085815732
2366 0.364258036311711
2367 0.364061087041876
2368 0.363301149154781
2369 0.361574956099342
2370 0.361011034440778
2371 0.360741817085679
2372 0.360523857818252
2373 0.3613316604008
2374 0.361444341780199
2375 0.36084063414175
2376 0.360755024887035
2377 0.361059364895965
2378 0.360934769792324
2379 0.360486349355329
2380 0.360576883691198
2381 0.360908236705507
2382 0.360835048593266
2383 0.361062592195783
2384 0.360816285169987
2385 0.359643852266129
2386 0.359311836734303
2387 0.359414904953821
2388 0.359281471972085
2389 0.359616229369518
2390 0.359185499557216
2391 0.357951122960734
2392 0.357697685008401
2393 0.357464860259905
2394 0.357497869496591
2395 0.358392552277847
2396 0.358467171269459
2397 0.358428802153967
2398 0.357845451138561
2399 0.356329322131337
2400 0.355971129052667
2401 0.355785056405919
2402 0.355488232373826
2403 0.356022869732982
2404 0.355940919619624
2405 0.355053132586769
2406 0.354966303134543
2407 0.355446077311239
2408 0.355338851970982
2409 0.355050627423747
2410 0.355124429597279
2411 0.355147437702355
2412 0.355304127052911
2413 0.356180189954231
2414 0.356214904709384
2415 0.354959787435613
2416 0.355015966149224
2417 0.355974601207068
2418 0.355881793668664
2419 0.356426672159898
2420 0.356076882878608
2421 0.354487665977202
2422 0.352912369174283
2423 0.350768280745092
2424 0.34927750994627
2425 0.347482240121975
2426 0.346256026632079
2427 0.345588362483104
2428 0.345198578284088
2429 0.34509934320589
2430 0.344825179842212
2431 0.345193145198844
2432 0.34532457513689
2433 0.344920263549155
2434 0.345463395016595
2435 0.34688482659296
2436 0.347127940958671
2437 0.347516640947566
2438 0.346653972147198
2439 0.343695820524682
2440 0.343752287646465
2441 0.345209510218392
2442 0.34629316416166
2443 0.346913501075313
2444 0.346790550252966
2445 0.344749291605828
2446 0.343739646558443
2447 0.343328212635123
2448 0.342276061543079
2449 0.340045143982359
2450 0.33763534309824
2451 0.336685060022234
2452 0.335655338481182
2453 0.335404165973252
2454 0.336387497405751
2455 0.336650727674868
2456 0.335457154243376
2457 0.334549537761344
2458 0.333926738512406
2459 0.334520384112303
2460 0.337390462780316
2461 0.339359561403963
2462 0.340493866969162
2463 0.339397506830041
2464 0.336965392026522
2465 0.336515422198148
2466 0.337165663725517
2467 0.337023387349874
2468 0.337544795870503
2469 0.337347709754433
2470 0.335772352952854
2471 0.334748010336092
2472 0.334994239143884
2473 0.333543628220725
2474 0.330452254258712
2475 0.328696450769868
2476 0.325237862110104
2477 0.324542681809063
2478 0.327047280339359
2479 0.328020046152529
2480 0.330289100262847
2481 0.330851536625759
2482 0.329752627915409
2483 0.329012919590882
2484 0.32706688305453
2485 0.327748409088109
2486 0.330213311382724
2487 0.33051540758745
2488 0.332350043949164
2489 0.33178997580512
2490 0.32742283075928
2491 0.329313812920715
2492 0.328380772668955
2493 0.32781768310155
2494 0.326420192405177
2495 0.326156203298211
2496 0.326441953120975
2497 0.326276878204787
2498 0.32611377236806
2499 0.322966799122636
2500 0.323252399666687
