"Wavelength" "M097a_m2-w2"
350 0.0735825640852661
351 0.0729455463168093
352 0.0703386153291381
353 0.0677122376872141
354 0.0676188033817184
355 0.0716609420935494
356 0.0769523062426428
357 0.0796225689030426
358 0.0768202801869477
359 0.0809267726570965
360 0.0818329666314045
361 0.0763882439937865
362 0.0797511331583013
363 0.0793163444842819
364 0.0770917944779216
365 0.0774604558437553
366 0.0784941126867453
367 0.0777844772938086
368 0.0758730058278027
369 0.0751971901767688
370 0.0776935494058114
371 0.0788240014965914
372 0.0773816602829604
373 0.0769722827061113
374 0.0787640609762836
375 0.0812599145286491
376 0.082139964685503
377 0.07794094964516
378 0.0791831349995125
379 0.0816908081096385
380 0.0776708084071007
381 0.0760050640943334
382 0.0765302850107246
383 0.079196363389431
384 0.0842423166913526
385 0.0804990822760954
386 0.0777695894304318
387 0.0814248461986764
388 0.0800230998680752
389 0.079903529479434
390 0.0805132929018801
391 0.0797656533921803
392 0.0789286169118674
393 0.0791320388609972
394 0.080093601451704
395 0.0805536140868405
396 0.0817356045716797
397 0.0816770568498153
398 0.0801667758428223
399 0.0809370077773253
400 0.0817279366849769
401 0.0825521810006945
402 0.0835444252100385
403 0.082279644878335
404 0.0818243904481233
405 0.0824831802503655
406 0.0824321770241005
407 0.0826902435641022
408 0.0827154597128589
409 0.0825593058013478
410 0.0839065171698918
411 0.0838281268071907
412 0.0833970423960055
413 0.0841886830292874
414 0.0839827698053258
415 0.0837374199531093
416 0.0841967382033426
417 0.0856397488215737
418 0.085708698563423
419 0.0853275395437725
420 0.0854013366301667
421 0.0856304189597993
422 0.0861272005684196
423 0.0866817015695718
424 0.0869865562268639
425 0.0868031639993889
426 0.0869683703642233
427 0.0875440065928494
428 0.0878018290584638
429 0.0877288366157996
430 0.0877707984351188
431 0.088187845906023
432 0.0886092428097061
433 0.0885672577674006
434 0.088415640915805
435 0.08880166204448
436 0.0895147019128282
437 0.0899287738516654
438 0.0899670901239489
439 0.0902541225595734
440 0.0909482110921278
441 0.0914912408227362
442 0.0915102533846204
443 0.0918168730972212
444 0.0921517859259946
445 0.0924776988415575
446 0.0928788855560217
447 0.0932714080628503
448 0.093529047976025
449 0.0935605163606733
450 0.0932840662051193
451 0.093716277612053
452 0.0941035198283921
453 0.0936664045014022
454 0.0941790197146536
455 0.0946073744721001
456 0.0947534242587849
457 0.0951785925099326
458 0.0953059965392709
459 0.0952978786424321
460 0.0954128859069156
461 0.09583416965161
462 0.0964686220910037
463 0.0968031985932728
464 0.0963943251372111
465 0.0964089929917518
466 0.0968260427403879
467 0.0972780146231918
468 0.0971192455841109
469 0.0973510363768336
470 0.0977792084520565
471 0.0980302001747531
472 0.0982059405207646
473 0.098255755928686
474 0.098440955123807
475 0.0991006381266352
476 0.0989967687540088
477 0.0988575653611087
478 0.099175233293074
479 0.0994981773652127
480 0.0995980021715379
481 0.0997749391152029
482 0.10033697052518
483 0.100421662687526
484 0.100505195537947
485 0.100816122041776
486 0.101223130527327
487 0.101532475078185
488 0.101761220896631
489 0.101988843568172
490 0.102315942499469
491 0.102558424057935
492 0.102717453475387
493 0.102903911454707
494 0.10307297797079
495 0.103267875116104
496 0.103541166971166
497 0.103955495309905
498 0.104395766441202
499 0.104826427330419
500 0.105214196072049
501 0.105364211316524
502 0.105528053661513
503 0.105852246395101
504 0.106336899659135
505 0.106621052871114
506 0.106852915804089
507 0.107206325227055
508 0.10755405693336
509 0.107812122465824
510 0.108041641557102
511 0.108386879407236
512 0.108802331217216
513 0.109180537541122
514 0.109458451577101
515 0.109653456295368
516 0.109938775119048
517 0.110287423350438
518 0.110611832070444
519 0.1109893852186
520 0.111375215315795
521 0.111727678811108
522 0.112017854522337
523 0.112355037667671
524 0.112753689326801
525 0.113167958559403
526 0.113428854474128
527 0.113765870887664
528 0.114161988213072
529 0.114419581789019
530 0.114662547364804
531 0.115026516367278
532 0.115525383903943
533 0.115903782724695
534 0.116164814210753
535 0.116474344679165
536 0.11701461104817
537 0.117416008554011
538 0.117776318826785
539 0.118170378494985
540 0.118569902898824
541 0.118886852467034
542 0.119183452517647
543 0.119546535389279
544 0.119932715915611
545 0.120317811749698
546 0.120711828595876
547 0.12115594173433
548 0.121568156612922
549 0.121993884896143
550 0.122478096473696
551 0.122975086919599
552 0.123510495656585
553 0.124031770755535
554 0.12444965723898
555 0.124876749767248
556 0.125306225715614
557 0.125737049824757
558 0.126229109795807
559 0.126641178416417
560 0.127011067380807
561 0.127423905649784
562 0.127730662022485
563 0.128057129669743
564 0.128422664600644
565 0.128670843366713
566 0.12900467210017
567 0.129332834374804
568 0.129568452600102
569 0.130007228474688
570 0.130514441469719
571 0.131004686742483
572 0.131455412915109
573 0.131935954740469
574 0.132431684929584
575 0.132900311351369
576 0.133269689649866
577 0.133590397932688
578 0.13389053930199
579 0.134185568393872
580 0.134489579800862
581 0.134776550097752
582 0.135021504159279
583 0.135195448245761
584 0.135496616990273
585 0.135867822233066
586 0.136184431104283
587 0.136545236619045
588 0.136934404215514
589 0.137333113515958
590 0.137727154921408
591 0.138099183866738
592 0.138464260780542
593 0.138835477782108
594 0.139180709470974
595 0.139515811020162
596 0.139852210180506
597 0.140196168802068
598 0.140541345590731
599 0.140894429926666
600 0.141247301983853
601 0.141546780740842
602 0.141806559785895
603 0.142064653549906
604 0.142365784303252
605 0.142685114536216
606 0.142963534286978
607 0.143201693438648
608 0.143501069935457
609 0.143888976418227
610 0.144256517588051
611 0.144500245441875
612 0.144817697993874
613 0.145219733349825
614 0.145635822210603
615 0.145922581239365
616 0.146238668250998
617 0.146588732640713
618 0.1469276183814
619 0.147163162577805
620 0.14747847801222
621 0.147873893062668
622 0.148217148136058
623 0.148562372895148
624 0.148921172058061
625 0.14928055798461
626 0.149576439211889
627 0.149900177658655
628 0.150255238010973
629 0.150606778822139
630 0.150976885446586
631 0.151333520881394
632 0.151667971061976
633 0.152013449127161
634 0.152362632567394
635 0.152691271205856
636 0.152994974157753
637 0.153389668666957
638 0.153758187390985
639 0.154096974149314
640 0.154518181769126
641 0.154867308502265
642 0.15519706044373
643 0.155578871542206
644 0.156014441613426
645 0.156395918651816
646 0.156753882301367
647 0.157184565642315
648 0.157479511004898
649 0.157784816596983
650 0.158198072417799
651 0.158641302684675
652 0.159030637113511
653 0.159376906847848
654 0.159732054418088
655 0.160117729855764
656 0.160508932448766
657 0.160906119276456
658 0.161344989910055
659 0.161744323177626
660 0.162106499334327
661 0.162460365406347
662 0.162836696220644
663 0.163247118226584
664 0.163685161848751
665 0.16412548282294
666 0.164491317578156
667 0.16489368062728
668 0.165382604115713
669 0.165803265708244
670 0.166170662573993
671 0.166549954513939
672 0.167013125106038
673 0.167473093868916
674 0.16787453544076
675 0.168232736392383
676 0.168652315393824
677 0.169107608983769
678 0.169538186774343
679 0.169908612537709
680 0.170327056740689
681 0.170796357061442
682 0.171260418813554
683 0.171629381591383
684 0.172061083599376
685 0.172494973511934
686 0.172892924231932
687 0.173378462021573
688 0.173811577465214
689 0.174219859248924
690 0.17469319296867
691 0.175154124803778
692 0.175608603833188
693 0.176061632427352
694 0.176506752833777
695 0.176968370583851
696 0.17743852067719
697 0.17789940475459
698 0.178340271286653
699 0.17877774514795
700 0.179229870877689
701 0.179710631865823
702 0.180172589762301
703 0.180615457572119
704 0.181060362653849
705 0.181564236488822
706 0.182025793288987
707 0.18247511174727
708 0.182979613747692
709 0.183433395506894
710 0.183920491059641
711 0.184443760975725
712 0.184881232107764
713 0.185376698809899
714 0.185877955417509
715 0.186330041859219
716 0.186859180689112
717 0.187403437565181
718 0.187925776236084
719 0.188411922511284
720 0.188884261507507
721 0.189364021614667
722 0.189873505323876
723 0.190451460185633
724 0.190936448722272
725 0.191383813655247
726 0.191897343354629
727 0.192362769681698
728 0.192848554321526
729 0.193379480090429
730 0.193923576879694
731 0.194425029363803
732 0.194955796342376
733 0.195529716486223
734 0.195910604223516
735 0.196347147231578
736 0.196887040552016
737 0.197462893819271
738 0.197999014166639
739 0.198483065594072
740 0.198943626253179
741 0.19945330643991
742 0.199964734905969
743 0.200476457211477
744 0.200994191291754
745 0.201507854102724
746 0.202035528598022
747 0.202568743368884
748 0.203085713055295
749 0.203636956490141
750 0.204170560287456
751 0.204660900877382
752 0.20514891977219
753 0.205708067279661
754 0.206254146583154
755 0.206704481217081
756 0.207228685615481
757 0.207762735592343
758 0.208262643874755
759 0.208719379768599
760 0.2092854737979
761 0.209857185878945
762 0.210357728415019
763 0.210852834480864
764 0.211367583841549
765 0.211914972851183
766 0.212485049077153
767 0.213009391286837
768 0.21346094487031
769 0.213897113891589
770 0.214439073859396
771 0.214970144928313
772 0.215546172836932
773 0.216181018084213
774 0.216736840887379
775 0.217174671534043
776 0.217609530533001
777 0.218169862398259
778 0.218678289724066
779 0.219194007260342
780 0.219742851896553
781 0.220303255848086
782 0.22077731111101
783 0.221255762218409
784 0.221808537139675
785 0.222389061394335
786 0.222925008448552
787 0.223411424818024
788 0.223886609202718
789 0.224444415681793
790 0.224985488902224
791 0.225508404552202
792 0.226093175282984
793 0.226555503804868
794 0.227014789186523
795 0.227577146500057
796 0.228231624430242
797 0.228790696077933
798 0.2292905904535
799 0.229826746337364
800 0.23037049882445
801 0.230865094836364
802 0.2313346018047
803 0.23186071466547
804 0.232431906332277
805 0.232989499441323
806 0.233494482125432
807 0.233948652660784
808 0.234470351928022
809 0.235018011784833
810 0.235543336507432
811 0.236167491183149
812 0.236727195256935
813 0.237225662675857
814 0.237758704701271
815 0.238315321965376
816 0.238852952689899
817 0.239363645690195
818 0.239882340318109
819 0.240382897492774
820 0.240877768206563
821 0.24137407650541
822 0.241835728188067
823 0.242346830502967
824 0.242907257713505
825 0.24347533727191
826 0.243993214514488
827 0.244509935206321
828 0.245035643782011
829 0.245544341360649
830 0.246028382281747
831 0.246525981855835
832 0.247028922194909
833 0.247447464384226
834 0.247923464439794
835 0.248430489964678
836 0.248911121361812
837 0.249346346596833
838 0.249903691709445
839 0.250556816079424
840 0.251165807271998
841 0.251554056006214
842 0.252046783807926
843 0.25266396414454
844 0.253138649129561
845 0.253660616996584
846 0.254194026227575
847 0.254697619877974
848 0.255176986564721
849 0.255599263525737
850 0.256075857591689
851 0.256657242661015
852 0.257094304445638
853 0.257522451312538
854 0.258015094458769
855 0.258588531563409
856 0.259124258421577
857 0.259649965572437
858 0.260168188738413
859 0.260655042196707
860 0.261100332070011
861 0.261535544949426
862 0.26202446677219
863 0.262658204077476
864 0.263178072315395
865 0.263595696936387
866 0.264012459448405
867 0.264577145470832
868 0.265161703914886
869 0.26568088052552
870 0.266108580504763
871 0.266582815759999
872 0.267072351775983
873 0.267587527249302
874 0.268150481003596
875 0.26870218903655
876 0.26918461139258
877 0.26960757601782
878 0.270044864643619
879 0.270523622961736
880 0.271044841006628
881 0.271565353881287
882 0.271993945719756
883 0.272535369362478
884 0.273048544124786
885 0.273456870838375
886 0.274035204900042
887 0.274587400462909
888 0.275065745973277
889 0.275500457910926
890 0.276011632129574
891 0.276516679406974
892 0.276998166328908
893 0.277466244980503
894 0.277875892214983
895 0.278382869119902
896 0.278947501497927
897 0.279415289241947
898 0.280034025159718
899 0.280626640401033
900 0.281090235702225
901 0.281469115270152
902 0.281951884753091
903 0.282512833822669
904 0.283049786376607
905 0.283421318456858
906 0.283851933432677
907 0.284310872993834
908 0.284773144818191
909 0.285355150680782
910 0.285863930978495
911 0.286313047447581
912 0.286758804298118
913 0.287173916194738
914 0.28766579662316
915 0.288235142695931
916 0.288827222502549
917 0.289354360240418
918 0.289949301638233
919 0.290524210553994
920 0.290931345059991
921 0.291303402069319
922 0.291786452183169
923 0.292321448924345
924 0.292747698135916
925 0.293183886891888
926 0.293663612714788
927 0.294157163577975
928 0.294616809228771
929 0.295257406987169
930 0.295755893258187
931 0.296070847725241
932 0.296483780650154
933 0.296922683607696
934 0.29749443283645
935 0.298180107619684
936 0.298790650182035
937 0.2991814573612
938 0.2995626410824
939 0.300053271621345
940 0.30054989189585
941 0.301072175537089
942 0.301558411093806
943 0.302005633283646
944 0.302520018390564
945 0.303025081314603
946 0.30347227550527
947 0.303863231047081
948 0.304272541077856
949 0.304802586072773
950 0.305349305202601
951 0.30582911876522
952 0.306313384916218
953 0.306698959209377
954 0.307155782474594
955 0.307765933832299
956 0.308278445107762
957 0.308679471704947
958 0.309049884716105
959 0.309490632794138
960 0.310067027926398
961 0.310565186898939
962 0.311022004732731
963 0.3114922881822
964 0.311885464998561
965 0.312375797522898
966 0.312917411930242
967 0.313437925537527
968 0.31397907633199
969 0.314261722838603
970 0.314562944536917
971 0.315086878263252
972 0.315484860676732
973 0.31599395055521
974 0.31658125452814
975 0.317110884526174
976 0.317401108156335
977 0.317945942411753
978 0.31845852517917
979 0.318735432002765
980 0.319181442699212
981 0.319617004812481
982 0.320037631914646
983 0.320513623670246
984 0.321164859328581
985 0.321841755558678
986 0.322341020287715
987 0.322651885911451
988 0.323069183181665
989 0.323434115857728
990 0.323959007532617
991 0.324594297348744
992 0.324874933858358
993 0.325223211020087
994 0.325639969450496
995 0.326094524564512
996 0.326594693816895
997 0.326983184161613
998 0.327422949367236
999 0.327976491068256
1000 0.328540930680086
1001 0.31939557578339
1002 0.319833172306872
1003 0.320324610777902
1004 0.320738515712578
1005 0.321092350502146
1006 0.321492255377642
1007 0.321859938401245
1008 0.322266668616804
1009 0.322764278795042
1010 0.323235672185606
1011 0.323572469859022
1012 0.323921941359072
1013 0.324345696829008
1014 0.324718740245432
1015 0.325107977673821
1016 0.325520324823723
1017 0.32593353929181
1018 0.326293088215377
1019 0.326682860285948
1020 0.327094891851932
1021 0.32757569197492
1022 0.328024799943772
1023 0.328401276775322
1024 0.328782690711259
1025 0.329143034526289
1026 0.329496093710033
1027 0.329858880771436
1028 0.33025315044102
1029 0.330668458252598
1030 0.33103596183372
1031 0.331442684772602
1032 0.331871574985978
1033 0.332352872829151
1034 0.33278636185754
1035 0.333233127715956
1036 0.333636956067236
1037 0.33401250705187
1038 0.334372757591006
1039 0.33471537958534
1040 0.335083820394467
1041 0.335464685935877
1042 0.335897348895457
1043 0.336324450776228
1044 0.336772179626976
1045 0.337208809403397
1046 0.337594870421739
1047 0.337994119562142
1048 0.33840542667557
1049 0.33876955165345
1050 0.339158715249795
1051 0.339500606429131
1052 0.339790941888185
1053 0.340169423864163
1054 0.340490580902753
1055 0.340886058798146
1056 0.341356485573434
1057 0.341742946096635
1058 0.342172895813799
1059 0.342554338425982
1060 0.342858328092846
1061 0.34314286941193
1062 0.343419108905378
1063 0.343637107850711
1064 0.343885537804309
1065 0.34421591854685
1066 0.344604312935467
1067 0.344968407864367
1068 0.345347695711796
1069 0.345651283270804
1070 0.345865498233127
1071 0.346129119374556
1072 0.346350097845194
1073 0.346593549930091
1074 0.346876080050334
1075 0.347137040431991
1076 0.347397904223179
1077 0.347658078140249
1078 0.347921421941649
1079 0.348206744244904
1080 0.34848186548968
1081 0.348798617196054
1082 0.349148742927386
1083 0.349497560297439
1084 0.349819260906615
1085 0.350098951404762
1086 0.350383153379071
1087 0.350594567422468
1088 0.350809298606997
1089 0.351075892882498
1090 0.351286389619219
1091 0.351546577376843
1092 0.351889630483059
1093 0.352157972421363
1094 0.352390345137001
1095 0.352646315180342
1096 0.352941872251013
1097 0.353188022464178
1098 0.353473998356618
1099 0.353805668842264
1100 0.354107224890735
1101 0.354383850338003
1102 0.354703162515427
1103 0.355071546552099
1104 0.355389240119008
1105 0.355736246740864
1106 0.356063442471274
1107 0.356363581767326
1108 0.356674806721849
1109 0.356988111250157
1110 0.357291520544578
1111 0.357624219770346
1112 0.357998651525408
1113 0.358372274878774
1114 0.358729612675517
1115 0.359096775779421
1116 0.359465827332726
1117 0.359822442771007
1118 0.360208178064993
1119 0.360580767904884
1120 0.360934619771823
1121 0.361274051182897
1122 0.361567780042002
1123 0.3619204789652
1124 0.362280103218544
1125 0.362649286191823
1126 0.363056391038854
1127 0.363480248612634
1128 0.363811924804664
1129 0.364185063946772
1130 0.364533125599579
1131 0.364855978248966
1132 0.365259837727051
1133 0.365615561571965
1134 0.365981668249639
1135 0.366404976729466
1136 0.366790040485709
1137 0.367164456823683
1138 0.367542203353538
1139 0.367916363014519
1140 0.36826974771027
1141 0.368621685131787
1142 0.368952366362127
1143 0.369259443887582
1144 0.369572637790418
1145 0.369881558078564
1146 0.370171363518398
1147 0.370492474178825
1148 0.370828285568225
1149 0.371148788910506
1150 0.371536708135364
1151 0.371916950362097
1152 0.372252094150591
1153 0.372591096873482
1154 0.372919636383464
1155 0.373246333295841
1156 0.373578181309304
1157 0.373882794574702
1158 0.374167228811422
1159 0.374454987770655
1160 0.374705065226753
1161 0.374997124820681
1162 0.375326051620317
1163 0.375653725375341
1164 0.376010566190636
1165 0.37635457184097
1166 0.37666681104653
1167 0.377024516619721
1168 0.37735492946801
1169 0.377664257680041
1170 0.378000432203918
1171 0.378348547542837
1172 0.378668377702323
1173 0.379008430196901
1174 0.379320234771067
1175 0.379575333017516
1176 0.379885067219231
1177 0.380231562728042
1178 0.380535043029087
1179 0.380816130381715
1180 0.381138228961315
1181 0.381470292615297
1182 0.381767656983456
1183 0.382086608558946
1184 0.382375712022072
1185 0.382596528097628
1186 0.382840347314684
1187 0.383117207741131
1188 0.383430925547968
1189 0.383724809224309
1190 0.384056033153145
1191 0.384321121380442
1192 0.3845446908018
1193 0.384782909346737
1194 0.384984196502748
1195 0.385211489036352
1196 0.385469493755197
1197 0.385698396972584
1198 0.385915012959148
1199 0.386138380272347
1200 0.386332489422848
1201 0.38652379066761
1202 0.386736602252017
1203 0.386955337623699
1204 0.387173084176783
1205 0.38740452021903
1206 0.387631180928775
1207 0.387856599447398
1208 0.388072461587127
1209 0.388284296245495
1210 0.388504906725155
1211 0.388720846430982
1212 0.388940222861566
1213 0.389174997078668
1214 0.389404028120382
1215 0.389626872610474
1216 0.389844511601044
1217 0.390074210328299
1218 0.390278372291824
1219 0.390470252924287
1220 0.390668524922883
1221 0.39086642956521
1222 0.391052772016258
1223 0.391260394382005
1224 0.391489254549739
1225 0.391696571821353
1226 0.391893133185047
1227 0.392113751292487
1228 0.392334434235267
1229 0.392561707408763
1230 0.392818510669812
1231 0.393058257271681
1232 0.393278133207771
1233 0.3935104050447
1234 0.393750529551316
1235 0.393991783199409
1236 0.394244185350158
1237 0.39449584617816
1238 0.394715581461706
1239 0.394930510968414
1240 0.395136658018394
1241 0.395317916523442
1242 0.395516205217525
1243 0.395712798059974
1244 0.395918316841435
1245 0.396124656991759
1246 0.396339857022034
1247 0.396551681500865
1248 0.396800818235659
1249 0.397100622604458
1250 0.397347865188627
1251 0.397586606143307
1252 0.39783282790383
1253 0.398053371943546
1254 0.398275973682158
1255 0.398534145906875
1256 0.398764816441138
1257 0.398959566453474
1258 0.399145224038778
1259 0.399369273589267
1260 0.399607928180535
1261 0.399834079830363
1262 0.400072692793793
1263 0.400320564636078
1264 0.400568492453438
1265 0.400808538954084
1266 0.401075928563934
1267 0.401309072551751
1268 0.401487626230844
1269 0.401715852806518
1270 0.401986878439498
1271 0.40220726609625
1272 0.402417388834157
1273 0.402626621551835
1274 0.402806418458065
1275 0.402981483490856
1276 0.403169941825238
1277 0.403343009456106
1278 0.40348567748541
1279 0.403619788337724
1280 0.403781648963993
1281 0.403963489655144
1282 0.404114843679332
1283 0.404275345905906
1284 0.404405404585536
1285 0.404494810299114
1286 0.404612635004539
1287 0.404745840218853
1288 0.404844768201134
1289 0.404934594381844
1290 0.405018241971028
1291 0.405075165852818
1292 0.405136375012127
1293 0.405174819314071
1294 0.405254476659988
1295 0.405360820826802
1296 0.405448631788849
1297 0.40559387674318
1298 0.405676447554893
1299 0.40570816215788
1300 0.405713319214324
1301 0.405752261532267
1302 0.405771568618776
1303 0.405819341217685
1304 0.405902253780051
1305 0.40595897521514
1306 0.406021640980823
1307 0.406050810527544
1308 0.406060605819988
1309 0.406073242034217
1310 0.40601616387369
1311 0.406067344935365
1312 0.406171564592179
1313 0.406280369473392
1314 0.406461854302521
1315 0.406611877462296
1316 0.406757163292059
1317 0.406895767459307
1318 0.407042901145353
1319 0.407171867139697
1320 0.407254262864806
1321 0.407379478223562
1322 0.407510881501677
1323 0.40766112433939
1324 0.407826408393992
1325 0.40802758975409
1326 0.408213090445619
1327 0.40838886493009
1328 0.408599562723164
1329 0.408826763618352
1330 0.409063403308778
1331 0.409324913259664
1332 0.409580717122544
1333 0.409831944340214
1334 0.410107943319833
1335 0.410405263142176
1336 0.410695202138835
1337 0.411025053679397
1338 0.411298781057832
1339 0.41153766689737
1340 0.411781085734931
1341 0.412005865192666
1342 0.412218102677799
1343 0.412419549518769
1344 0.41262626173767
1345 0.412786648836356
1346 0.412997331102616
1347 0.413235749931527
1348 0.413495399125814
1349 0.413777078766463
1350 0.414112332289299
1351 0.414389781883255
1352 0.414671724765251
1353 0.414924990385714
1354 0.415155030000351
1355 0.415360873286536
1356 0.415526833006181
1357 0.415731028477045
1358 0.415919719423031
1359 0.416128272749266
1360 0.416375440035089
1361 0.416606240560794
1362 0.416818088779729
1363 0.417047880622452
1364 0.417274493276886
1365 0.417532570888195
1366 0.417833510743257
1367 0.41810079798771
1368 0.418393920752267
1369 0.418647278035239
1370 0.418877676251962
1371 0.419067989921376
1372 0.419239464556839
1373 0.419379890865548
1374 0.419432611749736
1375 0.41945837439164
1376 0.419460628494575
1377 0.41940020437459
1378 0.419375896395828
1379 0.419340364782376
1380 0.419323900663636
1381 0.419323954395918
1382 0.419306420877465
1383 0.419279595410482
1384 0.419273532759375
1385 0.419299353785818
1386 0.419258480999439
1387 0.41923349785307
1388 0.419136265061914
1389 0.41895956276857
1390 0.418776010855849
1391 0.418548379295316
1392 0.418327550684828
1393 0.418102756134891
1394 0.417841736321588
1395 0.417556628889453
1396 0.417269006678449
1397 0.416950448966465
1398 0.416627642983616
1399 0.416303485724677
1400 0.415976625635378
1401 0.415655413826204
1402 0.415295958888254
1403 0.414920518977578
1404 0.41454973865725
1405 0.414172839420007
1406 0.413770233620286
1407 0.413379341232066
1408 0.412981988624035
1409 0.412633660290875
1410 0.41223678250209
1411 0.412011183775553
1412 0.411841141816256
1413 0.411814283308361
1414 0.411910482303085
1415 0.412095656525648
1416 0.412403808620994
1417 0.412768141008096
1418 0.413243953635246
1419 0.413737659783653
1420 0.414332689079995
1421 0.414888684049498
1422 0.415486106269125
1423 0.416045067606758
1424 0.416606558549725
1425 0.417119549182604
1426 0.417586273444011
1427 0.41805574814893
1428 0.418497419271673
1429 0.418927243443102
1430 0.419361769134787
1431 0.419775168637759
1432 0.420158537588264
1433 0.420530861587356
1434 0.420909334268751
1435 0.421283950047078
1436 0.421661351437811
1437 0.422042200109321
1438 0.422415750637824
1439 0.422793270262615
1440 0.423142459628628
1441 0.423485508569984
1442 0.423808264976564
1443 0.424121428241838
1444 0.424394187955509
1445 0.424631690181692
1446 0.424872095921497
1447 0.425079214545536
1448 0.425295104900254
1449 0.42551012129197
1450 0.425733468416013
1451 0.42594396357541
1452 0.426172119071153
1453 0.426438263118758
1454 0.426663899105503
1455 0.4268640381285
1456 0.427081498250151
1457 0.427294482189978
1458 0.427499649204875
1459 0.427724990661777
1460 0.427923759125404
1461 0.428087393669833
1462 0.428263931656984
1463 0.428419431819033
1464 0.428604782103938
1465 0.428816801451192
1466 0.429018869905516
1467 0.429223737898675
1468 0.429446448912587
1469 0.429676876605715
1470 0.429904200911785
1471 0.430145920335615
1472 0.43038101740643
1473 0.430624806739041
1474 0.430861248524031
1475 0.431084350959152
1476 0.431319187581853
1477 0.431526701312224
1478 0.431704908708828
1479 0.431884845691865
1480 0.432067613662444
1481 0.432220589826538
1482 0.432328614873945
1483 0.432491744051736
1484 0.43265532549139
1485 0.432841433448503
1486 0.43308100578011
1487 0.433280171085505
1488 0.433455862154141
1489 0.433658866923825
1490 0.433889900211352
1491 0.434068663957483
1492 0.434244417077124
1493 0.434398816943901
1494 0.434475431069332
1495 0.434619693872949
1496 0.434763455465068
1497 0.434969353603943
1498 0.435259350010032
1499 0.435497279455285
1500 0.435801234286618
1501 0.436005301034688
1502 0.436124454447652
1503 0.436250100565662
1504 0.436282085703773
1505 0.436401416754833
1506 0.436562114923181
1507 0.436722592170918
1508 0.436940893436131
1509 0.437132270100917
1510 0.437319127744772
1511 0.437487250213116
1512 0.437639697712247
1513 0.437795330031222
1514 0.437930615789843
1515 0.438070251665972
1516 0.438213122934715
1517 0.438355806747956
1518 0.438527464865302
1519 0.438695977324442
1520 0.438824786706199
1521 0.438980949978375
1522 0.43913136484357
1523 0.439251411844539
1524 0.43940722309051
1525 0.43959803039333
1526 0.439767515024652
1527 0.439941777767204
1528 0.440080761249831
1529 0.440232628485619
1530 0.440310737659512
1531 0.440312555100218
1532 0.440370264655822
1533 0.440381774735525
1534 0.440481605105239
1535 0.440649703135171
1536 0.440793214010027
1537 0.440960170040462
1538 0.441129449341425
1539 0.441300944931383
1540 0.441474796396305
1541 0.441673024013601
1542 0.441851160004395
1543 0.442023728337938
1544 0.442176931039693
1545 0.442324293061058
1546 0.442454531054142
1547 0.442527483363148
1548 0.442673115356444
1549 0.442856658053809
1550 0.443017955668389
1551 0.443214466752393
1552 0.443385781775703
1553 0.443546856826925
1554 0.443671326069846
1555 0.443761956343138
1556 0.44388334587411
1557 0.443965676339504
1558 0.444089189239852
1559 0.444271902665391
1560 0.444428580340311
1561 0.444593107845574
1562 0.444733389844329
1563 0.444873406326901
1564 0.444985634187521
1565 0.445037237157907
1566 0.445140839126512
1567 0.445257349338972
1568 0.445371809587519
1569 0.445499103527662
1570 0.445649467924202
1571 0.445798373473079
1572 0.445968778086909
1573 0.44620949088518
1574 0.446396434533049
1575 0.446543879053451
1576 0.446715104764756
1577 0.44689895544392
1578 0.447045601973776
1579 0.447182484462012
1580 0.44732098309755
1581 0.447406660007916
1582 0.447525454432329
1583 0.44768254272879
1584 0.447828033118846
1585 0.447992477317449
1586 0.448126647728997
1587 0.448235981587289
1588 0.448351048977084
1589 0.4484506760015
1590 0.448546815568202
1591 0.448673255529946
1592 0.448753146096271
1593 0.448772195696583
1594 0.448821452602202
1595 0.44883201020067
1596 0.448888838282698
1597 0.448966262365658
1598 0.449095816957332
1599 0.449296180564576
1600 0.449485469895469
1601 0.449710876435628
1602 0.449957666359294
1603 0.450110529856051
1604 0.450231531806419
1605 0.450330889490557
1606 0.450376292642376
1607 0.450441313960852
1608 0.450490183938851
1609 0.450572278582629
1610 0.450646321781996
1611 0.450768432991799
1612 0.45092355247066
1613 0.451094963215068
1614 0.451306729711034
1615 0.45147767331044
1616 0.451663906734327
1617 0.45180488764062
1618 0.451903980076089
1619 0.4520294984786
1620 0.452148414942732
1621 0.45227146516511
1622 0.452406995150208
1623 0.452514353920824
1624 0.452603124712572
1625 0.452705956592478
1626 0.452789874630266
1627 0.452919775841182
1628 0.453076271765484
1629 0.453226667261726
1630 0.45341163364502
1631 0.453537717120178
1632 0.453641769825448
1633 0.45374571733227
1634 0.453811124030397
1635 0.453923089631838
1636 0.454043598636556
1637 0.454190907959241
1638 0.454373121025666
1639 0.454524084832705
1640 0.454677339161975
1641 0.454847471907508
1642 0.455015658960997
1643 0.455169455442984
1644 0.455350343378193
1645 0.455479420592194
1646 0.455571915745192
1647 0.455646485125666
1648 0.455687678695442
1649 0.455768931773695
1650 0.455810500456545
1651 0.455968404656757
1652 0.456213623555595
1653 0.456388713150976
1654 0.456610968818399
1655 0.456705760118917
1656 0.456812279081987
1657 0.4569335454649
1658 0.457017939106549
1659 0.457118412929552
1660 0.457219088412201
1661 0.45732074288737
1662 0.457475443235221
1663 0.457643856855901
1664 0.45781059719683
1665 0.457970002805653
1666 0.458156420797855
1667 0.458426200321203
1668 0.458686221573153
1669 0.458945368689255
1670 0.459204713972106
1671 0.459367799756424
1672 0.459531244620353
1673 0.459706357525452
1674 0.459805293795869
1675 0.459888407381306
1676 0.460013216764419
1677 0.46008915638173
1678 0.46014970068991
1679 0.460292464286443
1680 0.460405338398569
1681 0.460532290284015
1682 0.460764438431649
1683 0.460975781863877
1684 0.461143685665574
1685 0.46133526168385
1686 0.461505091298582
1687 0.461628516268246
1688 0.461743198069095
1689 0.46185885572688
1690 0.461972740858597
1691 0.462114972728272
1692 0.462265587398745
1693 0.462369552983936
1694 0.462485673833123
1695 0.462610519893939
1696 0.462759052500913
1697 0.462980425482164
1698 0.463166363453283
1699 0.463260166903292
1700 0.463395159212836
1701 0.463510497809602
1702 0.463649570093802
1703 0.463877845470055
1704 0.464011642712657
1705 0.464062109013308
1706 0.464157728475669
1707 0.464203692345574
1708 0.46429649499296
1709 0.464473707338562
1710 0.46460895467148
1711 0.464744510184871
1712 0.464862060145026
1713 0.464973318339543
1714 0.465036596658426
1715 0.465046688025812
1716 0.46508889940808
1717 0.465109466871587
1718 0.465134511084643
1719 0.465187015486997
1720 0.465225565304366
1721 0.465220782573042
1722 0.465269548279519
1723 0.465349708751738
1724 0.465422002292625
1725 0.465509440194373
1726 0.465628873206284
1727 0.465785456505979
1728 0.465899042188679
1729 0.466008191872611
1730 0.466127589431271
1731 0.466225695898248
1732 0.466310504130818
1733 0.466412317966778
1734 0.466519637779253
1735 0.466583603683769
1736 0.466703034959904
1737 0.46689109933343
1738 0.467011698446702
1739 0.467133083195759
1740 0.46716529844181
1741 0.467218361476971
1742 0.467281312477741
1743 0.467302344419628
1744 0.467455182804484
1745 0.467563061406485
1746 0.467616223513882
1747 0.467702984639547
1748 0.467671035714653
1749 0.467640724582856
1750 0.46769806473413
1751 0.467730041557441
1752 0.467829394696439
1753 0.467983980547893
1754 0.468094175765721
1755 0.468255188184475
1756 0.468385204965978
1757 0.468456142099652
1758 0.468497463804481
1759 0.468498990885914
1760 0.468562681170721
1761 0.468576384616333
1762 0.468587491978489
1763 0.468688397381852
1764 0.468703383113561
1765 0.468725314347858
1766 0.468734309998164
1767 0.468626443341571
1768 0.468572973294319
1769 0.468558405624219
1770 0.468577417235457
1771 0.46869796035164
1772 0.468796810522399
1773 0.468943337414154
1774 0.46917812162522
1775 0.469377419698127
1776 0.469593684328587
1777 0.469766882765638
1778 0.469958423806892
1779 0.470071643472645
1780 0.470141859807519
1781 0.470132564645967
1782 0.470031091857678
1783 0.469881844328419
1784 0.469804147201057
1785 0.46980141783997
1786 0.469827536257354
1787 0.469906035048065
1788 0.469962073920743
1789 0.470035272225739
1790 0.470164222060219
1791 0.470313037034062
1792 0.47052296387087
1793 0.470795108479191
1794 0.471027027375239
1795 0.471190131917758
1796 0.471290927673638
1797 0.471302457594978
1798 0.471315370900057
1799 0.471329528291922
1800 0.47136247786422
1801 0.469366187937964
1802 0.46953382265139
1803 0.469562164911594
1804 0.46944051736281
1805 0.469408581980934
1806 0.469253534216653
1807 0.469308543855972
1808 0.469540993711568
1809 0.469680611540511
1810 0.469920174166127
1811 0.470005056858849
1812 0.47003813869254
1813 0.469988106304116
1814 0.47001809325733
1815 0.470214804418334
1816 0.470306097000922
1817 0.470441499384267
1818 0.470534067420772
1819 0.470590545500009
1820 0.470577168707784
1821 0.470551601528756
1822 0.470553572796249
1823 0.470559754787509
1824 0.47060147125049
1825 0.470729374817278
1826 0.471029396593178
1827 0.471199637109601
1828 0.471446785995628
1829 0.471519564821395
1830 0.471456475214062
1831 0.471393441090636
1832 0.471338740626148
1833 0.471257025911101
1834 0.471272139210966
1835 0.471368788519473
1836 0.471485567870308
1837 0.471694068615057
1838 0.471779505029945
1839 0.471868442200239
1840 0.471923650008499
1841 0.471844036445868
1842 0.471799075301685
1843 0.471869711841509
1844 0.471968717248819
1845 0.472082079801783
1846 0.472222585619658
1847 0.472307942929547
1848 0.472356385064901
1849 0.472392270794528
1850 0.47244933137174
1851 0.472413704485582
1852 0.472400248264503
1853 0.472404549020713
1854 0.472329353289779
1855 0.472300153518985
1856 0.472448826373851
1857 0.472604932862068
1858 0.472633955743286
1859 0.472650614253552
1860 0.472660988276793
1861 0.472544138862771
1862 0.472232475348322
1863 0.471883651360206
1864 0.471620480672948
1865 0.471189745633353
1866 0.470825345934595
1867 0.470589702315142
1868 0.470501818566696
1869 0.470287785964907
1870 0.470149697719098
1871 0.470066754232673
1872 0.469934632634093
1873 0.469713630047103
1874 0.469451250099518
1875 0.469123193167626
1876 0.468638050099105
1877 0.46820240835384
1878 0.46764698943635
1879 0.467032991348384
1880 0.466285487436646
1881 0.465541039881557
1882 0.464632742582985
1883 0.463668979291288
1884 0.462753360877004
1885 0.461759565209856
1886 0.460775738609949
1887 0.459856319651724
1888 0.458752481047553
1889 0.457574427083189
1890 0.456225817397595
1891 0.454857340625109
1892 0.453381454451878
1893 0.451841913204325
1894 0.450270115082182
1895 0.448488691264196
1896 0.446633422554559
1897 0.444782848482065
1898 0.442831957015857
1899 0.441014464012537
1900 0.439258467916701
1901 0.43753333110219
1902 0.435788132209977
1903 0.434283124709227
1904 0.432852420848818
1905 0.431578425707228
1906 0.430519039123458
1907 0.429615816944601
1908 0.428942460571394
1909 0.428488575428576
1910 0.428075542843623
1911 0.427862523776442
1912 0.427631586787978
1913 0.427460926512414
1914 0.427282856861838
1915 0.42717662091471
1916 0.427236358481788
1917 0.427423286062902
1918 0.427714228984386
1919 0.428067578952617
1920 0.428565596872499
1921 0.429071908719708
1922 0.42961207513109
1923 0.430176580035616
1924 0.430820085867645
1925 0.431469887835837
1926 0.432031320029859
1927 0.432621306426963
1928 0.433175527080057
1929 0.433590489786176
1930 0.434127287095318
1931 0.434810174654302
1932 0.435371996401578
1933 0.435946739422827
1934 0.436489812900585
1935 0.436973192376861
1936 0.437400200482286
1937 0.437968295556376
1938 0.438504665672699
1939 0.439026375294678
1940 0.439494975334244
1941 0.43987580787314
1942 0.440330165124642
1943 0.440803050797662
1944 0.441327326414613
1945 0.441786240464235
1946 0.44223858307966
1947 0.442684297335329
1948 0.443071663406386
1949 0.443536837639568
1950 0.443960332407218
1951 0.444453617736007
1952 0.444975624967658
1953 0.445464060289187
1954 0.445991888814435
1955 0.446634058961976
1956 0.447101399638372
1957 0.44750601066344
1958 0.447889530250431
1959 0.448188944375073
1960 0.448464602132745
1961 0.44876537349679
1962 0.44905337681057
1963 0.44931187503363
1964 0.44957194724657
1965 0.449891709857781
1966 0.45025354156197
1967 0.450571945953793
1968 0.450898229235871
1969 0.45121983749173
1970 0.451458556517482
1971 0.451810182477658
1972 0.452207357539984
1973 0.452663815855689
1974 0.45320909621198
1975 0.453704885367193
1976 0.454194418260886
1977 0.454737193157216
1978 0.455187582806477
1979 0.455617607279185
1980 0.455952910846978
1981 0.456175698329523
1982 0.456436731933468
1983 0.456594959155545
1984 0.456858483304007
1985 0.45720015151808
1986 0.457517367248604
1987 0.457804614326289
1988 0.458122867011805
1989 0.458469593363919
1990 0.45883582303242
1991 0.459215204283567
1992 0.459727439864982
1993 0.460059185867644
1994 0.460240273587189
1995 0.460543764976898
1996 0.460803719632056
1997 0.461117458934698
1998 0.461507823428342
1999 0.461943943804314
2000 0.462353396981543
2001 0.46272553679961
2002 0.46305152577489
2003 0.463369498409725
2004 0.463648643721052
2005 0.463847359343567
2006 0.464068604539123
2007 0.464239717233989
2008 0.46450117049628
2009 0.464835614580626
2010 0.46508959545706
2011 0.465343203829719
2012 0.465656364963121
2013 0.465853695246402
2014 0.465938202650766
2015 0.466064015786869
2016 0.466118380821698
2017 0.466342864513183
2018 0.466654277771636
2019 0.466915835505901
2020 0.46724577501885
2021 0.467583623350443
2022 0.467880229040806
2023 0.468191712844929
2024 0.468559124068993
2025 0.468984154298866
2026 0.469261864705786
2027 0.469549394699738
2028 0.46993377931977
2029 0.470284473398093
2030 0.470616134716132
2031 0.47099025527073
2032 0.471260476661172
2033 0.471411711906028
2034 0.471640178606695
2035 0.47184552473364
2036 0.472079823073643
2037 0.472388959013352
2038 0.472659043147377
2039 0.47300966025308
2040 0.4731373449187
2041 0.473245083190536
2042 0.473437445305816
2043 0.473576434233948
2044 0.473688534518478
2045 0.473757166856849
2046 0.47372146251567
2047 0.47384344153666
2048 0.473955206451313
2049 0.474178601446615
2050 0.474675126248601
2051 0.474963234554863
2052 0.475142127374761
2053 0.475356915771561
2054 0.475477204863896
2055 0.47569005656256
2056 0.475903020821037
2057 0.476194637602258
2058 0.476416029318959
2059 0.476600597926921
2060 0.476794211500931
2061 0.476973804943547
2062 0.477164750259291
2063 0.477375051184779
2064 0.477565831315066
2065 0.477766347749259
2066 0.477918932300712
2067 0.47801160686773
2068 0.478183543190512
2069 0.478154710436471
2070 0.478141897704678
2071 0.478181470819865
2072 0.478178020084751
2073 0.478212542147928
2074 0.478317169745708
2075 0.478406548862819
2076 0.478442107865269
2077 0.478571906934219
2078 0.47885899454556
2079 0.479007993452805
2080 0.479134530172629
2081 0.479222713839271
2082 0.479167767107485
2083 0.479187757454169
2084 0.479238096021468
2085 0.479339548345948
2086 0.479333276209477
2087 0.479262975330996
2088 0.479319968349126
2089 0.479349255152819
2090 0.479446853071039
2091 0.479693374183138
2092 0.479866628858689
2093 0.480108052553026
2094 0.48015136973541
2095 0.480000601631997
2096 0.480036421799366
2097 0.480009332299537
2098 0.480029851962326
2099 0.480250847297248
2100 0.48041251856957
2101 0.480442096970869
2102 0.480451072388657
2103 0.480553419399589
2104 0.480714922618655
2105 0.480852453639535
2106 0.481060268772361
2107 0.481175800323565
2108 0.48121720877676
2109 0.481292208795857
2110 0.481319720674998
2111 0.481413959842761
2112 0.48154154646399
2113 0.481697037694198
2114 0.481979715619849
2115 0.482124517933197
2116 0.482191583723173
2117 0.482233413957187
2118 0.482362262558051
2119 0.482604896426519
2120 0.482830999499534
2121 0.483239525857561
2122 0.483485244578319
2123 0.483629057074017
2124 0.483798314328035
2125 0.483907954318459
2126 0.484136171397105
2127 0.484476231148383
2128 0.484671752630775
2129 0.484877457426566
2130 0.485051583435928
2131 0.485066987645687
2132 0.48514378864036
2133 0.485238111969307
2134 0.485418152187106
2135 0.48559401062771
2136 0.485621902476201
2137 0.485563093091165
2138 0.485444295387882
2139 0.485264541092403
2140 0.484842858496775
2141 0.484694395444492
2142 0.484640897320929
2143 0.484569858823402
2144 0.484698944632393
2145 0.484597370695653
2146 0.484297334380549
2147 0.484135570802267
2148 0.48396729390317
2149 0.483786764945662
2150 0.483797982947288
2151 0.483586866471657
2152 0.483243663309071
2153 0.482804119063603
2154 0.482223044125488
2155 0.481635532120062
2156 0.481029888705871
2157 0.480308866245499
2158 0.479766000991042
2159 0.479283409644042
2160 0.478796798051767
2161 0.478454032988098
2162 0.477963248379849
2163 0.477436285446162
2164 0.476844316762246
2165 0.476051554431415
2166 0.475489569000845
2167 0.47491684749497
2168 0.474479532820822
2169 0.474352979561973
2170 0.474063449538373
2171 0.473827256779778
2172 0.473468346544847
2173 0.472983911994782
2174 0.472430547215361
2175 0.471984989049794
2176 0.471561307766363
2177 0.47100754092706
2178 0.470426142846938
2179 0.469927539106662
2180 0.469347530667943
2181 0.468807863345169
2182 0.4684222633791
2183 0.467914603473408
2184 0.467318059788422
2185 0.466685472492105
2186 0.466012971179378
2187 0.46537335799445
2188 0.464675940982799
2189 0.463977770271079
2190 0.463342708292802
2191 0.462643328003162
2192 0.461820987217601
2193 0.461087156010763
2194 0.460271510655091
2195 0.459678981285452
2196 0.459201781854072
2197 0.458702593756332
2198 0.458123958449499
2199 0.457555101171429
2200 0.456991313197364
2201 0.456312874397215
2202 0.455736279868718
2203 0.455256583286468
2204 0.454789435429281
2205 0.454278549987306
2206 0.453897466712914
2207 0.453477926495684
2208 0.453376402195374
2209 0.453466971138622
2210 0.453693411819695
2211 0.454297862619948
2212 0.454788629809865
2213 0.455290266185746
2214 0.455838817432701
2215 0.456520611490894
2216 0.457090620272759
2217 0.45762841154844
2218 0.458163516305258
2219 0.458734293755031
2220 0.459316100197403
2221 0.459771587098713
2222 0.460172228632746
2223 0.460724161362886
2224 0.46116974005496
2225 0.461805058406312
2226 0.462839022604782
2227 0.463465646370149
2228 0.464055990823473
2229 0.464295419111524
2230 0.464164272033709
2231 0.464148782637477
2232 0.463819632447408
2233 0.463758919949302
2234 0.463880911255076
2235 0.46393765974031
2236 0.464065116301281
2237 0.464147821735352
2238 0.464239454667659
2239 0.464267811408995
2240 0.464172864013583
2241 0.464170503790308
2242 0.464173064329275
2243 0.464185582170285
2244 0.464003628465687
2245 0.46434652454349
2246 0.464811441353614
2247 0.46505634089087
2248 0.465466715562589
2249 0.465837303309572
2250 0.465918855090574
2251 0.465626124930934
2252 0.465644970241729
2253 0.465522240919756
2254 0.465786814404307
2255 0.466461922310955
2256 0.466778558013478
2257 0.467118216559544
2258 0.467410873484505
2259 0.467502724234314
2260 0.467694927126374
2261 0.468075325073773
2262 0.468259785107273
2263 0.468242403826796
2264 0.468305394657928
2265 0.468250540893689
2266 0.468383427345063
2267 0.468720468359052
2268 0.468931842136621
2269 0.469308466937951
2270 0.469400546368511
2271 0.469143604075097
2272 0.469064812613538
2273 0.468852696966751
2274 0.468840145752566
2275 0.469172700309734
2276 0.469267936273065
2277 0.469357450631164
2278 0.469300487441959
2279 0.469227153489102
2280 0.469111168458699
2281 0.469014607006838
2282 0.469136824089897
2283 0.469249725384853
2284 0.469182801314565
2285 0.469211358731265
2286 0.469363073815437
2287 0.46924944210194
2288 0.468907816754258
2289 0.468861754723757
2290 0.468838723973402
2291 0.468777860817493
2292 0.468812761638198
2293 0.468967017349055
2294 0.469206442598367
2295 0.469170973551976
2296 0.469213651396161
2297 0.46916730007995
2298 0.468795441869467
2299 0.468491958568814
2300 0.468328776009324
2301 0.468038670427413
2302 0.467224938782632
2303 0.467119643606737
2304 0.467647713852497
2305 0.467720632392043
2306 0.467910391438111
2307 0.468061469603193
2308 0.467719355642074
2309 0.46785301771638
2310 0.4687247725473
2311 0.468982681626217
2312 0.469029609679383
2313 0.469003849846608
2314 0.468777538736384
2315 0.468264643796583
2316 0.46740571857335
2317 0.466779243967698
2318 0.46557533001925
2319 0.464995530816239
2320 0.46478548742378
2321 0.465215402846239
2322 0.465484520453682
2323 0.465991483353454
2324 0.465978296998817
2325 0.465724736139411
2326 0.465702639119824
2327 0.465800016622196
2328 0.466193307140515
2329 0.46651203437098
2330 0.466758812164994
2331 0.466738965805477
2332 0.466711489115903
2333 0.466850498020396
2334 0.466950916039023
2335 0.466615469678474
2336 0.466144937086271
2337 0.46532672246475
2338 0.464967240370386
2339 0.46449129642279
2340 0.464386930064758
2341 0.464883353184086
2342 0.464861301819905
2343 0.46464174796507
2344 0.464565131714975
2345 0.464387749519588
2346 0.4642525271679
2347 0.464365910780264
2348 0.46402576853976
2349 0.463308605921322
2350 0.463028559935695
2351 0.462572149534191
2352 0.462569349102838
2353 0.463058658576445
2354 0.463311147089993
2355 0.463854038234964
2356 0.464004859911015
2357 0.464120639895119
2358 0.46377407280998
2359 0.462768559535518
2360 0.462112722584753
2361 0.460972705673943
2362 0.460944409600113
2363 0.461978831858484
2364 0.462204745711751
2365 0.462709950323756
2366 0.462802634933675
2367 0.462266137991992
2368 0.461719070683871
2369 0.460737183774466
2370 0.460558703334752
2371 0.460903468220806
2372 0.460575981914816
2373 0.460414296415413
2374 0.46050756560157
2375 0.459938929592668
2376 0.459745241766923
2377 0.46052760175003
2378 0.460673835446343
2379 0.460040241149481
2380 0.460066476908831
2381 0.460680431125313
2382 0.460618525819562
2383 0.460549624646581
2384 0.46008051203822
2385 0.458857921602086
2386 0.458287493366579
2387 0.457644915646671
2388 0.457368590310161
2389 0.457543019645432
2390 0.457509824672939
2391 0.457739589227382
2392 0.457749468844767
2393 0.457654700872528
2394 0.457666977496347
2395 0.457541362356953
2396 0.457674355773515
2397 0.458621562007663
2398 0.457981521896463
2399 0.455716679757466
2400 0.455401469467938
2401 0.455064860660174
2402 0.455091950439789
2403 0.457329962247315
2404 0.457713922771115
2405 0.456189209132732
2406 0.4563177724142
2407 0.457666875868928
2408 0.457532557634557
2409 0.457132383583351
2410 0.456826013409153
2411 0.455065886873901
2412 0.454655339906426
2413 0.455609302189019
2414 0.455634849882669
2415 0.455833183154998
2416 0.455179557448823
2417 0.454035811398038
2418 0.452773138795099
2419 0.450388417568601
2420 0.448977201927785
2421 0.447746152768269
2422 0.446798482567901
2423 0.44657571223958
2424 0.446316365665849
2425 0.446077119265196
2426 0.445806107048814
2427 0.445587379348092
2428 0.445522963457052
2429 0.445783369686151
2430 0.445611739598074
2431 0.445745884622136
2432 0.445126200327534
2433 0.443721563367997
2434 0.442688868019946
2435 0.440794258776704
2436 0.440754769168687
2437 0.441544987273913
2438 0.441917875778294
2439 0.443681778381835
2440 0.444178570220906
2441 0.444393191463152
2442 0.442915600835229
2443 0.441431486763833
2444 0.442103227124485
2445 0.441334884766296
2446 0.443906442916461
2447 0.445421247402674
2448 0.442573586417235
2449 0.440049472958069
2450 0.437297778640381
2451 0.436276768072285
2452 0.436541726844807
2453 0.437633806612105
2454 0.439140219704718
2455 0.438757745817054
2456 0.438133005816353
2457 0.43674834423083
2458 0.434274848191773
2459 0.434038921018503
2460 0.436252344316494
2461 0.437600076806131
2462 0.438708126955215
2463 0.438137053996763
2464 0.43394905854845
2465 0.43312202877649
2466 0.433578621466243
2467 0.433743137610605
2468 0.437285480430866
2469 0.437260185904598
2470 0.434345494663075
2471 0.432211013914984
2472 0.427927307206537
2473 0.425686765121369
2474 0.42459859652641
2475 0.423845912105552
2476 0.423602644370527
2477 0.424325046295585
2478 0.426252440710813
2479 0.427412154644295
2480 0.430650637568947
2481 0.430705021663512
2482 0.428563265482022
2483 0.427477156992576
2484 0.42354370150928
2485 0.423435746023511
2486 0.426302489128062
2487 0.426557797737052
2488 0.428618661444793
2489 0.427205003605514
2490 0.42125021573052
2491 0.422946936497558
2492 0.421778046413956
2493 0.419561397194351
2494 0.42072798442565
2495 0.419501947817288
2496 0.422081073595064
2497 0.427735612855042
2498 0.429968023222132
2499 0.43218164415395
2500 0.432047372495522
