"Wavelength" "M099a_m5-w1"
350 0.0747742018865325
351 0.0687336608173729
352 0.0691085457461838
353 0.0710110900373448
354 0.0664164571368706
355 0.0645219765909285
356 0.0641637775127465
357 0.0647580061120369
358 0.0663162160748435
359 0.0652389318718045
360 0.0631333564095519
361 0.0639856364723401
362 0.0748689789794919
363 0.0793747072339123
364 0.0753776140020948
365 0.0673483418425149
366 0.0659791996411178
367 0.068397791012298
368 0.0708762506293331
369 0.0701724400006588
370 0.0705685797485391
371 0.0702843646706414
372 0.0684951160710995
373 0.0663393637828725
374 0.069279944474272
375 0.0702443276238511
376 0.0654696838641196
377 0.0667856896805182
378 0.0692346002129253
379 0.0708413811972659
380 0.0709577759241166
381 0.0685117962183855
382 0.069078863613844
383 0.0721382271458984
384 0.0715209282339227
385 0.0671714694714765
386 0.0662774750935925
387 0.0709093581705902
388 0.0702600051010553
389 0.0706498852886822
390 0.071176722082189
391 0.0697835051135038
392 0.0701211623810287
393 0.0703500266948482
394 0.0697329966911432
395 0.0687880742375997
396 0.070219742948497
397 0.0706741626770076
398 0.0691241683699667
399 0.0704048821990333
400 0.071484164903419
401 0.0717553968920788
402 0.071470843719854
403 0.0712074636111511
404 0.0712242682765329
405 0.0714462273264796
406 0.0715848948822971
407 0.0718366204790203
408 0.071923961207489
409 0.0719159297152934
410 0.0727192244954666
411 0.0726516875319846
412 0.0725430005447912
413 0.0733712433224707
414 0.0729973506261366
415 0.0727605258279478
416 0.0732338185653008
417 0.0741445840731759
418 0.0740747688799209
419 0.0735316768294271
420 0.0733357739070728
421 0.0743674596345159
422 0.0750502554969574
423 0.0754136068235737
424 0.0758753963062429
425 0.0755007888231555
426 0.0753557391022758
427 0.0756534712986322
428 0.0757083380902422
429 0.0763533493327702
430 0.0768162649440677
431 0.0766248310809926
432 0.0768294111041658
433 0.0766534011670317
434 0.0766161458217125
435 0.0775108329223582
436 0.0778793596807712
437 0.0779293305161049
438 0.0778921275458874
439 0.0778362246782005
440 0.0784377570308079
441 0.0790828031851037
442 0.0791453447585791
443 0.0789970946971667
444 0.0789651637929262
445 0.0792660023735947
446 0.0799336905125532
447 0.0801681161348106
448 0.0803804677513792
449 0.0806933360457125
450 0.0804582021006431
451 0.0807054376694889
452 0.0809158486577514
453 0.0805051527056607
454 0.0808541373677961
455 0.0812680228885925
456 0.0815538246302643
457 0.0819892316253636
458 0.0822561113371126
459 0.0822523353215477
460 0.0821055968673136
461 0.0823665786131512
462 0.0828024827526566
463 0.0830793202824461
464 0.0829400948973156
465 0.0829587643098783
466 0.0831897714334097
467 0.0834878359349385
468 0.0835286052343007
469 0.0837126370430213
470 0.0840236099268645
471 0.0842953460056087
472 0.0841986126051474
473 0.084308436693157
474 0.0846445118410043
475 0.0848531989105964
476 0.0849278239900524
477 0.0850292139493498
478 0.0852288305417789
479 0.0853809454722052
480 0.085498749416773
481 0.0857589531601269
482 0.0862577659995856
483 0.0863055230655605
484 0.0864202582634427
485 0.0867412034758772
486 0.086926537820581
487 0.0871582076299831
488 0.0873378028014458
489 0.0874292367305221
490 0.0877808184421451
491 0.088011462429979
492 0.0881305847746832
493 0.088366009636634
494 0.0885212571175458
495 0.0887231269309094
496 0.0890200835636604
497 0.0892397015861079
498 0.0895827522821914
499 0.0899017414878031
500 0.0900045484660682
501 0.0901172676352714
502 0.0903213573156432
503 0.0906491220434471
504 0.0910881452062418
505 0.0913015360333446
506 0.0914236818896531
507 0.0916536979271749
508 0.0920514438048385
509 0.0922578822124273
510 0.0924099147676441
511 0.0929022747742966
512 0.0931845024677529
513 0.0934100159093095
514 0.0937022136327539
515 0.0939270064146361
516 0.0941708961932321
517 0.0943758172534067
518 0.0944974270203685
519 0.0949070077210762
520 0.0952653173160657
521 0.0954575380115036
522 0.0956967489851564
523 0.0959685598267378
524 0.0962756192252159
525 0.0966038442835129
526 0.0968852650832221
527 0.0971916608311632
528 0.0975180803807092
529 0.0978030232622041
530 0.0980811104108826
531 0.0984109138189031
532 0.0987888191566321
533 0.0990581407578401
534 0.0992989764304036
535 0.0995682800375994
536 0.099900198636094
537 0.100220498506907
538 0.10055090377149
539 0.100893290572769
540 0.101203428661843
541 0.101522616115314
542 0.101849346315367
543 0.102172343741828
544 0.102499482321131
545 0.102817412774104
546 0.103124804432008
547 0.103433237369989
548 0.103731786576403
549 0.104083546694409
550 0.104516208216185
551 0.104903323952479
552 0.105320618620312
553 0.105723583350018
554 0.106009017834447
555 0.106352519458997
556 0.106714161344496
557 0.107049795045132
558 0.10736416295475
559 0.107741047914166
560 0.108170194713527
561 0.108590934023932
562 0.108917009668523
563 0.109233967078503
564 0.109566048369173
565 0.109832843701979
566 0.110124764031956
567 0.110413190643764
568 0.110655471713489
569 0.110891711733468
570 0.111169639164355
571 0.111496179379729
572 0.111841132117404
573 0.112236212432124
574 0.112604171362439
575 0.112898625615289
576 0.113223630848114
577 0.113486759192691
578 0.113716772220635
579 0.114009319787601
580 0.114356407327373
581 0.114684474476587
582 0.114958246913672
583 0.115226363664524
584 0.115508518599284
585 0.115799752691741
586 0.116082036586688
587 0.116333024566071
588 0.116541868367786
589 0.116774915941533
590 0.117190400633943
591 0.117458523736809
592 0.117665473121461
593 0.117945761044086
594 0.118149199928665
595 0.11840150026554
596 0.118695402951637
597 0.118918946162245
598 0.119195995736841
599 0.119527020841614
600 0.11985907170059
601 0.120056266586601
602 0.120242778001447
603 0.120465062759409
604 0.120729007498271
605 0.121051299569142
606 0.121355062309733
607 0.121602584895442
608 0.121831651391525
609 0.122103571303188
610 0.122378177444023
611 0.122602992618331
612 0.122872912210695
613 0.123146023095205
614 0.123401464817269
615 0.123651332956514
616 0.12389845445792
617 0.124198056906132
618 0.124553818111146
619 0.124748146133414
620 0.124993160288474
621 0.125318522849428
622 0.125613131254265
623 0.125831366018875
624 0.126059994433418
625 0.12634374313227
626 0.126572476726974
627 0.126807147814774
628 0.127063132130716
629 0.127341102714135
630 0.127696570226235
631 0.128006843019425
632 0.128240554405484
633 0.128529821946819
634 0.128819291563342
635 0.129105992960396
636 0.129395705538485
637 0.129661294883924
638 0.129967538214932
639 0.130297645320182
640 0.130554896139675
641 0.1308194004821
642 0.131091046742903
643 0.131362926848424
644 0.131668193734642
645 0.13192929284628
646 0.132187121664369
647 0.13253940586488
648 0.132847314214686
649 0.133145002702189
650 0.133464055517135
651 0.133786830005733
652 0.134088079077757
653 0.134377022040397
654 0.13467586358884
655 0.134992679254087
656 0.135282051491299
657 0.135561907719871
658 0.135929751449715
659 0.136239832573552
660 0.136535530888416
661 0.136871966763878
662 0.137159257907498
663 0.137462485815815
664 0.137795783894703
665 0.138130152873747
666 0.138432072985382
667 0.138747838521905
668 0.139097611017207
669 0.13940744314345
670 0.139740690020494
671 0.140074520888328
672 0.14036695181817
673 0.140709200694379
674 0.141094460986571
675 0.14146731258829
676 0.141715346632299
677 0.142046148185807
678 0.142404733425279
679 0.142702681244447
680 0.143035884952032
681 0.143426536750758
682 0.14383250435344
683 0.144165763925178
684 0.14447623996884
685 0.144771437265701
686 0.145066941723265
687 0.145418786489962
688 0.145762775106477
689 0.146103790392734
690 0.146471467829767
691 0.146821786410662
692 0.147184724162374
693 0.147554222200196
694 0.147861978311612
695 0.148256860954317
696 0.148678042274309
697 0.149032568347691
698 0.14935963084
699 0.149724626174727
700 0.150125591905579
701 0.150505451121004
702 0.150874247397872
703 0.151265265942694
704 0.151683451497839
705 0.152057286430362
706 0.15242209032844
707 0.152790052706661
708 0.1531618051173
709 0.153521932468268
710 0.153915571765436
711 0.154336204085958
712 0.154704491745121
713 0.155127285157105
714 0.15554129687864
715 0.155885308287484
716 0.156262988458135
717 0.156685713396112
718 0.157139959545712
719 0.157590891302274
720 0.157995800351749
721 0.158366268067559
722 0.158738277209352
723 0.159184273388062
724 0.159579815244957
725 0.159950948116084
726 0.160362920638569
727 0.160773861799491
728 0.161161347345255
729 0.16154920483562
730 0.16200158484041
731 0.162398685189682
732 0.162806797364656
733 0.163261558936464
734 0.163594623768916
735 0.163987176457757
736 0.1644377052447
737 0.16485630654257
738 0.165257988453991
739 0.165631903189912
740 0.166005144715738
741 0.166458451956193
742 0.166909052032726
743 0.16731384203991
744 0.167671119188382
745 0.168076937518898
746 0.168510622805784
747 0.168959148085089
748 0.169411827197791
749 0.169836170722158
750 0.17023328252027
751 0.170622625226642
752 0.171047053615893
753 0.171483548328289
754 0.171908097540869
755 0.172306216576664
756 0.172708268811425
757 0.173113405156465
758 0.173520350219079
759 0.173929892542023
760 0.174370142468274
761 0.174823521219406
762 0.175262894570386
763 0.175656670296718
764 0.176066857160499
765 0.176511633946869
766 0.176975809628739
767 0.177374627389925
768 0.17775365170362
769 0.178170953638011
770 0.17867746091203
771 0.179120893191531
772 0.179547955931868
773 0.179988683019367
774 0.180344728725679
775 0.180715872549996
776 0.181132801482032
777 0.181583397875794
778 0.181964204386226
779 0.182414567588922
780 0.182927878026922
781 0.183355926414681
782 0.183734804818795
783 0.184190903693186
784 0.184741122268741
785 0.185121851268878
786 0.185523422972464
787 0.185939548697623
788 0.186319429014178
789 0.186761264332859
790 0.187189415606063
791 0.187599965917465
792 0.188052403047593
793 0.188455292476456
794 0.188848415859325
795 0.189279697251937
796 0.189773192435
797 0.190237352477753
798 0.190647699892921
799 0.191027004449905
800 0.191476418626178
801 0.191927770436466
802 0.192348997695797
803 0.192744929891196
804 0.193147173898313
805 0.193545326992596
806 0.193941417571889
807 0.194366711766297
808 0.194790477285592
809 0.195249020539204
810 0.195753414150872
811 0.196174949138727
812 0.196563345937962
813 0.196965233434004
814 0.197418001050017
815 0.1979114352019
816 0.198382033790048
817 0.198798104314341
818 0.199172523811945
819 0.199517887328617
820 0.199883608596408
821 0.200293232124529
822 0.200688985977944
823 0.201101330817904
824 0.201542486810594
825 0.202013237848737
826 0.202496785455768
827 0.202939419416889
828 0.203353938525515
829 0.203801665233097
830 0.204235448634887
831 0.204670851575939
832 0.20509705288569
833 0.205450161355117
834 0.205832507188404
835 0.206205946206523
836 0.206538593837798
837 0.206929354966439
838 0.207383553397554
839 0.207874320278171
840 0.208345752741894
841 0.208691899351353
842 0.209117054126591
843 0.209630088942864
844 0.210053987465781
845 0.210466547373433
846 0.210848626572771
847 0.211208533116084
848 0.211617437132983
849 0.212031822619387
850 0.212449222240822
851 0.21286580156921
852 0.21324526210806
853 0.213577476578495
854 0.213941012716192
855 0.214420079835074
856 0.214908619419389
857 0.215342224930591
858 0.215730143074125
859 0.216135353208962
860 0.216511120402019
861 0.216909348304334
862 0.217359196279564
863 0.217839213083648
864 0.218228518212852
865 0.218558921925545
866 0.218906885103803
867 0.21935807865318
868 0.219841592921291
869 0.220283838791561
870 0.22064858926707
871 0.221048634325844
872 0.221443819281617
873 0.221868287888694
874 0.222377882961332
875 0.222887360278899
876 0.223270151410379
877 0.22354066862216
878 0.223848566229248
879 0.224232847058717
880 0.22470259276682
881 0.225183903495641
882 0.225506609798814
883 0.225884101985444
884 0.226286393045217
885 0.226677413001991
886 0.2271483022702
887 0.227653266943279
888 0.228107809190887
889 0.228465012605396
890 0.22885542715291
891 0.229227556936051
892 0.229617611060525
893 0.230065645399833
894 0.230391936634938
895 0.230799999598373
896 0.231265558167743
897 0.231616916427868
898 0.2320841361186
899 0.232538963870642
900 0.232918317259688
901 0.233275061483023
902 0.233649808675478
903 0.234116694271477
904 0.234632273219245
905 0.234987376887095
906 0.235329452327232
907 0.235708454332179
908 0.236123188945019
909 0.236512637915042
910 0.236914609727485
911 0.237323579575926
912 0.237721942438082
913 0.238089924085406
914 0.238468493166075
915 0.238902814761046
916 0.239404227282321
917 0.239863892031927
918 0.240301620335323
919 0.240697105242881
920 0.241032252305212
921 0.241386449166023
922 0.241789423984658
923 0.24223481498261
924 0.242684403939909
925 0.243072034026231
926 0.243447149961416
927 0.243823740013887
928 0.244197156128076
929 0.244733863984765
930 0.245159698499744
931 0.245441779439511
932 0.245822219717886
933 0.246262657617063
934 0.246689398725621
935 0.247083748258999
936 0.247499729710503
937 0.247898920997196
938 0.248290624901656
939 0.248697907859425
940 0.249145978156125
941 0.249571199255522
942 0.249924180392177
943 0.25024191475751
944 0.250678697896787
945 0.251107551157755
946 0.251478689497458
947 0.251830908341556
948 0.252318704348743
949 0.252688260487204
950 0.253024528455555
951 0.253436797711573
952 0.253906025638898
953 0.254382519862226
954 0.254749571065166
955 0.254983376418077
956 0.255273865920166
957 0.255663999187101
958 0.256028799897879
959 0.256338142332704
960 0.256887111685531
961 0.257418762389066
962 0.257913292198141
963 0.258367592892106
964 0.258657666043076
965 0.258953307370141
966 0.259290789605672
967 0.259702161203925
968 0.260319468586706
969 0.260624096387807
970 0.260845992158431
971 0.261253077254711
972 0.26165777475354
973 0.262125489792551
974 0.262560225339888
975 0.262902803510626
976 0.263266753294712
977 0.263514232806199
978 0.263746146969798
979 0.264108713142631
980 0.26469041819818
981 0.265178475904335
982 0.265585254286797
983 0.26598341724743
984 0.266383149380921
985 0.266735211665679
986 0.267061209491755
987 0.267375711412916
988 0.267656333549128
989 0.268015024766597
990 0.268516782198458
991 0.269094603631282
992 0.269530418482999
993 0.269791523777263
994 0.270008710958955
995 0.270289665943968
996 0.270656046782523
997 0.271095499251615
998 0.271545192239928
999 0.271922145768029
1000 0.272174925691973
1001 0.271166080572813
1002 0.271547156950846
1003 0.27187682538493
1004 0.272230694540481
1005 0.272585861735523
1006 0.272949771734988
1007 0.273277963623881
1008 0.273692149023
1009 0.274164186023157
1010 0.274510869694746
1011 0.274711900822935
1012 0.27501402634323
1013 0.275375568252586
1014 0.275742450422209
1015 0.276178618183935
1016 0.276551688117225
1017 0.276912138428463
1018 0.277191053284792
1019 0.277502252910324
1020 0.277807728165448
1021 0.278171869538003
1022 0.278563485023976
1023 0.278928171831978
1024 0.27927594867807
1025 0.279693822320788
1026 0.280015751150069
1027 0.280248677201194
1028 0.280594603387532
1029 0.280906943963196
1030 0.281207205680637
1031 0.281583228833195
1032 0.281926486737318
1033 0.282254668430399
1034 0.282601353812716
1035 0.282950541222803
1036 0.283298584906032
1037 0.28366033534338
1038 0.283967914802299
1039 0.284225822028831
1040 0.284556473935973
1041 0.28491336631165
1042 0.285210270802272
1043 0.285580646318443
1044 0.285961215362255
1045 0.286264749420469
1046 0.286622493556294
1047 0.286970417221067
1048 0.287310709760525
1049 0.287630805284963
1050 0.288034660486922
1051 0.288386038300136
1052 0.288710874872668
1053 0.289055854449257
1054 0.289332860383605
1055 0.289604282455007
1056 0.289954494534104
1057 0.290387803228476
1058 0.290797133900988
1059 0.291197135103663
1060 0.291604708718945
1061 0.291882514972449
1062 0.292214592192818
1063 0.2925345583861
1064 0.292910561738088
1065 0.293235311346869
1066 0.293589982091438
1067 0.293908982053885
1068 0.294220858877605
1069 0.294545482354733
1070 0.29487176318566
1071 0.295163892760451
1072 0.295366494566684
1073 0.29561059185142
1074 0.295911332378615
1075 0.296205750383251
1076 0.296522015207862
1077 0.296892510742853
1078 0.297253242702932
1079 0.297551058116232
1080 0.297843517578684
1081 0.29813246988735
1082 0.298421546744865
1083 0.298745853098993
1084 0.299078104768255
1085 0.299429335177629
1086 0.299776638858076
1087 0.300036111817811
1088 0.300294976265083
1089 0.300564538554088
1090 0.300824347406208
1091 0.301114783250213
1092 0.301471788699726
1093 0.301779889335058
1094 0.302084439811145
1095 0.302347394866397
1096 0.302611314875184
1097 0.30288612539393
1098 0.30314702596667
1099 0.303413298087761
1100 0.303690969852363
1101 0.303964815244519
1102 0.304243482297955
1103 0.304564815160535
1104 0.304854498860313
1105 0.305132291277276
1106 0.305407361425267
1107 0.30564632510935
1108 0.30590667420312
1109 0.306181154918528
1110 0.306457870424329
1111 0.306719139304376
1112 0.306998293912388
1113 0.307254575977502
1114 0.307505732846363
1115 0.307762316907187
1116 0.30804239754646
1117 0.308337222662652
1118 0.30862854566993
1119 0.308893781306288
1120 0.309132562715622
1121 0.309394985086066
1122 0.309642362568398
1123 0.309909295929264
1124 0.310217070278549
1125 0.310501773191054
1126 0.310793540169754
1127 0.31105146331273
1128 0.311256313772711
1129 0.311489116888343
1130 0.311719683096327
1131 0.311943884712767
1132 0.312229214975779
1133 0.312472142401681
1134 0.312716275473863
1135 0.313004213294251
1136 0.313270109767145
1137 0.313541935600708
1138 0.313822518805986
1139 0.31409679372018
1140 0.314370823528299
1141 0.314671581008027
1142 0.314944512920585
1143 0.315205176019113
1144 0.315448444828756
1145 0.315690103799767
1146 0.315905057896695
1147 0.316111770699646
1148 0.316356119064601
1149 0.316628301472532
1150 0.316907192561144
1151 0.317171721841127
1152 0.317423732760625
1153 0.317675107031929
1154 0.317895589060186
1155 0.318137570424644
1156 0.31841589317244
1157 0.318646701027869
1158 0.318851127075313
1159 0.319061419311696
1160 0.319251937455382
1161 0.319444088282598
1162 0.319657167440338
1163 0.319876064498274
1164 0.320110172391247
1165 0.320365330666167
1166 0.32062675698618
1167 0.320903555480247
1168 0.321205525271299
1169 0.32151014598533
1170 0.321797173665571
1171 0.322095014958052
1172 0.322362968377858
1173 0.322605992308965
1174 0.322841335809693
1175 0.323036078719637
1176 0.323275075729555
1177 0.323525520930497
1178 0.323780613214079
1179 0.32405593126724
1180 0.324351433734646
1181 0.324624183054756
1182 0.324871698767346
1183 0.325104704807026
1184 0.325328408756798
1185 0.325538242283904
1186 0.325737324738774
1187 0.325956810114658
1188 0.326183742122696
1189 0.326419813889622
1190 0.32668968376648
1191 0.326907413855209
1192 0.327109238872979
1193 0.327314390538273
1194 0.327465216833765
1195 0.32766409734631
1196 0.327895085426999
1197 0.328115868201639
1198 0.328332804130062
1199 0.32860550964605
1200 0.328837903859573
1201 0.329025762391109
1202 0.329188499269698
1203 0.329358369780656
1204 0.329529084354041
1205 0.329679886147664
1206 0.329871516852836
1207 0.330086761607005
1208 0.330285689997401
1209 0.330500758793469
1210 0.330715535642774
1211 0.33092842784584
1212 0.331133859527664
1213 0.331340191600621
1214 0.331551232243514
1215 0.331748863992573
1216 0.331957626849284
1217 0.332184911808143
1218 0.332407065190863
1219 0.332633333446364
1220 0.33284372031861
1221 0.333019593300413
1222 0.333162932109654
1223 0.333328989621435
1224 0.333472695968765
1225 0.333632828846555
1226 0.333819664922716
1227 0.333986553249302
1228 0.334111389499116
1229 0.334294226498204
1230 0.334518864702709
1231 0.334723501890862
1232 0.334961854069242
1233 0.335170595315066
1234 0.33533777284492
1235 0.335528563633245
1236 0.335735882435331
1237 0.335929077324943
1238 0.336121576165875
1239 0.336302388268715
1240 0.336464880741248
1241 0.336601624223413
1242 0.336749236745383
1243 0.33686906753663
1244 0.337042025385365
1245 0.337233926113763
1246 0.337428857314834
1247 0.337652910173823
1248 0.33788022934242
1249 0.338139134988908
1250 0.338347403124689
1251 0.338550098987998
1252 0.338741753828568
1253 0.338880575196098
1254 0.339037444466923
1255 0.339214398269867
1256 0.339377647531791
1257 0.339531053560179
1258 0.339670534886355
1259 0.339830465110254
1260 0.339985144352754
1261 0.340169251550438
1262 0.340383449471477
1263 0.340579670378861
1264 0.340782386570629
1265 0.34098576078299
1266 0.341185748643286
1267 0.341381479950821
1268 0.341582108306854
1269 0.341783869105306
1270 0.341970495980659
1271 0.342171833621838
1272 0.342391072749195
1273 0.342600051906286
1274 0.342793517641026
1275 0.343011319109406
1276 0.343257245496173
1277 0.343476704682272
1278 0.343671564490187
1279 0.343912091068746
1280 0.34413728202048
1281 0.344347826890955
1282 0.344559248309838
1283 0.344799959005029
1284 0.344988630712335
1285 0.345138315095839
1286 0.345298694195962
1287 0.345446693377461
1288 0.345591925829742
1289 0.345721730607622
1290 0.345866942725038
1291 0.346013771881722
1292 0.346159727699679
1293 0.346308989390021
1294 0.346467129607977
1295 0.346626561078042
1296 0.346786643325127
1297 0.34697614913743
1298 0.347134766051242
1299 0.347261386891805
1300 0.347403066501987
1301 0.347541594858593
1302 0.347663695075255
1303 0.347806096638043
1304 0.347981573861079
1305 0.348099474919236
1306 0.348186075853756
1307 0.348298705796578
1308 0.34840166766112
1309 0.348491988497069
1310 0.348575755369442
1311 0.348689585925844
1312 0.348787891963183
1313 0.348908632017237
1314 0.349083324846657
1315 0.349231662237136
1316 0.349352705815136
1317 0.349498686150394
1318 0.349685579017723
1319 0.349828469035257
1320 0.349945785047829
1321 0.350077107972958
1322 0.350189755915183
1323 0.35030203566268
1324 0.350418747390625
1325 0.350558780830526
1326 0.350671424912137
1327 0.350768467314742
1328 0.350862462572195
1329 0.350929234817333
1330 0.351051660457731
1331 0.351184709507409
1332 0.351332045902018
1333 0.351536169208193
1334 0.351698771475865
1335 0.351828687847807
1336 0.351993310435239
1337 0.352187235548924
1338 0.35234580392228
1339 0.352525728891731
1340 0.352660399017101
1341 0.352729275264374
1342 0.35282712062752
1343 0.35291346145303
1344 0.353011988602936
1345 0.353125422480282
1346 0.353239748790123
1347 0.353351646601484
1348 0.353477752848185
1349 0.35360276641701
1350 0.35374291927901
1351 0.353856227973517
1352 0.353970613087407
1353 0.354057228975757
1354 0.354115202152897
1355 0.354182280657972
1356 0.354223429155567
1357 0.354300577516045
1358 0.354391363818889
1359 0.354486317218644
1360 0.354588876928311
1361 0.354715435523794
1362 0.354870561199101
1363 0.35500179685828
1364 0.355164610691046
1365 0.35528165555203
1366 0.355353231954308
1367 0.355432901850593
1368 0.355496745110585
1369 0.355560517507941
1370 0.355640785216983
1371 0.355684895636668
1372 0.355703539959723
1373 0.355727652357488
1374 0.355704946254848
1375 0.355654561571141
1376 0.355586612671185
1377 0.355487601214548
1378 0.355393865237698
1379 0.355279043367266
1380 0.355173517094936
1381 0.355074415740189
1382 0.354957007027179
1383 0.354820864026115
1384 0.354701210130067
1385 0.354609469604469
1386 0.354450935131833
1387 0.354283124934271
1388 0.354086403634199
1389 0.35383170086378
1390 0.353576232536439
1391 0.353313679892343
1392 0.353032642260359
1393 0.35270576091445
1394 0.352404928976893
1395 0.352129405217595
1396 0.351817394314865
1397 0.351497612381174
1398 0.351166437757918
1399 0.350812260213891
1400 0.350442504673819
1401 0.350068817785258
1402 0.349675851096408
1403 0.34926057366425
1404 0.348848826141179
1405 0.348426963468783
1406 0.348000627502848
1407 0.347571711753514
1408 0.347108630844816
1409 0.346717130936431
1410 0.346306293345877
1411 0.346032780184185
1412 0.345820029297808
1413 0.345702977834542
1414 0.345643789092267
1415 0.34574405214674
1416 0.345951598969489
1417 0.346259214768593
1418 0.346773025109746
1419 0.347230485216173
1420 0.347760471688163
1421 0.348259144432681
1422 0.348777236353417
1423 0.349260209307115
1424 0.349746442938459
1425 0.350192001019224
1426 0.3505805974847
1427 0.350986718223092
1428 0.351397653130259
1429 0.35177116095136
1430 0.352131314588736
1431 0.352481757868164
1432 0.352790331450511
1433 0.353095371873724
1434 0.353445822019919
1435 0.353796826645519
1436 0.35413372551004
1437 0.354488520848619
1438 0.354800332909485
1439 0.355075142199642
1440 0.355374131000229
1441 0.355661493924419
1442 0.35596574979324
1443 0.356301267343104
1444 0.356587667509425
1445 0.35686313514764
1446 0.357118264973
1447 0.357341668015782
1448 0.357560521836847
1449 0.357762062840583
1450 0.357972541858038
1451 0.35819122753431
1452 0.358370797963823
1453 0.358523355562588
1454 0.358695168122193
1455 0.358844826369005
1456 0.358997691727808
1457 0.359182449781425
1458 0.359342001572505
1459 0.359465932227651
1460 0.359607210316904
1461 0.359763475487534
1462 0.359901023511328
1463 0.360001367755506
1464 0.360148408441589
1465 0.360300340171939
1466 0.36047704290565
1467 0.360718392674032
1468 0.360935406263954
1469 0.361154494733066
1470 0.361362258229248
1471 0.361559019557122
1472 0.361763903449984
1473 0.362022215929417
1474 0.362288032619479
1475 0.362508587461149
1476 0.362746459575843
1477 0.362933372081354
1478 0.363062731695348
1479 0.363191558550325
1480 0.363299379767006
1481 0.363424105926027
1482 0.363501519905712
1483 0.36366463963558
1484 0.363886627024235
1485 0.364087676188211
1486 0.364344635969169
1487 0.36453109229591
1488 0.364664080862525
1489 0.36484125842694
1490 0.365019136797824
1491 0.365181158964247
1492 0.365362759705569
1493 0.365528639637814
1494 0.365641639502144
1495 0.365807298208423
1496 0.366011170693791
1497 0.366198626544377
1498 0.366419004516132
1499 0.366595217112729
1500 0.366756158057601
1501 0.366892465149601
1502 0.36696997213066
1503 0.367084381742403
1504 0.367164814402869
1505 0.367316258083641
1506 0.367541037651001
1507 0.367740263873626
1508 0.367976876945307
1509 0.368191842705854
1510 0.368415880771469
1511 0.36858628775029
1512 0.368728916130131
1513 0.36885913965423
1514 0.368923015297851
1515 0.369004567269129
1516 0.369104830624666
1517 0.369169975390972
1518 0.369251496001625
1519 0.369373630541713
1520 0.369486965979119
1521 0.369611699297822
1522 0.369767284301935
1523 0.369938227415333
1524 0.370115344242449
1525 0.370343117037683
1526 0.370498019119997
1527 0.370626007233209
1528 0.370743020645784
1529 0.370833958814122
1530 0.370912025436604
1531 0.370955864125934
1532 0.371049234848267
1533 0.371129767061997
1534 0.371252823229992
1535 0.371434682895707
1536 0.371587722916167
1537 0.371734798205213
1538 0.371900493691202
1539 0.372090678741705
1540 0.372245598367836
1541 0.372394354569957
1542 0.372544457300348
1543 0.372665291400066
1544 0.372810019121116
1545 0.37299259325795
1546 0.373127488445826
1547 0.373232942774677
1548 0.373356618054359
1549 0.373454907873175
1550 0.373581996260793
1551 0.373750164703111
1552 0.37388069792169
1553 0.374021192144102
1554 0.374117401401689
1555 0.374170191414097
1556 0.374230921022378
1557 0.374243609447991
1558 0.374305986661762
1559 0.374374675137496
1560 0.374480761181343
1561 0.374658264200587
1562 0.374782889671344
1563 0.374921804665543
1564 0.375025394663147
1565 0.375066156582189
1566 0.375139637000741
1567 0.375208942132072
1568 0.375292105836685
1569 0.375380087835349
1570 0.375489433382906
1571 0.37563259940641
1572 0.375753150538426
1573 0.375882626621432
1574 0.376004470746143
1575 0.376083380037902
1576 0.376205064117588
1577 0.3763602495264
1578 0.376506577155877
1579 0.376687791415307
1580 0.376838275666309
1581 0.376960455930206
1582 0.377089719498072
1583 0.377201301924247
1584 0.377325953791616
1585 0.377471430870823
1586 0.377599970467736
1587 0.377752730458764
1588 0.377854808205917
1589 0.377911161209445
1590 0.377967826400652
1591 0.377966927299421
1592 0.378001834479593
1593 0.378055043367723
1594 0.378115044505575
1595 0.378197433458934
1596 0.378278162275874
1597 0.378344745443436
1598 0.378442670301136
1599 0.378563777641362
1600 0.378694757196336
1601 0.378826662707999
1602 0.378957205945812
1603 0.379055062928687
1604 0.379145941000808
1605 0.379226411172931
1606 0.379300930378305
1607 0.379360259550213
1608 0.379395745438697
1609 0.379461414155619
1610 0.379524914423539
1611 0.379608749139129
1612 0.379702557047704
1613 0.379834430194333
1614 0.379994622017975
1615 0.38013593820881
1616 0.380310540771027
1617 0.380445084101107
1618 0.380563961944256
1619 0.380639757864499
1620 0.380686628484453
1621 0.380748259515895
1622 0.380763632096358
1623 0.380835483990186
1624 0.380941500225469
1625 0.381055817306406
1626 0.381180951177857
1627 0.3813115974365
1628 0.381473820869831
1629 0.381599953087336
1630 0.381724215324425
1631 0.381814174131478
1632 0.381876495061741
1633 0.38194914073315
1634 0.382007363308087
1635 0.382054172185408
1636 0.382090233565503
1637 0.382154248724222
1638 0.382190582464587
1639 0.382303094087301
1640 0.382484513425027
1641 0.382613713364915
1642 0.382760064499538
1643 0.38288227441944
1644 0.382982808314994
1645 0.38308288998348
1646 0.383189674285678
1647 0.383253451488484
1648 0.383280884504079
1649 0.383319760505243
1650 0.383330284286917
1651 0.383393301577495
1652 0.38347832798035
1653 0.383565220397457
1654 0.383667299197891
1655 0.383799998898899
1656 0.383933180967652
1657 0.384064661860759
1658 0.384201771882304
1659 0.384296343034334
1660 0.384366221741834
1661 0.384451132182777
1662 0.384573711679894
1663 0.384723039866418
1664 0.384865418493309
1665 0.384986674838878
1666 0.385115078312678
1667 0.385236783529798
1668 0.385331521393624
1669 0.385451696581213
1670 0.385580797251402
1671 0.385701843063361
1672 0.385806035066359
1673 0.385862626017503
1674 0.385924999282362
1675 0.385961366808325
1676 0.385997043858786
1677 0.38608341798075
1678 0.38614241346102
1679 0.386224398659833
1680 0.386341331278911
1681 0.386478458615014
1682 0.386655331029849
1683 0.386813978645622
1684 0.386991642206022
1685 0.387205757268588
1686 0.387388675263071
1687 0.387537191740485
1688 0.387643285746339
1689 0.387690007048418
1690 0.38769292283743
1691 0.387715889842803
1692 0.387793997616643
1693 0.387873678203204
1694 0.388008805960342
1695 0.388188899681317
1696 0.388344701905344
1697 0.388537180042972
1698 0.388661316442762
1699 0.38871948770489
1700 0.388783674070603
1701 0.388778818164334
1702 0.388807920460297
1703 0.388845474647905
1704 0.388899219336727
1705 0.388972568107889
1706 0.389051340493175
1707 0.389142409099728
1708 0.389236910022557
1709 0.389357767646159
1710 0.389445846335682
1711 0.389558968150691
1712 0.389610847469245
1713 0.389617217521268
1714 0.389588783667217
1715 0.389465048843478
1716 0.389406985909935
1717 0.389338709724593
1718 0.389308835948762
1719 0.38933613203403
1720 0.389357846000589
1721 0.389394614086522
1722 0.389406152569695
1723 0.389407249960102
1724 0.389448080145605
1725 0.38950448392395
1726 0.389550283247578
1727 0.38961413485446
1728 0.3896832762836
1729 0.389745325887005
1730 0.389788115125217
1731 0.389873161010037
1732 0.389881371179009
1733 0.389789792704071
1734 0.389786210430309
1735 0.389788894813229
1736 0.389828004583543
1737 0.389926049908322
1738 0.390000443915795
1739 0.390070196121891
1740 0.390114581507414
1741 0.390209768376146
1742 0.390273231338007
1743 0.390329594849785
1744 0.39046012470181
1745 0.390538361394034
1746 0.390533901997408
1747 0.390508374864001
1748 0.390415527365638
1749 0.390312218386684
1750 0.390255003708985
1751 0.390256687608463
1752 0.390280299450904
1753 0.390280626973279
1754 0.390357149263116
1755 0.390463038347947
1756 0.390492305266858
1757 0.390561108329645
1758 0.390627637523621
1759 0.390656050010459
1760 0.390735876394136
1761 0.390773217414396
1762 0.390779475009796
1763 0.3907826099857
1764 0.390775976346779
1765 0.390830521442457
1766 0.390842839835735
1767 0.39081680412419
1768 0.39081529348825
1769 0.390779742860283
1770 0.39078812170332
1771 0.390842857551435
1772 0.390929766720978
1773 0.391034107650138
1774 0.391185713890259
1775 0.391294099629681
1776 0.391392393157948
1777 0.391462371472541
1778 0.391546115994348
1779 0.391534425909488
1780 0.391462360550354
1781 0.391369145262954
1782 0.391222471867991
1783 0.39112864570049
1784 0.391008022912624
1785 0.390951972725059
1786 0.390961961772575
1787 0.390977309907701
1788 0.391085841553591
1789 0.391179093153721
1790 0.391244099405129
1791 0.391392715908945
1792 0.391546553644919
1793 0.391644679392022
1794 0.391754608955723
1795 0.391833547416331
1796 0.391757409483504
1797 0.391649222984836
1798 0.391608547650745
1799 0.391514738054773
1800 0.391481553364839
1801 0.388993627215411
1802 0.388936153163072
1803 0.38896995239101
1804 0.38901332111857
1805 0.389048174695765
1806 0.389036850624378
1807 0.389079356100505
1808 0.389193460487854
1809 0.389253858336119
1810 0.389260912713415
1811 0.389308306035573
1812 0.389477575948062
1813 0.389521535707086
1814 0.389755894430874
1815 0.390135505471855
1816 0.390306007568182
1817 0.390436725182462
1818 0.390510444163729
1819 0.390471179928535
1820 0.390378774877164
1821 0.390317695764709
1822 0.390330887521114
1823 0.39042735931754
1824 0.390423242174652
1825 0.390422739683006
1826 0.390425140119835
1827 0.390474577533757
1828 0.390497794533256
1829 0.390538854110818
1830 0.39062803653348
1831 0.39072294828291
1832 0.390793113904817
1833 0.390885305052041
1834 0.391024665642943
1835 0.39112444231557
1836 0.391187923754078
1837 0.391217861034138
1838 0.391235593184943
1839 0.39120908795923
1840 0.3912083065198
1841 0.391200985972923
1842 0.391162231589538
1843 0.391204112374695
1844 0.391242778180087
1845 0.391276703930719
1846 0.391364693619756
1847 0.391417530275627
1848 0.391440685472553
1849 0.3915153366884
1850 0.391606714691788
1851 0.391583183508092
1852 0.391531579820347
1853 0.391390612048463
1854 0.391162056588548
1855 0.391111272487432
1856 0.391286603523567
1857 0.391378746175039
1858 0.391417385593186
1859 0.391499685370363
1860 0.391513076745152
1861 0.391359982321259
1862 0.391245104246695
1863 0.391011652905338
1864 0.390684762413789
1865 0.39032584960829
1866 0.389854308477689
1867 0.389447137258312
1868 0.389069534253078
1869 0.38871459628873
1870 0.388362679873829
1871 0.388092287266295
1872 0.38784045441266
1873 0.387615259079828
1874 0.387301191285465
1875 0.386867892351549
1876 0.386362742848135
1877 0.385770347999115
1878 0.385151044737585
1879 0.38447699699774
1880 0.383750431240403
1881 0.382953931607189
1882 0.38207253626283
1883 0.381114336119406
1884 0.380167464273551
1885 0.379185448760566
1886 0.378117621406676
1887 0.376983287722147
1888 0.3757051498768
1889 0.37429934600922
1890 0.372746953142815
1891 0.371145537463817
1892 0.369467527919191
1893 0.367744258239984
1894 0.366049206083383
1895 0.364254399024233
1896 0.362428542633047
1897 0.360719319425688
1898 0.35880370029651
1899 0.356912126633701
1900 0.35499282621339
1901 0.353199232224698
1902 0.351319749083616
1903 0.349653362368992
1904 0.348163027532549
1905 0.346764054926511
1906 0.345523015919355
1907 0.344489137142779
1908 0.343722103812866
1909 0.343087955876892
1910 0.342557181687723
1911 0.34219934666772
1912 0.341893262106496
1913 0.341676907446106
1914 0.341556792329452
1915 0.341553719477543
1916 0.341649532514991
1917 0.341725846833569
1918 0.341865442543929
1919 0.342076467608708
1920 0.342356303757158
1921 0.342705603545904
1922 0.343222778295112
1923 0.34366194152134
1924 0.344130827492392
1925 0.344552836292956
1926 0.345003623744402
1927 0.345494198673449
1928 0.346017982217214
1929 0.34659944884546
1930 0.347136812314924
1931 0.347725403940144
1932 0.348257353313125
1933 0.348721383606625
1934 0.349232221873752
1935 0.349734970955072
1936 0.350274062273982
1937 0.350823948105579
1938 0.351386599736855
1939 0.351867443554325
1940 0.352246173174885
1941 0.352629575280615
1942 0.353101192319988
1943 0.353564039234324
1944 0.354111766574058
1945 0.35451480234566
1946 0.35483575461858
1947 0.355189267072578
1948 0.35546455029962
1949 0.355788438722346
1950 0.356131279328642
1951 0.356599694515514
1952 0.357084696699841
1953 0.357573205676689
1954 0.358062441398529
1955 0.358610973026456
1956 0.359079896864213
1957 0.359500448503516
1958 0.35993732516211
1959 0.360333924876983
1960 0.360840988919536
1961 0.361298258529732
1962 0.361627533268741
1963 0.361961692826186
1964 0.362222120408012
1965 0.362431305303362
1966 0.362697741627121
1967 0.362978270580688
1968 0.363252711832043
1969 0.363576810715279
1970 0.363919538880264
1971 0.364334722050063
1972 0.364832004859317
1973 0.365335865305205
1974 0.365832800613303
1975 0.366250291520184
1976 0.366623754208106
1977 0.367008281054079
1978 0.367419755190543
1979 0.367894845354145
1980 0.368281637804524
1981 0.368626282066503
1982 0.368985764934781
1983 0.369279763038148
1984 0.369623448337879
1985 0.370005345150061
1986 0.370400296888598
1987 0.370760312914619
1988 0.371099963155031
1989 0.371445708470058
1990 0.371846073756928
1991 0.372311489006116
1992 0.372906331342701
1993 0.373380584547555
1994 0.373881962857158
1995 0.374309888355602
1996 0.374602915133463
1997 0.374993445091966
1998 0.375412687766377
1999 0.375858153661131
2000 0.376286308443545
2001 0.376524425107
2002 0.376804145011422
2003 0.377004494615795
2004 0.377220411057239
2005 0.377401828156836
2006 0.37765992348208
2007 0.377854550122827
2008 0.378210631975971
2009 0.378754703412554
2010 0.379199050944394
2011 0.37974448526229
2012 0.380170238251365
2013 0.380459216697977
2014 0.380751692990467
2015 0.381018419527103
2016 0.381183934655096
2017 0.381486240529285
2018 0.381832492737939
2019 0.382174084483718
2020 0.382647185661153
2021 0.382952731981847
2022 0.383105705080552
2023 0.383380425663056
2024 0.383621789149682
2025 0.3838834913919
2026 0.384366259442716
2027 0.384888962439631
2028 0.385353322311786
2029 0.385836430779874
2030 0.386165628135895
2031 0.386317682664138
2032 0.386578915769287
2033 0.386773844989189
2034 0.387022509453495
2035 0.387367465131635
2036 0.387635027407124
2037 0.387853353381042
2038 0.388108317045385
2039 0.388392014005243
2040 0.388602510879997
2041 0.388774315166089
2042 0.389048867121272
2043 0.389287414193058
2044 0.389540360410866
2045 0.389675017150838
2046 0.389751401378065
2047 0.389868982210443
2048 0.389864002135504
2049 0.389990538510664
2050 0.390270969490993
2051 0.39046413735277
2052 0.390649149750036
2053 0.39079848857384
2054 0.390899484989798
2055 0.391028466542907
2056 0.391156762099814
2057 0.391262678838581
2058 0.391428910580825
2059 0.391627162248643
2060 0.391821400383732
2061 0.39204527052507
2062 0.392251710045154
2063 0.392482008793922
2064 0.392679939165232
2065 0.39288575845249
2066 0.393034517732109
2067 0.39315182138807
2068 0.393210091670316
2069 0.393290466398851
2070 0.393375041642903
2071 0.393457533272051
2072 0.393542518147169
2073 0.393672875058339
2074 0.393808986391456
2075 0.393954538782685
2076 0.394114933064206
2077 0.39433822922883
2078 0.394608164741866
2079 0.394852449811746
2080 0.395234355719386
2081 0.395450889791007
2082 0.395445503291595
2083 0.395595613972309
2084 0.395716897728332
2085 0.395979309467557
2086 0.396141055145839
2087 0.396428015265111
2088 0.396509441640053
2089 0.396401949769301
2090 0.396391246179865
2091 0.396286314009434
2092 0.396330693895619
2093 0.396443692834447
2094 0.396593585620473
2095 0.396916780268972
2096 0.397119874704964
2097 0.397309102938842
2098 0.39744831125479
2099 0.397546368645989
2100 0.397521067209194
2101 0.39760012622367
2102 0.397756105233703
2103 0.397969723431322
2104 0.398319089741105
2105 0.398567305346171
2106 0.398885752423194
2107 0.39904767771797
2108 0.399037227540455
2109 0.399159706053539
2110 0.399250167045851
2111 0.399379180641044
2112 0.399650163465424
2113 0.399811865016941
2114 0.39988567816087
2115 0.40000752272742
2116 0.400143110912919
2117 0.400228040051711
2118 0.40034829720735
2119 0.400437415019322
2120 0.400566474006755
2121 0.400677960072504
2122 0.400825014961642
2123 0.401042769258422
2124 0.401190568770509
2125 0.401238587750721
2126 0.401450477973153
2127 0.401790248090682
2128 0.402012853623185
2129 0.402303111541573
2130 0.402515184718066
2131 0.402655381436293
2132 0.402709709060275
2133 0.402636161613941
2134 0.402688548808445
2135 0.402669235258408
2136 0.402466368221629
2137 0.402446415615211
2138 0.402552795780813
2139 0.402535020760764
2140 0.402516691063927
2141 0.402464482502042
2142 0.402294320296454
2143 0.40225285637039
2144 0.402434693644716
2145 0.40225095656254
2146 0.401906438610405
2147 0.401600618561478
2148 0.400966833745807
2149 0.400554691418883
2150 0.400418718143974
2151 0.40010661788473
2152 0.399740571233649
2153 0.399352895629392
2154 0.398877458091891
2155 0.398417923821498
2156 0.398036289514695
2157 0.397677170596013
2158 0.397395666369743
2159 0.397248905313664
2160 0.396967741347091
2161 0.396717541404628
2162 0.39637140369189
2163 0.395929622036308
2164 0.395467729326593
2165 0.394896597042609
2166 0.394433234975776
2167 0.393917595827961
2168 0.393522989053484
2169 0.393421420547983
2170 0.39304788642211
2171 0.392530849493633
2172 0.392072769665736
2173 0.39153140445643
2174 0.390846870992126
2175 0.390393078833979
2176 0.390173556752707
2177 0.389664575261843
2178 0.389057253149455
2179 0.388545973455727
2180 0.388006884710805
2181 0.387387765034383
2182 0.386796637289814
2183 0.3861795788676
2184 0.385421666002455
2185 0.384714095696868
2186 0.384026506974914
2187 0.383414790424446
2188 0.382753058676257
2189 0.382180018065455
2190 0.381892935614913
2191 0.381360548422977
2192 0.380669163257668
2193 0.380039936219491
2194 0.37920700163265
2195 0.378612265294386
2196 0.378066539305989
2197 0.377442166643951
2198 0.376752337431582
2199 0.375861843358201
2200 0.375356281750922
2201 0.37499757195767
2202 0.37457099456331
2203 0.374443938587681
2204 0.374052890988455
2205 0.373317633091208
2206 0.372919214565939
2207 0.372552821024189
2208 0.372404584414409
2209 0.372458246593832
2210 0.372622706312109
2211 0.372989403263352
2212 0.373390132624621
2213 0.373943576149313
2214 0.374489099998772
2215 0.375093280460373
2216 0.375738646675768
2217 0.376366811154755
2218 0.377180818526767
2219 0.377983046784386
2220 0.37864533751517
2221 0.379036342265627
2222 0.379183011484823
2223 0.37938651656406
2224 0.379274594192609
2225 0.379561980204488
2226 0.380147801789151
2227 0.380440096976288
2228 0.380802096508756
2229 0.380957361078616
2230 0.380782612445186
2231 0.380812198622068
2232 0.380923835879349
2233 0.380929065778138
2234 0.380873704816411
2235 0.380922070897402
2236 0.380899176196797
2237 0.380965469488009
2238 0.381193775203237
2239 0.381359294483208
2240 0.381550468571993
2241 0.381706716526404
2242 0.38188867127114
2243 0.381976705399496
2244 0.381805106606669
2245 0.381883585214592
2246 0.382265291995424
2247 0.382650302342522
2248 0.383047652967154
2249 0.383396968383244
2250 0.383482271363852
2251 0.383116558247279
2252 0.383100127126283
2253 0.383163500854633
2254 0.383159115297236
2255 0.383218066719376
2256 0.383197411823647
2257 0.382906409974595
2258 0.383067079328928
2259 0.383545660805571
2260 0.383766827180879
2261 0.384123894006387
2262 0.384457690917832
2263 0.384607985483172
2264 0.384822191259788
2265 0.385243116991725
2266 0.385492530997235
2267 0.385659753566231
2268 0.385665520751923
2269 0.385501817456611
2270 0.385395567445572
2271 0.384973986543704
2272 0.384866084524369
2273 0.385095877717522
2274 0.385204247005145
2275 0.38537787122247
2276 0.385555418066162
2277 0.385684263166533
2278 0.385824260943281
2279 0.385939445379207
2280 0.386102473850641
2281 0.385999865282203
2282 0.38576181833716
2283 0.385963722536772
2284 0.386030248257966
2285 0.385855271862942
2286 0.385695410250915
2287 0.38540512405613
2288 0.384597785000369
2289 0.38440670713935
2290 0.384516818365564
2291 0.384645454751356
2292 0.385005723020951
2293 0.38524821824378
2294 0.385721551249329
2295 0.385702954145281
2296 0.385462584403448
2297 0.385219270386973
2298 0.384512203499503
2299 0.384224088813626
2300 0.384111485464288
2301 0.383963701575727
2302 0.383876989387893
2303 0.383872042090555
2304 0.384010263076884
2305 0.384105127388683
2306 0.384317393743646
2307 0.384416769990385
2308 0.384504343556735
2309 0.384397977693867
2310 0.384036522883737
2311 0.383925377586469
2312 0.383932381480051
2313 0.38369459595169
2314 0.383426866713063
2315 0.383151237634017
2316 0.382639406731576
2317 0.382194271911868
2318 0.381791780242362
2319 0.381516696716374
2320 0.381278129134471
2321 0.380915653560205
2322 0.380941773135486
2323 0.381410516058255
2324 0.381352389239301
2325 0.380980403169991
2326 0.380981911035298
2327 0.380737653461745
2328 0.380639834962348
2329 0.381274661132351
2330 0.381637617247582
2331 0.381552098747625
2332 0.381439428998383
2333 0.381232558797914
2334 0.381084135420928
2335 0.380325667143382
2336 0.379818289220032
2337 0.379335830880225
2338 0.379136301138007
2339 0.378978095803861
2340 0.379036398833591
2341 0.379605897659949
2342 0.379382308638282
2343 0.378893120341616
2344 0.378285245184446
2345 0.377085203598412
2346 0.376474543978217
2347 0.375947099736826
2348 0.375710897587223
2349 0.375812699047274
2350 0.376055181815588
2351 0.376642370668811
2352 0.376926608738125
2353 0.377175176751772
2354 0.377405527510196
2355 0.377680415206597
2356 0.377773938624537
2357 0.378026136648128
2358 0.377771534664184
2359 0.376741123999083
2360 0.376405759186312
2361 0.376015012505578
2362 0.375949164196829
2363 0.376709676365661
2364 0.376695577006363
2365 0.376545896482494
2366 0.376260940985147
2367 0.375451998735935
2368 0.374762813576069
2369 0.373832212447322
2370 0.373186388147256
2371 0.372529688451635
2372 0.372399600401809
2373 0.373029307492396
2374 0.372905401465643
2375 0.372923763001377
2376 0.372436299791809
2377 0.370576094619831
2378 0.37028953588355
2379 0.370644738603057
2380 0.370902866543832
2381 0.372420979908158
2382 0.372845195123725
2383 0.372633797843315
2384 0.372515863906298
2385 0.372216985570879
2386 0.37165988679638
2387 0.370405483354588
2388 0.369776171529409
2389 0.36888047153362
2390 0.368871020985284
2391 0.370212255405895
2392 0.370807212099382
2393 0.37179668051619
2394 0.372036512660093
2395 0.371155863333058
2396 0.371106127575647
2397 0.371094033111652
2398 0.371063714688162
2399 0.371662981557958
2400 0.371775534994526
2401 0.371819589012121
2402 0.371264113774073
2403 0.369602003113105
2404 0.369317495976492
2405 0.369556110676795
2406 0.36919280324778
2407 0.369471830169389
2408 0.369416023103647
2409 0.368685853189954
2410 0.367754826107373
2411 0.366813651973631
2412 0.366336462222413
2413 0.365105289654019
2414 0.364794982805387
2415 0.366105924419903
2416 0.366369902310365
2417 0.366012804631215
2418 0.365911240323019
2419 0.366023624667008
2420 0.365335038083002
2421 0.364317114583081
2422 0.363711428615694
2423 0.362598685693958
2424 0.361796151276114
2425 0.361511524293305
2426 0.360906618237987
2427 0.359771330776641
2428 0.359382013637036
2429 0.359579879821512
2430 0.35929072775531
2431 0.359193721330397
2432 0.358810783140645
2433 0.357647845170421
2434 0.357678234221416
2435 0.358630998057129
2436 0.358464891454735
2437 0.358545643429789
2438 0.358288521175951
2439 0.357248661315069
2440 0.355964478318562
2441 0.354133052767386
2442 0.353439799485242
2443 0.353792981900369
2444 0.354522886322345
2445 0.354706329082105
2446 0.354268051459917
2447 0.352688154235089
2448 0.352562319972031
2449 0.352386949900524
2450 0.351085294864795
2451 0.350645239157355
2452 0.34975123176306
2453 0.349579397628862
2454 0.349954457793689
2455 0.349570667094193
2456 0.349951926406592
2457 0.351756521226082
2458 0.351713795261895
2459 0.352202581257221
2460 0.354548807200703
2461 0.352797650204793
2462 0.352919462596606
2463 0.354728699946967
2464 0.353102930354043
2465 0.352282609581181
2466 0.351309804128217
2467 0.350046177004391
2468 0.347811346911032
2469 0.34694910324555
2470 0.347164420012983
2471 0.347627876281208
2472 0.350334451080624
2473 0.350443374039022
2474 0.348652497842337
2475 0.347151126440829
2476 0.34394617525084
2477 0.342034476199038
2478 0.340957441939022
2479 0.340359305259729
2480 0.33930114460955
2481 0.340227317877572
2482 0.34422908787999
2483 0.345296221356034
2484 0.346622856128402
2485 0.346889204276502
2486 0.344533786970678
2487 0.342547124948044
2488 0.340428771762605
2489 0.33955588061315
2490 0.33763784017532
2491 0.342191036425441
2492 0.343167940847094
2493 0.342331723513572
2494 0.340888721612119
2495 0.336290836317754
2496 0.334732084629187
2497 0.336323274490982
2498 0.339042749977797
2499 0.3426077977172
2500 0.34608334251994
